    1    0.2066666667E+01   -0.5805696766E+00    0.4644557413E+00    0.1625833402E-01    0.0000000000E+00    0.0000000000E+00    0.0000000000E+00    0.0000000000E+00    0.0000000000E+00    0.0000000000E+00    0.2660301153E-10    0.2660301153E-10    0.1000000000E+01
    1    0.2325000000E+01   -0.5805696766E+00    0.4644557413E+00    0.1717839126E+00    0.0000000000E+00    0.0000000000E+00    0.0000000000E+00    0.0000000000E+00    0.0000000000E+00    0.0000000000E+00    0.2433203268E-14    0.2433203268E-14    0.1000000000E+01
    1    0.2583333333E+01   -0.5805696766E+00    0.4644557413E+00   -0.1367987177E+00    0.0000000000E+00    0.0000000000E+00    0.0000000000E+00    0.0000000000E+00    0.0000000000E+00    0.0000000000E+00    0.2657530041E-12    0.2657530041E-12    0.1000000000E+01
    2    0.2583333333E+01   -0.5805696766E+00    0.4644557413E+00    0.3357731079E+00    0.0000000000E+00    0.0000000000E+00    0.0000000000E+00    0.0000000000E+00    0.0000000000E+00    0.0000000000E+00    0.2563692275E-12    0.2563692275E-12    0.1000000000E+01
    3    0.2583333333E+01   -0.5805696766E+00    0.4644557413E+00    0.2392946348E+00    0.0000000000E+00    0.0000000000E+00    0.0000000000E+00    0.0000000000E+00    0.0000000000E+00    0.0000000000E+00    0.5218425500E-13    0.5218425500E-13    0.1000000000E+01
    1    0.2841666667E+01   -0.5805696766E+00    0.4644557413E+00    0.4196889494E+00    0.0000000000E+00    0.0000000000E+00    0.0000000000E+00    0.0000000000E+00    0.0000000000E+00    0.0000000000E+00    0.1619603522E-14    0.1619603541E-14    0.9999999883E+00
    2    0.2841666667E+01   -0.5805696766E+00    0.4644557413E+00    0.2991419172E+00    0.0000000000E+00    0.0000000000E+00    0.0000000000E+00    0.0000000000E+00    0.0000000000E+00    0.0000000000E+00    0.6167216820E-14    0.6167216820E-14    0.1000000000E+01
    3    0.2841666667E+01    0.2322278706E+00    0.4644557413E+00    0.2769922743E+00    0.0000000000E+00    0.0000000000E+00    0.0000000000E+00    0.0000000000E+00    0.0000000000E+00    0.0000000000E+00    0.1887681464E-14    0.1887681464E-14    0.1000000000E+01
    1    0.3100000000E+01    0.2322278706E+00    0.4644557413E+00   -0.2405451282E+00    0.0000000000E+00    0.0000000000E+00    0.0000000000E+00    0.0000000000E+00    0.0000000000E+00    0.0000000000E+00    0.5973236719E-12    0.5973236719E-12    0.1000000000E+01
    2    0.3100000000E+01   -0.5805696766E+00    0.4644557413E+00    0.4876987635E+00    0.0000000000E+00    0.0000000000E+00    0.0000000000E+00    0.0000000000E+00    0.0000000000E+00    0.0000000000E+00    0.5445370586E-14    0.5445370586E-14    0.1000000000E+01
    3    0.3100000000E+01    0.2322278706E+00    0.4644557413E+00    0.4612275858E+00    0.0000000000E+00    0.0000000000E+00    0.0000000000E+00    0.0000000000E+00    0.0000000000E+00    0.0000000000E+00    0.4220099988E-12    0.4220099988E-12    0.1000000000E+01
    4    0.3100000000E+01   -0.5805696766E+00    0.4644557413E+00    0.3501116603E+00    0.0000000000E+00    0.0000000000E+00    0.0000000000E+00    0.0000000000E+00    0.0000000000E+00    0.0000000000E+00    0.2156221733E-14    0.2156221733E-14    0.1000000000E+01
    5    0.3100000000E+01    0.2322278706E+00    0.4644557413E+00    0.3454189562E+00    0.0000000000E+00    0.0000000000E+00    0.0000000000E+00    0.0000000000E+00    0.0000000000E+00    0.0000000000E+00    0.2634124100E-12    0.2634124100E-12    0.1000000000E+01
    1    0.3358333333E+01    0.2322278706E+00    0.4644557413E+00   -0.1476092602E+00    0.0000000000E+00    0.0000000000E+00    0.0000000000E+00    0.0000000000E+00    0.0000000000E+00    0.0000000000E+00    0.1440591575E-13    0.1440591575E-13    0.1000000000E+01
    2    0.3358333333E+01    0.2322278706E+00    0.4644557413E+00    0.5676831378E+00    0.0000000000E+00    0.0000000000E+00    0.0000000000E+00    0.0000000000E+00    0.0000000000E+00    0.0000000000E+00    0.7447926878E-13    0.7447926878E-13    0.1000000000E+01
    3    0.3358333333E+01   -0.5805696766E+00    0.4644557413E+00    0.5531854642E+00    0.0000000000E+00    0.0000000000E+00    0.0000000000E+00    0.0000000000E+00    0.0000000000E+00    0.0000000000E+00    0.5776286372E-14    0.5776286372E-14    0.1000000000E+01
    4    0.3358333333E+01   -0.5805696766E+00    0.4644557413E+00    0.3966917586E+00    0.0000000000E+00    0.0000000000E+00    0.0000000000E+00    0.0000000000E+00    0.0000000000E+00    0.0000000000E+00    0.3333409065E-14    0.3333409065E-14    0.9999999998E+00
    5    0.3358333333E+01    0.2322278706E+00    0.4644557413E+00    0.4184175211E+00    0.2322278706E+00    0.4644557413E+00    0.4184175211E+00    0.3594731319E+01    0.2268883871E+01    0.9112881383E+00    0.2503029748E-13    0.2503029748E-13    0.1000000000E+01
    1    0.3616666667E+01    0.2322278706E+00    0.4644557413E+00   -0.6901851009E-01    0.0000000000E+00    0.0000000000E+00    0.0000000000E+00    0.0000000000E+00    0.0000000000E+00    0.0000000000E+00    0.4228068876E-12    0.4228068876E-12    0.1000000000E+01
    2    0.3616666667E+01    0.2322278706E+00    0.4644557413E+00   -0.4929533249E+00    0.0000000000E+00    0.0000000000E+00    0.0000000000E+00    0.0000000000E+00    0.0000000000E+00    0.0000000000E+00    0.4187291700E-13    0.4187291700E-13    0.1000000000E+01
    3    0.3616666667E+01   -0.5805696766E+00    0.4644557413E+00   -0.5280136710E+00    0.0000000000E+00    0.0000000000E+00    0.0000000000E+00    0.0000000000E+00    0.0000000000E+00    0.0000000000E+00    0.8286766852E-14    0.8286766853E-14    0.9999999998E+00
    4    0.3616666667E+01    0.2322278706E+00    0.4644557413E+00    0.4727787753E+00    0.0000000000E+00    0.0000000000E+00    0.0000000000E+00    0.0000000000E+00    0.0000000000E+00    0.0000000000E+00    0.1723305267E-13    0.1723305267E-13    0.1000000000E+01
    5    0.3616666667E+01   -0.5805696766E+00    0.4644557413E+00    0.4407351325E+00    0.0000000000E+00    0.0000000000E+00    0.0000000000E+00    0.0000000000E+00    0.0000000000E+00    0.0000000000E+00    0.1389290458E-14    0.1389290458E-14    0.9999999999E+00
    1    0.3875000000E+01   -0.5805696766E+00   -0.3483418059E+00    0.3121098395E+00    0.0000000000E+00    0.0000000000E+00    0.0000000000E+00    0.0000000000E+00    0.0000000000E+00    0.0000000000E+00    0.8252127557E-11    0.8252127557E-11    0.1000000000E+01
    2    0.3875000000E+01   -0.5805696766E+00    0.4644557413E+00    0.4834174784E+00    0.0000000000E+00    0.0000000000E+00    0.0000000000E+00    0.0000000000E+00    0.0000000000E+00    0.0000000000E+00    0.4259281580E-14    0.4259282179E-14    0.9999998595E+00
    3    0.3875000000E+01    0.2322278706E+00    0.4644557413E+00    0.5205216033E+00    0.0000000000E+00    0.0000000000E+00    0.0000000000E+00    0.0000000000E+00    0.0000000000E+00    0.0000000000E+00    0.3143054010E-14    0.3143054012E-14    0.9999999993E+00
    4    0.3875000000E+01   -0.5805696766E+00   -0.3483418059E+00   -0.2206931544E+00    0.0000000000E+00    0.0000000000E+00    0.0000000000E+00    0.0000000000E+00    0.0000000000E+00    0.0000000000E+00    0.8276589477E-11    0.8276589477E-11    0.1000000000E+01
    5    0.3875000000E+01    0.2322278706E+00    0.4644557413E+00   -0.4054833573E+00    0.0000000000E+00    0.0000000000E+00    0.0000000000E+00    0.0000000000E+00    0.0000000000E+00    0.0000000000E+00    0.6349024088E-14    0.6349024088E-14    0.1000000000E+01
    6    0.3875000000E+01   -0.5805696766E+00    0.4644557413E+00   -0.4519019815E+00    0.0000000000E+00    0.0000000000E+00    0.0000000000E+00    0.0000000000E+00    0.0000000000E+00    0.0000000000E+00    0.1712626123E-13    0.1712626125E-13    0.9999999990E+00
    1    0.4133333333E+01   -0.5805696766E+00   -0.3483418059E+00   -0.9799255410E-01    0.0000000000E+00    0.0000000000E+00    0.0000000000E+00    0.0000000000E+00    0.0000000000E+00    0.0000000000E+00    0.5419913742E-13    0.5419913742E-13    0.1000000000E+01
    2    0.4133333333E+01    0.2322278706E+00    0.4644557413E+00   -0.3101745512E+00    0.0000000000E+00    0.0000000000E+00    0.0000000000E+00    0.0000000000E+00    0.0000000000E+00    0.0000000000E+00    0.6168605377E-13    0.6168605377E-13    0.1000000000E+01
    3    0.4133333333E+01   -0.5805696766E+00   -0.3483418059E+00   -0.3377297242E+00    0.0000000000E+00    0.0000000000E+00    0.0000000000E+00    0.0000000000E+00    0.0000000000E+00    0.0000000000E+00    0.3597076372E-12    0.3597076372E-12    0.1000000000E+01
    4    0.4133333333E+01   -0.5805696766E+00    0.4644557413E+00   -0.3595660183E+00    0.0000000000E+00    0.0000000000E+00    0.0000000000E+00    0.0000000000E+00    0.0000000000E+00    0.0000000000E+00    0.1323294824E-13    0.1323294824E-13    0.1000000000E+01
    5    0.4133333333E+01   -0.5805696766E+00   -0.3483418059E+00    0.4722516933E+00    0.0000000000E+00    0.0000000000E+00    0.0000000000E+00    0.0000000000E+00    0.0000000000E+00    0.0000000000E+00    0.4274179090E-12    0.4274179090E-12    0.1000000000E+01
    6    0.4133333333E+01   -0.5805696766E+00    0.4644557413E+00    0.5258356546E+00    0.0000000000E+00    0.0000000000E+00    0.0000000000E+00    0.0000000000E+00    0.0000000000E+00    0.0000000000E+00    0.2759648628E-14    0.2759648629E-14    0.9999999997E+00
    7    0.4133333333E+01    0.2322278706E+00    0.4644557413E+00    0.5654065419E+00    0.0000000000E+00    0.0000000000E+00    0.0000000000E+00    0.0000000000E+00    0.0000000000E+00    0.0000000000E+00    0.2133757270E-13    0.2133757270E-13    0.1000000000E+01
    1    0.4391666667E+01    0.2322278706E+00   -0.3483418059E+00    0.3445022410E+00    0.0000000000E+00    0.0000000000E+00    0.0000000000E+00    0.0000000000E+00    0.0000000000E+00    0.0000000000E+00    0.2780825174E-12    0.2780825174E-12    0.1000000000E+01
    2    0.4391666667E+01    0.2322278706E+00   -0.3483418059E+00    0.4316897757E+00    0.0000000000E+00    0.0000000000E+00    0.0000000000E+00    0.0000000000E+00    0.0000000000E+00    0.0000000000E+00    0.1861601431E-11    0.1861601431E-11    0.1000000000E+01
    3    0.4391666667E+01    0.2322278706E+00    0.4644557413E+00   -0.5411779606E+00    0.0000000000E+00    0.0000000000E+00    0.0000000000E+00    0.0000000000E+00    0.0000000000E+00    0.0000000000E+00    0.1917520370E-14    0.1917521871E-14    0.9999992177E+00
    4    0.4391666667E+01   -0.5805696766E+00    0.4644557413E+00    0.5692389115E+00    0.0000000000E+00    0.0000000000E+00    0.0000000000E+00    0.0000000000E+00    0.0000000000E+00    0.0000000000E+00    0.5262677176E-13    0.5262677205E-13    0.9999999944E+00
    5    0.4391666667E+01    0.2322278706E+00    0.4644557413E+00   -0.1893735957E+00    0.0000000000E+00    0.0000000000E+00    0.0000000000E+00    0.0000000000E+00    0.0000000000E+00    0.0000000000E+00    0.7227855334E-15    0.7227855826E-15    0.9999999319E+00
    6    0.4391666667E+01    0.2322278706E+00   -0.3483418059E+00   -0.2463443703E+00    0.0000000000E+00    0.0000000000E+00    0.0000000000E+00    0.0000000000E+00    0.0000000000E+00    0.0000000000E+00    0.1826239304E-11    0.1826239304E-11    0.1000000000E+01
    7    0.4391666667E+01   -0.5805696766E+00   -0.3483418059E+00   -0.2376426270E+00    0.0000000000E+00    0.0000000000E+00    0.0000000000E+00    0.0000000000E+00    0.0000000000E+00    0.0000000000E+00    0.5314975320E-15    0.5314985718E-15    0.9999980436E+00
    8    0.4391666667E+01   -0.5805696766E+00    0.4644557413E+00   -0.2293312599E+00    0.0000000000E+00    0.0000000000E+00    0.0000000000E+00    0.0000000000E+00    0.0000000000E+00    0.0000000000E+00    0.1171077855E-12    0.1171077937E-12    0.9999999306E+00
    9    0.4391666667E+01    0.2322278706E+00   -0.3483418059E+00   -0.1090751738E-01    0.0000000000E+00    0.0000000000E+00    0.0000000000E+00    0.0000000000E+00    0.0000000000E+00    0.0000000000E+00    0.2162374508E-11    0.2162374508E-11    0.1000000000E+01
    1    0.4650000000E+01    0.2322278706E+00   -0.3483418059E+00    0.4442343897E+00    0.0000000000E+00    0.0000000000E+00    0.0000000000E+00    0.0000000000E+00    0.0000000000E+00    0.0000000000E+00    0.1144301090E-11    0.1144301090E-11    0.1000000000E+01
    2    0.4650000000E+01    0.2322278706E+00   -0.3483418059E+00    0.5687668614E+00    0.0000000000E+00    0.0000000000E+00    0.0000000000E+00    0.0000000000E+00    0.0000000000E+00    0.0000000000E+00    0.1724197266E-10    0.1724197266E-10    0.1000000000E+01
    3    0.4650000000E+01    0.2322278706E+00    0.4644557413E+00   -0.4981594293E+00    0.0000000000E+00    0.0000000000E+00    0.0000000000E+00    0.0000000000E+00    0.0000000000E+00    0.0000000000E+00    0.2375730838E-15    0.2375730870E-15    0.9999999862E+00
    4    0.4650000000E+01   -0.5805696766E+00    0.4644557413E+00   -0.5357526247E+00    0.0000000000E+00    0.0000000000E+00    0.0000000000E+00    0.0000000000E+00    0.0000000000E+00    0.0000000000E+00    0.1285185322E-13    0.1285185365E-13    0.9999999665E+00
    5    0.4650000000E+01    0.2322278706E+00   -0.3483418059E+00   -0.1393516909E+00    0.0000000000E+00    0.0000000000E+00    0.0000000000E+00    0.0000000000E+00    0.0000000000E+00    0.0000000000E+00    0.3721984095E-12    0.3721984096E-12    0.9999999999E+00
    6    0.4650000000E+01   -0.5805696766E+00   -0.3483418059E+00   -0.1660084873E+00    0.0000000000E+00    0.0000000000E+00    0.0000000000E+00    0.0000000000E+00    0.0000000000E+00    0.0000000000E+00    0.7104124408E-15    0.7104227365E-15    0.9999855077E+00
    7    0.4650000000E+01   -0.5805696766E+00    0.4644557413E+00    0.7704802909E-01    0.0000000000E+00    0.0000000000E+00    0.0000000000E+00    0.0000000000E+00    0.0000000000E+00    0.0000000000E+00    0.2268380669E-12    0.2268380849E-12    0.9999999204E+00
    8    0.4650000000E+01    0.2322278706E+00   -0.3483418059E+00    0.5127627862E-01    0.0000000000E+00    0.0000000000E+00    0.0000000000E+00    0.0000000000E+00    0.0000000000E+00    0.0000000000E+00    0.1120818357E-12    0.1120818358E-12    0.9999999994E+00
    1    0.4908333333E+01   -0.5805696766E+00   -0.3483418059E+00   -0.1007395867E+00    0.0000000000E+00    0.0000000000E+00    0.0000000000E+00    0.0000000000E+00    0.0000000000E+00    0.0000000000E+00    0.5833473691E-13    0.5833473691E-13    0.9999999999E+00
    2    0.4908333333E+01    0.2322278706E+00   -0.3483418059E+00   -0.6498990166E-01    0.0000000000E+00    0.0000000000E+00    0.0000000000E+00    0.0000000000E+00    0.0000000000E+00    0.0000000000E+00    0.7340168858E-14    0.7340168858E-14    0.1000000000E+01
    3    0.4908333333E+01   -0.5805696766E+00   -0.3483418059E+00    0.7139289511E-01    0.0000000000E+00    0.0000000000E+00    0.0000000000E+00    0.0000000000E+00    0.0000000000E+00    0.0000000000E+00    0.1636367814E-12    0.1636367814E-12    0.1000000000E+01
    4    0.4908333333E+01   -0.5805696766E+00    0.4644557413E+00    0.1269763307E+00    0.0000000000E+00    0.0000000000E+00    0.0000000000E+00    0.0000000000E+00    0.0000000000E+00    0.0000000000E+00    0.2481308544E-13    0.2481308544E-13    0.1000000000E+01
    5    0.4908333333E+01    0.2322278706E+00   -0.3483418059E+00    0.1151361901E+00    0.0000000000E+00    0.0000000000E+00    0.0000000000E+00    0.0000000000E+00    0.0000000000E+00    0.0000000000E+00    0.1141217161E-13    0.1141217161E-13    0.1000000000E+01
    6    0.4908333333E+01    0.2322278706E+00    0.4644557413E+00   -0.4542733113E+00    0.0000000000E+00    0.0000000000E+00    0.0000000000E+00    0.0000000000E+00    0.0000000000E+00    0.0000000000E+00    0.3066283706E-15    0.3066283707E-15    0.9999999994E+00
    7    0.4908333333E+01   -0.5805696766E+00    0.4644557413E+00   -0.4870296618E+00    0.0000000000E+00    0.0000000000E+00    0.0000000000E+00    0.0000000000E+00    0.0000000000E+00    0.0000000000E+00    0.1072580019E-14    0.1072580019E-14    0.1000000000E+01
    1    0.5166666667E+01   -0.5805696766E+00   -0.3483418059E+00   -0.2804824932E-01    0.0000000000E+00    0.0000000000E+00    0.0000000000E+00    0.0000000000E+00    0.0000000000E+00    0.0000000000E+00    0.1484972085E-11    0.1484972085E-11    0.1000000000E+01
    2    0.5166666667E+01   -0.5805696766E+00   -0.3483418059E+00    0.1504308171E+00    0.0000000000E+00    0.0000000000E+00    0.0000000000E+00    0.0000000000E+00    0.0000000000E+00    0.0000000000E+00    0.5577839013E-12    0.5577839013E-12    0.1000000000E+01
    3    0.5166666667E+01    0.2322278706E+00   -0.3483418059E+00    0.1782903769E+00    0.0000000000E+00    0.0000000000E+00    0.0000000000E+00    0.0000000000E+00    0.0000000000E+00    0.0000000000E+00    0.5032842029E-16    0.5032842100E-16    0.9999999859E+00
    4    0.5166666667E+01   -0.5805696766E+00    0.4644557413E+00    0.1685780607E+00    0.0000000000E+00    0.0000000000E+00    0.0000000000E+00    0.0000000000E+00    0.0000000000E+00    0.0000000000E+00    0.4586500246E-14    0.4586500246E-14    0.9999999999E+00
    5    0.5166666667E+01   -0.5805696766E+00   -0.3483418059E+00   -0.5555594352E+00    0.0000000000E+00    0.0000000000E+00    0.0000000000E+00    0.0000000000E+00    0.0000000000E+00    0.0000000000E+00    0.4351913971E-12    0.4351913971E-12    0.1000000000E+01
    6    0.5166666667E+01   -0.5805696766E+00    0.4644557413E+00   -0.4310887781E+00    0.0000000000E+00    0.0000000000E+00    0.0000000000E+00    0.0000000000E+00    0.0000000000E+00    0.0000000000E+00    0.2744480803E-14    0.2744480804E-14    0.9999999999E+00
    7    0.5166666667E+01   -0.5805696766E+00   -0.3483418059E+00   -0.3929191586E+00    0.0000000000E+00    0.0000000000E+00    0.0000000000E+00    0.0000000000E+00    0.0000000000E+00    0.0000000000E+00    0.9577098906E-12    0.9577098906E-12    0.1000000000E+01
    8    0.5166666667E+01    0.2322278706E+00    0.4644557413E+00   -0.4081308622E+00    0.0000000000E+00    0.0000000000E+00    0.0000000000E+00    0.0000000000E+00    0.0000000000E+00    0.0000000000E+00    0.1612388672E-15    0.1612388687E-15    0.9999999907E+00
    1    0.5425000000E+01    0.2322278706E+00   -0.3483418059E+00    0.2528228162E+00    0.0000000000E+00    0.0000000000E+00    0.0000000000E+00    0.0000000000E+00    0.0000000000E+00    0.0000000000E+00    0.1726021662E-14    0.1726021662E-14    0.1000000000E+01
    2    0.5425000000E+01   -0.5805696766E+00    0.4644557413E+00    0.2072573862E+00    0.0000000000E+00    0.0000000000E+00    0.0000000000E+00    0.0000000000E+00    0.0000000000E+00    0.0000000000E+00    0.1122398676E-14    0.1122398677E-14    0.9999999998E+00
    3    0.5425000000E+01    0.2322278706E+00   -0.3483418059E+00    0.6494062380E-01    0.0000000000E+00    0.0000000000E+00    0.0000000000E+00    0.0000000000E+00    0.0000000000E+00    0.0000000000E+00    0.2051269648E-14    0.2051269648E-14    0.9999999999E+00
    4    0.5425000000E+01   -0.5805696766E+00   -0.3483418059E+00   -0.4724322466E+00    0.0000000000E+00    0.0000000000E+00    0.0000000000E+00    0.0000000000E+00    0.0000000000E+00    0.0000000000E+00    0.2406933084E-15    0.2406933084E-15    0.1000000000E+01
    5    0.5425000000E+01    0.2322278706E+00    0.4644557413E+00   -0.3576180639E+00    0.0000000000E+00    0.0000000000E+00    0.0000000000E+00    0.0000000000E+00    0.0000000000E+00    0.0000000000E+00    0.5302697321E-15    0.5302697328E-15    0.9999999987E+00
    6    0.5425000000E+01   -0.5805696766E+00    0.4644557413E+00   -0.3589148956E+00    0.0000000000E+00    0.0000000000E+00    0.0000000000E+00    0.0000000000E+00    0.0000000000E+00    0.0000000000E+00    0.3201593817E-14    0.3201593818E-14    0.9999999998E+00
    1    0.5683333333E+01    0.2322278706E+00   -0.3483418059E+00    0.5504641525E+00    0.0000000000E+00    0.0000000000E+00    0.0000000000E+00    0.0000000000E+00    0.0000000000E+00    0.0000000000E+00    0.4835549910E-13    0.4835549910E-13    0.1000000000E+01
    2    0.5683333333E+01   -0.5805696766E+00   -0.3483418059E+00   -0.3866824137E+00    0.0000000000E+00    0.0000000000E+00    0.0000000000E+00    0.0000000000E+00    0.0000000000E+00    0.0000000000E+00    0.1338148551E-12    0.1338148551E-12    0.1000000000E+01
    3    0.5683333333E+01   -0.5805696766E+00    0.4644557413E+00   -0.2161341874E+00    0.0000000000E+00    0.0000000000E+00    0.0000000000E+00    0.0000000000E+00    0.0000000000E+00    0.0000000000E+00    0.6570678164E-12    0.6570678165E-12    0.9999999999E+00
    4    0.5683333333E+01    0.2322278706E+00    0.4644557413E+00   -0.2985408811E+00    0.0000000000E+00    0.0000000000E+00    0.0000000000E+00    0.0000000000E+00    0.0000000000E+00    0.0000000000E+00    0.1616357533E-13    0.1616357533E-13    0.1000000000E+01
    5    0.5683333333E+01   -0.5805696766E+00    0.4644557413E+00    0.2441655930E+00    0.0000000000E+00    0.0000000000E+00    0.0000000000E+00    0.0000000000E+00    0.0000000000E+00    0.0000000000E+00    0.5723745107E-12    0.5723745107E-12    0.1000000000E+01
    6    0.5683333333E+01    0.2322278706E+00   -0.3483418059E+00    0.1319422502E+00    0.0000000000E+00    0.0000000000E+00    0.0000000000E+00    0.0000000000E+00    0.0000000000E+00    0.0000000000E+00    0.3438501359E-13    0.3438501456E-13    0.9999999718E+00
    7    0.5683333333E+01    0.2322278706E+00    0.4644557413E+00    0.5189429126E-01    0.0000000000E+00    0.0000000000E+00    0.0000000000E+00    0.0000000000E+00    0.0000000000E+00    0.0000000000E+00    0.1144279040E-11    0.1144279040E-11    0.1000000000E+01
    8    0.5683333333E+01   -0.5805696766E+00   -0.3483418059E+00    0.8807280321E-01    0.0000000000E+00    0.0000000000E+00    0.0000000000E+00    0.0000000000E+00    0.0000000000E+00    0.0000000000E+00    0.2773787920E-12    0.2773787920E-12    0.9999999999E+00
    1    0.5941666667E+01    0.2322278706E+00   -0.3483418059E+00   -0.4934684853E+00    0.0000000000E+00    0.0000000000E+00    0.0000000000E+00    0.0000000000E+00    0.0000000000E+00    0.0000000000E+00    0.2335936518E-12    0.2335936518E-12    0.1000000000E+01
    2    0.5941666667E+01    0.2322278706E+00    0.4644557413E+00   -0.2189518024E+00    0.0000000000E+00    0.0000000000E+00    0.0000000000E+00    0.0000000000E+00    0.0000000000E+00    0.0000000000E+00    0.2142136571E-13    0.2142136582E-13    0.9999999950E+00
    3    0.5941666667E+01    0.2322278706E+00    0.4644557413E+00    0.1100866816E+00    0.0000000000E+00    0.0000000000E+00    0.0000000000E+00    0.0000000000E+00    0.0000000000E+00    0.0000000000E+00    0.9841334044E-13    0.9841334045E-13    0.1000000000E+01
    4    0.5941666667E+01   -0.5805696766E+00    0.4644557413E+00    0.2818324538E+00    0.0000000000E+00    0.0000000000E+00    0.0000000000E+00    0.0000000000E+00    0.0000000000E+00    0.0000000000E+00    0.5843293653E-15    0.5843293672E-15    0.9999999967E+00
    5    0.5941666667E+01    0.2322278706E+00   -0.3483418059E+00    0.2118199243E+00    0.0000000000E+00    0.0000000000E+00    0.0000000000E+00    0.0000000000E+00    0.0000000000E+00    0.0000000000E+00    0.2325573030E-12    0.2325573030E-12    0.1000000000E+01
    1    0.6200000000E+01    0.2322278706E+00    0.4644557413E+00    0.1535438996E+00    0.0000000000E+00    0.0000000000E+00    0.0000000000E+00    0.0000000000E+00    0.0000000000E+00    0.0000000000E+00    0.1039993019E-13    0.1039993020E-13    0.9999999995E+00
    2    0.6200000000E+01   -0.5805696766E+00    0.4644557413E+00    0.3193658888E+00    0.0000000000E+00    0.0000000000E+00    0.0000000000E+00    0.0000000000E+00    0.0000000000E+00    0.0000000000E+00    0.5247191807E-16    0.5247226694E-16    0.9999933512E+00
    1    0.6458333333E+01   -0.5805696766E+00    0.4644557413E+00    0.3576766462E+00    0.0000000000E+00    0.0000000000E+00    0.0000000000E+00    0.0000000000E+00    0.0000000000E+00    0.0000000000E+00    0.9421181154E-18    0.9421181164E-18    0.9999999989E+00
    2    0.6458333333E+01    0.2322278706E+00    0.4644557413E+00    0.1933589185E+00    0.0000000000E+00    0.0000000000E+00    0.0000000000E+00    0.0000000000E+00    0.0000000000E+00    0.0000000000E+00    0.1018582495E-16    0.1018582495E-16    0.1000000000E+01
    1    0.6716666667E+01    0.2322278706E+00    0.4644557413E+00    0.2316960046E+00    0.0000000000E+00    0.0000000000E+00    0.0000000000E+00    0.0000000000E+00    0.0000000000E+00    0.0000000000E+00    0.2142919220E-14    0.2142919227E-14    0.9999999965E+00
    2    0.6716666667E+01   -0.5805696766E+00    0.4644557413E+00    0.3972105001E+00    0.0000000000E+00    0.0000000000E+00    0.0000000000E+00    0.0000000000E+00    0.0000000000E+00    0.0000000000E+00    0.1073327442E-16    0.1073327453E-16    0.9999999895E+00
    1    0.6975000000E+01    0.2322278706E+00    0.4644557413E+00    0.2698312128E+00    0.0000000000E+00    0.0000000000E+00    0.0000000000E+00    0.0000000000E+00    0.0000000000E+00    0.0000000000E+00    0.2678324647E-14    0.2678324647E-14    0.1000000000E+01
    2    0.6975000000E+01   -0.5805696766E+00    0.4644557413E+00    0.4384008512E+00    0.0000000000E+00    0.0000000000E+00    0.0000000000E+00    0.0000000000E+00    0.0000000000E+00    0.0000000000E+00    0.4346481363E-15    0.4346481363E-15    0.1000000000E+01
    1    0.7233333333E+01    0.2322278706E+00    0.4644557413E+00    0.3085819974E+00    0.0000000000E+00    0.0000000000E+00    0.0000000000E+00    0.0000000000E+00    0.0000000000E+00    0.0000000000E+00    0.1256006405E-14    0.1256006453E-14    0.9999999616E+00
    2    0.7233333333E+01   -0.5805696766E+00    0.4644557413E+00    0.4816768467E+00    0.0000000000E+00    0.0000000000E+00    0.0000000000E+00    0.0000000000E+00    0.0000000000E+00    0.0000000000E+00    0.1395243136E-14    0.1395243250E-14    0.9999999181E+00
    1    0.7491666667E+01    0.2322278706E+00    0.4644557413E+00    0.3486707070E+00    0.0000000000E+00    0.0000000000E+00    0.0000000000E+00    0.0000000000E+00    0.0000000000E+00    0.0000000000E+00    0.1631164087E-15    0.1631164087E-15    0.1000000000E+01
    2    0.7491666667E+01   -0.5805696766E+00    0.4644557413E+00    0.5274214986E+00    0.0000000000E+00    0.0000000000E+00    0.0000000000E+00    0.0000000000E+00    0.0000000000E+00    0.0000000000E+00    0.6168740464E-15    0.6168740464E-15    0.1000000000E+01
    1    0.7750000000E+01    0.2322278706E+00    0.4644557413E+00    0.3908953984E+00    0.0000000000E+00    0.0000000000E+00    0.0000000000E+00    0.0000000000E+00    0.0000000000E+00    0.0000000000E+00    0.1839508241E-17    0.1839508241E-17    0.1000000000E+01
    1    0.8008333333E+01    0.2322278706E+00    0.4644557413E+00    0.4362985467E+00    0.0000000000E+00    0.0000000000E+00    0.0000000000E+00    0.0000000000E+00    0.0000000000E+00    0.0000000000E+00    0.2397643287E-16    0.2397643288E-16    0.9999999996E+00
    2    0.8008333333E+01   -0.5805696766E+00    0.4644557413E+00   -0.5229712569E+00    0.0000000000E+00    0.0000000000E+00    0.0000000000E+00    0.0000000000E+00    0.0000000000E+00    0.0000000000E+00    0.3136861286E-14    0.3136861286E-14    0.1000000000E+01
    1    0.8266666667E+01    0.2322278706E+00    0.4644557413E+00    0.4864363858E+00    0.0000000000E+00    0.0000000000E+00    0.0000000000E+00    0.0000000000E+00    0.0000000000E+00    0.0000000000E+00    0.4343144837E-15    0.4343144872E-15    0.9999999919E+00
    2    0.8266666667E+01   -0.5805696766E+00    0.4644557413E+00   -0.4706800070E+00    0.0000000000E+00    0.0000000000E+00    0.0000000000E+00    0.0000000000E+00    0.0000000000E+00    0.0000000000E+00    0.1449302587E-13    0.1449302587E-13    0.1000000000E+01
    1    0.8525000000E+01   -0.5805696766E+00    0.4644557413E+00   -0.4183269254E+00    0.0000000000E+00    0.0000000000E+00    0.0000000000E+00    0.0000000000E+00    0.0000000000E+00    0.0000000000E+00    0.5893627388E-14    0.5893627389E-14    0.9999999999E+00
    2    0.8525000000E+01    0.2322278706E+00    0.4644557413E+00    0.5439649387E+00    0.0000000000E+00    0.0000000000E+00    0.0000000000E+00    0.0000000000E+00    0.0000000000E+00    0.0000000000E+00    0.1021055581E-13    0.1021055581E-13    0.1000000000E+01
    3    0.8525000000E+01   -0.5805696766E+00   -0.3483418059E+00    0.2420982877E+00    0.0000000000E+00    0.0000000000E+00    0.0000000000E+00    0.0000000000E+00    0.0000000000E+00    0.0000000000E+00    0.1266684626E-12    0.1266684628E-12    0.9999999986E+00
    1    0.8783333333E+01    0.2322278706E+00    0.4644557413E+00   -0.5360226862E+00    0.0000000000E+00    0.0000000000E+00    0.0000000000E+00    0.0000000000E+00    0.0000000000E+00    0.0000000000E+00    0.6240465206E-14    0.6240465206E-14    0.1000000000E+01
    2    0.8783333333E+01   -0.5805696766E+00    0.4644557413E+00   -0.3672407856E+00    0.0000000000E+00    0.0000000000E+00    0.0000000000E+00    0.0000000000E+00    0.0000000000E+00    0.0000000000E+00    0.1460045710E-14    0.1460045710E-14    0.1000000000E+01
    3    0.8783333333E+01   -0.5805696766E+00   -0.3483418059E+00    0.3296954546E+00    0.0000000000E+00    0.0000000000E+00    0.0000000000E+00    0.0000000000E+00    0.0000000000E+00    0.0000000000E+00    0.1643739982E-13    0.1643739982E-13    0.1000000000E+01
    1    0.9041666667E+01    0.2322278706E+00   -0.3483418059E+00   -0.1556658266E+00    0.0000000000E+00    0.0000000000E+00    0.0000000000E+00    0.0000000000E+00    0.0000000000E+00    0.0000000000E+00    0.2412926351E-11    0.2412926351E-11    0.1000000000E+01
    2    0.9041666667E+01   -0.5805696766E+00    0.4644557413E+00   -0.3180853758E+00    0.0000000000E+00    0.0000000000E+00    0.0000000000E+00    0.0000000000E+00    0.0000000000E+00    0.0000000000E+00    0.1677663446E-13    0.1677663446E-13    0.1000000000E+01
    3    0.9041666667E+01    0.2322278706E+00    0.4644557413E+00   -0.4446402304E+00    0.0000000000E+00    0.0000000000E+00    0.0000000000E+00    0.0000000000E+00    0.0000000000E+00    0.0000000000E+00    0.4953458550E-13    0.4953458550E-13    0.1000000000E+01
    4    0.9041666667E+01    0.2322278706E+00   -0.3483418059E+00    0.4314080798E+00    0.0000000000E+00    0.0000000000E+00    0.0000000000E+00    0.0000000000E+00    0.0000000000E+00    0.0000000000E+00    0.1014790257E-11    0.1014790257E-11    0.1000000000E+01
    5    0.9041666667E+01   -0.5805696766E+00   -0.3483418059E+00    0.3967933756E+00    0.0000000000E+00    0.0000000000E+00    0.0000000000E+00    0.0000000000E+00    0.0000000000E+00    0.0000000000E+00    0.4552509620E-15    0.4552509623E-15    0.9999999993E+00
    1    0.9300000000E+01   -0.5805696766E+00   -0.3483418059E+00    0.1219195800E+00    0.0000000000E+00    0.0000000000E+00    0.0000000000E+00    0.0000000000E+00    0.0000000000E+00    0.0000000000E+00    0.1306545386E-10    0.1306545386E-10    0.1000000000E+01
    2    0.9300000000E+01    0.2322278706E+00    0.4644557413E+00   -0.3283610336E+00    0.0000000000E+00    0.0000000000E+00    0.0000000000E+00    0.0000000000E+00    0.0000000000E+00    0.0000000000E+00    0.9396116522E-13    0.9396116523E-13    0.9999999999E+00
    3    0.9300000000E+01   -0.5805696766E+00    0.4644557413E+00   -0.2708239184E+00    0.0000000000E+00    0.0000000000E+00    0.0000000000E+00    0.0000000000E+00    0.0000000000E+00    0.0000000000E+00    0.1909835768E-13    0.1909835768E-13    0.9999999999E+00
    4    0.9300000000E+01   -0.5805696766E+00   -0.3483418059E+00    0.4604483300E+00    0.0000000000E+00    0.0000000000E+00    0.0000000000E+00    0.0000000000E+00    0.0000000000E+00    0.0000000000E+00    0.2013395649E-12    0.2013395649E-12    0.1000000000E+01
    5    0.9300000000E+01    0.2322278706E+00   -0.3483418059E+00    0.5248995436E+00    0.0000000000E+00    0.0000000000E+00    0.0000000000E+00    0.0000000000E+00    0.0000000000E+00    0.0000000000E+00    0.2647197223E-15    0.2647197379E-15    0.9999999412E+00
    1    0.9558333333E+01   -0.5805696766E+00   -0.3483418059E+00    0.2909110632E+00    0.0000000000E+00    0.0000000000E+00    0.0000000000E+00    0.0000000000E+00    0.0000000000E+00    0.0000000000E+00    0.3246340194E-12    0.3246340194E-12    0.9999999999E+00
    2    0.9558333333E+01    0.2322278706E+00   -0.3483418059E+00   -0.5264100779E+00    0.0000000000E+00    0.0000000000E+00    0.0000000000E+00    0.0000000000E+00    0.0000000000E+00    0.0000000000E+00    0.5781541146E-14    0.5781541526E-14    0.9999999342E+00
    3    0.9558333333E+01   -0.5805696766E+00   -0.3483418059E+00    0.5299727790E+00    0.0000000000E+00    0.0000000000E+00    0.0000000000E+00    0.0000000000E+00    0.0000000000E+00    0.0000000000E+00    0.1252722831E-12    0.1252722831E-12    0.9999999999E+00
    4    0.9558333333E+01    0.2322278706E+00    0.4644557413E+00   -0.2234966018E+00    0.0000000000E+00    0.0000000000E+00    0.0000000000E+00    0.0000000000E+00    0.0000000000E+00    0.0000000000E+00    0.1660616557E-13    0.1660617095E-13    0.9999996755E+00
    5    0.9558333333E+01   -0.5805696766E+00    0.4644557413E+00   -0.2250172190E+00    0.0000000000E+00    0.0000000000E+00    0.0000000000E+00    0.0000000000E+00    0.0000000000E+00    0.0000000000E+00    0.5041293727E-14    0.5041301525E-14    0.9999984531E+00
    1    0.9816666667E+01   -0.5805696766E+00   -0.3483418059E+00    0.4330154770E+00    0.0000000000E+00    0.0000000000E+00    0.0000000000E+00    0.0000000000E+00    0.0000000000E+00    0.0000000000E+00    0.5245880016E-10    0.5245880016E-10    0.1000000000E+01
    2    0.9816666667E+01   -0.5805696766E+00   -0.3483418059E+00   -0.5061362932E+00    0.0000000000E+00    0.0000000000E+00    0.0000000000E+00    0.0000000000E+00    0.0000000000E+00    0.0000000000E+00    0.5250965233E-10    0.5250965233E-10    0.1000000000E+01
    3    0.9816666667E+01    0.2322278706E+00   -0.3483418059E+00   -0.1614282704E+00    0.0000000000E+00    0.0000000000E+00    0.0000000000E+00    0.0000000000E+00    0.0000000000E+00    0.0000000000E+00    0.1933133298E-11    0.1933133298E-11    0.1000000000E+01
    4    0.9816666667E+01    0.2322278706E+00    0.4644557413E+00   -0.1409811550E+00    0.0000000000E+00    0.0000000000E+00    0.0000000000E+00    0.0000000000E+00    0.0000000000E+00    0.0000000000E+00    0.5112372120E-17    0.5112375405E-17    0.9999993574E+00
    5    0.9816666667E+01   -0.5805696766E+00    0.4644557413E+00   -0.1800818025E+00    0.0000000000E+00    0.0000000000E+00    0.0000000000E+00    0.0000000000E+00    0.0000000000E+00    0.0000000000E+00    0.5463231640E-15    0.5463231643E-15    0.9999999994E+00
    1    0.1007500000E+02   -0.5805696766E+00    0.4644557413E+00   -0.1354048785E+00    0.1045025418E+01    0.4644557413E+00   -0.1354048785E+00    0.1506090067E+01    0.5071903941E+01    0.6600099395E+00    0.6642654853E-14    0.6642654853E-14    0.1000000000E+01
    2    0.1007500000E+02    0.2322278706E+00    0.4644557413E+00   -0.6442196775E-01    0.0000000000E+00    0.0000000000E+00    0.0000000000E+00    0.0000000000E+00    0.0000000000E+00    0.0000000000E+00    0.1126898305E-11    0.1126898305E-11    0.1000000000E+01
    1    0.1033333333E+02   -0.5805696766E+00    0.4644557413E+00   -0.9033921089E-01    0.0000000000E+00    0.0000000000E+00    0.0000000000E+00    0.0000000000E+00    0.0000000000E+00    0.0000000000E+00    0.1398526016E-14    0.1398526016E-14    0.1000000000E+01
    1    0.1059166667E+02   -0.5805696766E+00    0.4644557413E+00   -0.4391763207E-01    0.0000000000E+00    0.0000000000E+00    0.0000000000E+00    0.0000000000E+00    0.0000000000E+00    0.0000000000E+00    0.5624997724E-13    0.5624997724E-13    0.1000000000E+01
    1    0.1085000000E+02    0.2322278706E+00    0.4644557413E+00    0.6607218458E-01    0.0000000000E+00    0.0000000000E+00    0.0000000000E+00    0.0000000000E+00    0.0000000000E+00    0.0000000000E+00    0.1091802993E-11    0.1091802993E-11    0.1000000000E+01
    1    0.1110833333E+02   -0.5805696766E+00    0.4644557413E+00    0.4940585469E-01    0.0000000000E+00    0.0000000000E+00    0.0000000000E+00    0.0000000000E+00    0.0000000000E+00    0.0000000000E+00    0.4619206177E-13    0.4619206177E-13    0.1000000000E+01
    2    0.1110833333E+02    0.2322278706E+00    0.4644557413E+00    0.1340511206E+00    0.0000000000E+00    0.0000000000E+00    0.0000000000E+00    0.0000000000E+00    0.0000000000E+00    0.0000000000E+00    0.7890958664E-14    0.7890958664E-14    0.1000000000E+01
    1    0.1136666667E+02   -0.5805696766E+00    0.4644557413E+00    0.1020466125E+00    0.0000000000E+00    0.0000000000E+00    0.0000000000E+00    0.0000000000E+00    0.0000000000E+00    0.0000000000E+00    0.3577709548E-14    0.3577709549E-14    0.9999999997E+00
    2    0.1136666667E+02    0.2322278706E+00    0.4644557413E+00    0.1977832766E+00    0.0000000000E+00    0.0000000000E+00    0.0000000000E+00    0.0000000000E+00    0.0000000000E+00    0.0000000000E+00    0.6122344528E-16    0.6122344532E-16    0.9999999994E+00
    3    0.1136666667E+02    0.2322278706E+00   -0.3483418059E+00   -0.2810426797E+00    0.0000000000E+00    0.0000000000E+00    0.0000000000E+00    0.0000000000E+00    0.0000000000E+00    0.0000000000E+00    0.8705997509E-12    0.8705997509E-12    0.1000000000E+01
    4    0.1136666667E+02    0.2322278706E+00   -0.3483418059E+00   -0.5498359299E+00    0.0000000000E+00    0.0000000000E+00    0.0000000000E+00    0.0000000000E+00    0.0000000000E+00    0.0000000000E+00    0.2770115009E-12    0.2770115009E-12    0.1000000000E+01
    1    0.1162500000E+02    0.2322278706E+00   -0.3483418059E+00   -0.4783901372E+00    0.0000000000E+00    0.0000000000E+00    0.0000000000E+00    0.0000000000E+00    0.0000000000E+00    0.0000000000E+00    0.1096595696E-11    0.1096595696E-11    0.1000000000E+01
    2    0.1162500000E+02   -0.5805696766E+00   -0.3483418059E+00   -0.5715612683E+00    0.0000000000E+00    0.0000000000E+00    0.0000000000E+00    0.0000000000E+00    0.0000000000E+00    0.0000000000E+00    0.6898129542E-11    0.6898129542E-11    0.1000000000E+01
    3    0.1162500000E+02    0.2322278706E+00    0.4644557413E+00    0.2621065571E+00    0.0000000000E+00    0.0000000000E+00    0.0000000000E+00    0.0000000000E+00    0.0000000000E+00    0.0000000000E+00    0.1654228323E-13    0.1654228324E-13    0.1000000000E+01
    4    0.1162500000E+02   -0.5805696766E+00    0.4644557413E+00    0.1578622334E+00    0.0000000000E+00    0.0000000000E+00    0.0000000000E+00    0.0000000000E+00    0.0000000000E+00    0.0000000000E+00    0.4956184042E-14    0.4956184042E-14    0.1000000000E+01
    5    0.1162500000E+02   -0.5805696766E+00   -0.3483418059E+00   -0.9376695023E-01    0.0000000000E+00    0.0000000000E+00    0.0000000000E+00    0.0000000000E+00    0.0000000000E+00    0.0000000000E+00    0.2073589670E-09    0.2073589670E-09    0.1000000000E+01
    6    0.1162500000E+02    0.2322278706E+00   -0.3483418059E+00   -0.1208524972E+00    0.0000000000E+00    0.0000000000E+00    0.0000000000E+00    0.0000000000E+00    0.0000000000E+00    0.0000000000E+00    0.1240755747E-10    0.1240755747E-10    0.1000000000E+01
    1    0.1188333333E+02   -0.5805696766E+00    0.4644557413E+00    0.2180283903E+00    0.0000000000E+00    0.0000000000E+00    0.0000000000E+00    0.0000000000E+00    0.0000000000E+00    0.0000000000E+00    0.4755118778E-14    0.4755135197E-14    0.9999965470E+00
    2    0.1188333333E+02    0.2322278706E+00    0.4644557413E+00    0.3277411648E+00    0.0000000000E+00    0.0000000000E+00    0.0000000000E+00    0.0000000000E+00    0.0000000000E+00    0.0000000000E+00    0.1553035292E-13    0.1553035292E-13    0.1000000000E+01
    3    0.1188333333E+02    0.2322278706E+00   -0.3483418059E+00   -0.4148695067E+00    0.0000000000E+00    0.0000000000E+00    0.0000000000E+00    0.0000000000E+00    0.0000000000E+00    0.0000000000E+00    0.6035359944E-15    0.6035365710E-15    0.9999990447E+00
    4    0.1188333333E+02   -0.5805696766E+00   -0.3483418059E+00   -0.4919251710E+00    0.0000000000E+00    0.0000000000E+00    0.0000000000E+00    0.0000000000E+00    0.0000000000E+00    0.0000000000E+00    0.4971627021E-15    0.4971663053E-15    0.9999927525E+00
    1    0.1214166667E+02   -0.5805696766E+00    0.4644557413E+00    0.2831437091E+00    0.0000000000E+00    0.0000000000E+00    0.0000000000E+00    0.0000000000E+00    0.0000000000E+00    0.0000000000E+00    0.2989430663E-13    0.2989430663E-13    0.1000000000E+01
    2    0.1214166667E+02    0.2322278706E+00    0.4644557413E+00    0.3943100924E+00    0.0000000000E+00    0.0000000000E+00    0.0000000000E+00    0.0000000000E+00    0.0000000000E+00    0.0000000000E+00    0.7245865258E-15    0.7245865258E-15    0.1000000000E+01
    3    0.1214166667E+02    0.2322278706E+00   -0.3483418059E+00   -0.3523477768E+00    0.0000000000E+00    0.0000000000E+00    0.0000000000E+00    0.0000000000E+00    0.0000000000E+00    0.0000000000E+00    0.1810852139E-14    0.1810852139E-14    0.1000000000E+01
    4    0.1214166667E+02   -0.5805696766E+00   -0.3483418059E+00   -0.4190936913E+00    0.0000000000E+00    0.0000000000E+00    0.0000000000E+00    0.0000000000E+00    0.0000000000E+00    0.0000000000E+00    0.2160818940E-14    0.2160818940E-14    0.1000000000E+01
    1    0.1240000000E+02   -0.5805696766E+00    0.4644557413E+00    0.3528762008E+00    0.0000000000E+00    0.0000000000E+00    0.0000000000E+00    0.0000000000E+00    0.0000000000E+00    0.0000000000E+00    0.5823197654E-14    0.5823197654E-14    0.1000000000E+01
    2    0.1240000000E+02    0.2322278706E+00    0.4644557413E+00    0.4612833754E+00    0.0000000000E+00    0.0000000000E+00    0.0000000000E+00    0.0000000000E+00    0.0000000000E+00    0.0000000000E+00    0.1240651005E-13    0.1240651005E-13    0.1000000000E+01
    3    0.1240000000E+02    0.2322278706E+00   -0.3483418059E+00   -0.2869149433E+00    0.0000000000E+00    0.0000000000E+00    0.0000000000E+00    0.0000000000E+00    0.0000000000E+00    0.0000000000E+00    0.2420610093E-13    0.2420610093E-13    0.1000000000E+01
    4    0.1240000000E+02   -0.5805696766E+00   -0.3483418059E+00   -0.3435859180E+00    0.0000000000E+00    0.0000000000E+00    0.0000000000E+00    0.0000000000E+00    0.0000000000E+00    0.0000000000E+00    0.1104767737E-13    0.1104767737E-13    0.1000000000E+01
    1    0.1265833333E+02   -0.5805696766E+00    0.4644557413E+00    0.4256069183E+00    0.0000000000E+00    0.0000000000E+00    0.0000000000E+00    0.0000000000E+00    0.0000000000E+00    0.0000000000E+00    0.5947175652E-14    0.5947175652E-14    0.1000000000E+01
    2    0.1265833333E+02    0.2322278706E+00    0.4644557413E+00    0.5287016129E+00    0.0000000000E+00    0.0000000000E+00    0.0000000000E+00    0.0000000000E+00    0.0000000000E+00    0.0000000000E+00    0.1662625244E-14    0.1662625244E-14    0.1000000000E+01
    3    0.1265833333E+02    0.2322278706E+00   -0.3483418059E+00   -0.2133890496E+00    0.0000000000E+00    0.0000000000E+00    0.0000000000E+00    0.0000000000E+00    0.0000000000E+00    0.0000000000E+00    0.1460159193E-13    0.1460159193E-13    0.1000000000E+01
    4    0.1265833333E+02   -0.5805696766E+00   -0.3483418059E+00   -0.2561852990E+00    0.0000000000E+00    0.0000000000E+00    0.0000000000E+00    0.0000000000E+00    0.0000000000E+00    0.0000000000E+00    0.1483653555E-12    0.1483653555E-12    0.1000000000E+01
    1    0.1291666667E+02   -0.5805696766E+00    0.4644557413E+00    0.4992158198E+00    0.0000000000E+00    0.0000000000E+00    0.0000000000E+00    0.0000000000E+00    0.0000000000E+00    0.0000000000E+00    0.1125380736E-14    0.1125380736E-14    0.9999999998E+00
    2    0.1291666667E+02    0.2322278706E+00    0.4644557413E+00   -0.5520844361E+00    0.0000000000E+00    0.0000000000E+00    0.0000000000E+00    0.0000000000E+00    0.0000000000E+00    0.0000000000E+00    0.2588145001E-13    0.2588145001E-13    0.1000000000E+01
    3    0.1291666667E+02    0.2322278706E+00   -0.3483418059E+00   -0.1129991173E+00    0.0000000000E+00    0.0000000000E+00    0.0000000000E+00    0.0000000000E+00    0.0000000000E+00    0.0000000000E+00    0.3693064219E-11    0.3693064219E-11    0.1000000000E+01
    4    0.1291666667E+02   -0.5805696766E+00   -0.3483418059E+00   -0.1097509740E+00    0.0000000000E+00    0.0000000000E+00    0.0000000000E+00    0.0000000000E+00    0.0000000000E+00    0.0000000000E+00    0.2663019685E-10    0.2663019685E-10    0.1000000000E+01
    1    0.1317500000E+02    0.2322278706E+00    0.4644557413E+00   -0.4798702231E+00    0.0000000000E+00    0.0000000000E+00    0.0000000000E+00    0.0000000000E+00    0.0000000000E+00    0.0000000000E+00    0.2783928151E-15    0.2783928151E-15    0.9999999997E+00
    2    0.1317500000E+02   -0.5805696766E+00    0.4644557413E+00    0.5735972655E+00    0.0000000000E+00    0.0000000000E+00    0.0000000000E+00    0.0000000000E+00    0.0000000000E+00    0.0000000000E+00    0.1942478837E-10    0.1942478837E-10    0.1000000000E+01
    1    0.1343333333E+02   -0.5805696766E+00    0.4644557413E+00   -0.5029690922E+00    0.0000000000E+00    0.0000000000E+00    0.0000000000E+00    0.0000000000E+00    0.0000000000E+00    0.0000000000E+00    0.9776667933E-13    0.9776667933E-13    0.1000000000E+01
    2    0.1343333333E+02    0.2322278706E+00    0.4644557413E+00   -0.4004199892E+00    0.0000000000E+00    0.0000000000E+00    0.0000000000E+00    0.0000000000E+00    0.0000000000E+00    0.0000000000E+00    0.1891239875E-13    0.1891239934E-13    0.9999999688E+00
    3    0.1343333333E+02    0.2322278706E+00   -0.3483418059E+00    0.3448532710E+00    0.0000000000E+00    0.0000000000E+00    0.0000000000E+00    0.0000000000E+00    0.0000000000E+00    0.0000000000E+00    0.7252713417E-10    0.7252713417E-10    0.1000000000E+01
    4    0.1343333333E+02    0.2322278706E+00   -0.3483418059E+00   -0.9611839242E-01    0.0000000000E+00    0.0000000000E+00    0.0000000000E+00    0.0000000000E+00    0.0000000000E+00    0.0000000000E+00    0.1482815232E-09    0.1482815232E-09    0.1000000000E+01
    5    0.1343333333E+02    0.2322278706E+00   -0.3483418059E+00   -0.6421316719E-01    0.0000000000E+00    0.0000000000E+00    0.0000000000E+00    0.0000000000E+00    0.0000000000E+00    0.0000000000E+00    0.7421226963E-09    0.7421226963E-09    0.1000000000E+01
    6    0.1343333333E+02   -0.5805696766E+00    0.4644557413E+00    0.2266216807E+00    0.0000000000E+00    0.0000000000E+00    0.0000000000E+00    0.0000000000E+00    0.0000000000E+00    0.0000000000E+00    0.2342451460E-11    0.2342451460E-11    0.1000000000E+01
    7    0.1343333333E+02    0.2322278706E+00   -0.3483418059E+00    0.1530006722E+00    0.0000000000E+00    0.0000000000E+00    0.0000000000E+00    0.0000000000E+00    0.0000000000E+00    0.0000000000E+00    0.4565955465E-09    0.4565955465E-09    0.1000000000E+01
    8    0.1343333333E+02    0.2322278706E+00    0.4644557413E+00    0.1689893727E+00    0.0000000000E+00    0.0000000000E+00    0.0000000000E+00    0.0000000000E+00    0.0000000000E+00    0.0000000000E+00    0.1874887090E-11    0.1874887090E-11    0.1000000000E+01
    1    0.1369166667E+02    0.2322278706E+00    0.4644557413E+00   -0.3041447376E+00    0.0000000000E+00    0.0000000000E+00    0.0000000000E+00    0.0000000000E+00    0.0000000000E+00    0.0000000000E+00    0.7953610299E-13    0.7953610302E-13    0.9999999997E+00
    2    0.1369166667E+02   -0.5805696766E+00    0.4644557413E+00   -0.4258575997E+00    0.0000000000E+00    0.0000000000E+00    0.0000000000E+00    0.0000000000E+00    0.0000000000E+00    0.0000000000E+00    0.1353282699E-11    0.1353282699E-11    0.1000000000E+01
    3    0.1369166667E+02   -0.5805696766E+00   -0.3483418059E+00    0.4626634772E+00    0.0000000000E+00    0.0000000000E+00    0.0000000000E+00    0.0000000000E+00    0.0000000000E+00    0.0000000000E+00    0.1724644787E-08    0.1724644787E-08    0.1000000000E+01
    4    0.1369166667E+02   -0.5805696766E+00   -0.3483418059E+00    0.3043418333E+00    0.0000000000E+00    0.0000000000E+00    0.0000000000E+00    0.0000000000E+00    0.0000000000E+00    0.0000000000E+00    0.3422487143E-10    0.3422487143E-10    0.1000000000E+01
    5    0.1369166667E+02    0.2322278706E+00    0.4644557413E+00    0.3651545595E+00    0.0000000000E+00    0.0000000000E+00    0.0000000000E+00    0.0000000000E+00    0.0000000000E+00    0.0000000000E+00    0.1393696283E-12    0.1393696283E-12    0.1000000000E+01
    6    0.1369166667E+02   -0.5805696766E+00    0.4644557413E+00    0.4214815731E+00    0.0000000000E+00    0.0000000000E+00    0.0000000000E+00    0.0000000000E+00    0.0000000000E+00    0.0000000000E+00    0.1650808600E-11    0.1650808600E-11    0.1000000000E+01
    7    0.1369166667E+02    0.2322278706E+00   -0.3483418059E+00    0.1456139704E+00    0.0000000000E+00    0.0000000000E+00    0.0000000000E+00    0.0000000000E+00    0.0000000000E+00    0.0000000000E+00    0.4262062148E-12    0.4262062148E-12    0.1000000000E+01
    8    0.1369166667E+02    0.2322278706E+00   -0.3483418059E+00    0.8619714321E-01    0.0000000000E+00    0.0000000000E+00    0.0000000000E+00    0.0000000000E+00    0.0000000000E+00    0.0000000000E+00    0.2139387344E-10    0.2139387344E-10    0.1000000000E+01
    9    0.1369166667E+02   -0.5805696766E+00   -0.3483418059E+00    0.8955601337E-02    0.0000000000E+00    0.0000000000E+00    0.0000000000E+00    0.0000000000E+00    0.0000000000E+00    0.0000000000E+00    0.1677661246E-07    0.1677661246E-07    0.1000000000E+01
    1    0.1395000000E+02    0.2322278706E+00    0.4644557413E+00   -0.1145665436E+00    0.0000000000E+00    0.0000000000E+00    0.0000000000E+00    0.0000000000E+00    0.0000000000E+00    0.0000000000E+00    0.8985204538E-10    0.8985204538E-10    0.1000000000E+01
    2    0.1395000000E+02   -0.5805696766E+00    0.4644557413E+00   -0.3401236076E+00    0.0000000000E+00    0.0000000000E+00    0.0000000000E+00    0.0000000000E+00    0.0000000000E+00    0.0000000000E+00    0.9510154587E-13    0.9510154592E-13    0.9999999995E+00
    3    0.1395000000E+02   -0.5805696766E+00   -0.3483418059E+00    0.2199117083E+00    0.0000000000E+00    0.0000000000E+00    0.0000000000E+00    0.0000000000E+00    0.0000000000E+00    0.0000000000E+00    0.1267933337E-11    0.1267933337E-11    0.1000000000E+01
    4    0.1395000000E+02    0.2322278706E+00    0.4644557413E+00    0.2825249339E+00    0.0000000000E+00    0.0000000000E+00    0.0000000000E+00    0.0000000000E+00    0.0000000000E+00    0.0000000000E+00    0.7938187804E-11    0.7938187804E-11    0.1000000000E+01
    5    0.1395000000E+02   -0.5805696766E+00   -0.3483418059E+00    0.3198572595E+00    0.0000000000E+00    0.0000000000E+00    0.0000000000E+00    0.0000000000E+00    0.0000000000E+00    0.0000000000E+00    0.9429981291E-12    0.9429981291E-12    0.1000000000E+01
    6    0.1395000000E+02   -0.5805696766E+00    0.4644557413E+00    0.4022050880E+00   -0.5805696766E+00    0.4644557413E+00   -0.7472642271E+00    0.2926887160E+00   -0.5019368081E+00    0.6793294445E+00    0.1673979802E-12    0.1673979809E-12    0.9999999961E+00
    7    0.1395000000E+02    0.2322278706E+00    0.4644557413E+00    0.5369617089E+00    0.0000000000E+00    0.0000000000E+00    0.0000000000E+00    0.0000000000E+00    0.0000000000E+00    0.0000000000E+00    0.1407336915E-11    0.1407336915E-11    0.1000000000E+01
    1    0.1420833333E+02   -0.5805696766E+00    0.4644557413E+00   -0.2248909124E+00    0.0000000000E+00    0.0000000000E+00    0.0000000000E+00    0.0000000000E+00    0.0000000000E+00    0.0000000000E+00    0.4411047270E-12    0.4411047271E-12    0.9999999999E+00
    2    0.1420833333E+02   -0.5805696766E+00    0.4644557413E+00   -0.5180031768E+00    0.0000000000E+00    0.0000000000E+00    0.0000000000E+00    0.0000000000E+00    0.0000000000E+00    0.0000000000E+00    0.5935932211E-12    0.5935932212E-12    0.9999999999E+00
    3    0.1420833333E+02    0.2322278706E+00    0.4644557413E+00   -0.4516501300E+00    0.0000000000E+00    0.0000000000E+00    0.0000000000E+00    0.0000000000E+00    0.0000000000E+00    0.0000000000E+00    0.2540923601E-11    0.2540923601E-11    0.1000000000E+01
    4    0.1420833333E+02    0.2322278706E+00    0.4644557413E+00   -0.3581054318E+00    0.0000000000E+00    0.0000000000E+00    0.0000000000E+00    0.0000000000E+00    0.0000000000E+00    0.0000000000E+00    0.5155631014E-11    0.5155631014E-11    0.1000000000E+01
    5    0.1420833333E+02   -0.5805696766E+00    0.4644557413E+00   -0.4055310289E+00    0.0000000000E+00    0.0000000000E+00    0.0000000000E+00    0.0000000000E+00    0.0000000000E+00    0.0000000000E+00    0.4566441178E-12    0.4566441179E-12    0.1000000000E+01
    1    0.1446666667E+02   -0.5805696766E+00    0.4644557413E+00   -0.2563635185E+00    0.0000000000E+00    0.0000000000E+00    0.0000000000E+00    0.0000000000E+00    0.0000000000E+00    0.0000000000E+00    0.3231915072E-12    0.3231915072E-12    0.1000000000E+01
    2    0.1446666667E+02   -0.5805696766E+00    0.4644557413E+00   -0.1327683332E+00    0.0000000000E+00    0.0000000000E+00    0.0000000000E+00    0.0000000000E+00    0.0000000000E+00    0.0000000000E+00    0.8097824673E-11    0.8097824673E-11    0.1000000000E+01
