    1    0.1550000000E+01    0.1161139353E+00    0.4644557413E+00    0.4785967890E-01    0.0000000000E+00    0.0000000000E+00    0.0000000000E+00    0.0000000000E+00    0.0000000000E+00    0.0000000000E+00    0.3505913813E-12    0.3505913813E-12    0.1000000000E+01
    1    0.1808333333E+01    0.1161139353E+00    0.4644557413E+00   -0.1207181649E+00    0.0000000000E+00    0.0000000000E+00    0.0000000000E+00    0.0000000000E+00    0.0000000000E+00    0.0000000000E+00    0.2239376650E-11    0.2239376650E-11    0.1000000000E+01
    2    0.1808333333E+01    0.1161139353E+00    0.4644557413E+00    0.1846740884E+00    0.0000000000E+00    0.0000000000E+00    0.0000000000E+00    0.0000000000E+00    0.0000000000E+00    0.0000000000E+00    0.1710843498E-11    0.1710843498E-11    0.1000000000E+01
    3    0.1808333333E+01    0.1161139353E+00    0.4644557413E+00    0.1306391194E+00    0.0000000000E+00    0.0000000000E+00    0.0000000000E+00    0.0000000000E+00    0.0000000000E+00    0.0000000000E+00    0.2788779455E-12    0.2788779455E-12    0.1000000000E+01
    1    0.2066666667E+01    0.1161139353E+00    0.4644557413E+00    0.2853673994E+00    0.0000000000E+00    0.0000000000E+00    0.0000000000E+00    0.0000000000E+00    0.0000000000E+00    0.0000000000E+00    0.1156020017E-14    0.1156020017E-14    0.1000000000E+01
    2    0.2066666667E+01    0.1161139353E+00    0.4644557413E+00    0.1853514114E+00    0.0000000000E+00    0.0000000000E+00    0.0000000000E+00    0.0000000000E+00    0.0000000000E+00    0.0000000000E+00    0.7769902701E-15    0.7769902701E-15    0.1000000000E+01
    1    0.2325000000E+01    0.1161139353E+00    0.4644557413E+00    0.3437697693E+00    0.0000000000E+00    0.0000000000E+00    0.0000000000E+00    0.0000000000E+00    0.0000000000E+00    0.0000000000E+00    0.1469663501E-14    0.1469663501E-14    0.1000000000E+01
    2    0.2325000000E+01    0.1161139353E+00    0.4644557413E+00    0.2323837900E+00    0.0000000000E+00    0.0000000000E+00    0.0000000000E+00    0.0000000000E+00    0.0000000000E+00    0.0000000000E+00    0.3467513387E-14    0.3467513387E-14    0.1000000000E+01
    1    0.2583333333E+01    0.1161139353E+00    0.4644557413E+00    0.3946152958E+00    0.0000000000E+00    0.0000000000E+00    0.0000000000E+00    0.0000000000E+00    0.0000000000E+00    0.0000000000E+00    0.6339691643E-15    0.6339691643E-15    0.1000000000E+01
    2    0.2583333333E+01    0.1161139353E+00    0.4644557413E+00    0.2761999729E+00    0.0000000000E+00    0.0000000000E+00    0.0000000000E+00    0.0000000000E+00    0.0000000000E+00    0.0000000000E+00    0.4326780701E-14    0.4326780701E-14    0.1000000000E+01
    1    0.2841666667E+01    0.1161139353E+00    0.4644557413E+00    0.4431651098E+00    0.0000000000E+00    0.0000000000E+00    0.0000000000E+00    0.0000000000E+00    0.0000000000E+00    0.0000000000E+00    0.1327008950E-14    0.1327008950E-14    0.1000000000E+01
    2    0.2841666667E+01    0.1161139353E+00    0.4644557413E+00    0.3185857889E+00    0.0000000000E+00    0.0000000000E+00    0.0000000000E+00    0.0000000000E+00    0.0000000000E+00    0.0000000000E+00    0.2325666825E-14    0.2325666825E-14    0.1000000000E+01
    1    0.3100000000E+01   -0.6966836119E+00    0.4644557413E+00   -0.1781625094E+00    0.0000000000E+00    0.0000000000E+00    0.0000000000E+00    0.0000000000E+00    0.0000000000E+00    0.0000000000E+00    0.2352537977E-11    0.2352537977E-11    0.1000000000E+01
    2    0.3100000000E+01    0.1161139353E+00    0.4644557413E+00    0.4919344054E+00    0.0000000000E+00    0.0000000000E+00    0.0000000000E+00    0.0000000000E+00    0.0000000000E+00    0.0000000000E+00    0.3393300191E-14    0.3393300235E-14    0.9999999871E+00
    3    0.3100000000E+01   -0.6966836119E+00    0.4644557413E+00    0.3628468288E+00    0.0000000000E+00    0.0000000000E+00    0.0000000000E+00    0.0000000000E+00    0.0000000000E+00    0.0000000000E+00    0.2267302847E-11    0.2267302847E-11    0.1000000000E+01
    4    0.3100000000E+01    0.1161139353E+00    0.4644557413E+00    0.3606368459E+00    0.0000000000E+00    0.0000000000E+00    0.0000000000E+00    0.0000000000E+00    0.0000000000E+00    0.0000000000E+00    0.9215030864E-15    0.9215044172E-15    0.9999985558E+00
    1    0.3358333333E+01    0.1161139353E+00    0.4644557413E+00    0.6103035351E-01    0.0000000000E+00    0.0000000000E+00    0.0000000000E+00    0.0000000000E+00    0.0000000000E+00    0.0000000000E+00    0.1690905353E-12    0.1690905354E-12    0.9999999993E+00
    2    0.3358333333E+01   -0.6966836119E+00    0.4644557413E+00   -0.3768836363E+00    0.0000000000E+00    0.0000000000E+00    0.0000000000E+00    0.0000000000E+00    0.0000000000E+00    0.0000000000E+00    0.2845366240E-11    0.2845366243E-11    0.9999999989E+00
    3    0.3358333333E+01    0.1161139353E+00    0.4644557413E+00    0.4032380002E+00    0.0000000000E+00    0.0000000000E+00    0.0000000000E+00    0.0000000000E+00    0.0000000000E+00    0.0000000000E+00    0.4096011147E-14    0.4096011199E-14    0.9999999873E+00
    4    0.3358333333E+01   -0.6966836119E+00    0.4644557413E+00    0.4438806690E+00    0.0000000000E+00    0.0000000000E+00    0.0000000000E+00    0.0000000000E+00    0.0000000000E+00    0.0000000000E+00    0.1841812379E-11    0.1841812380E-11    0.9999999996E+00
    5    0.3358333333E+01   -0.6966836119E+00    0.4644557413E+00   -0.5612535382E+00    0.0000000000E+00    0.0000000000E+00    0.0000000000E+00    0.0000000000E+00    0.0000000000E+00    0.0000000000E+00    0.1875321916E-11    0.1875321919E-11    0.9999999980E+00
    6    0.3358333333E+01    0.1161139353E+00    0.4644557413E+00    0.5429575289E+00    0.0000000000E+00    0.0000000000E+00    0.0000000000E+00    0.0000000000E+00    0.0000000000E+00    0.0000000000E+00    0.1860948876E-13    0.1860948880E-13    0.9999999978E+00
    1    0.3616666667E+01    0.1161139353E+00    0.4644557413E+00    0.1111123849E+00    0.0000000000E+00    0.0000000000E+00    0.0000000000E+00    0.0000000000E+00    0.0000000000E+00    0.0000000000E+00    0.2006772122E-13    0.2006772122E-13    0.1000000000E+01
    2    0.3616666667E+01    0.1161139353E+00   -0.3483418059E+00   -0.2295840460E+00    0.0000000000E+00    0.0000000000E+00    0.0000000000E+00    0.0000000000E+00    0.0000000000E+00    0.0000000000E+00    0.5742602832E-12    0.5742602832E-12    0.1000000000E+01
    3    0.3616666667E+01   -0.6966836119E+00    0.4644557413E+00   -0.2660578154E+00    0.0000000000E+00    0.0000000000E+00    0.0000000000E+00    0.0000000000E+00    0.0000000000E+00    0.0000000000E+00    0.1105492623E-13    0.1105492623E-13    0.1000000000E+01
    4    0.3616666667E+01   -0.6966836119E+00    0.4644557413E+00   -0.4432174312E+00    0.0000000000E+00    0.0000000000E+00    0.0000000000E+00    0.0000000000E+00    0.0000000000E+00    0.0000000000E+00    0.2957844065E-13    0.2957844065E-13    0.1000000000E+01
    5    0.3616666667E+01    0.1161139353E+00    0.4644557413E+00    0.4473002364E+00    0.0000000000E+00    0.0000000000E+00    0.0000000000E+00    0.0000000000E+00    0.0000000000E+00    0.0000000000E+00    0.3712600772E-14    0.3712600772E-14    0.9999999999E+00
    6    0.3616666667E+01    0.1161139353E+00   -0.3483418059E+00    0.4953018455E+00    0.0000000000E+00    0.0000000000E+00    0.0000000000E+00    0.0000000000E+00    0.0000000000E+00    0.0000000000E+00    0.8811602599E-11    0.8811602599E-11    0.1000000000E+01
    7    0.3616666667E+01   -0.6966836119E+00    0.4644557413E+00    0.5269256906E+00    0.0000000000E+00    0.0000000000E+00    0.0000000000E+00    0.0000000000E+00    0.0000000000E+00    0.0000000000E+00    0.1348680222E-13    0.1348680222E-13    0.1000000000E+01
    8    0.3616666667E+01    0.1161139353E+00    0.4644557413E+00   -0.5507585177E+00    0.0000000000E+00    0.0000000000E+00    0.0000000000E+00    0.0000000000E+00    0.0000000000E+00    0.0000000000E+00    0.3557148132E-14    0.3557148132E-14    0.1000000000E+01
    1    0.3875000000E+01    0.1161139353E+00    0.4644557413E+00    0.1509577108E+00    0.0000000000E+00    0.0000000000E+00    0.0000000000E+00    0.0000000000E+00    0.0000000000E+00    0.0000000000E+00    0.4499695228E-14    0.4499695228E-14    0.1000000000E+01
    2    0.3875000000E+01    0.1161139353E+00    0.4644557413E+00    0.4936830438E+00    0.0000000000E+00    0.0000000000E+00    0.0000000000E+00    0.0000000000E+00    0.0000000000E+00    0.0000000000E+00    0.7169756740E-13    0.7169756740E-13    0.1000000000E+01
    3    0.3875000000E+01    0.1161139353E+00   -0.3483418059E+00   -0.1290536403E+00    0.0000000000E+00    0.0000000000E+00    0.0000000000E+00    0.0000000000E+00    0.0000000000E+00    0.0000000000E+00    0.6045672506E-13    0.6045672508E-13    0.9999999996E+00
    4    0.3875000000E+01   -0.6966836119E+00    0.4644557413E+00   -0.1986678181E+00    0.0000000000E+00    0.0000000000E+00    0.0000000000E+00    0.0000000000E+00    0.0000000000E+00    0.0000000000E+00    0.1282426055E-13    0.1282426228E-13    0.9999998647E+00
    5    0.3875000000E+01   -0.6966836119E+00    0.4644557413E+00   -0.5670041435E+00    0.0000000000E+00    0.0000000000E+00    0.0000000000E+00    0.0000000000E+00    0.0000000000E+00    0.0000000000E+00    0.6118422200E-13    0.6118422203E-13    0.9999999995E+00
    6    0.3875000000E+01    0.1161139353E+00    0.4644557413E+00   -0.4863160093E+00    0.0000000000E+00    0.0000000000E+00    0.0000000000E+00    0.0000000000E+00    0.0000000000E+00    0.0000000000E+00    0.6862201710E-13    0.6862201710E-13    0.1000000000E+01
    7    0.3875000000E+01    0.1161139353E+00   -0.3483418059E+00   -0.3634910180E+00    0.0000000000E+00    0.0000000000E+00    0.0000000000E+00    0.0000000000E+00    0.0000000000E+00    0.0000000000E+00    0.3929395932E-15    0.3929401038E-15    0.9999987006E+00
    8    0.3875000000E+01   -0.6966836119E+00    0.4644557413E+00   -0.3489411870E+00    0.0000000000E+00    0.0000000000E+00    0.0000000000E+00    0.0000000000E+00    0.0000000000E+00    0.0000000000E+00    0.2491166557E-13    0.2491166558E-13    0.9999999996E+00
    1    0.4133333333E+01    0.1161139353E+00    0.4644557413E+00    0.1871870633E+00    0.0000000000E+00    0.0000000000E+00    0.0000000000E+00    0.0000000000E+00    0.0000000000E+00    0.0000000000E+00    0.1324487108E-14    0.1324487116E-14    0.9999999939E+00
    2    0.4133333333E+01   -0.6966836119E+00    0.4644557413E+00   -0.1400422979E+00    0.0000000000E+00    0.0000000000E+00    0.0000000000E+00    0.0000000000E+00    0.0000000000E+00    0.0000000000E+00    0.2348998709E-13    0.2348998718E-13    0.9999999961E+00
    3    0.4133333333E+01   -0.6966836119E+00    0.4644557413E+00   -0.2530497597E+00    0.0000000000E+00    0.0000000000E+00    0.0000000000E+00    0.0000000000E+00    0.0000000000E+00    0.0000000000E+00    0.6686695850E-13    0.6686695850E-13    0.1000000000E+01
    4    0.4133333333E+01    0.1161139353E+00   -0.3483418059E+00   -0.2790068879E+00    0.0000000000E+00    0.0000000000E+00    0.0000000000E+00    0.0000000000E+00    0.0000000000E+00    0.0000000000E+00    0.4531935655E-14    0.4531935668E-14    0.9999999972E+00
    5    0.4133333333E+01    0.1161139353E+00    0.4644557413E+00   -0.4027093113E+00    0.0000000000E+00    0.0000000000E+00    0.0000000000E+00    0.0000000000E+00    0.0000000000E+00    0.0000000000E+00    0.8026153041E-14    0.8026153041E-14    0.1000000000E+01
    6    0.4133333333E+01    0.1161139353E+00    0.4644557413E+00    0.5449799163E+00    0.0000000000E+00    0.0000000000E+00    0.0000000000E+00    0.0000000000E+00    0.0000000000E+00    0.0000000000E+00    0.1395276742E-13    0.1395276743E-13    0.9999999999E+00
    7    0.4133333333E+01   -0.6966836119E+00    0.4644557413E+00   -0.5170019174E+00    0.0000000000E+00    0.0000000000E+00    0.0000000000E+00    0.0000000000E+00    0.0000000000E+00    0.0000000000E+00    0.5791880411E-14    0.5791880413E-14    0.9999999997E+00
    1    0.4391666667E+01    0.1161139353E+00    0.4644557413E+00   -0.5472549610E+00    0.0000000000E+00    0.0000000000E+00    0.0000000000E+00    0.0000000000E+00    0.0000000000E+00    0.0000000000E+00    0.4192158576E-13    0.4192236519E-13    0.9999814077E+00
    2    0.4391666667E+01    0.1161139353E+00   -0.3483418059E+00   -0.5418437870E+00    0.0000000000E+00    0.0000000000E+00    0.0000000000E+00    0.0000000000E+00    0.0000000000E+00    0.0000000000E+00    0.1446605888E-12    0.1446605916E-12    0.9999999811E+00
    3    0.4391666667E+01   -0.6966836119E+00    0.4644557413E+00   -0.4705691727E+00    0.0000000000E+00    0.0000000000E+00    0.0000000000E+00    0.0000000000E+00    0.0000000000E+00    0.0000000000E+00    0.4316957434E-13    0.4316957727E-13    0.9999999322E+00
    4    0.4391666667E+01    0.1161139353E+00   -0.3483418059E+00   -0.3919651315E+00    0.0000000000E+00    0.0000000000E+00    0.0000000000E+00    0.0000000000E+00    0.0000000000E+00    0.0000000000E+00    0.1552593765E-12    0.1552593765E-12    0.1000000000E+01
    5    0.4391666667E+01   -0.6966836119E+00   -0.3483418059E+00    0.1934097310E+00    0.0000000000E+00    0.0000000000E+00    0.0000000000E+00    0.0000000000E+00    0.0000000000E+00    0.0000000000E+00    0.8010240968E-12    0.8010240969E-12    0.9999999999E+00
    6    0.4391666667E+01    0.1161139353E+00    0.4644557413E+00    0.2216289322E+00    0.0000000000E+00    0.0000000000E+00    0.0000000000E+00    0.0000000000E+00    0.0000000000E+00    0.0000000000E+00    0.1576865071E-14    0.1576940051E-14    0.9999524526E+00
    7    0.4391666667E+01   -0.6966836119E+00   -0.3483418059E+00    0.2061039844E-01    0.0000000000E+00    0.0000000000E+00    0.0000000000E+00    0.0000000000E+00    0.0000000000E+00    0.0000000000E+00    0.1221894356E-11    0.1221894356E-11    0.9999999999E+00
    8    0.4391666667E+01   -0.6966836119E+00    0.4644557413E+00   -0.7714977369E-01    0.0000000000E+00    0.0000000000E+00    0.0000000000E+00    0.0000000000E+00    0.0000000000E+00    0.0000000000E+00    0.3143928349E-12    0.3143928351E-12    0.9999999993E+00
    9    0.4391666667E+01   -0.6966836119E+00    0.4644557413E+00   -0.1273005993E+00    0.0000000000E+00    0.0000000000E+00    0.0000000000E+00    0.0000000000E+00    0.0000000000E+00    0.0000000000E+00    0.8637307423E-12    0.8637307436E-12    0.9999999985E+00
   10    0.4391666667E+01    0.1161139353E+00   -0.3483418059E+00   -0.2058686594E+00    0.0000000000E+00    0.0000000000E+00    0.0000000000E+00    0.0000000000E+00    0.0000000000E+00    0.0000000000E+00    0.1779986340E-13    0.1779986349E-13    0.9999999945E+00
   11    0.4391666667E+01    0.1161139353E+00    0.4644557413E+00   -0.2650517989E+00    0.0000000000E+00    0.0000000000E+00    0.0000000000E+00    0.0000000000E+00    0.0000000000E+00    0.0000000000E+00    0.3423663206E-12    0.3423663563E-12    0.9999998959E+00
    1    0.4650000000E+01   -0.6966836119E+00   -0.3483418059E+00    0.4012950245E+00    0.0000000000E+00    0.0000000000E+00    0.0000000000E+00    0.0000000000E+00    0.0000000000E+00    0.0000000000E+00    0.6461965956E-13    0.6461965956E-13    0.1000000000E+01
    2    0.4650000000E+01   -0.6966836119E+00    0.4644557413E+00   -0.4255363401E+00    0.0000000000E+00    0.0000000000E+00    0.0000000000E+00    0.0000000000E+00    0.0000000000E+00    0.0000000000E+00    0.1834425721E-15    0.1834425727E-15    0.9999999968E+00
    3    0.4650000000E+01    0.1161139353E+00    0.4644557413E+00   -0.4756334231E+00    0.0000000000E+00    0.0000000000E+00    0.0000000000E+00    0.0000000000E+00    0.0000000000E+00    0.0000000000E+00    0.1716643772E-14    0.1716643772E-14    0.9999999997E+00
    4    0.4650000000E+01    0.1161139353E+00   -0.3483418059E+00   -0.4714823189E+00    0.0000000000E+00    0.0000000000E+00    0.0000000000E+00    0.0000000000E+00    0.0000000000E+00    0.0000000000E+00    0.3814306560E-13    0.3814306561E-13    0.9999999996E+00
    5    0.4650000000E+01    0.1161139353E+00   -0.3483418059E+00   -0.3040167121E+00    0.0000000000E+00    0.0000000000E+00    0.0000000000E+00    0.0000000000E+00    0.0000000000E+00    0.0000000000E+00    0.5577183511E-14    0.5577183511E-14    0.9999999999E+00
    6    0.4650000000E+01   -0.6966836119E+00   -0.3483418059E+00    0.2882197354E+00    0.0000000000E+00    0.0000000000E+00    0.0000000000E+00    0.0000000000E+00    0.0000000000E+00    0.0000000000E+00    0.2282501558E-13    0.2282501558E-13    0.1000000000E+01
    7    0.4650000000E+01    0.1161139353E+00    0.4644557413E+00    0.2550393102E+00    0.0000000000E+00    0.0000000000E+00    0.0000000000E+00    0.0000000000E+00    0.0000000000E+00    0.0000000000E+00    0.1421856202E-14    0.1421856204E-14    0.9999999992E+00
    8    0.4650000000E+01   -0.6966836119E+00   -0.3483418059E+00    0.1132272428E+00    0.0000000000E+00    0.0000000000E+00    0.0000000000E+00    0.0000000000E+00    0.0000000000E+00    0.0000000000E+00    0.6002425177E-13    0.6002425177E-13    0.1000000000E+01
    9    0.4650000000E+01    0.1161139353E+00   -0.3483418059E+00   -0.1269291659E+00    0.0000000000E+00    0.0000000000E+00    0.0000000000E+00    0.0000000000E+00    0.0000000000E+00    0.0000000000E+00    0.1356694284E-12    0.1356694284E-12    0.1000000000E+01
   10    0.4650000000E+01   -0.6966836119E+00   -0.3483418059E+00   -0.7183950443E-01    0.0000000000E+00    0.0000000000E+00    0.0000000000E+00    0.0000000000E+00    0.0000000000E+00    0.0000000000E+00    0.9689332334E-13    0.9689332334E-13    0.1000000000E+01
    1    0.4908333333E+01   -0.6966836119E+00   -0.3483418059E+00    0.4887497203E+00    0.0000000000E+00    0.0000000000E+00    0.0000000000E+00    0.0000000000E+00    0.0000000000E+00    0.0000000000E+00    0.1000737872E-12    0.1000737872E-12    0.1000000000E+01
    2    0.4908333333E+01    0.1161139353E+00   -0.3483418059E+00   -0.1966554475E+00    0.0000000000E+00    0.0000000000E+00    0.0000000000E+00    0.0000000000E+00    0.0000000000E+00    0.0000000000E+00    0.1527604840E-15    0.1527604862E-15    0.9999999855E+00
    3    0.4908333333E+01    0.1161139353E+00    0.4644557413E+00   -0.3704469019E+00    0.0000000000E+00    0.0000000000E+00    0.0000000000E+00    0.0000000000E+00    0.0000000000E+00    0.0000000000E+00    0.2586860077E-14    0.2586860079E-14    0.9999999995E+00
    4    0.4908333333E+01   -0.6966836119E+00    0.4644557413E+00   -0.3806867053E+00    0.0000000000E+00    0.0000000000E+00    0.0000000000E+00    0.0000000000E+00    0.0000000000E+00    0.0000000000E+00    0.1690200836E-17    0.1690213262E-17    0.9999926483E+00
    5    0.4908333333E+01    0.1161139353E+00   -0.3483418059E+00   -0.4067055149E+00    0.0000000000E+00    0.0000000000E+00    0.0000000000E+00    0.0000000000E+00    0.0000000000E+00    0.0000000000E+00    0.1310950472E-15    0.1310950481E-15    0.9999999925E+00
    6    0.4908333333E+01   -0.6966836119E+00   -0.3483418059E+00    0.3627005978E+00    0.0000000000E+00    0.0000000000E+00    0.0000000000E+00    0.0000000000E+00    0.0000000000E+00    0.0000000000E+00    0.7346289900E-13    0.7346289901E-13    0.1000000000E+01
    7    0.4908333333E+01    0.1161139353E+00    0.4644557413E+00    0.2879300083E+00    0.0000000000E+00    0.0000000000E+00    0.0000000000E+00    0.0000000000E+00    0.0000000000E+00    0.0000000000E+00    0.2404770626E-14    0.2404770756E-14    0.9999999460E+00
    8    0.4908333333E+01   -0.6966836119E+00   -0.3483418059E+00    0.1824857684E+00    0.0000000000E+00    0.0000000000E+00    0.0000000000E+00    0.0000000000E+00    0.0000000000E+00    0.0000000000E+00    0.5053926524E-13    0.5053926524E-13    0.1000000000E+01
    9    0.4908333333E+01   -0.6966836119E+00   -0.3483418059E+00    0.9470042050E-02    0.0000000000E+00    0.0000000000E+00    0.0000000000E+00    0.0000000000E+00    0.0000000000E+00    0.0000000000E+00    0.4292738397E-12    0.4292738397E-12    0.9999999999E+00
    1    0.5166666667E+01   -0.6966836119E+00   -0.3483418059E+00    0.4449741014E+00    0.0000000000E+00    0.0000000000E+00    0.0000000000E+00    0.0000000000E+00    0.0000000000E+00    0.0000000000E+00    0.2175394727E-13    0.2175394727E-13    0.1000000000E+01
    2    0.5166666667E+01   -0.6966836119E+00    0.4644557413E+00   -0.3348987656E+00    0.0000000000E+00    0.0000000000E+00    0.0000000000E+00    0.0000000000E+00    0.0000000000E+00    0.0000000000E+00    0.1242926290E-14    0.1242926416E-14    0.9999998981E+00
    3    0.5166666667E+01    0.1161139353E+00   -0.3483418059E+00   -0.3399444410E+00    0.0000000000E+00    0.0000000000E+00    0.0000000000E+00    0.0000000000E+00    0.0000000000E+00    0.0000000000E+00    0.2988525654E-16    0.2988525688E-16    0.9999999887E+00
    4    0.5166666667E+01    0.1161139353E+00    0.4644557413E+00    0.3204319769E+00    0.0000000000E+00    0.0000000000E+00    0.0000000000E+00    0.0000000000E+00    0.0000000000E+00    0.0000000000E+00    0.3189949331E-15    0.3189949776E-15    0.9999998606E+00
    5    0.5166666667E+01   -0.6966836119E+00   -0.3483418059E+00    0.2472216894E+00    0.0000000000E+00    0.0000000000E+00    0.0000000000E+00    0.0000000000E+00    0.0000000000E+00    0.0000000000E+00    0.1719086568E-13    0.1719086568E-13    0.1000000000E+01
    6    0.5166666667E+01   -0.6966836119E+00   -0.3483418059E+00    0.7971030349E-01    0.0000000000E+00    0.0000000000E+00    0.0000000000E+00    0.0000000000E+00    0.0000000000E+00    0.0000000000E+00    0.9735881527E-14    0.9735881528E-14    0.1000000000E+01
    1    0.5425000000E+01   -0.6966836119E+00    0.4644557413E+00   -0.2867880710E+00    0.0000000000E+00    0.0000000000E+00    0.0000000000E+00    0.0000000000E+00    0.0000000000E+00    0.0000000000E+00    0.6377476064E-14    0.6377476065E-14    0.9999999999E+00
    2    0.5425000000E+01    0.1161139353E+00   -0.3483418059E+00   -0.2644473910E+00    0.0000000000E+00    0.0000000000E+00    0.0000000000E+00    0.0000000000E+00    0.0000000000E+00    0.0000000000E+00    0.2516060761E-14    0.2516060761E-14    0.1000000000E+01
    3    0.5425000000E+01   -0.6966836119E+00   -0.3483418059E+00    0.1442998293E+00    0.0000000000E+00    0.0000000000E+00    0.0000000000E+00    0.0000000000E+00    0.0000000000E+00    0.0000000000E+00    0.4029299090E-14    0.4029299090E-14    0.1000000000E+01
    4    0.5425000000E+01   -0.6966836119E+00   -0.3483418059E+00    0.3181096749E+00    0.0000000000E+00    0.0000000000E+00    0.0000000000E+00    0.0000000000E+00    0.0000000000E+00    0.0000000000E+00    0.5280633069E-14    0.5280633070E-14    0.1000000000E+01
    5    0.5425000000E+01    0.1161139353E+00    0.4644557413E+00    0.3528919088E+00    0.0000000000E+00    0.0000000000E+00    0.0000000000E+00    0.0000000000E+00    0.0000000000E+00    0.0000000000E+00    0.1923135684E-15    0.1923135737E-15    0.9999999723E+00
    1    0.5683333333E+01   -0.6966836119E+00    0.4644557413E+00   -0.2341057756E+00    0.0000000000E+00    0.0000000000E+00    0.0000000000E+00    0.0000000000E+00    0.0000000000E+00    0.0000000000E+00    0.8300826066E-14    0.8300834414E-14    0.9999989943E+00
    2    0.5683333333E+01    0.1161139353E+00   -0.3483418059E+00   -0.1609893413E+00    0.0000000000E+00    0.0000000000E+00    0.0000000000E+00    0.0000000000E+00    0.0000000000E+00    0.0000000000E+00    0.4517836477E-13    0.4517836485E-13    0.9999999981E+00
    3    0.5683333333E+01   -0.6966836119E+00   -0.3483418059E+00    0.2097068613E+00    0.0000000000E+00    0.0000000000E+00    0.0000000000E+00    0.0000000000E+00    0.0000000000E+00    0.0000000000E+00    0.4155966389E-13    0.4155971359E-13    0.9999988042E+00
    4    0.5683333333E+01   -0.6966836119E+00   -0.3483418059E+00    0.4229726416E+00    0.0000000000E+00    0.0000000000E+00    0.0000000000E+00    0.0000000000E+00    0.0000000000E+00    0.0000000000E+00    0.4165743991E-13    0.4165750121E-13    0.9999985284E+00
    5    0.5683333333E+01    0.1161139353E+00    0.4644557413E+00    0.3853390755E+00    0.0000000000E+00    0.0000000000E+00    0.0000000000E+00    0.0000000000E+00    0.0000000000E+00    0.0000000000E+00    0.1672506289E-17    0.1672872884E-17    0.9997808590E+00
    1    0.5941666667E+01   -0.6966836119E+00    0.4644557413E+00   -0.1718495983E+00    0.0000000000E+00    0.0000000000E+00    0.0000000000E+00    0.0000000000E+00    0.0000000000E+00    0.0000000000E+00    0.1004057937E-13    0.1004057937E-13    0.9999999992E+00
    2    0.5941666667E+01   -0.6966836119E+00   -0.3483418059E+00    0.5496223580E+00    0.0000000000E+00    0.0000000000E+00    0.0000000000E+00    0.0000000000E+00    0.0000000000E+00    0.0000000000E+00    0.7826640362E-13    0.7826640362E-13    0.1000000000E+01
    3    0.5941666667E+01    0.1161139353E+00    0.4644557413E+00    0.4178603213E+00    0.0000000000E+00    0.0000000000E+00    0.0000000000E+00    0.0000000000E+00    0.0000000000E+00    0.0000000000E+00    0.5262812680E-15    0.5262812680E-15    0.1000000000E+01
    4    0.5941666667E+01   -0.6966836119E+00   -0.3483418059E+00    0.2835972376E+00    0.0000000000E+00    0.0000000000E+00    0.0000000000E+00    0.0000000000E+00    0.0000000000E+00    0.0000000000E+00    0.7384764980E-13    0.7384764980E-13    0.1000000000E+01
    1    0.6200000000E+01   -0.6966836119E+00    0.4644557413E+00   -0.7858125683E-01    0.0000000000E+00    0.0000000000E+00    0.0000000000E+00    0.0000000000E+00    0.0000000000E+00    0.0000000000E+00    0.3122524196E-11    0.3122524197E-11    0.9999999997E+00
    2    0.6200000000E+01   -0.6966836119E+00   -0.3483418059E+00   -0.4418955092E+00    0.0000000000E+00    0.0000000000E+00    0.0000000000E+00    0.0000000000E+00    0.0000000000E+00    0.0000000000E+00    0.1509049372E-08    0.1509049372E-08    0.1000000000E+01
    3    0.6200000000E+01   -0.6966836119E+00   -0.3483418059E+00    0.4319861817E+00    0.0000000000E+00    0.0000000000E+00    0.0000000000E+00    0.0000000000E+00    0.0000000000E+00    0.0000000000E+00    0.1505613298E-08    0.1505613298E-08    0.1000000000E+01
    4    0.6200000000E+01    0.1161139353E+00    0.4644557413E+00    0.4505022043E+00    0.0000000000E+00    0.0000000000E+00    0.0000000000E+00    0.0000000000E+00    0.0000000000E+00    0.0000000000E+00    0.1876503322E-14    0.1876503322E-14    0.9999999998E+00
    1    0.6458333333E+01    0.1161139353E+00    0.4644557413E+00    0.4832844194E+00    0.0000000000E+00    0.0000000000E+00    0.0000000000E+00    0.0000000000E+00    0.0000000000E+00    0.0000000000E+00    0.2855620759E-14    0.2855620759E-14    0.1000000000E+01
    1    0.6716666667E+01   -0.6966836119E+00    0.4644557413E+00    0.6570911299E-01    0.0000000000E+00    0.0000000000E+00    0.0000000000E+00    0.0000000000E+00    0.0000000000E+00    0.0000000000E+00    0.8275470815E-12    0.8275470815E-12    0.1000000000E+01
    2    0.6716666667E+01    0.1161139353E+00    0.4644557413E+00    0.5162061540E+00    0.0000000000E+00    0.0000000000E+00    0.0000000000E+00    0.0000000000E+00    0.0000000000E+00    0.0000000000E+00    0.2120850351E-14    0.2120850351E-14    0.1000000000E+01
    1    0.6975000000E+01   -0.6966836119E+00    0.4644557413E+00    0.1181185176E+00    0.0000000000E+00    0.0000000000E+00    0.0000000000E+00    0.0000000000E+00    0.0000000000E+00    0.0000000000E+00    0.9599160686E-13    0.9599160686E-13    0.1000000000E+01
    2    0.6975000000E+01    0.1161139353E+00    0.4644557413E+00    0.5492539222E+00    0.0000000000E+00    0.0000000000E+00    0.0000000000E+00    0.0000000000E+00    0.0000000000E+00    0.0000000000E+00    0.3027246224E-15    0.3027246224E-15    0.1000000000E+01
    1    0.7233333333E+01   -0.6966836119E+00    0.4644557413E+00    0.1602489461E+00    0.0000000000E+00    0.0000000000E+00    0.0000000000E+00    0.0000000000E+00    0.0000000000E+00    0.0000000000E+00    0.8445741652E-14    0.8445741652E-14    0.1000000000E+01
    2    0.7233333333E+01    0.1161139353E+00    0.4644557413E+00   -0.5670961069E+00    0.0000000000E+00    0.0000000000E+00    0.0000000000E+00    0.0000000000E+00    0.0000000000E+00    0.0000000000E+00    0.1833794943E-14    0.1833794943E-14    0.1000000000E+01
    1    0.7491666667E+01   -0.6966836119E+00    0.4644557413E+00    0.1992405034E+00    0.0000000000E+00    0.0000000000E+00    0.0000000000E+00    0.0000000000E+00    0.0000000000E+00    0.0000000000E+00    0.2451863858E-15    0.2451863858E-15    0.1000000000E+01
    2    0.7491666667E+01    0.1161139353E+00    0.4644557413E+00   -0.5338541981E+00    0.0000000000E+00    0.0000000000E+00    0.0000000000E+00    0.0000000000E+00    0.0000000000E+00    0.0000000000E+00    0.1593655095E-14    0.1593655095E-14    0.1000000000E+01
    1    0.7750000000E+01    0.1161139353E+00    0.4644557413E+00   -0.5005595996E+00    0.0000000000E+00    0.0000000000E+00    0.0000000000E+00    0.0000000000E+00    0.0000000000E+00    0.0000000000E+00    0.5033445217E-14    0.5033445217E-14    0.1000000000E+01
    2    0.7750000000E+01   -0.6966836119E+00    0.4644557413E+00    0.2372244926E+00    0.0000000000E+00    0.0000000000E+00    0.0000000000E+00    0.0000000000E+00    0.0000000000E+00    0.0000000000E+00    0.3766034167E-14    0.3766034167E-14    0.1000000000E+01
    3    0.7750000000E+01    0.1161139353E+00   -0.3483418059E+00    0.2835247111E-01    0.0000000000E+00    0.0000000000E+00    0.0000000000E+00    0.0000000000E+00    0.0000000000E+00    0.0000000000E+00    0.4030373273E-10    0.4030373273E-10    0.1000000000E+01
    1    0.8008333333E+01    0.1161139353E+00    0.4644557413E+00   -0.4671963579E+00    0.0000000000E+00    0.0000000000E+00    0.0000000000E+00    0.0000000000E+00    0.0000000000E+00    0.0000000000E+00    0.6277336452E-14    0.6277336452E-14    0.1000000000E+01
    2    0.8008333333E+01   -0.6966836119E+00    0.4644557413E+00    0.2753070539E+00    0.0000000000E+00    0.0000000000E+00    0.0000000000E+00    0.0000000000E+00    0.0000000000E+00    0.0000000000E+00    0.4344516765E-14    0.4344516765E-14    0.1000000000E+01
    3    0.8008333333E+01    0.1161139353E+00   -0.3483418059E+00    0.1367672781E+00    0.0000000000E+00    0.0000000000E+00    0.0000000000E+00    0.0000000000E+00    0.0000000000E+00    0.0000000000E+00    0.1903728516E-12    0.1903728516E-12    0.1000000000E+01
    1    0.8266666667E+01    0.1161139353E+00    0.4644557413E+00   -0.4337427094E+00    0.0000000000E+00    0.0000000000E+00    0.0000000000E+00    0.0000000000E+00    0.0000000000E+00    0.0000000000E+00    0.3858909738E-14    0.3858909738E-14    0.1000000000E+01
    2    0.8266666667E+01   -0.6966836119E+00    0.4644557413E+00    0.3143036188E+00    0.0000000000E+00    0.0000000000E+00    0.0000000000E+00    0.0000000000E+00    0.0000000000E+00    0.0000000000E+00    0.2037703719E-14    0.2037703719E-14    0.1000000000E+01
    3    0.8266666667E+01    0.1161139353E+00   -0.3483418059E+00    0.1967515342E+00    0.0000000000E+00    0.0000000000E+00    0.0000000000E+00    0.0000000000E+00    0.0000000000E+00    0.0000000000E+00    0.4725402418E-15    0.4725402419E-15    0.9999999999E+00
    1    0.8525000000E+01    0.1161139353E+00    0.4644557413E+00   -0.4001569913E+00    0.0000000000E+00    0.0000000000E+00    0.0000000000E+00    0.0000000000E+00    0.0000000000E+00    0.0000000000E+00    0.5731424386E-15    0.5731424386E-15    0.1000000000E+01
    2    0.8525000000E+01   -0.6966836119E+00    0.4644557413E+00    0.3550143844E+00    0.0000000000E+00    0.0000000000E+00    0.0000000000E+00    0.0000000000E+00    0.0000000000E+00    0.0000000000E+00    0.2447165249E-15    0.2447165249E-15    0.1000000000E+01
    3    0.8525000000E+01    0.1161139353E+00   -0.3483418059E+00    0.2476943478E+00    0.0000000000E+00    0.0000000000E+00    0.0000000000E+00    0.0000000000E+00    0.0000000000E+00    0.0000000000E+00    0.1608249078E-13    0.1608249078E-13    0.1000000000E+01
    1    0.8783333333E+01    0.1161139353E+00    0.4644557413E+00   -0.3663770942E+00    0.0000000000E+00    0.0000000000E+00    0.0000000000E+00    0.0000000000E+00    0.0000000000E+00    0.0000000000E+00    0.5898166807E-15    0.5898166807E-15    0.1000000000E+01
    2    0.8783333333E+01   -0.6966836119E+00    0.4644557413E+00    0.3984279626E+00    0.0000000000E+00    0.0000000000E+00    0.0000000000E+00    0.0000000000E+00    0.0000000000E+00    0.0000000000E+00    0.2684314503E-16    0.2684314504E-16    0.1000000000E+01
    3    0.8783333333E+01    0.1161139353E+00   -0.3483418059E+00    0.2953990860E+00    0.0000000000E+00    0.0000000000E+00    0.0000000000E+00    0.0000000000E+00    0.0000000000E+00    0.0000000000E+00    0.1276116904E-13    0.1276116904E-13    0.1000000000E+01
    1    0.9041666667E+01    0.1161139353E+00    0.4644557413E+00   -0.3323210920E+00    0.0000000000E+00    0.0000000000E+00    0.0000000000E+00    0.0000000000E+00    0.0000000000E+00    0.0000000000E+00    0.1707651687E-13    0.1707652697E-13    0.9999994085E+00
    2    0.9041666667E+01    0.1161139353E+00   -0.3483418059E+00    0.8898726070E-01    0.0000000000E+00    0.0000000000E+00    0.0000000000E+00    0.0000000000E+00    0.0000000000E+00    0.0000000000E+00    0.4297275167E-11    0.4297275167E-11    0.1000000000E+01
    3    0.9041666667E+01   -0.6966836119E+00    0.4644557413E+00    0.4460218339E+00    0.0000000000E+00    0.0000000000E+00    0.0000000000E+00    0.0000000000E+00    0.0000000000E+00    0.0000000000E+00    0.7751671507E-16    0.7751673373E-16    0.9999997592E+00
    4    0.9041666667E+01    0.1161139353E+00   -0.3483418059E+00    0.3424850819E+00    0.0000000000E+00    0.0000000000E+00    0.0000000000E+00    0.0000000000E+00    0.0000000000E+00    0.0000000000E+00    0.4336284991E-14    0.4336285359E-14    0.9999999153E+00
    1    0.9300000000E+01    0.1161139353E+00   -0.3483418059E+00    0.1806598415E+00    0.0000000000E+00    0.0000000000E+00    0.0000000000E+00    0.0000000000E+00    0.0000000000E+00    0.0000000000E+00    0.7605427509E-13    0.7605427509E-13    0.1000000000E+01
    2    0.9300000000E+01   -0.6966836119E+00   -0.3483418059E+00   -0.3549841881E+00    0.0000000000E+00    0.0000000000E+00    0.0000000000E+00    0.0000000000E+00    0.0000000000E+00    0.0000000000E+00    0.9725198658E-11    0.9725198658E-11    0.1000000000E+01
    3    0.9300000000E+01    0.1161139353E+00    0.4644557413E+00   -0.2978878999E+00    0.0000000000E+00    0.0000000000E+00    0.0000000000E+00    0.0000000000E+00    0.0000000000E+00    0.0000000000E+00    0.8519095590E-14    0.8519095590E-14    0.1000000000E+01
    4    0.9300000000E+01    0.1161139353E+00   -0.3483418059E+00    0.3908631060E+00    0.0000000000E+00    0.0000000000E+00    0.0000000000E+00    0.0000000000E+00    0.0000000000E+00    0.0000000000E+00    0.6621456682E-13    0.6621456682E-13    0.1000000000E+01
    5    0.9300000000E+01   -0.6966836119E+00    0.4644557413E+00    0.5004736568E+00    0.0000000000E+00    0.0000000000E+00    0.0000000000E+00    0.0000000000E+00    0.0000000000E+00    0.0000000000E+00    0.1002136718E-14    0.1002136718E-14    0.1000000000E+01
    6    0.9300000000E+01   -0.6966836119E+00   -0.3483418059E+00    0.5004536315E+00    0.0000000000E+00    0.0000000000E+00    0.0000000000E+00    0.0000000000E+00    0.0000000000E+00    0.0000000000E+00    0.9652271877E-11    0.9652271877E-11    0.1000000000E+01
    1    0.9558333333E+01    0.1161139353E+00   -0.3483418059E+00    0.2500173146E+00    0.0000000000E+00    0.0000000000E+00    0.0000000000E+00    0.0000000000E+00    0.0000000000E+00    0.0000000000E+00    0.8775776110E-13    0.8775776110E-13    0.1000000000E+01
    2    0.9558333333E+01    0.1161139353E+00   -0.3483418059E+00    0.4427203913E+00    0.0000000000E+00    0.0000000000E+00    0.0000000000E+00    0.0000000000E+00    0.0000000000E+00    0.0000000000E+00    0.4449325387E-13    0.4449325387E-13    0.1000000000E+01
    3    0.9558333333E+01   -0.6966836119E+00    0.4644557413E+00    0.5685708566E+00    0.0000000000E+00    0.0000000000E+00    0.0000000000E+00    0.0000000000E+00    0.0000000000E+00    0.0000000000E+00    0.7977919204E-12    0.7977919204E-12    0.1000000000E+01
    4    0.9558333333E+01   -0.6966836119E+00   -0.3483418059E+00   -0.5436353137E+00    0.0000000000E+00    0.0000000000E+00    0.0000000000E+00    0.0000000000E+00    0.0000000000E+00    0.0000000000E+00    0.3023225613E-13    0.3023225613E-13    0.9999999999E+00
    5    0.9558333333E+01   -0.6966836119E+00   -0.3483418059E+00   -0.2469665343E+00    0.0000000000E+00    0.0000000000E+00    0.0000000000E+00    0.0000000000E+00    0.0000000000E+00    0.0000000000E+00    0.1721650504E-12    0.1721650504E-12    0.1000000000E+01
    6    0.9558333333E+01    0.1161139353E+00    0.4644557413E+00   -0.2629571471E+00    0.0000000000E+00    0.0000000000E+00    0.0000000000E+00    0.0000000000E+00    0.0000000000E+00    0.0000000000E+00    0.7787493832E-14    0.7787493832E-14    0.1000000000E+01
    1    0.9816666667E+01   -0.6966836119E+00    0.4644557413E+00    0.2891888150E+00    0.0000000000E+00    0.0000000000E+00    0.0000000000E+00    0.0000000000E+00    0.0000000000E+00    0.0000000000E+00    0.1353052979E-10    0.1353052979E-10    0.1000000000E+01
    2    0.9816666667E+01    0.1161139353E+00   -0.3483418059E+00    0.3174220369E+00    0.0000000000E+00    0.0000000000E+00    0.0000000000E+00    0.0000000000E+00    0.0000000000E+00    0.0000000000E+00    0.9134021662E-13    0.9134021662E-13    0.9999999999E+00
    3    0.9816666667E+01   -0.6966836119E+00   -0.3483418059E+00   -0.1514706655E+00    0.0000000000E+00    0.0000000000E+00    0.0000000000E+00    0.0000000000E+00    0.0000000000E+00    0.0000000000E+00    0.7330770054E-12    0.7330770054E-12    0.1000000000E+01
    4    0.9816666667E+01    0.1161139353E+00   -0.3483418059E+00    0.5020349740E+00    0.0000000000E+00    0.0000000000E+00    0.0000000000E+00    0.0000000000E+00    0.0000000000E+00    0.0000000000E+00    0.6947519352E-13    0.6947519352E-13    0.1000000000E+01
    5    0.9816666667E+01    0.1161139353E+00    0.4644557413E+00   -0.2273877554E+00    0.0000000000E+00    0.0000000000E+00    0.0000000000E+00    0.0000000000E+00    0.0000000000E+00    0.0000000000E+00    0.2947747229E-14    0.2947747230E-14    0.9999999998E+00
    6    0.9816666667E+01   -0.6966836119E+00   -0.3483418059E+00   -0.4545410364E+00    0.0000000000E+00    0.0000000000E+00    0.0000000000E+00    0.0000000000E+00    0.0000000000E+00    0.0000000000E+00    0.2102556989E-12    0.2102556989E-12    0.1000000000E+01
    7    0.9816666667E+01   -0.6966836119E+00    0.4644557413E+00   -0.4698952736E+00    0.0000000000E+00    0.0000000000E+00    0.0000000000E+00    0.0000000000E+00    0.0000000000E+00    0.0000000000E+00    0.1367128304E-10    0.1367128304E-10    0.1000000000E+01
    1    0.1007500000E+02    0.1161139353E+00    0.4644557413E+00   -0.1910145589E+00    0.0000000000E+00    0.0000000000E+00    0.0000000000E+00    0.0000000000E+00    0.0000000000E+00    0.0000000000E+00    0.8559158936E-18    0.8559158995E-18    0.9999999931E+00
    2    0.1007500000E+02    0.1161139353E+00   -0.3483418059E+00    0.4005345783E+00    0.0000000000E+00    0.0000000000E+00    0.0000000000E+00    0.0000000000E+00    0.0000000000E+00    0.0000000000E+00    0.4688012846E-11    0.4688012846E-11    0.1000000000E+01
    3    0.1007500000E+02   -0.6966836119E+00   -0.3483418059E+00   -0.3559058106E+00    0.0000000000E+00    0.0000000000E+00    0.0000000000E+00    0.0000000000E+00    0.0000000000E+00    0.0000000000E+00    0.1796445160E-13    0.1796445160E-13    0.1000000000E+01
    4    0.1007500000E+02    0.1161139353E+00   -0.3483418059E+00   -0.5664578366E+00    0.0000000000E+00    0.0000000000E+00    0.0000000000E+00    0.0000000000E+00    0.0000000000E+00    0.0000000000E+00    0.4747619045E-11    0.4747619045E-11    0.1000000000E+01
    1    0.1033333333E+02   -0.6966836119E+00   -0.3483418059E+00   -0.2554045724E+00    0.0000000000E+00    0.0000000000E+00    0.0000000000E+00    0.0000000000E+00    0.0000000000E+00    0.0000000000E+00    0.2230039398E-12    0.2230046098E-12    0.9999969957E+00
    2    0.1033333333E+02    0.1161139353E+00    0.4644557413E+00   -0.1536422623E+00    0.0000000000E+00    0.0000000000E+00    0.0000000000E+00    0.0000000000E+00    0.0000000000E+00    0.0000000000E+00    0.3507305723E-14    0.3507306341E-14    0.9999998236E+00
    1    0.1059166667E+02   -0.6966836119E+00   -0.3483418059E+00   -0.1405315372E+00    0.0000000000E+00    0.0000000000E+00    0.0000000000E+00    0.0000000000E+00    0.0000000000E+00    0.0000000000E+00    0.1599187672E-11    0.1599187672E-11    0.1000000000E+01
    2    0.1059166667E+02    0.1161139353E+00    0.4644557413E+00   -0.1150353998E+00    0.0000000000E+00    0.0000000000E+00    0.0000000000E+00    0.0000000000E+00    0.0000000000E+00    0.0000000000E+00    0.9165670199E-14    0.9165670264E-14    0.9999999929E+00
    1    0.1085000000E+02    0.1161139353E+00    0.4644557413E+00   -0.7490118502E-01    0.0000000000E+00    0.0000000000E+00    0.0000000000E+00    0.0000000000E+00    0.0000000000E+00    0.0000000000E+00    0.6887965722E-14    0.6887965722E-14    0.1000000000E+01
    2    0.1085000000E+02   -0.6966836119E+00   -0.3483418059E+00    0.5211682441E+00    0.0000000000E+00    0.0000000000E+00    0.0000000000E+00    0.0000000000E+00    0.0000000000E+00    0.0000000000E+00    0.2545347156E-10    0.2545347156E-10    0.1000000000E+01
    3    0.1085000000E+02   -0.6966836119E+00   -0.3483418059E+00   -0.4220209844E+00    0.0000000000E+00    0.0000000000E+00    0.0000000000E+00    0.0000000000E+00    0.0000000000E+00    0.0000000000E+00    0.2577436894E-10    0.2577436894E-10    0.1000000000E+01
    1    0.1110833333E+02   -0.6966836119E+00   -0.3483418059E+00   -0.5290948197E+00    0.0000000000E+00    0.0000000000E+00    0.0000000000E+00    0.0000000000E+00    0.0000000000E+00    0.0000000000E+00    0.2515793285E-12    0.2515793285E-12    0.1000000000E+01
    2    0.1110833333E+02   -0.6966836119E+00    0.4644557413E+00    0.1519136347E+00    0.0000000000E+00    0.0000000000E+00    0.0000000000E+00    0.0000000000E+00    0.0000000000E+00    0.0000000000E+00    0.3070509202E-12    0.3070509202E-12    0.1000000000E+01
    3    0.1110833333E+02   -0.6966836119E+00   -0.3483418059E+00   -0.3090732972E+00    0.0000000000E+00    0.0000000000E+00    0.0000000000E+00    0.0000000000E+00    0.0000000000E+00    0.0000000000E+00    0.3733056843E-12    0.3733056843E-12    0.1000000000E+01
    4    0.1110833333E+02    0.1161139353E+00    0.4644557413E+00   -0.3284752902E-01    0.0000000000E+00    0.0000000000E+00    0.0000000000E+00    0.0000000000E+00    0.0000000000E+00    0.0000000000E+00    0.5419109218E-15    0.5419109219E-15    0.9999999997E+00
    1    0.1136666667E+02   -0.6966836119E+00    0.4644557413E+00    0.2585930780E+00    0.0000000000E+00    0.0000000000E+00    0.0000000000E+00    0.0000000000E+00    0.0000000000E+00    0.0000000000E+00    0.2019566138E-15    0.2019566138E-15    0.9999999999E+00
    2    0.1136666667E+02   -0.6966836119E+00   -0.3483418059E+00   -0.4643511049E+00    0.0000000000E+00    0.0000000000E+00    0.0000000000E+00    0.0000000000E+00    0.0000000000E+00    0.0000000000E+00    0.9837520187E-13    0.9837520187E-13    0.1000000000E+01
    3    0.1136666667E+02   -0.6966836119E+00   -0.3483418059E+00   -0.2161897564E+00    0.0000000000E+00    0.0000000000E+00    0.0000000000E+00    0.0000000000E+00    0.0000000000E+00    0.0000000000E+00    0.2144538143E-12    0.2144538143E-12    0.1000000000E+01
    4    0.1136666667E+02    0.1161139353E+00    0.4644557413E+00    0.1124906699E-01    0.0000000000E+00    0.0000000000E+00    0.0000000000E+00    0.0000000000E+00    0.0000000000E+00    0.0000000000E+00    0.7092062053E-13    0.7092062053E-13    0.1000000000E+01
    1    0.1162500000E+02   -0.6966836119E+00   -0.3483418059E+00   -0.4067804987E+00    0.0000000000E+00    0.0000000000E+00    0.0000000000E+00    0.0000000000E+00    0.0000000000E+00    0.0000000000E+00    0.9514854213E-12    0.9514854213E-12    0.1000000000E+01
    2    0.1162500000E+02   -0.6966836119E+00   -0.3483418059E+00   -0.8408950282E-01    0.9289114825E+00   -0.3483418059E+00   -0.8408950282E-01   -0.6147820131E+01   -0.4243281817E+00    0.2849910948E+00    0.2470978927E-10    0.2470978927E-10    0.1000000000E+01
    3    0.1162500000E+02    0.1161139353E+00    0.4644557413E+00    0.5885421620E-01    0.0000000000E+00    0.0000000000E+00    0.0000000000E+00    0.0000000000E+00    0.0000000000E+00    0.0000000000E+00    0.4508089927E-14    0.4508089927E-14    0.1000000000E+01
    4    0.1162500000E+02   -0.6966836119E+00    0.4644557413E+00    0.3435587104E+00    0.0000000000E+00    0.0000000000E+00    0.0000000000E+00    0.0000000000E+00    0.0000000000E+00    0.0000000000E+00    0.6791626248E-14    0.6791626248E-14    0.1000000000E+01
    5    0.1162500000E+02    0.1161139353E+00   -0.3483418059E+00    0.4476674887E+00    0.0000000000E+00    0.0000000000E+00    0.0000000000E+00    0.0000000000E+00    0.0000000000E+00    0.0000000000E+00    0.1413447568E-12    0.1413447568E-12    0.1000000000E+01
    1    0.1188333333E+02    0.1161139353E+00    0.4644557413E+00    0.1103135769E+00    0.0000000000E+00    0.0000000000E+00    0.0000000000E+00    0.0000000000E+00    0.0000000000E+00    0.0000000000E+00    0.1798724599E-13    0.1798724599E-13    0.1000000000E+01
    2    0.1188333333E+02   -0.6966836119E+00   -0.3483418059E+00   -0.3510688045E+00    0.0000000000E+00    0.0000000000E+00    0.0000000000E+00    0.0000000000E+00    0.0000000000E+00    0.0000000000E+00    0.1458719718E-14    0.1458719719E-14    0.9999999992E+00
    3    0.1188333333E+02   -0.6966836119E+00    0.4644557413E+00    0.4186617180E+00    0.0000000000E+00    0.0000000000E+00    0.0000000000E+00    0.0000000000E+00    0.0000000000E+00    0.0000000000E+00    0.6766750215E-14    0.6766750215E-14    0.1000000000E+01
    4    0.1188333333E+02    0.1161139353E+00   -0.3483418059E+00    0.5679503471E+00    0.0000000000E+00    0.0000000000E+00    0.0000000000E+00    0.0000000000E+00    0.0000000000E+00    0.0000000000E+00    0.2617062454E-13    0.2617062454E-13    0.1000000000E+01
    1    0.1214166667E+02    0.1161139353E+00    0.4644557413E+00    0.1672105689E+00    0.0000000000E+00    0.0000000000E+00    0.0000000000E+00    0.0000000000E+00    0.0000000000E+00    0.0000000000E+00    0.3986088768E-14    0.3986088768E-14    0.1000000000E+01
    2    0.1214166667E+02   -0.6966836119E+00   -0.3483418059E+00   -0.2944208913E+00    0.0000000000E+00    0.0000000000E+00    0.0000000000E+00    0.0000000000E+00    0.0000000000E+00    0.0000000000E+00    0.1306791100E-13    0.1306791100E-13    0.1000000000E+01
    3    0.1214166667E+02   -0.6966836119E+00    0.4644557413E+00    0.4888357140E+00    0.0000000000E+00    0.0000000000E+00    0.0000000000E+00    0.0000000000E+00    0.0000000000E+00    0.0000000000E+00    0.1309140593E-13    0.1309140593E-13    0.1000000000E+01
    4    0.1214166667E+02    0.1161139353E+00   -0.3483418059E+00   -0.4964661682E+00    0.0000000000E+00    0.0000000000E+00    0.0000000000E+00    0.0000000000E+00    0.0000000000E+00    0.0000000000E+00    0.3750131340E-14    0.3750131340E-14    0.1000000000E+01
    1    0.1240000000E+02    0.1161139353E+00    0.4644557413E+00    0.2316827941E+00    0.0000000000E+00    0.0000000000E+00    0.0000000000E+00    0.0000000000E+00    0.0000000000E+00    0.0000000000E+00    0.1163058250E-13    0.1163058250E-13    0.1000000000E+01
    2    0.1240000000E+02   -0.6966836119E+00    0.4644557413E+00    0.5579003395E+00    0.0000000000E+00    0.0000000000E+00    0.0000000000E+00    0.0000000000E+00    0.0000000000E+00    0.0000000000E+00    0.5651163812E-13    0.5651163812E-13    0.1000000000E+01
    3    0.1240000000E+02   -0.6966836119E+00   -0.3483418059E+00   -0.2342903239E+00    0.0000000000E+00    0.0000000000E+00    0.0000000000E+00    0.0000000000E+00    0.0000000000E+00    0.0000000000E+00    0.1489032215E-13    0.1489032215E-13    0.1000000000E+01
    4    0.1240000000E+02    0.1161139353E+00   -0.3483418059E+00   -0.4101439182E+00    0.0000000000E+00    0.0000000000E+00    0.0000000000E+00    0.0000000000E+00    0.0000000000E+00    0.0000000000E+00    0.5938197838E-14    0.5938197838E-14    0.1000000000E+01
    1    0.1265833333E+02    0.1161139353E+00    0.4644557413E+00    0.3062818025E+00    0.0000000000E+00    0.0000000000E+00    0.0000000000E+00    0.0000000000E+00    0.0000000000E+00    0.0000000000E+00    0.2537112294E-13    0.2537112294E-13    0.1000000000E+01
    2    0.1265833333E+02   -0.6966836119E+00    0.4644557413E+00   -0.5202679032E+00    0.0000000000E+00    0.0000000000E+00    0.0000000000E+00    0.0000000000E+00    0.0000000000E+00    0.0000000000E+00    0.3283165604E-14    0.3283165604E-14    0.1000000000E+01
    3    0.1265833333E+02   -0.6966836119E+00   -0.3483418059E+00   -0.1668111450E+00    0.0000000000E+00    0.0000000000E+00    0.0000000000E+00    0.0000000000E+00    0.0000000000E+00    0.0000000000E+00    0.2485172210E-13    0.2485172210E-13    0.1000000000E+01
    4    0.1265833333E+02    0.1161139353E+00   -0.3483418059E+00   -0.3053589524E+00    0.0000000000E+00    0.0000000000E+00    0.0000000000E+00    0.0000000000E+00    0.0000000000E+00    0.0000000000E+00    0.2564253702E-12    0.2564253702E-12    0.1000000000E+01
    1    0.1291666667E+02   -0.6966836119E+00    0.4644557413E+00   -0.4416422303E+00    0.0000000000E+00    0.0000000000E+00    0.0000000000E+00    0.0000000000E+00    0.0000000000E+00    0.0000000000E+00    0.3988300624E-15    0.3988300624E-15    0.1000000000E+01
    2    0.1291666667E+02    0.1161139353E+00    0.4644557413E+00    0.3912754376E+00    0.0000000000E+00    0.0000000000E+00    0.0000000000E+00    0.0000000000E+00    0.0000000000E+00    0.0000000000E+00    0.1867831985E-15    0.1867831985E-15    0.1000000000E+01
    3    0.1291666667E+02   -0.6966836119E+00   -0.3483418059E+00   -0.7965641539E-01    0.0000000000E+00    0.0000000000E+00    0.0000000000E+00    0.0000000000E+00    0.0000000000E+00    0.0000000000E+00    0.4343495754E-11    0.4343495754E-11    0.1000000000E+01
    1    0.1317500000E+02   -0.6966836119E+00    0.4644557413E+00   -0.3457302228E+00    0.0000000000E+00    0.0000000000E+00    0.0000000000E+00    0.0000000000E+00    0.0000000000E+00    0.0000000000E+00    0.1622890588E-13    0.1622890588E-13    0.1000000000E+01
    2    0.1317500000E+02    0.1161139353E+00    0.4644557413E+00    0.4803568662E+00    0.1161139353E+00    0.4644557413E+00    0.4803568662E+00   -0.1545852340E+01   -0.3132935621E+01   -0.3428595113E+01    0.1377682070E-14    0.1377682070E-14    0.9999999998E+00
    1    0.1343333333E+02    0.1161139353E+00    0.4644557413E+00    0.5663303379E+00    0.0000000000E+00    0.0000000000E+00    0.0000000000E+00    0.0000000000E+00    0.0000000000E+00    0.0000000000E+00    0.1045310819E-11    0.1045310819E-11    0.1000000000E+01
    2    0.1343333333E+02   -0.6966836119E+00   -0.3483418059E+00    0.4976246844E+00    0.0000000000E+00    0.0000000000E+00    0.0000000000E+00    0.0000000000E+00    0.0000000000E+00    0.0000000000E+00    0.4690176825E-11    0.4690176825E-11    0.1000000000E+01
    3    0.1343333333E+02   -0.6966836119E+00    0.4644557413E+00   -0.1712971638E+00   -0.6966836119E+00    0.4644557413E+00   -0.1712971638E+00    0.5709763276E+00   -0.9670098108E+00   -0.5274702364E+00    0.3768574808E-11    0.3768574808E-11    0.1000000000E+01
    4    0.1343333333E+02    0.1161139353E+00    0.4644557413E+00    0.2585203527E+00    0.0000000000E+00    0.0000000000E+00    0.0000000000E+00    0.0000000000E+00    0.0000000000E+00    0.0000000000E+00    0.5500319630E-11    0.5500319630E-11    0.1000000000E+01
    5    0.1343333333E+02   -0.6966836119E+00   -0.3483418059E+00    0.2301603378E+00    0.0000000000E+00    0.0000000000E+00    0.0000000000E+00    0.0000000000E+00    0.0000000000E+00    0.0000000000E+00    0.1130443194E-11    0.1130443194E-11    0.1000000000E+01
    6    0.1343333333E+02   -0.6966836119E+00    0.4644557413E+00    0.5150681164E-01   -0.6966836119E+00    0.4644557413E+00    0.5150681164E-01   -0.5402238752E-01   -0.1483176198E+01   -0.3975719538E+00    0.5120313602E-09    0.5120313602E-09    0.1000000000E+01
    1    0.1369166667E+02    0.1161139353E+00    0.4644557413E+00   -0.5023218635E+00    0.0000000000E+00    0.0000000000E+00    0.0000000000E+00    0.0000000000E+00    0.0000000000E+00    0.0000000000E+00    0.7768417615E-13    0.7768417615E-13    0.1000000000E+01
    2    0.1369166667E+02    0.1161139353E+00    0.4644557413E+00    0.4613480185E+00    0.0000000000E+00    0.0000000000E+00    0.0000000000E+00    0.0000000000E+00    0.0000000000E+00    0.0000000000E+00    0.7455726039E-12    0.7455726039E-12    0.1000000000E+01
    3    0.1369166667E+02   -0.6966836119E+00   -0.3483418059E+00    0.3689475971E+00    0.0000000000E+00    0.0000000000E+00    0.0000000000E+00    0.0000000000E+00    0.0000000000E+00    0.0000000000E+00    0.6199388277E-11    0.6199388277E-11    0.1000000000E+01
    4    0.1369166667E+02   -0.6966836119E+00   -0.3483418059E+00    0.2123459790E+00    0.0000000000E+00    0.0000000000E+00    0.0000000000E+00    0.0000000000E+00    0.0000000000E+00    0.0000000000E+00    0.6064293116E-11    0.6064293116E-11    0.1000000000E+01
    5    0.1369166667E+02    0.1161139353E+00   -0.3483418059E+00    0.2556251132E+00    0.0000000000E+00    0.0000000000E+00    0.0000000000E+00    0.0000000000E+00    0.0000000000E+00    0.0000000000E+00    0.1385764103E-11    0.1385764103E-11    0.1000000000E+01
    6    0.1369166667E+02    0.1161139353E+00    0.4644557413E+00    0.2813974860E+00    0.0000000000E+00    0.0000000000E+00    0.0000000000E+00    0.0000000000E+00    0.0000000000E+00    0.0000000000E+00    0.1509192512E-11    0.1509192512E-11    0.1000000000E+01
    7    0.1369166667E+02   -0.6966836119E+00    0.4644557413E+00    0.2921172219E+00    0.0000000000E+00    0.0000000000E+00    0.0000000000E+00    0.0000000000E+00    0.0000000000E+00    0.0000000000E+00    0.2246557286E-11    0.2246557286E-11    0.9999999999E+00
    1    0.1395000000E+02    0.1161139353E+00   -0.3483418059E+00    0.5122164250E-01    0.0000000000E+00    0.0000000000E+00    0.0000000000E+00    0.0000000000E+00    0.0000000000E+00    0.0000000000E+00    0.4210966361E-10    0.4210966361E-10    0.1000000000E+01
    2    0.1395000000E+02    0.1161139353E+00    0.4644557413E+00   -0.4224097275E+00    0.0000000000E+00    0.0000000000E+00    0.0000000000E+00    0.0000000000E+00    0.0000000000E+00    0.0000000000E+00    0.1094803633E-11    0.1094803633E-11    0.1000000000E+01
    3    0.1395000000E+02    0.1161139353E+00   -0.3483418059E+00    0.2014372222E+00    0.0000000000E+00    0.0000000000E+00    0.0000000000E+00    0.0000000000E+00    0.0000000000E+00    0.0000000000E+00    0.1152772578E-10    0.1152772578E-10    0.1000000000E+01
    4    0.1395000000E+02    0.1161139353E+00    0.4644557413E+00   -0.5467317946E+00    0.0000000000E+00    0.0000000000E+00    0.0000000000E+00    0.0000000000E+00    0.0000000000E+00    0.0000000000E+00    0.5406816129E-12    0.5406816129E-12    0.1000000000E+01
    5    0.1395000000E+02    0.1161139353E+00   -0.3483418059E+00    0.5308431109E+00    0.0000000000E+00    0.0000000000E+00    0.0000000000E+00    0.0000000000E+00    0.0000000000E+00    0.0000000000E+00    0.2201700205E-10    0.2201700205E-10    0.1000000000E+01
    6    0.1395000000E+02    0.1161139353E+00   -0.3483418059E+00    0.3862944575E+00    0.0000000000E+00    0.0000000000E+00    0.0000000000E+00    0.0000000000E+00    0.0000000000E+00    0.0000000000E+00    0.2263189697E-10    0.2263189697E-10    0.1000000000E+01
    7    0.1395000000E+02   -0.6966836119E+00    0.4644557413E+00    0.4716398516E+00    0.0000000000E+00    0.0000000000E+00    0.0000000000E+00    0.0000000000E+00    0.0000000000E+00    0.0000000000E+00    0.1578011200E-11    0.1578011200E-11    0.1000000000E+01
    8    0.1395000000E+02    0.1161139353E+00    0.4644557413E+00    0.4412322379E+00    0.0000000000E+00    0.0000000000E+00    0.0000000000E+00    0.0000000000E+00    0.0000000000E+00    0.0000000000E+00    0.1007808973E-11    0.1007808973E-11    0.1000000000E+01
    1    0.1420833333E+02   -0.6966836119E+00    0.4644557413E+00    0.9905267479E-01    0.0000000000E+00    0.0000000000E+00    0.0000000000E+00    0.0000000000E+00    0.0000000000E+00    0.0000000000E+00    0.3338946856E-09    0.3338946856E-09    0.1000000000E+01
    2    0.1420833333E+02    0.1161139353E+00    0.4644557413E+00   -0.5669293933E+00    0.0000000000E+00    0.0000000000E+00    0.0000000000E+00    0.0000000000E+00    0.0000000000E+00    0.0000000000E+00    0.2520501224E-11    0.2520501224E-11    0.1000000000E+01
    3    0.1420833333E+02    0.1161139353E+00    0.4644557413E+00   -0.4125273113E+00    0.0000000000E+00    0.0000000000E+00    0.0000000000E+00    0.0000000000E+00    0.0000000000E+00    0.0000000000E+00    0.2014396372E-12    0.2014396372E-12    0.1000000000E+01
    4    0.1420833333E+02    0.1161139353E+00    0.4644557413E+00   -0.3372833534E+00    0.1161139353E+00    0.4644557413E+00   -0.3372833534E+00   -0.7788512017E+00   -0.7227334732E+00    0.2010767365E+00    0.2773010759E-12    0.2773010759E-12    0.1000000000E+01
    5    0.1420833333E+02   -0.6966836119E+00    0.4644557413E+00   -0.3512434850E+00    0.0000000000E+00    0.0000000000E+00    0.0000000000E+00    0.0000000000E+00    0.0000000000E+00    0.0000000000E+00    0.2691192597E-09    0.2691192597E-09    0.1000000000E+01
    1    0.1446666667E+02    0.1161139353E+00    0.4644557413E+00   -0.4043871572E+00    0.0000000000E+00    0.0000000000E+00    0.0000000000E+00    0.0000000000E+00    0.0000000000E+00    0.0000000000E+00    0.4844406872E-12    0.4844406872E-12    0.1000000000E+01
    2    0.1446666667E+02    0.1161139353E+00    0.4644557413E+00   -0.2251149766E+00    0.0000000000E+00    0.0000000000E+00    0.0000000000E+00    0.0000000000E+00    0.0000000000E+00    0.0000000000E+00    0.1103780307E-11    0.1103780307E-11    0.1000000000E+01
    3    0.1446666667E+02    0.1161139353E+00    0.4644557413E+00   -0.2631891268E+00    0.0000000000E+00    0.0000000000E+00    0.0000000000E+00    0.0000000000E+00    0.0000000000E+00    0.0000000000E+00    0.2288941754E-11    0.2288941754E-11    0.1000000000E+01
    1    0.1472500000E+02    0.1161139353E+00    0.4644557413E+00   -0.1505710628E+00    0.0000000000E+00    0.0000000000E+00    0.0000000000E+00    0.0000000000E+00    0.0000000000E+00    0.0000000000E+00    0.7640628221E-10    0.7640628221E-10    0.1000000000E+01
    2    0.1472500000E+02    0.1161139353E+00    0.4644557413E+00   -0.8832537648E-01    0.0000000000E+00    0.0000000000E+00    0.0000000000E+00    0.0000000000E+00    0.0000000000E+00    0.0000000000E+00    0.5943182249E-10    0.5943182249E-10    0.1000000000E+01
