    1    0.2066666667E+01   -0.4644557413E+00   -0.5805696766E+00    0.6552686440E-01    0.0000000000E+00    0.0000000000E+00    0.0000000000E+00    0.0000000000E+00    0.0000000000E+00    0.0000000000E+00    0.9788963929E-12    0.9788963929E-12    0.1000000000E+01
    1    0.2325000000E+01   -0.4644557413E+00   -0.5805696766E+00    0.1850110231E+00    0.0000000000E+00    0.0000000000E+00    0.0000000000E+00    0.0000000000E+00    0.0000000000E+00    0.0000000000E+00    0.9801820510E-16    0.9801820510E-16    0.1000000000E+01
    1    0.2583333333E+01   -0.4644557413E+00   -0.5805696766E+00   -0.1312833257E+00    0.0000000000E+00    0.0000000000E+00    0.0000000000E+00    0.0000000000E+00    0.0000000000E+00    0.0000000000E+00    0.2138040740E-12    0.2138040740E-12    0.1000000000E+01
    2    0.2583333333E+01   -0.4644557413E+00   -0.5805696766E+00    0.2406372932E+00    0.0000000000E+00    0.0000000000E+00    0.0000000000E+00    0.0000000000E+00    0.0000000000E+00    0.0000000000E+00    0.8649624190E-13    0.8649624190E-13    0.1000000000E+01
    3    0.2583333333E+01   -0.4644557413E+00   -0.5805696766E+00    0.3426335864E+00    0.0000000000E+00    0.0000000000E+00    0.0000000000E+00    0.0000000000E+00    0.0000000000E+00    0.0000000000E+00    0.1366467227E-12    0.1366467227E-12    0.1000000000E+01
    1    0.2841666667E+01   -0.4644557413E+00   -0.5805696766E+00    0.4190064884E+00    0.0000000000E+00    0.0000000000E+00    0.0000000000E+00    0.0000000000E+00    0.0000000000E+00    0.0000000000E+00    0.6664438646E-15    0.6664438646E-15    0.1000000000E+01
    2    0.2841666667E+01   -0.4644557413E+00    0.2322278706E+00    0.3005790327E+00    0.0000000000E+00    0.0000000000E+00    0.0000000000E+00    0.0000000000E+00    0.0000000000E+00    0.0000000000E+00    0.1544899546E-14    0.1544899546E-14    0.1000000000E+01
    3    0.2841666667E+01   -0.4644557413E+00   -0.5805696766E+00    0.3010174253E+00    0.0000000000E+00    0.0000000000E+00    0.0000000000E+00    0.0000000000E+00    0.0000000000E+00    0.0000000000E+00    0.4206908638E-14    0.4206908638E-14    0.1000000000E+01
    1    0.3100000000E+01   -0.4644557413E+00    0.2322278706E+00   -0.2327841257E+00    0.0000000000E+00    0.0000000000E+00    0.0000000000E+00    0.0000000000E+00    0.0000000000E+00    0.0000000000E+00    0.6206601184E-12    0.6206601184E-12    0.1000000000E+01
    2    0.3100000000E+01   -0.4644557413E+00   -0.5805696766E+00    0.4843970255E+00    0.0000000000E+00    0.0000000000E+00    0.0000000000E+00    0.0000000000E+00    0.0000000000E+00    0.0000000000E+00    0.2372255336E-14    0.2372261149E-14    0.9999975498E+00
    3    0.3100000000E+01   -0.4644557413E+00    0.2322278706E+00    0.4623697829E+00    0.0000000000E+00    0.0000000000E+00    0.0000000000E+00    0.0000000000E+00    0.0000000000E+00    0.0000000000E+00    0.4762923048E-12    0.4762923048E-12    0.1000000000E+01
    4    0.3100000000E+01   -0.4644557413E+00    0.2322278706E+00    0.3425994475E+00    0.0000000000E+00    0.0000000000E+00    0.0000000000E+00    0.0000000000E+00    0.0000000000E+00    0.0000000000E+00    0.1586025178E-12    0.1586025178E-12    0.1000000000E+01
    5    0.3100000000E+01   -0.4644557413E+00   -0.5805696766E+00    0.3517144976E+00    0.0000000000E+00    0.0000000000E+00    0.0000000000E+00    0.0000000000E+00    0.0000000000E+00    0.0000000000E+00    0.9281014915E-15    0.9281045762E-15    0.9999966763E+00
    1    0.3358333333E+01   -0.4644557413E+00    0.2322278706E+00   -0.1439357072E+00    0.0000000000E+00    0.0000000000E+00    0.0000000000E+00    0.0000000000E+00    0.0000000000E+00    0.0000000000E+00    0.1703151412E-13    0.1703151412E-13    0.1000000000E+01
    2    0.3358333333E+01   -0.4644557413E+00    0.2322278706E+00    0.5662750301E+00    0.0000000000E+00    0.0000000000E+00    0.0000000000E+00    0.0000000000E+00    0.0000000000E+00    0.0000000000E+00    0.2822632194E-12    0.2822632194E-12    0.1000000000E+01
    3    0.3358333333E+01   -0.4644557413E+00   -0.5805696766E+00    0.5494032578E+00    0.0000000000E+00    0.0000000000E+00    0.0000000000E+00    0.0000000000E+00    0.0000000000E+00    0.0000000000E+00    0.2328743335E-13    0.2328743335E-13    0.1000000000E+01
    4    0.3358333333E+01   -0.4644557413E+00    0.2322278706E+00    0.4185350430E+00   -0.4644557413E+00    0.2322278706E+00    0.4185350430E+00   -0.2255906953E+01    0.3584029990E+01    0.9249446557E+00    0.1865890650E-13    0.1865890650E-13    0.1000000000E+01
    5    0.3358333333E+01   -0.4644557413E+00   -0.5805696766E+00    0.3978843737E+00    0.0000000000E+00    0.0000000000E+00    0.0000000000E+00    0.0000000000E+00    0.0000000000E+00    0.0000000000E+00    0.3052568418E-14    0.3052568418E-14    0.1000000000E+01
    1    0.3616666667E+01   -0.4644557413E+00    0.2322278706E+00   -0.6942210525E-01    0.0000000000E+00    0.0000000000E+00    0.0000000000E+00    0.0000000000E+00    0.0000000000E+00    0.0000000000E+00    0.3542553719E-12    0.3542553719E-12    0.1000000000E+01
    2    0.3616666667E+01   -0.4644557413E+00    0.2322278706E+00   -0.4950056744E+00    0.0000000000E+00    0.0000000000E+00    0.0000000000E+00    0.0000000000E+00    0.0000000000E+00    0.0000000000E+00    0.1201071001E-13    0.1201071001E-13    0.1000000000E+01
    3    0.3616666667E+01   -0.4644557413E+00   -0.5805696766E+00   -0.5327467387E+00    0.0000000000E+00    0.0000000000E+00    0.0000000000E+00    0.0000000000E+00    0.0000000000E+00    0.0000000000E+00    0.9676065300E-14    0.9676065300E-14    0.1000000000E+01
    4    0.3616666667E+01   -0.4644557413E+00    0.2322278706E+00    0.4723087419E+00    0.0000000000E+00    0.0000000000E+00    0.0000000000E+00    0.0000000000E+00    0.0000000000E+00    0.0000000000E+00    0.1206177848E-13    0.1206177848E-13    0.1000000000E+01
    5    0.3616666667E+01   -0.4644557413E+00   -0.5805696766E+00    0.4414046313E+00    0.0000000000E+00    0.0000000000E+00    0.0000000000E+00    0.0000000000E+00    0.0000000000E+00    0.0000000000E+00    0.7794870797E-15    0.7794870803E-15    0.9999999992E+00
    1    0.3875000000E+01    0.3483418059E+00   -0.5805696766E+00    0.3160683344E+00    0.0000000000E+00    0.0000000000E+00    0.0000000000E+00    0.0000000000E+00    0.0000000000E+00    0.0000000000E+00    0.7413169472E-11    0.7413169472E-11    0.1000000000E+01
    2    0.3875000000E+01    0.3483418059E+00   -0.5805696766E+00   -0.2200663645E+00    0.0000000000E+00    0.0000000000E+00    0.0000000000E+00    0.0000000000E+00    0.0000000000E+00    0.0000000000E+00    0.7401322380E-11    0.7401322380E-11    0.1000000000E+01
    3    0.3875000000E+01   -0.4644557413E+00   -0.5805696766E+00    0.4834825876E+00    0.0000000000E+00    0.0000000000E+00    0.0000000000E+00    0.0000000000E+00    0.0000000000E+00    0.0000000000E+00    0.1797375835E-14    0.1797375835E-14    0.1000000000E+01
    4    0.3875000000E+01   -0.4644557413E+00    0.2322278706E+00    0.5192273025E+00    0.0000000000E+00    0.0000000000E+00    0.0000000000E+00    0.0000000000E+00    0.0000000000E+00    0.0000000000E+00    0.1211269421E-14    0.1211269421E-14    0.9999999999E+00
    5    0.3875000000E+01   -0.4644557413E+00   -0.5805696766E+00   -0.4550926940E+00    0.0000000000E+00    0.0000000000E+00    0.0000000000E+00    0.0000000000E+00    0.0000000000E+00    0.0000000000E+00    0.1994258810E-14    0.1994258810E-14    0.1000000000E+01
    6    0.3875000000E+01   -0.4644557413E+00    0.2322278706E+00   -0.4061482844E+00    0.0000000000E+00    0.0000000000E+00    0.0000000000E+00    0.0000000000E+00    0.0000000000E+00    0.0000000000E+00    0.7351142153E-15    0.7351142154E-15    0.9999999999E+00
    1    0.4133333333E+01    0.3483418059E+00   -0.5805696766E+00   -0.9893770810E-01    0.0000000000E+00    0.0000000000E+00    0.0000000000E+00    0.0000000000E+00    0.0000000000E+00    0.0000000000E+00    0.5336524780E-13    0.5336524782E-13    0.9999999997E+00
    2    0.4133333333E+01   -0.4644557413E+00   -0.5805696766E+00   -0.3599715520E+00    0.0000000000E+00    0.0000000000E+00    0.0000000000E+00    0.0000000000E+00    0.0000000000E+00    0.0000000000E+00    0.1678773667E-14    0.1678773673E-14    0.9999999964E+00
    3    0.4133333333E+01   -0.4644557413E+00    0.2322278706E+00   -0.3095273107E+00    0.0000000000E+00    0.0000000000E+00    0.0000000000E+00    0.0000000000E+00    0.0000000000E+00    0.0000000000E+00    0.2189538031E-13    0.2189538292E-13    0.9999998806E+00
    4    0.4133333333E+01    0.3483418059E+00   -0.5805696766E+00   -0.3304239912E+00    0.0000000000E+00    0.0000000000E+00    0.0000000000E+00    0.0000000000E+00    0.0000000000E+00    0.0000000000E+00    0.9612251550E-13    0.9612251664E-13    0.9999999882E+00
    5    0.4133333333E+01    0.3483418059E+00   -0.5805696766E+00    0.4771961898E+00    0.0000000000E+00    0.0000000000E+00    0.0000000000E+00    0.0000000000E+00    0.0000000000E+00    0.0000000000E+00    0.4605299337E-12    0.4605299451E-12    0.9999999752E+00
    6    0.4133333333E+01   -0.4644557413E+00   -0.5805696766E+00    0.5252563885E+00    0.0000000000E+00    0.0000000000E+00    0.0000000000E+00    0.0000000000E+00    0.0000000000E+00    0.0000000000E+00    0.1002645507E-14    0.1002645524E-14    0.9999999828E+00
    7    0.4133333333E+01   -0.4644557413E+00    0.2322278706E+00    0.5632824157E+00    0.0000000000E+00    0.0000000000E+00    0.0000000000E+00    0.0000000000E+00    0.0000000000E+00    0.0000000000E+00    0.1283381495E-13    0.1283382178E-13    0.9999994680E+00
    1    0.4391666667E+01    0.3483418059E+00    0.2322278706E+00    0.3463907849E+00    0.0000000000E+00    0.0000000000E+00    0.0000000000E+00    0.0000000000E+00    0.0000000000E+00    0.0000000000E+00    0.1998890044E-12    0.1998890049E-12    0.9999999971E+00
    2    0.4391666667E+01    0.3483418059E+00    0.2322278706E+00    0.4371842006E+00    0.0000000000E+00    0.0000000000E+00    0.0000000000E+00    0.0000000000E+00    0.0000000000E+00    0.0000000000E+00    0.1406940659E-11    0.1406940660E-11    0.9999999998E+00
    3    0.4391666667E+01   -0.4644557413E+00   -0.5805696766E+00    0.5678030070E+00    0.0000000000E+00    0.0000000000E+00    0.0000000000E+00    0.0000000000E+00    0.0000000000E+00    0.0000000000E+00    0.1395160446E-13    0.1395160450E-13    0.9999999972E+00
    4    0.4391666667E+01   -0.4644557413E+00    0.2322278706E+00   -0.5439496557E+00    0.0000000000E+00    0.0000000000E+00    0.0000000000E+00    0.0000000000E+00    0.0000000000E+00    0.0000000000E+00    0.2275343350E-14    0.2275343470E-14    0.9999999474E+00
    5    0.4391666667E+01   -0.4644557413E+00    0.2322278706E+00   -0.1873856620E+00    0.0000000000E+00    0.0000000000E+00    0.0000000000E+00    0.0000000000E+00    0.0000000000E+00    0.0000000000E+00    0.1517394657E-14    0.1517394690E-14    0.9999999779E+00
    6    0.4391666667E+01   -0.4644557413E+00   -0.5805696766E+00   -0.2237824239E+00    0.0000000000E+00    0.0000000000E+00    0.0000000000E+00    0.0000000000E+00    0.0000000000E+00    0.0000000000E+00    0.6272802947E-13    0.6272802947E-13    0.9999999999E+00
    7    0.4391666667E+01    0.3483418059E+00    0.2322278706E+00   -0.2418490372E+00    0.0000000000E+00    0.0000000000E+00    0.0000000000E+00    0.0000000000E+00    0.0000000000E+00    0.0000000000E+00    0.1486809444E-11    0.1486809444E-11    0.9999999999E+00
    8    0.4391666667E+01    0.3483418059E+00   -0.5805696766E+00   -0.2347208229E+00    0.0000000000E+00    0.0000000000E+00    0.0000000000E+00    0.0000000000E+00    0.0000000000E+00    0.0000000000E+00    0.1131372542E-14    0.1131372560E-14    0.9999999839E+00
    9    0.4391666667E+01    0.3483418059E+00    0.2322278706E+00   -0.1428845474E-01    0.0000000000E+00    0.0000000000E+00    0.0000000000E+00    0.0000000000E+00    0.0000000000E+00    0.0000000000E+00    0.1059781819E-11    0.1059781819E-11    0.1000000000E+01
    1    0.4650000000E+01    0.3483418059E+00    0.2322278706E+00    0.4460499419E+00    0.0000000000E+00    0.0000000000E+00    0.0000000000E+00    0.0000000000E+00    0.0000000000E+00    0.0000000000E+00    0.9244767899E-12    0.9244767899E-12    0.1000000000E+01
    2    0.4650000000E+01    0.3483418059E+00    0.2322278706E+00    0.5677413946E+00    0.0000000000E+00    0.0000000000E+00    0.0000000000E+00    0.0000000000E+00    0.0000000000E+00    0.0000000000E+00    0.9521310984E-11    0.9521310984E-11    0.1000000000E+01
    3    0.4650000000E+01   -0.4644557413E+00   -0.5805696766E+00   -0.5374346080E+00    0.0000000000E+00    0.0000000000E+00    0.0000000000E+00    0.0000000000E+00    0.0000000000E+00    0.0000000000E+00    0.5492077443E-14    0.5492081476E-14    0.9999992656E+00
    4    0.4650000000E+01   -0.4644557413E+00    0.2322278706E+00   -0.5013328573E+00    0.0000000000E+00    0.0000000000E+00    0.0000000000E+00    0.0000000000E+00    0.0000000000E+00    0.0000000000E+00    0.1226825374E-14    0.1226825378E-14    0.9999999969E+00
    5    0.4650000000E+01    0.3483418059E+00   -0.5805696766E+00   -0.1646831221E+00    0.0000000000E+00    0.0000000000E+00    0.0000000000E+00    0.0000000000E+00    0.0000000000E+00    0.0000000000E+00    0.1217946756E-14    0.1217946792E-14    0.9999999701E+00
    6    0.4650000000E+01    0.3483418059E+00    0.2322278706E+00   -0.1384266983E+00    0.0000000000E+00    0.0000000000E+00    0.0000000000E+00    0.0000000000E+00    0.0000000000E+00    0.0000000000E+00    0.1113282762E-12    0.1113282762E-12    0.1000000000E+01
    7    0.4650000000E+01    0.3483418059E+00    0.2322278706E+00    0.5079920667E-01    0.0000000000E+00    0.0000000000E+00    0.0000000000E+00    0.0000000000E+00    0.0000000000E+00    0.0000000000E+00    0.1934985867E-12    0.1934985867E-12    0.1000000000E+01
    8    0.4650000000E+01   -0.4644557413E+00   -0.5805696766E+00    0.7121437398E-01    0.0000000000E+00    0.0000000000E+00    0.0000000000E+00    0.0000000000E+00    0.0000000000E+00    0.0000000000E+00    0.3037236250E-12    0.3037236252E-12    0.9999999991E+00
    1    0.4908333333E+01    0.3483418059E+00   -0.5805696766E+00   -0.1006052547E+00    0.0000000000E+00    0.0000000000E+00    0.0000000000E+00    0.0000000000E+00    0.0000000000E+00    0.0000000000E+00    0.4080603016E-13    0.4080603017E-13    0.9999999998E+00
    2    0.4908333333E+01    0.3483418059E+00    0.2322278706E+00   -0.6495706155E-01    0.0000000000E+00    0.0000000000E+00    0.0000000000E+00    0.0000000000E+00    0.0000000000E+00    0.0000000000E+00    0.5789753080E-14    0.5789753137E-14    0.9999999902E+00
    3    0.4908333333E+01    0.3483418059E+00   -0.5805696766E+00    0.7157023862E-01    0.0000000000E+00    0.0000000000E+00    0.0000000000E+00    0.0000000000E+00    0.0000000000E+00    0.0000000000E+00    0.1512280296E-12    0.1512280299E-12    0.9999999986E+00
    4    0.4908333333E+01    0.3483418059E+00    0.2322278706E+00    0.1142998003E+00    0.0000000000E+00    0.0000000000E+00    0.0000000000E+00    0.0000000000E+00    0.0000000000E+00    0.0000000000E+00    0.9314751319E-14    0.9314751383E-14    0.9999999931E+00
    5    0.4908333333E+01   -0.4644557413E+00   -0.5805696766E+00    0.1224009606E+00    0.0000000000E+00    0.0000000000E+00    0.0000000000E+00    0.0000000000E+00    0.0000000000E+00    0.0000000000E+00    0.3283391209E-13    0.3283392542E-13    0.9999995940E+00
    6    0.4908333333E+01   -0.4644557413E+00    0.2322278706E+00   -0.4576248328E+00    0.0000000000E+00    0.0000000000E+00    0.0000000000E+00    0.0000000000E+00    0.0000000000E+00    0.0000000000E+00    0.2180393194E-14    0.3784702300E-14    0.5761069223E+00
    7    0.4908333333E+01   -0.4644557413E+00   -0.5805696766E+00   -0.4891808622E+00    0.0000000000E+00    0.0000000000E+00    0.0000000000E+00    0.0000000000E+00    0.0000000000E+00    0.0000000000E+00    0.5191969212E-14    0.5192163727E-14    0.9999625369E+00
    1    0.5166666667E+01    0.3483418059E+00   -0.5805696766E+00   -0.2997712311E-01    0.0000000000E+00    0.0000000000E+00    0.0000000000E+00    0.0000000000E+00    0.0000000000E+00    0.0000000000E+00    0.1079123652E-11    0.1079123652E-11    0.1000000000E+01
    2    0.5166666667E+01    0.3483418059E+00    0.2322278706E+00    0.1770671274E+00    0.0000000000E+00    0.0000000000E+00    0.0000000000E+00    0.0000000000E+00    0.0000000000E+00    0.0000000000E+00    0.3667596914E-16    0.3667596960E-16    0.9999999875E+00
    3    0.5166666667E+01    0.3483418059E+00   -0.5805696766E+00    0.1496710374E+00    0.0000000000E+00    0.0000000000E+00    0.0000000000E+00    0.0000000000E+00    0.0000000000E+00    0.0000000000E+00    0.5278092780E-12    0.5278092780E-12    0.1000000000E+01
    4    0.5166666667E+01   -0.4644557413E+00   -0.5805696766E+00    0.1644943586E+00    0.0000000000E+00    0.0000000000E+00    0.0000000000E+00    0.0000000000E+00    0.0000000000E+00    0.0000000000E+00    0.9973327540E-14    0.9973327545E-14    0.9999999995E+00
    5    0.5166666667E+01    0.3483418059E+00   -0.5805696766E+00   -0.5564017885E+00    0.0000000000E+00    0.0000000000E+00    0.0000000000E+00    0.0000000000E+00    0.0000000000E+00    0.0000000000E+00    0.6247409709E-12    0.6247409709E-12    0.1000000000E+01
    6    0.5166666667E+01    0.3483418059E+00   -0.5805696766E+00   -0.3969658159E+00    0.0000000000E+00    0.0000000000E+00    0.0000000000E+00    0.0000000000E+00    0.0000000000E+00    0.0000000000E+00    0.1194695577E-11    0.1194695577E-11    0.1000000000E+01
    7    0.5166666667E+01   -0.4644557413E+00   -0.5805696766E+00   -0.4335827784E+00    0.0000000000E+00    0.0000000000E+00    0.0000000000E+00    0.0000000000E+00    0.0000000000E+00    0.0000000000E+00    0.1523397839E-13    0.1523397839E-13    0.9999999998E+00
    8    0.5166666667E+01   -0.4644557413E+00    0.2322278706E+00   -0.4114096525E+00    0.0000000000E+00    0.0000000000E+00    0.0000000000E+00    0.0000000000E+00    0.0000000000E+00    0.0000000000E+00    0.6026421293E-15    0.6026421379E-15    0.9999999857E+00
    1    0.5425000000E+01    0.3483418059E+00    0.2322278706E+00    0.6373920815E-01    0.0000000000E+00    0.0000000000E+00    0.0000000000E+00    0.0000000000E+00    0.0000000000E+00    0.0000000000E+00    0.2151268824E-14    0.2151268827E-14    0.9999999987E+00
    2    0.5425000000E+01    0.3483418059E+00    0.2322278706E+00    0.2507655055E+00    0.0000000000E+00    0.0000000000E+00    0.0000000000E+00    0.0000000000E+00    0.0000000000E+00    0.0000000000E+00    0.1328410822E-14    0.1328410823E-14    0.9999999990E+00
    3    0.5425000000E+01   -0.4644557413E+00   -0.5805696766E+00    0.2036073627E+00    0.0000000000E+00    0.0000000000E+00    0.0000000000E+00    0.0000000000E+00    0.0000000000E+00    0.0000000000E+00    0.1524425044E-13    0.1524425044E-13    0.1000000000E+01
    4    0.5425000000E+01    0.3483418059E+00   -0.5805696766E+00   -0.4738815128E+00    0.0000000000E+00    0.0000000000E+00    0.0000000000E+00    0.0000000000E+00    0.0000000000E+00    0.0000000000E+00    0.1056949946E-13    0.1056949949E-13    0.9999999980E+00
    5    0.5425000000E+01   -0.4644557413E+00   -0.5805696766E+00   -0.3617825218E+00    0.0000000000E+00    0.0000000000E+00    0.0000000000E+00    0.0000000000E+00    0.0000000000E+00    0.0000000000E+00    0.2428342177E-13    0.2428342177E-13    0.1000000000E+01
    6    0.5425000000E+01   -0.4644557413E+00    0.2322278706E+00   -0.3605458113E+00    0.0000000000E+00    0.0000000000E+00    0.0000000000E+00    0.0000000000E+00    0.0000000000E+00    0.0000000000E+00    0.9900555127E-15    0.9900555137E-15    0.9999999990E+00
    1    0.5683333333E+01    0.3483418059E+00    0.2322278706E+00    0.5514918031E+00    0.0000000000E+00    0.0000000000E+00    0.0000000000E+00    0.0000000000E+00    0.0000000000E+00    0.0000000000E+00    0.5404397827E-13    0.5404397870E-13    0.9999999921E+00
    2    0.5683333333E+01    0.3483418059E+00   -0.5805696766E+00   -0.3897299501E+00    0.0000000000E+00    0.0000000000E+00    0.0000000000E+00    0.0000000000E+00    0.0000000000E+00    0.0000000000E+00    0.1206731268E-12    0.1206731276E-12    0.9999999936E+00
    3    0.5683333333E+01   -0.4644557413E+00    0.2322278706E+00   -0.3008032534E+00    0.0000000000E+00    0.0000000000E+00    0.0000000000E+00    0.0000000000E+00    0.0000000000E+00    0.0000000000E+00    0.7960082328E-13    0.7960082390E-13    0.9999999922E+00
    4    0.5683333333E+01   -0.4644557413E+00   -0.5805696766E+00   -0.2240223444E+00    0.0000000000E+00    0.0000000000E+00    0.0000000000E+00    0.0000000000E+00    0.0000000000E+00    0.0000000000E+00    0.4147251974E-12    0.4150409712E-12    0.9992391745E+00
    5    0.5683333333E+01   -0.4644557413E+00   -0.5805696766E+00    0.2416004728E+00    0.0000000000E+00    0.0000000000E+00    0.0000000000E+00    0.0000000000E+00    0.0000000000E+00    0.0000000000E+00    0.2250083738E-13    0.2307758538E-13    0.9750083038E+00
    6    0.5683333333E+01    0.3483418059E+00    0.2322278706E+00    0.1303230625E+00    0.3483418059E+00    0.2322278706E+00   -0.1019146253E+01    0.4352491999E+01   -0.4115157222E+00   -0.6088571141E+00    0.5366549286E-13    0.5366549295E-13    0.9999999984E+00
    7    0.5683333333E+01    0.3483418059E+00   -0.5805696766E+00    0.8690711148E-01    0.0000000000E+00    0.0000000000E+00    0.0000000000E+00    0.0000000000E+00    0.0000000000E+00    0.0000000000E+00    0.2753230307E-12    0.2753230310E-12    0.9999999989E+00
    8    0.5683333333E+01   -0.4644557413E+00    0.2322278706E+00    0.4778313662E-01    0.0000000000E+00    0.0000000000E+00    0.0000000000E+00    0.0000000000E+00    0.0000000000E+00    0.0000000000E+00    0.1315690290E-11    0.1315690292E-11    0.9999999989E+00
    1    0.5941666667E+01    0.3483418059E+00    0.2322278706E+00   -0.4939728162E+00    0.0000000000E+00    0.0000000000E+00    0.0000000000E+00    0.0000000000E+00    0.0000000000E+00    0.0000000000E+00    0.2357068526E-12    0.2357068526E-12    0.1000000000E+01
    2    0.5941666667E+01   -0.4644557413E+00    0.2322278706E+00   -0.2202783861E+00    0.0000000000E+00    0.0000000000E+00    0.0000000000E+00    0.0000000000E+00    0.0000000000E+00    0.0000000000E+00    0.4588072261E-13    0.4588072262E-13    0.9999999998E+00
    3    0.5941666667E+01   -0.4644557413E+00    0.2322278706E+00    0.1067829750E+00    0.0000000000E+00    0.0000000000E+00    0.0000000000E+00    0.0000000000E+00    0.0000000000E+00    0.0000000000E+00    0.1263681421E-12    0.1263681421E-12    0.9999999999E+00
    4    0.5941666667E+01    0.3483418059E+00    0.2322278706E+00    0.2092446394E+00    0.0000000000E+00    0.0000000000E+00    0.0000000000E+00    0.0000000000E+00    0.0000000000E+00    0.0000000000E+00    0.2364927744E-12    0.2364927744E-12    0.1000000000E+01
    5    0.5941666667E+01   -0.4644557413E+00   -0.5805696766E+00    0.2794295865E+00    0.0000000000E+00    0.0000000000E+00    0.0000000000E+00    0.0000000000E+00    0.0000000000E+00    0.0000000000E+00    0.1308188125E-14    0.1308188154E-14    0.9999999779E+00
    1    0.6200000000E+01   -0.4644557413E+00    0.2322278706E+00    0.1504771517E+00    0.0000000000E+00    0.0000000000E+00    0.0000000000E+00    0.0000000000E+00    0.0000000000E+00    0.0000000000E+00    0.1331141333E-13    0.1331141333E-13    0.9999999999E+00
    2    0.6200000000E+01   -0.4644557413E+00   -0.5805696766E+00    0.3176699608E+00    0.0000000000E+00    0.0000000000E+00    0.0000000000E+00    0.0000000000E+00    0.0000000000E+00    0.0000000000E+00    0.5797720760E-15    0.5797724319E-15    0.9999993861E+00
    1    0.6458333333E+01   -0.4644557413E+00   -0.5805696766E+00    0.3568043369E+00    0.0000000000E+00    0.0000000000E+00    0.0000000000E+00    0.0000000000E+00    0.0000000000E+00    0.0000000000E+00    0.7326746753E-16    0.7326746754E-16    0.1000000000E+01
    2    0.6458333333E+01   -0.4644557413E+00    0.2322278706E+00    0.1903057101E+00    0.0000000000E+00    0.0000000000E+00    0.0000000000E+00    0.0000000000E+00    0.0000000000E+00    0.0000000000E+00    0.6245163697E-17    0.6245163697E-17    0.1000000000E+01
    1    0.6716666667E+01   -0.4644557413E+00    0.2322278706E+00    0.2288315854E+00    0.0000000000E+00    0.0000000000E+00    0.0000000000E+00    0.0000000000E+00    0.0000000000E+00    0.0000000000E+00    0.2574392297E-14    0.2574392297E-14    0.1000000000E+01
    2    0.6716666667E+01   -0.4644557413E+00   -0.5805696766E+00    0.3972576818E+00    0.0000000000E+00    0.0000000000E+00    0.0000000000E+00    0.0000000000E+00    0.0000000000E+00    0.0000000000E+00    0.1140487911E-16    0.1140487912E-16    0.9999999994E+00
    1    0.6975000000E+01   -0.4644557413E+00   -0.5805696766E+00    0.4394327275E+00    0.0000000000E+00    0.0000000000E+00    0.0000000000E+00    0.0000000000E+00    0.0000000000E+00    0.0000000000E+00    0.5966715861E-16    0.5966715861E-16    0.1000000000E+01
    2    0.6975000000E+01   -0.4644557413E+00    0.2322278706E+00    0.2672939571E+00    0.0000000000E+00    0.0000000000E+00    0.0000000000E+00    0.0000000000E+00    0.0000000000E+00    0.0000000000E+00    0.4449159474E-14    0.4449159474E-14    0.1000000000E+01
    1    0.7233333333E+01   -0.4644557413E+00   -0.5805696766E+00    0.4836964142E+00    0.0000000000E+00    0.0000000000E+00    0.0000000000E+00    0.0000000000E+00    0.0000000000E+00    0.0000000000E+00    0.2670901999E-16    0.2670925869E-16    0.9999910634E+00
    2    0.7233333333E+01   -0.4644557413E+00    0.2322278706E+00    0.3065228535E+00    0.0000000000E+00    0.0000000000E+00    0.0000000000E+00    0.0000000000E+00    0.0000000000E+00    0.0000000000E+00    0.3202091834E-14    0.3202092659E-14    0.9999997426E+00
    1    0.7491666667E+01   -0.4644557413E+00   -0.5805696766E+00    0.5303096846E+00    0.0000000000E+00    0.0000000000E+00    0.0000000000E+00    0.0000000000E+00    0.0000000000E+00    0.0000000000E+00    0.1371914773E-16    0.1371914773E-16    0.9999999996E+00
    2    0.7491666667E+01   -0.4644557413E+00    0.2322278706E+00    0.3472620820E+00    0.0000000000E+00    0.0000000000E+00    0.0000000000E+00    0.0000000000E+00    0.0000000000E+00    0.0000000000E+00    0.8597761149E-15    0.8597761149E-15    0.1000000000E+01
    1    0.7750000000E+01   -0.4644557413E+00   -0.5805696766E+00   -0.5702016468E+00    0.0000000000E+00    0.0000000000E+00    0.0000000000E+00    0.0000000000E+00    0.0000000000E+00    0.0000000000E+00    0.4261259472E-14    0.4261259472E-14    0.1000000000E+01
    2    0.7750000000E+01   -0.4644557413E+00    0.2322278706E+00    0.3903418285E+00    0.0000000000E+00    0.0000000000E+00    0.0000000000E+00    0.0000000000E+00    0.0000000000E+00    0.0000000000E+00    0.3352540255E-16    0.3352540255E-16    0.1000000000E+01
    1    0.8008333333E+01   -0.4644557413E+00   -0.5805696766E+00   -0.5193282554E+00    0.0000000000E+00    0.0000000000E+00    0.0000000000E+00    0.0000000000E+00    0.0000000000E+00    0.0000000000E+00    0.1242325335E-15    0.1242325335E-15    0.1000000000E+01
    2    0.8008333333E+01   -0.4644557413E+00    0.2322278706E+00    0.4368511661E+00    0.0000000000E+00    0.0000000000E+00    0.0000000000E+00    0.0000000000E+00    0.0000000000E+00    0.0000000000E+00    0.1403199432E-14    0.1403199432E-14    0.1000000000E+01
    1    0.8266666667E+01   -0.4644557413E+00   -0.5805696766E+00   -0.4675633420E+00    0.0000000000E+00    0.0000000000E+00    0.0000000000E+00    0.0000000000E+00    0.0000000000E+00    0.0000000000E+00    0.8223440271E-15    0.8223440271E-15    0.1000000000E+01
    2    0.8266666667E+01   -0.4644557413E+00    0.2322278706E+00    0.4884075684E+00    0.0000000000E+00    0.0000000000E+00    0.0000000000E+00    0.0000000000E+00    0.0000000000E+00    0.0000000000E+00    0.2680361554E-14    0.2680361554E-14    0.1000000000E+01
    1    0.8525000000E+01    0.3483418059E+00   -0.5805696766E+00    0.2442479333E+00    0.0000000000E+00    0.0000000000E+00    0.0000000000E+00    0.0000000000E+00    0.0000000000E+00    0.0000000000E+00    0.1196078745E-12    0.1196078745E-12    0.1000000000E+01
    2    0.8525000000E+01   -0.4644557413E+00   -0.5805696766E+00   -0.4161686760E+00    0.0000000000E+00    0.0000000000E+00    0.0000000000E+00    0.0000000000E+00    0.0000000000E+00    0.0000000000E+00    0.4402810920E-15    0.4402810920E-15    0.1000000000E+01
    3    0.8525000000E+01   -0.4644557413E+00    0.2322278706E+00    0.5476833530E+00    0.0000000000E+00    0.0000000000E+00    0.0000000000E+00    0.0000000000E+00    0.0000000000E+00    0.0000000000E+00    0.2048740207E-14    0.2048740207E-14    0.1000000000E+01
    1    0.8783333333E+01    0.3483418059E+00   -0.5805696766E+00    0.3308594960E+00    0.0000000000E+00    0.0000000000E+00    0.0000000000E+00    0.0000000000E+00    0.0000000000E+00    0.0000000000E+00    0.1040610996E-13    0.1040610996E-13    0.1000000000E+01
    2    0.8783333333E+01   -0.4644557413E+00    0.2322278706E+00   -0.5300083907E+00    0.0000000000E+00    0.0000000000E+00    0.0000000000E+00    0.0000000000E+00    0.0000000000E+00    0.0000000000E+00    0.2983780064E-14    0.2983780064E-14    0.1000000000E+01
    3    0.8783333333E+01   -0.4644557413E+00   -0.5805696766E+00   -0.3661325183E+00    0.0000000000E+00    0.0000000000E+00    0.0000000000E+00    0.0000000000E+00    0.0000000000E+00    0.0000000000E+00    0.1955335204E-15    0.1955335204E-15    0.1000000000E+01
    1    0.9041666667E+01    0.3483418059E+00   -0.5805696766E+00    0.3972732950E+00    0.0000000000E+00    0.0000000000E+00    0.0000000000E+00    0.0000000000E+00    0.0000000000E+00    0.0000000000E+00    0.1516412344E-15    0.1516412344E-15    0.1000000000E+01
    2    0.9041666667E+01    0.3483418059E+00    0.2322278706E+00    0.4303975418E+00    0.0000000000E+00    0.0000000000E+00    0.0000000000E+00    0.0000000000E+00    0.0000000000E+00    0.0000000000E+00    0.1618586928E-11    0.1618586928E-11    0.1000000000E+01
    3    0.9041666667E+01    0.3483418059E+00    0.2322278706E+00   -0.1532386974E+00    0.0000000000E+00    0.0000000000E+00    0.0000000000E+00    0.0000000000E+00    0.0000000000E+00    0.0000000000E+00    0.1883839554E-11    0.1883839554E-11    0.1000000000E+01
    4    0.9041666667E+01   -0.4644557413E+00    0.2322278706E+00   -0.4378819217E+00    0.0000000000E+00    0.0000000000E+00    0.0000000000E+00    0.0000000000E+00    0.0000000000E+00    0.0000000000E+00    0.1723332871E-14    0.1723332871E-14    0.9999999999E+00
    5    0.9041666667E+01   -0.4644557413E+00   -0.5805696766E+00   -0.3178309972E+00    0.0000000000E+00    0.0000000000E+00    0.0000000000E+00    0.0000000000E+00    0.0000000000E+00    0.0000000000E+00    0.2735608549E-14    0.2735608549E-14    0.1000000000E+01
    1    0.9300000000E+01    0.3483418059E+00   -0.5805696766E+00    0.1216698507E+00    0.0000000000E+00    0.0000000000E+00    0.0000000000E+00    0.0000000000E+00    0.0000000000E+00    0.0000000000E+00    0.1379405608E-10    0.1379405608E-10    0.1000000000E+01
    2    0.9300000000E+01    0.3483418059E+00   -0.5805696766E+00    0.4601452038E+00    0.0000000000E+00    0.0000000000E+00    0.0000000000E+00    0.0000000000E+00    0.0000000000E+00    0.0000000000E+00    0.2201939878E-13    0.2201939878E-13    0.1000000000E+01
    3    0.9300000000E+01    0.3483418059E+00    0.2322278706E+00    0.5228738436E+00    0.0000000000E+00    0.0000000000E+00    0.0000000000E+00    0.0000000000E+00    0.0000000000E+00    0.0000000000E+00    0.4042311976E-14    0.4042311976E-14    0.1000000000E+01
    4    0.9300000000E+01   -0.4644557413E+00    0.2322278706E+00   -0.3264168413E+00    0.0000000000E+00    0.0000000000E+00    0.0000000000E+00    0.0000000000E+00    0.0000000000E+00    0.0000000000E+00    0.2086281481E-15    0.2086281483E-15    0.9999999989E+00
    5    0.9300000000E+01   -0.4644557413E+00   -0.5805696766E+00   -0.2711110063E+00    0.0000000000E+00    0.0000000000E+00    0.0000000000E+00    0.0000000000E+00    0.0000000000E+00    0.0000000000E+00    0.4318808816E-14    0.4318808816E-14    0.9999999999E+00
    1    0.9558333333E+01    0.3483418059E+00   -0.5805696766E+00    0.2937157365E+00    0.0000000000E+00    0.0000000000E+00    0.0000000000E+00    0.0000000000E+00    0.0000000000E+00    0.0000000000E+00    0.1281572606E-12    0.1281572606E-12    0.1000000000E+01
    2    0.9558333333E+01    0.3483418059E+00    0.2322278706E+00   -0.5301455466E+00    0.0000000000E+00    0.0000000000E+00    0.0000000000E+00    0.0000000000E+00    0.0000000000E+00    0.0000000000E+00    0.1349546941E-13    0.1349546941E-13    0.1000000000E+01
    3    0.9558333333E+01    0.3483418059E+00   -0.5805696766E+00    0.5285386148E+00    0.0000000000E+00    0.0000000000E+00    0.0000000000E+00    0.0000000000E+00    0.0000000000E+00    0.0000000000E+00    0.6309182128E-13    0.6309182128E-13    0.1000000000E+01
    4    0.9558333333E+01   -0.4644557413E+00    0.2322278706E+00   -0.2248852078E+00    0.0000000000E+00    0.0000000000E+00    0.0000000000E+00    0.0000000000E+00    0.0000000000E+00    0.0000000000E+00    0.5535320317E-14    0.5535320317E-14    0.1000000000E+01
    5    0.9558333333E+01   -0.4644557413E+00   -0.5805696766E+00   -0.2255373745E+00    0.0000000000E+00    0.0000000000E+00    0.0000000000E+00    0.0000000000E+00    0.0000000000E+00    0.0000000000E+00    0.1700930863E-14    0.1700930863E-14    0.1000000000E+01
    1    0.9816666667E+01    0.3483418059E+00   -0.5805696766E+00    0.4313779327E+00    0.0000000000E+00    0.0000000000E+00    0.0000000000E+00    0.0000000000E+00    0.0000000000E+00    0.0000000000E+00    0.3742463671E-10    0.3742463671E-10    0.1000000000E+01
    2    0.9816666667E+01    0.3483418059E+00   -0.5805696766E+00   -0.5124861775E+00    0.0000000000E+00    0.0000000000E+00    0.0000000000E+00    0.0000000000E+00    0.0000000000E+00    0.0000000000E+00    0.3725290265E-10    0.3725290265E-10    0.1000000000E+01
    3    0.9816666667E+01   -0.4644557413E+00    0.2322278706E+00   -0.1414152624E+00    0.0000000000E+00    0.0000000000E+00    0.0000000000E+00    0.0000000000E+00    0.0000000000E+00    0.0000000000E+00    0.7593299172E-13    0.7593299173E-13    0.9999999999E+00
    4    0.9816666667E+01    0.3483418059E+00    0.2322278706E+00   -0.1566273546E+00    0.3483418059E+00    0.2322278706E+00    0.9928419605E+00   -0.1653998956E+01   -0.1252001793E+01    0.5122773776E+01    0.2671312282E-11    0.2671312282E-11    0.1000000000E+01
    5    0.9816666667E+01   -0.4644557413E+00   -0.5805696766E+00   -0.1805749421E+00    0.0000000000E+00    0.0000000000E+00    0.0000000000E+00    0.0000000000E+00    0.0000000000E+00    0.0000000000E+00    0.2765837243E-15    0.2765837252E-15    0.9999999969E+00
    1    0.1007500000E+02   -0.4644557413E+00   -0.5805696766E+00   -0.1356603892E+00    0.0000000000E+00    0.0000000000E+00    0.0000000000E+00    0.0000000000E+00    0.0000000000E+00    0.0000000000E+00    0.9284963530E-14    0.9284963530E-14    0.1000000000E+01
    2    0.1007500000E+02   -0.4644557413E+00    0.2322278706E+00   -0.6114329405E-01    0.0000000000E+00    0.0000000000E+00    0.0000000000E+00    0.0000000000E+00    0.0000000000E+00    0.0000000000E+00    0.2510692715E-11    0.2510692715E-11    0.1000000000E+01
    1    0.1033333333E+02   -0.4644557413E+00   -0.5805696766E+00   -0.9016962869E-01    0.0000000000E+00    0.0000000000E+00    0.0000000000E+00    0.0000000000E+00    0.0000000000E+00    0.0000000000E+00    0.4084363843E-13    0.4084363843E-13    0.1000000000E+01
    1    0.1059166667E+02   -0.4644557413E+00   -0.5805696766E+00   -0.4300320006E-01    0.0000000000E+00    0.0000000000E+00    0.0000000000E+00    0.0000000000E+00    0.0000000000E+00    0.0000000000E+00    0.2107126826E-12    0.2107126826E-12    0.1000000000E+01
    1    0.1085000000E+02   -0.4644557413E+00    0.2322278706E+00    0.6470791092E-01    0.0000000000E+00    0.0000000000E+00    0.0000000000E+00    0.0000000000E+00    0.0000000000E+00    0.0000000000E+00    0.2107906739E-11    0.2107906739E-11    0.1000000000E+01
    1    0.1110833333E+02   -0.4644557413E+00   -0.5805696766E+00    0.5001131729E-01    0.0000000000E+00    0.0000000000E+00    0.0000000000E+00    0.0000000000E+00    0.0000000000E+00    0.0000000000E+00    0.1964950771E-12    0.1964950771E-12    0.1000000000E+01
    2    0.1110833333E+02   -0.4644557413E+00    0.2322278706E+00    0.1348105399E+00    0.0000000000E+00    0.0000000000E+00    0.0000000000E+00    0.0000000000E+00    0.0000000000E+00    0.0000000000E+00    0.1055303929E-12    0.1055303929E-12    0.1000000000E+01
    1    0.1136666667E+02   -0.4644557413E+00   -0.5805696766E+00    0.1031808628E+00    0.0000000000E+00    0.0000000000E+00    0.0000000000E+00    0.0000000000E+00    0.0000000000E+00    0.0000000000E+00    0.3896841237E-13    0.3896841237E-13    0.1000000000E+01
    2    0.1136666667E+02   -0.4644557413E+00    0.2322278706E+00    0.1988643093E+00    0.0000000000E+00    0.0000000000E+00    0.0000000000E+00    0.0000000000E+00    0.0000000000E+00    0.0000000000E+00    0.5327888502E-15    0.5327888502E-15    0.9999999999E+00
    3    0.1136666667E+02    0.3483418059E+00    0.2322278706E+00   -0.2831576611E+00    0.0000000000E+00    0.0000000000E+00    0.0000000000E+00    0.0000000000E+00    0.0000000000E+00    0.0000000000E+00    0.3254970734E-12    0.3254970734E-12    0.1000000000E+01
    4    0.1136666667E+02    0.3483418059E+00    0.2322278706E+00   -0.5478537471E+00    0.0000000000E+00    0.0000000000E+00    0.0000000000E+00    0.0000000000E+00    0.0000000000E+00    0.0000000000E+00    0.1724263306E-12    0.1724263306E-12    0.1000000000E+01
    1    0.1162500000E+02    0.3483418059E+00    0.2322278706E+00   -0.4774027744E+00    0.0000000000E+00    0.0000000000E+00    0.0000000000E+00    0.0000000000E+00    0.0000000000E+00    0.0000000000E+00    0.7392394492E-13    0.7392394492E-13    0.1000000000E+01
    2    0.1162500000E+02    0.3483418059E+00   -0.5805696766E+00   -0.5694676345E+00    0.0000000000E+00    0.0000000000E+00    0.0000000000E+00    0.0000000000E+00    0.0000000000E+00    0.0000000000E+00    0.2061522520E-11    0.2061522520E-11    0.1000000000E+01
    3    0.1162500000E+02    0.3483418059E+00    0.2322278706E+00   -0.1212046077E+00    0.0000000000E+00    0.0000000000E+00    0.0000000000E+00    0.0000000000E+00    0.0000000000E+00    0.0000000000E+00    0.1155517193E-10    0.1155517193E-10    0.1000000000E+01
    4    0.1162500000E+02    0.3483418059E+00   -0.5805696766E+00   -0.7804026332E-01    0.0000000000E+00    0.0000000000E+00    0.0000000000E+00    0.0000000000E+00    0.0000000000E+00    0.0000000000E+00    0.5419277330E-09    0.5419277330E-09    0.1000000000E+01
    5    0.1162500000E+02   -0.4644557413E+00   -0.5805696766E+00    0.1591033479E+00    0.0000000000E+00    0.0000000000E+00    0.0000000000E+00    0.0000000000E+00    0.0000000000E+00    0.0000000000E+00    0.3604468853E-14    0.3604468855E-14    0.9999999994E+00
    6    0.1162500000E+02   -0.4644557413E+00    0.2322278706E+00    0.2625901651E+00    0.0000000000E+00    0.0000000000E+00    0.0000000000E+00    0.0000000000E+00    0.0000000000E+00    0.0000000000E+00    0.9999152785E-14    0.9999152790E-14    0.9999999996E+00
    1    0.1188333333E+02    0.3483418059E+00    0.2322278706E+00   -0.4145656895E+00    0.0000000000E+00    0.0000000000E+00    0.0000000000E+00    0.0000000000E+00    0.0000000000E+00    0.0000000000E+00    0.2058179453E-16    0.2058179453E-16    0.1000000000E+01
    2    0.1188333333E+02    0.3483418059E+00   -0.5805696766E+00   -0.4908280846E+00    0.0000000000E+00    0.0000000000E+00    0.0000000000E+00    0.0000000000E+00    0.0000000000E+00    0.0000000000E+00    0.2552591938E-14    0.2552591938E-14    0.1000000000E+01
    3    0.1188333333E+02   -0.4644557413E+00    0.2322278706E+00    0.3270497838E+00    0.0000000000E+00    0.0000000000E+00    0.0000000000E+00    0.0000000000E+00    0.0000000000E+00    0.0000000000E+00    0.2312467156E-14    0.2312467156E-14    0.1000000000E+01
    4    0.1188333333E+02   -0.4644557413E+00   -0.5805696766E+00    0.2189284543E+00    0.0000000000E+00    0.0000000000E+00    0.0000000000E+00    0.0000000000E+00    0.0000000000E+00    0.0000000000E+00    0.1230669666E-14    0.1230669666E-14    0.1000000000E+01
    1    0.1214166667E+02    0.3483418059E+00    0.2322278706E+00   -0.3526165495E+00    0.0000000000E+00    0.0000000000E+00    0.0000000000E+00    0.0000000000E+00    0.0000000000E+00    0.0000000000E+00    0.2766802868E-15    0.2766802900E-15    0.9999999884E+00
    2    0.1214166667E+02    0.3483418059E+00   -0.5805696766E+00   -0.4191003803E+00    0.0000000000E+00    0.0000000000E+00    0.0000000000E+00    0.0000000000E+00    0.0000000000E+00    0.0000000000E+00    0.4471909490E-16    0.4471909493E-16    0.9999999994E+00
    3    0.1214166667E+02   -0.4644557413E+00   -0.5805696766E+00    0.2831755137E+00    0.0000000000E+00    0.0000000000E+00    0.0000000000E+00    0.0000000000E+00    0.0000000000E+00    0.0000000000E+00    0.2579221887E-14    0.2579221887E-14    0.9999999999E+00
    4    0.1214166667E+02   -0.4644557413E+00    0.2322278706E+00    0.3923391856E+00    0.0000000000E+00    0.0000000000E+00    0.0000000000E+00    0.0000000000E+00    0.0000000000E+00    0.0000000000E+00    0.1566035316E-16    0.1566035324E-16    0.9999999952E+00
    1    0.1240000000E+02    0.3483418059E+00    0.2322278706E+00   -0.2876883917E+00    0.0000000000E+00    0.0000000000E+00    0.0000000000E+00    0.0000000000E+00    0.0000000000E+00    0.0000000000E+00    0.7994583980E-14    0.7994583980E-14    0.1000000000E+01
    2    0.1240000000E+02    0.3483418059E+00   -0.5805696766E+00   -0.3446507799E+00    0.0000000000E+00    0.0000000000E+00    0.0000000000E+00    0.0000000000E+00    0.0000000000E+00    0.0000000000E+00    0.2055233905E-14    0.2055233905E-14    0.1000000000E+01
    3    0.1240000000E+02   -0.4644557413E+00   -0.5805696766E+00    0.3516443901E+00    0.0000000000E+00    0.0000000000E+00    0.0000000000E+00    0.0000000000E+00    0.0000000000E+00    0.0000000000E+00    0.8504304672E-16    0.8504304672E-16    0.1000000000E+01
    4    0.1240000000E+02   -0.4644557413E+00    0.2322278706E+00    0.4584088552E+00    0.0000000000E+00    0.0000000000E+00    0.0000000000E+00    0.0000000000E+00    0.0000000000E+00    0.0000000000E+00    0.4383929573E-17    0.4383929604E-17    0.9999999928E+00
    1    0.1265833333E+02    0.3483418059E+00    0.2322278706E+00   -0.2145473602E+00    0.0000000000E+00    0.0000000000E+00    0.0000000000E+00    0.0000000000E+00    0.0000000000E+00    0.0000000000E+00    0.8852340227E-14    0.8852340227E-14    0.1000000000E+01
    2    0.1265833333E+02    0.3483418059E+00   -0.5805696766E+00   -0.2581858257E+00    0.0000000000E+00    0.0000000000E+00    0.0000000000E+00    0.0000000000E+00    0.0000000000E+00    0.0000000000E+00    0.7503865455E-13    0.7503865455E-13    0.1000000000E+01
    3    0.1265833333E+02   -0.4644557413E+00   -0.5805696766E+00    0.4231868099E+00    0.0000000000E+00    0.0000000000E+00    0.0000000000E+00    0.0000000000E+00    0.0000000000E+00    0.0000000000E+00    0.1221568502E-15    0.1221568502E-15    0.1000000000E+01
    4    0.1265833333E+02   -0.4644557413E+00    0.2322278706E+00    0.5255639938E+00    0.0000000000E+00    0.0000000000E+00    0.0000000000E+00    0.0000000000E+00    0.0000000000E+00    0.0000000000E+00    0.9795193831E-15    0.9795193831E-15    0.1000000000E+01
    1    0.1291666667E+02   -0.4644557413E+00   -0.5805696766E+00    0.4961948650E+00    0.0000000000E+00    0.0000000000E+00    0.0000000000E+00    0.0000000000E+00    0.0000000000E+00    0.0000000000E+00    0.3974507474E-14    0.3974507474E-14    0.1000000000E+01
    2    0.1291666667E+02   -0.4644557413E+00    0.2322278706E+00   -0.5546841504E+00    0.0000000000E+00    0.0000000000E+00    0.0000000000E+00    0.0000000000E+00    0.0000000000E+00    0.0000000000E+00    0.3550551584E-14    0.3550551584E-14    0.1000000000E+01
    3    0.1291666667E+02    0.3483418059E+00    0.2322278706E+00   -0.1137780467E+00    0.0000000000E+00    0.0000000000E+00    0.0000000000E+00    0.0000000000E+00    0.0000000000E+00    0.0000000000E+00    0.3250917313E-11    0.3250917313E-11    0.1000000000E+01
    4    0.1291666667E+02    0.3483418059E+00   -0.5805696766E+00   -0.1094106460E+00    0.0000000000E+00    0.0000000000E+00    0.0000000000E+00    0.0000000000E+00    0.0000000000E+00    0.0000000000E+00    0.2848719289E-10    0.2848719289E-10    0.1000000000E+01
    1    0.1317500000E+02   -0.4644557413E+00   -0.5805696766E+00    0.5697831683E+00    0.0000000000E+00    0.0000000000E+00    0.0000000000E+00    0.0000000000E+00    0.0000000000E+00    0.0000000000E+00    0.1257471490E-12    0.1257471490E-12    0.1000000000E+01
    2    0.1317500000E+02   -0.4644557413E+00    0.2322278706E+00   -0.4813899304E+00    0.0000000000E+00    0.0000000000E+00    0.0000000000E+00    0.0000000000E+00    0.0000000000E+00    0.0000000000E+00    0.8089676470E-14    0.8089676470E-14    0.1000000000E+01
    1    0.1343333333E+02   -0.4644557413E+00   -0.5805696766E+00   -0.5050420877E+00    0.0000000000E+00    0.0000000000E+00    0.0000000000E+00    0.0000000000E+00    0.0000000000E+00    0.0000000000E+00    0.2160344319E-13    0.2160344352E-13    0.9999999848E+00
    2    0.1343333333E+02   -0.4644557413E+00    0.2322278706E+00   -0.4001158910E+00    0.0000000000E+00    0.0000000000E+00    0.0000000000E+00    0.0000000000E+00    0.0000000000E+00    0.0000000000E+00    0.5755069902E-14    0.5755070011E-14    0.9999999810E+00
    3    0.1343333333E+02    0.3483418059E+00    0.2322278706E+00    0.3391407596E+00    0.0000000000E+00    0.0000000000E+00    0.0000000000E+00    0.0000000000E+00    0.0000000000E+00    0.0000000000E+00    0.6864228233E-10    0.6864228233E-10    0.1000000000E+01
    4    0.1343333333E+02    0.3483418059E+00    0.2322278706E+00   -0.1010625780E+00    0.0000000000E+00    0.0000000000E+00    0.0000000000E+00    0.0000000000E+00    0.0000000000E+00    0.0000000000E+00    0.4054045828E-09    0.4054045828E-09    0.1000000000E+01
    5    0.1343333333E+02    0.3483418059E+00    0.2322278706E+00   -0.6846706628E-01    0.0000000000E+00    0.0000000000E+00    0.0000000000E+00    0.0000000000E+00    0.0000000000E+00    0.0000000000E+00    0.5072221880E-09    0.5072221880E-09    0.1000000000E+01
    6    0.1343333333E+02   -0.4644557413E+00   -0.5805696766E+00    0.2241032014E+00    0.0000000000E+00    0.0000000000E+00    0.0000000000E+00    0.0000000000E+00    0.0000000000E+00    0.0000000000E+00    0.1338008421E-11    0.1338008421E-11    0.1000000000E+01
    7    0.1343333333E+02   -0.4644557413E+00    0.2322278706E+00    0.1680461530E+00    0.0000000000E+00    0.0000000000E+00    0.0000000000E+00    0.0000000000E+00    0.0000000000E+00    0.0000000000E+00    0.1537304811E-11    0.1537304812E-11    0.9999999998E+00
    8    0.1343333333E+02    0.3483418059E+00    0.2322278706E+00    0.1501008616E+00    0.0000000000E+00    0.0000000000E+00    0.0000000000E+00    0.0000000000E+00    0.0000000000E+00    0.0000000000E+00    0.7569476287E-09    0.7569476287E-09    0.1000000000E+01
    1    0.1369166667E+02   -0.4644557413E+00   -0.5805696766E+00   -0.4262807716E+00    0.0000000000E+00    0.0000000000E+00    0.0000000000E+00    0.0000000000E+00    0.0000000000E+00    0.0000000000E+00    0.1220766496E-10    0.1220766496E-10    0.1000000000E+01
    2    0.1369166667E+02   -0.4644557413E+00    0.2322278706E+00   -0.3009531350E+00    0.0000000000E+00    0.0000000000E+00    0.0000000000E+00    0.0000000000E+00    0.0000000000E+00    0.0000000000E+00    0.2459113020E-12    0.2459113020E-12    0.1000000000E+01
    3    0.1369166667E+02    0.3483418059E+00   -0.5805696766E+00    0.4582618608E+00    0.0000000000E+00    0.0000000000E+00    0.0000000000E+00    0.0000000000E+00    0.0000000000E+00    0.0000000000E+00    0.4070166964E-12    0.4070166964E-12    0.1000000000E+01
    4    0.1369166667E+02   -0.4644557413E+00   -0.5805696766E+00    0.4222047256E+00    0.0000000000E+00    0.0000000000E+00    0.0000000000E+00    0.0000000000E+00    0.0000000000E+00    0.0000000000E+00    0.1238537230E-10    0.1238537230E-10    0.1000000000E+01
    5    0.1369166667E+02   -0.4644557413E+00    0.2322278706E+00    0.3648695837E+00    0.0000000000E+00    0.0000000000E+00    0.0000000000E+00    0.0000000000E+00    0.0000000000E+00    0.0000000000E+00    0.1307295062E-12    0.1307295062E-12    0.1000000000E+01
    6    0.1369166667E+02    0.3483418059E+00   -0.5805696766E+00    0.3032844895E+00    0.0000000000E+00    0.0000000000E+00    0.0000000000E+00    0.0000000000E+00    0.0000000000E+00    0.0000000000E+00    0.5676491172E-13    0.5676491172E-13    0.1000000000E+01
    7    0.1369166667E+02    0.3483418059E+00    0.2322278706E+00    0.1472565692E+00    0.0000000000E+00    0.0000000000E+00    0.0000000000E+00    0.0000000000E+00    0.0000000000E+00    0.0000000000E+00    0.5177320797E-12    0.5177320797E-12    0.1000000000E+01
    8    0.1369166667E+02    0.3483418059E+00    0.2322278706E+00    0.8637740256E-01    0.0000000000E+00    0.0000000000E+00    0.0000000000E+00    0.0000000000E+00    0.0000000000E+00    0.0000000000E+00    0.2731671504E-10    0.2731671504E-10    0.1000000000E+01
    1    0.1395000000E+02   -0.4644557413E+00    0.2322278706E+00   -0.1019637325E+00    0.0000000000E+00    0.0000000000E+00    0.0000000000E+00    0.0000000000E+00    0.0000000000E+00    0.0000000000E+00    0.1744875431E-09    0.1744875431E-09    0.1000000000E+01
    2    0.1395000000E+02   -0.4644557413E+00   -0.5805696766E+00   -0.3392967759E+00    0.0000000000E+00    0.0000000000E+00    0.0000000000E+00    0.0000000000E+00    0.0000000000E+00    0.0000000000E+00    0.1349832736E-11    0.1349832736E-11    0.1000000000E+01
    3    0.1395000000E+02    0.3483418059E+00   -0.5805696766E+00    0.2267391815E+00    0.0000000000E+00    0.0000000000E+00    0.0000000000E+00    0.0000000000E+00    0.0000000000E+00    0.0000000000E+00    0.4585192738E-11    0.4585192738E-11    0.1000000000E+01
    4    0.1395000000E+02   -0.4644557413E+00    0.2322278706E+00    0.2867794407E+00    0.0000000000E+00    0.0000000000E+00    0.0000000000E+00    0.0000000000E+00    0.0000000000E+00    0.0000000000E+00    0.1004765478E-10    0.1004765478E-10    0.1000000000E+01
    5    0.1395000000E+02    0.3483418059E+00   -0.5805696766E+00    0.3250540178E+00    0.0000000000E+00    0.0000000000E+00    0.0000000000E+00    0.0000000000E+00    0.0000000000E+00    0.0000000000E+00    0.2807896717E-11    0.2807896717E-11    0.1000000000E+01
    6    0.1395000000E+02   -0.4644557413E+00   -0.5805696766E+00    0.4073492289E+00    0.0000000000E+00    0.0000000000E+00    0.0000000000E+00    0.0000000000E+00    0.0000000000E+00    0.0000000000E+00    0.1117608518E-11    0.1117608518E-11    0.1000000000E+01
    7    0.1395000000E+02   -0.4644557413E+00    0.2322278706E+00    0.5377184630E+00    0.0000000000E+00    0.0000000000E+00    0.0000000000E+00    0.0000000000E+00    0.0000000000E+00    0.0000000000E+00    0.8172486337E-12    0.8172486337E-12    0.1000000000E+01
    1    0.1420833333E+02   -0.4644557413E+00   -0.5805696766E+00   -0.2193624541E+00    0.0000000000E+00    0.0000000000E+00    0.0000000000E+00    0.0000000000E+00    0.0000000000E+00    0.0000000000E+00    0.5381772157E-12    0.5381772157E-12    0.1000000000E+01
    2    0.1420833333E+02   -0.4644557413E+00    0.2322278706E+00   -0.3616281226E+00    0.0000000000E+00    0.0000000000E+00    0.0000000000E+00    0.0000000000E+00    0.0000000000E+00    0.0000000000E+00    0.1927576899E-11    0.1927576899E-11    0.1000000000E+01
    3    0.1420833333E+02   -0.4644557413E+00   -0.5805696766E+00   -0.4022536248E+00    0.0000000000E+00    0.0000000000E+00    0.0000000000E+00    0.0000000000E+00    0.0000000000E+00    0.0000000000E+00    0.3957783901E-12    0.3957783901E-12    0.1000000000E+01
    4    0.1420833333E+02   -0.4644557413E+00   -0.5805696766E+00   -0.5181336900E+00    0.0000000000E+00    0.0000000000E+00    0.0000000000E+00    0.0000000000E+00    0.0000000000E+00    0.0000000000E+00    0.6160903071E-12    0.6160903072E-12    0.1000000000E+01
    5    0.1420833333E+02   -0.4644557413E+00    0.2322278706E+00   -0.4586032853E+00    0.0000000000E+00    0.0000000000E+00    0.0000000000E+00    0.0000000000E+00    0.0000000000E+00    0.0000000000E+00    0.1814646715E-11    0.1814646715E-11    0.1000000000E+01
    1    0.1446666667E+02   -0.4644557413E+00   -0.5805696766E+00   -0.2604513854E+00    0.0000000000E+00    0.0000000000E+00    0.0000000000E+00    0.0000000000E+00    0.0000000000E+00    0.0000000000E+00    0.4705692328E-12    0.4705692328E-12    0.1000000000E+01
    2    0.1446666667E+02   -0.4644557413E+00   -0.5805696766E+00   -0.1368285186E+00    0.0000000000E+00    0.0000000000E+00    0.0000000000E+00    0.0000000000E+00    0.0000000000E+00    0.0000000000E+00    0.6244643153E-11    0.6244643153E-11    0.1000000000E+01
