    1    0.1808333333E+01    0.0000000000E+00   -0.5805696766E+00    0.6985160501E-01    0.0000000000E+00    0.0000000000E+00    0.0000000000E+00    0.0000000000E+00    0.0000000000E+00    0.0000000000E+00    0.9575594136E-12    0.9575594136E-12    0.1000000000E+01
    1    0.2066666667E+01    0.0000000000E+00   -0.5805696766E+00    0.2015459857E+00    0.0000000000E+00    0.0000000000E+00    0.0000000000E+00    0.0000000000E+00    0.0000000000E+00    0.0000000000E+00    0.7202234647E-15    0.7202234647E-15    0.1000000000E+01
    1    0.2325000000E+01    0.0000000000E+00   -0.5805696766E+00    0.2887357586E+00    0.0000000000E+00    0.0000000000E+00    0.0000000000E+00    0.0000000000E+00    0.0000000000E+00    0.0000000000E+00    0.9773124561E-14    0.9773124561E-14    0.1000000000E+01
    2    0.2325000000E+01    0.0000000000E+00   -0.5805696766E+00   -0.1564621459E+00    0.0000000000E+00    0.0000000000E+00    0.0000000000E+00    0.0000000000E+00    0.0000000000E+00    0.0000000000E+00    0.2805634752E-12    0.2805634752E-12    0.1000000000E+01
    3    0.2325000000E+01    0.0000000000E+00   -0.5805696766E+00    0.2757621280E+00    0.0000000000E+00    0.0000000000E+00    0.0000000000E+00    0.0000000000E+00    0.0000000000E+00    0.0000000000E+00    0.2782082551E-12    0.2782082551E-12    0.1000000000E+01
    1    0.2583333333E+01    0.0000000000E+00    0.2322278706E+00    0.2618195716E+00    0.0000000000E+00    0.0000000000E+00    0.0000000000E+00    0.0000000000E+00    0.0000000000E+00    0.0000000000E+00    0.6455921804E-13    0.6455921804E-13    0.1000000000E+01
    2    0.2583333333E+01    0.0000000000E+00   -0.5805696766E+00    0.3665408540E+00    0.0000000000E+00    0.0000000000E+00    0.0000000000E+00    0.0000000000E+00    0.0000000000E+00    0.0000000000E+00    0.3921243984E-15    0.3921243984E-15    0.1000000000E+01
    3    0.2583333333E+01    0.0000000000E+00   -0.5805696766E+00   -0.8261979125E-01    0.0000000000E+00    0.0000000000E+00    0.0000000000E+00    0.0000000000E+00    0.0000000000E+00    0.0000000000E+00    0.9468320717E-13    0.9468320717E-13    0.1000000000E+01
    4    0.2583333333E+01    0.0000000000E+00   -0.5805696766E+00    0.3368390861E+00    0.0000000000E+00    0.0000000000E+00    0.0000000000E+00    0.0000000000E+00    0.0000000000E+00    0.0000000000E+00    0.3356751903E-13    0.3356751903E-13    0.1000000000E+01
    1    0.2841666667E+01    0.0000000000E+00   -0.5805696766E+00    0.4419404228E+00    0.0000000000E+00    0.0000000000E+00    0.0000000000E+00    0.0000000000E+00    0.0000000000E+00    0.0000000000E+00    0.2776115725E-14    0.2776115725E-14    0.1000000000E+01
    2    0.2841666667E+01    0.0000000000E+00    0.2322278706E+00    0.4117919685E+00    0.0000000000E+00    0.0000000000E+00    0.0000000000E+00    0.0000000000E+00    0.0000000000E+00    0.0000000000E+00    0.2171210627E-14    0.2171210627E-14    0.1000000000E+01
    3    0.2841666667E+01    0.0000000000E+00    0.2322278706E+00   -0.2263630020E+00    0.0000000000E+00    0.0000000000E+00    0.0000000000E+00    0.0000000000E+00    0.0000000000E+00    0.0000000000E+00    0.2779221154E-12    0.2779221154E-12    0.1000000000E+01
    4    0.2841666667E+01    0.0000000000E+00    0.2322278706E+00    0.3718691427E+00    0.0000000000E+00    0.0000000000E+00    0.0000000000E+00    0.0000000000E+00    0.0000000000E+00    0.0000000000E+00    0.2835273063E-12    0.2835273063E-12    0.1000000000E+01
    5    0.2841666667E+01    0.0000000000E+00   -0.5805696766E+00    0.3798127156E+00    0.0000000000E+00    0.0000000000E+00    0.0000000000E+00    0.0000000000E+00    0.0000000000E+00    0.0000000000E+00    0.1223077238E-21    0.1242352066E-21    0.9844852126E+00
    1    0.3100000000E+01    0.0000000000E+00    0.2322278706E+00    0.5280398227E+00    0.0000000000E+00    0.0000000000E+00    0.0000000000E+00    0.0000000000E+00    0.0000000000E+00    0.0000000000E+00    0.7498187951E-14    0.7498187951E-14    0.1000000000E+01
    2    0.3100000000E+01    0.0000000000E+00   -0.5805696766E+00    0.5185847469E+00    0.0000000000E+00    0.0000000000E+00    0.0000000000E+00    0.0000000000E+00    0.0000000000E+00    0.0000000000E+00    0.1091194525E-13    0.1091194525E-13    0.1000000000E+01
    3    0.3100000000E+01    0.0000000000E+00    0.2322278706E+00   -0.1628311005E+00    0.0000000000E+00    0.0000000000E+00    0.0000000000E+00    0.0000000000E+00    0.0000000000E+00    0.0000000000E+00    0.2996844485E-13    0.2996844486E-13    0.9999999997E+00
    4    0.3100000000E+01    0.0000000000E+00    0.2322278706E+00    0.4330805824E+00    0.0000000000E+00    0.0000000000E+00    0.0000000000E+00    0.0000000000E+00    0.0000000000E+00    0.0000000000E+00    0.2576894764E-13    0.2576894765E-13    0.9999999997E+00
    5    0.3100000000E+01    0.0000000000E+00   -0.5805696766E+00    0.4172144527E+00    0.0000000000E+00    0.0000000000E+00    0.0000000000E+00    0.0000000000E+00    0.0000000000E+00    0.0000000000E+00    0.4611262651E-17    0.4611262691E-17    0.9999999914E+00
    1    0.3358333333E+01    0.0000000000E+00    0.2322278706E+00   -0.5190633558E+00    0.0000000000E+00    0.0000000000E+00    0.0000000000E+00    0.0000000000E+00    0.0000000000E+00    0.0000000000E+00    0.1840405867E-14    0.1840405867E-14    0.1000000000E+01
    2    0.3358333333E+01    0.0000000000E+00   -0.5805696766E+00   -0.5524864895E+00    0.0000000000E+00    0.0000000000E+00    0.0000000000E+00    0.0000000000E+00    0.0000000000E+00    0.0000000000E+00    0.7363653096E-13    0.7363653096E-13    0.1000000000E+01
    3    0.3358333333E+01    0.0000000000E+00    0.2322278706E+00   -0.1123636992E+00    0.0000000000E+00    0.0000000000E+00    0.0000000000E+00    0.0000000000E+00    0.0000000000E+00    0.0000000000E+00    0.2748355224E-13    0.2748355224E-13    0.1000000000E+01
    4    0.3358333333E+01    0.0000000000E+00   -0.5805696766E+00    0.4521255326E+00    0.0000000000E+00    0.0000000000E+00    0.0000000000E+00    0.0000000000E+00    0.0000000000E+00    0.0000000000E+00    0.5307768637E-16    0.5307768637E-16    0.1000000000E+01
    5    0.3358333333E+01    0.0000000000E+00    0.2322278706E+00    0.4783777455E+00    0.0000000000E+00    0.0000000000E+00    0.0000000000E+00    0.0000000000E+00    0.0000000000E+00    0.0000000000E+00    0.6600574973E-16    0.6600574973E-16    0.1000000000E+01
    1    0.3616666667E+01    0.0000000000E+00   -0.5805696766E+00   -0.4640099582E+00    0.0000000000E+00    0.0000000000E+00    0.0000000000E+00    0.0000000000E+00    0.0000000000E+00    0.0000000000E+00    0.6429981140E-18    0.6429981167E-18    0.9999999957E+00
    2    0.3616666667E+01    0.0000000000E+00    0.2322278706E+00   -0.4210106413E+00    0.0000000000E+00    0.0000000000E+00    0.0000000000E+00    0.0000000000E+00    0.0000000000E+00    0.0000000000E+00    0.8695227365E-15    0.8695227365E-15    0.1000000000E+01
    3    0.3616666667E+01    0.0000000000E+00    0.2322278706E+00   -0.5800612984E-01    0.0000000000E+00    0.0000000000E+00    0.0000000000E+00    0.0000000000E+00    0.0000000000E+00    0.0000000000E+00    0.2437265451E-12    0.2437265451E-12    0.1000000000E+01
    4    0.3616666667E+01    0.0000000000E+00    0.2322278706E+00    0.5182933039E+00    0.0000000000E+00    0.0000000000E+00    0.0000000000E+00    0.0000000000E+00    0.0000000000E+00    0.0000000000E+00    0.1836893125E-13    0.1836893125E-13    0.1000000000E+01
    5    0.3616666667E+01    0.0000000000E+00   -0.5805696766E+00    0.4859577851E+00    0.0000000000E+00    0.0000000000E+00    0.0000000000E+00    0.0000000000E+00    0.0000000000E+00    0.0000000000E+00    0.1775148634E-15    0.1775148634E-15    0.1000000000E+01
    1    0.3875000000E+01    0.0000000000E+00    0.2322278706E+00   -0.3193727441E+00    0.0000000000E+00    0.0000000000E+00    0.0000000000E+00    0.0000000000E+00    0.0000000000E+00    0.0000000000E+00    0.1577686086E-13    0.1577686086E-13    0.1000000000E+01
    2    0.3875000000E+01    0.0000000000E+00   -0.5805696766E+00   -0.3630507091E+00    0.0000000000E+00    0.0000000000E+00    0.0000000000E+00    0.0000000000E+00    0.0000000000E+00    0.0000000000E+00    0.1175715063E-14    0.1175715063E-14    0.1000000000E+01
    3    0.3875000000E+01    0.0000000000E+00   -0.5805696766E+00    0.5196002189E+00    0.0000000000E+00    0.0000000000E+00    0.0000000000E+00    0.0000000000E+00    0.0000000000E+00    0.0000000000E+00    0.3543083363E-15    0.3543083363E-15    0.1000000000E+01
    4    0.3875000000E+01    0.0000000000E+00    0.2322278706E+00    0.5558769294E+00    0.0000000000E+00    0.0000000000E+00    0.0000000000E+00    0.0000000000E+00    0.0000000000E+00    0.0000000000E+00    0.3982412576E-14    0.3982412576E-14    0.1000000000E+01
    1    0.4133333333E+01    0.8127975472E+00   -0.5805696766E+00    0.5048047637E+00    0.8127975472E+00   -0.5805696766E+00    0.5048047637E+00    0.0000000000E+00    0.0000000000E+00    0.0000000000E+00    0.2114469886E-11    0.2114469886E-11    0.1000000000E+01
    2    0.4133333333E+01    0.0000000000E+00   -0.5805696766E+00   -0.2315044880E+00    0.0000000000E+00    0.0000000000E+00    0.0000000000E+00    0.0000000000E+00    0.0000000000E+00    0.0000000000E+00    0.6397276736E-13    0.6397276736E-13    0.1000000000E+01
    3    0.4133333333E+01    0.0000000000E+00    0.2322278706E+00   -0.1973102428E+00    0.0000000000E+00    0.0000000000E+00    0.0000000000E+00    0.0000000000E+00    0.0000000000E+00    0.0000000000E+00    0.1899008769E-14    0.1899008769E-14    0.1000000000E+01
    4    0.4133333333E+01    0.8127975472E+00   -0.5805696766E+00   -0.2170599095E+00    0.8127975472E+00   -0.5805696766E+00   -0.2170599095E+00    0.0000000000E+00    0.0000000000E+00    0.0000000000E+00    0.7198001084E-13    0.7198001084E-13    0.1000000000E+01
    5    0.4133333333E+01    0.8127975472E+00   -0.5805696766E+00    0.5335221695E+00    0.8127975472E+00   -0.5805696766E+00    0.5335221695E+00    0.0000000000E+00    0.0000000000E+00    0.0000000000E+00    0.6136166550E-11    0.6136166550E-11    0.1000000000E+01
    6    0.4133333333E+01    0.0000000000E+00    0.2322278706E+00   -0.5576401886E+00    0.0000000000E+00    0.0000000000E+00    0.0000000000E+00    0.0000000000E+00    0.0000000000E+00    0.0000000000E+00    0.5493599490E-14    0.5493599490E-14    0.1000000000E+01
    7    0.4133333333E+01    0.0000000000E+00   -0.5805696766E+00    0.5537943718E+00    0.0000000000E+00    0.0000000000E+00    0.0000000000E+00    0.0000000000E+00    0.0000000000E+00    0.0000000000E+00    0.9800405617E-15    0.9800405739E-15    0.9999999876E+00
    8    0.4133333333E+01    0.8127975472E+00   -0.5805696766E+00   -0.2079714687E+00    0.8127975472E+00   -0.5805696766E+00   -0.2079714687E+00    0.0000000000E+00    0.0000000000E+00    0.0000000000E+00    0.4814086274E-12    0.4814086274E-12    0.1000000000E+01
    1    0.4391666667E+01    0.8127975472E+00    0.2322278706E+00    0.3891114574E+00    0.8127975472E+00    0.2322278706E+00    0.3891114574E+00    0.0000000000E+00    0.0000000000E+00    0.0000000000E+00    0.3172608589E-12    0.3172608589E-12    0.1000000000E+01
    2    0.4391666667E+01    0.8127975472E+00   -0.5805696766E+00   -0.1357135800E+00    0.8127975472E+00   -0.5805696766E+00   -0.1357135800E+00    0.0000000000E+00    0.0000000000E+00    0.0000000000E+00    0.6669910876E-14    0.6669910876E-14    0.1000000000E+01
    3    0.4391666667E+01    0.8127975472E+00    0.2322278706E+00   -0.1283626596E+00    0.8127975472E+00    0.2322278706E+00   -0.1283626596E+00    0.0000000000E+00    0.0000000000E+00    0.0000000000E+00    0.3092805955E-12    0.3092805955E-12    0.1000000000E+01
    4    0.4391666667E+01    0.8127975472E+00    0.2322278706E+00    0.4013097569E+00    0.8127975472E+00    0.2322278706E+00    0.4013097569E+00    0.0000000000E+00    0.0000000000E+00    0.0000000000E+00    0.1913534734E-12    0.1913534734E-12    0.1000000000E+01
    5    0.4391666667E+01    0.0000000000E+00   -0.5805696766E+00    0.5363675252E-01    0.0000000000E+00    0.0000000000E+00    0.0000000000E+00    0.0000000000E+00    0.0000000000E+00    0.0000000000E+00    0.3079671074E-12    0.3079671074E-12    0.1000000000E+01
    6    0.4391666667E+01    0.0000000000E+00   -0.5805696766E+00   -0.5603073710E+00    0.0000000000E+00    0.0000000000E+00    0.0000000000E+00    0.0000000000E+00    0.0000000000E+00    0.0000000000E+00    0.2554446558E-13    0.2554446558E-13    0.1000000000E+01
    7    0.4391666667E+01    0.0000000000E+00    0.2322278706E+00   -0.5211660489E+00    0.0000000000E+00    0.0000000000E+00    0.0000000000E+00    0.0000000000E+00    0.0000000000E+00    0.0000000000E+00    0.1083134385E-14    0.1083134385E-14    0.9999999999E+00
    8    0.4391666667E+01    0.8127975472E+00    0.2322278706E+00   -0.1189640387E+00    0.8127975472E+00    0.2322278706E+00   -0.1189640387E+00    0.0000000000E+00    0.0000000000E+00    0.0000000000E+00    0.1737961356E-12    0.1737961356E-12    0.1000000000E+01
    9    0.4391666667E+01    0.8127975472E+00   -0.5805696766E+00   -0.1303380306E+00    0.8127975472E+00   -0.5805696766E+00   -0.1303380306E+00    0.0000000000E+00    0.0000000000E+00    0.0000000000E+00    0.7410229515E-14    0.7410229515E-14    0.1000000000E+01
    1    0.4650000000E+01    0.8127975472E+00    0.2322278706E+00    0.4923068228E+00    0.8127975472E+00    0.2322278706E+00    0.4923068228E+00    0.0000000000E+00    0.0000000000E+00    0.0000000000E+00    0.6941497283E-12    0.6941497283E-12    0.1000000000E+01
    2    0.4650000000E+01    0.8127975472E+00   -0.5805696766E+00   -0.6920491247E-01    0.8127975472E+00   -0.5805696766E+00   -0.6920491247E-01    0.0000000000E+00    0.0000000000E+00    0.0000000000E+00    0.9639325836E-13    0.9639325836E-13    0.1000000000E+01
    3    0.4650000000E+01    0.8127975472E+00    0.2322278706E+00   -0.4359838422E-01    0.8127975472E+00    0.2322278706E+00   -0.4359838422E-01    0.0000000000E+00    0.0000000000E+00    0.0000000000E+00    0.6150499103E-13    0.6150499103E-13    0.1000000000E+01
    4    0.4650000000E+01    0.8127975472E+00    0.2322278706E+00    0.5054769934E+00    0.8127975472E+00    0.2322278706E+00    0.5054769934E+00    0.0000000000E+00    0.0000000000E+00    0.0000000000E+00    0.1164522469E-11    0.1164522469E-11    0.1000000000E+01
    5    0.4650000000E+01    0.0000000000E+00   -0.5805696766E+00   -0.5225253258E+00    0.0000000000E+00    0.0000000000E+00    0.0000000000E+00    0.0000000000E+00    0.0000000000E+00    0.0000000000E+00    0.5746313992E-14    0.5746313992E-14    0.9999999999E+00
    6    0.4650000000E+01    0.0000000000E+00    0.2322278706E+00   -0.4841447092E+00    0.0000000000E+00    0.0000000000E+00    0.0000000000E+00    0.0000000000E+00    0.0000000000E+00    0.0000000000E+00    0.1050451221E-14    0.1050451221E-14    0.1000000000E+01
    7    0.4650000000E+01    0.0000000000E+00   -0.5805696766E+00    0.1007072781E+00    0.0000000000E+00    0.0000000000E+00    0.0000000000E+00    0.0000000000E+00    0.0000000000E+00    0.0000000000E+00    0.4393754932E-13    0.4393754932E-13    0.1000000000E+01
    8    0.4650000000E+01    0.8127975472E+00   -0.5805696766E+00   -0.6519059310E-01    0.8127975472E+00   -0.5805696766E+00   -0.6519059310E-01    0.0000000000E+00    0.0000000000E+00    0.0000000000E+00    0.9990923687E-13    0.9990923687E-13    0.1000000000E+01
    9    0.4650000000E+01    0.8127975472E+00    0.2322278706E+00   -0.3785606573E-01    0.8127975472E+00    0.2322278706E+00   -0.3785606573E-01    0.0000000000E+00    0.0000000000E+00    0.0000000000E+00    0.1105554638E-12    0.1105554638E-12    0.1000000000E+01
    1    0.4908333333E+01    0.8127975472E+00    0.2322278706E+00    0.2252736826E-01    0.8127975472E+00    0.2322278706E+00    0.2252736826E-01    0.0000000000E+00    0.0000000000E+00    0.0000000000E+00    0.3663353097E-14    0.3663353098E-14    0.9999999996E+00
    2    0.4908333333E+01    0.0000000000E+00   -0.5805696766E+00    0.1389072725E+00    0.0000000000E+00    0.0000000000E+00    0.0000000000E+00    0.0000000000E+00    0.0000000000E+00    0.0000000000E+00    0.8950448830E-14    0.8950448930E-14    0.9999999888E+00
    3    0.4908333333E+01    0.8127975472E+00    0.2322278706E+00    0.2691014686E-01    0.8127975472E+00    0.2322278706E+00    0.2691014686E-01    0.0000000000E+00    0.0000000000E+00    0.0000000000E+00    0.4177939236E-14    0.4177939241E-14    0.9999999987E+00
    4    0.4908333333E+01    0.0000000000E+00    0.2322278706E+00   -0.4456210367E+00    0.0000000000E+00    0.0000000000E+00    0.0000000000E+00    0.0000000000E+00    0.0000000000E+00    0.0000000000E+00    0.1062623224E-14    0.1062623234E-14    0.9999999910E+00
    5    0.4908333333E+01    0.0000000000E+00   -0.5805696766E+00   -0.4809494928E+00    0.0000000000E+00    0.0000000000E+00    0.0000000000E+00    0.0000000000E+00    0.0000000000E+00    0.0000000000E+00    0.5041029191E-14    0.5041029215E-14    0.9999999953E+00
    1    0.5166666667E+01    0.8127975472E+00   -0.5805696766E+00   -0.4893534971E+00    0.8127975472E+00   -0.5805696766E+00   -0.4893534971E+00    0.0000000000E+00    0.0000000000E+00    0.0000000000E+00    0.6899459293E-12    0.6899459293E-12    0.1000000000E+01
    2    0.5166666667E+01    0.8127975472E+00   -0.5805696766E+00    0.2268137992E-01    0.8127975472E+00   -0.5805696766E+00    0.2268137992E-01    0.0000000000E+00    0.0000000000E+00    0.0000000000E+00    0.1678375878E-11    0.1678375878E-11    0.1000000000E+01
    3    0.5166666667E+01    0.8127975472E+00    0.2322278706E+00    0.8327606999E-01    0.8127975472E+00    0.2322278706E+00    0.8327606999E-01    0.0000000000E+00    0.0000000000E+00    0.0000000000E+00    0.1134885563E-14    0.1134885567E-14    0.9999999963E+00
    4    0.5166666667E+01    0.8127975472E+00   -0.5805696766E+00   -0.4877810432E+00    0.8127975472E+00   -0.5805696766E+00   -0.4877810432E+00    0.0000000000E+00    0.0000000000E+00    0.0000000000E+00    0.6861798043E-12    0.6861798044E-12    0.1000000000E+01
    5    0.5166666667E+01    0.0000000000E+00    0.2322278706E+00   -0.4044570387E+00    0.0000000000E+00    0.0000000000E+00    0.0000000000E+00    0.0000000000E+00    0.0000000000E+00    0.0000000000E+00    0.3240145241E-15    0.3240145245E-15    0.9999999989E+00
    6    0.5166666667E+01    0.0000000000E+00   -0.5805696766E+00   -0.4325857914E+00    0.0000000000E+00    0.0000000000E+00    0.0000000000E+00    0.0000000000E+00    0.0000000000E+00    0.0000000000E+00    0.1247799218E-13    0.1247799218E-13    0.9999999999E+00
    7    0.5166666667E+01    0.0000000000E+00   -0.5805696766E+00    0.1745284648E+00    0.0000000000E+00    0.0000000000E+00    0.0000000000E+00    0.0000000000E+00    0.0000000000E+00    0.0000000000E+00    0.8366989903E-14    0.8366989913E-14    0.9999999987E+00
    8    0.5166666667E+01    0.8127975472E+00    0.2322278706E+00    0.8701418616E-01    0.8127975472E+00    0.2322278706E+00    0.8701418616E-01    0.0000000000E+00    0.0000000000E+00    0.0000000000E+00    0.1136732685E-14    0.1136732685E-14    0.9999999999E+00
    9    0.5166666667E+01    0.8127975472E+00   -0.5805696766E+00    0.2993018509E-01    0.8127975472E+00   -0.5805696766E+00    0.2993018509E-01    0.0000000000E+00    0.0000000000E+00    0.0000000000E+00    0.8493476919E-12    0.8493476919E-12    0.1000000000E+01
    1    0.5425000000E+01    0.8127975472E+00   -0.5805696766E+00   -0.4018058645E+00    0.8127975472E+00   -0.5805696766E+00   -0.4018058645E+00    0.0000000000E+00    0.0000000000E+00    0.0000000000E+00    0.1043044525E-12    0.1043044525E-12    0.1000000000E+01
    2    0.5425000000E+01    0.8127975472E+00   -0.5805696766E+00    0.1017050922E+00    0.8127975472E+00   -0.5805696766E+00    0.1017050922E+00    0.0000000000E+00    0.0000000000E+00    0.0000000000E+00    0.1543269279E-12    0.1543269279E-12    0.1000000000E+01
    3    0.5425000000E+01    0.8127975472E+00    0.2322278706E+00    0.1444522422E+00    0.8127975472E+00    0.2322278706E+00    0.1444522422E+00    0.0000000000E+00    0.0000000000E+00    0.0000000000E+00    0.7350298238E-15    0.7350298239E-15    0.9999999998E+00
    4    0.5425000000E+01    0.8127975472E+00   -0.5805696766E+00   -0.3993969878E+00    0.8127975472E+00   -0.5805696766E+00   -0.3993969878E+00    0.0000000000E+00    0.0000000000E+00    0.0000000000E+00    0.1257471507E-12    0.1257471507E-12    0.1000000000E+01
    5    0.5425000000E+01    0.0000000000E+00   -0.5805696766E+00   -0.3698895296E+00    0.0000000000E+00    0.0000000000E+00    0.0000000000E+00    0.0000000000E+00    0.0000000000E+00    0.0000000000E+00    0.1559343725E-13    0.1559343725E-13    0.1000000000E+01
    6    0.5425000000E+01    0.0000000000E+00    0.2322278706E+00   -0.3588172979E+00    0.0000000000E+00    0.0000000000E+00    0.0000000000E+00    0.0000000000E+00    0.0000000000E+00    0.0000000000E+00    0.9781051431E-15    0.9781051445E-15    0.9999999985E+00
    7    0.5425000000E+01    0.0000000000E+00   -0.5805696766E+00    0.2092945463E+00    0.0000000000E+00    0.0000000000E+00    0.0000000000E+00    0.0000000000E+00    0.0000000000E+00    0.0000000000E+00    0.1522772853E-13    0.1522772853E-13    0.1000000000E+01
    8    0.5425000000E+01    0.8127975472E+00    0.2322278706E+00    0.1478881617E+00    0.8127975472E+00    0.2322278706E+00    0.1478881617E+00    0.0000000000E+00    0.0000000000E+00    0.0000000000E+00    0.7138317684E-15    0.7138317690E-15    0.9999999991E+00
    9    0.5425000000E+01    0.8127975472E+00   -0.5805696766E+00    0.1059228443E+00    0.8127975472E+00   -0.5805696766E+00    0.1059228443E+00    0.0000000000E+00    0.0000000000E+00    0.0000000000E+00    0.1637411349E-12    0.1637411349E-12    0.1000000000E+01
    1    0.5683333333E+01    0.8127975472E+00    0.2322278706E+00   -0.5372926336E+00    0.8127975472E+00    0.2322278706E+00   -0.5372926336E+00    0.0000000000E+00    0.0000000000E+00    0.0000000000E+00    0.1026386268E-10    0.1026386269E-10    0.9999999990E+00
    2    0.5683333333E+01    0.8127975472E+00   -0.5805696766E+00   -0.2569997170E+00    0.8127975472E+00   -0.5805696766E+00   -0.2569997170E+00    0.0000000000E+00    0.0000000000E+00    0.0000000000E+00    0.3161285598E-09    0.3161285598E-09    0.1000000000E+01
    3    0.5683333333E+01    0.8127975472E+00    0.2322278706E+00    0.2140412638E+00    0.8127975472E+00    0.2322278706E+00    0.2140412638E+00    0.0000000000E+00    0.0000000000E+00    0.0000000000E+00    0.2794665583E-12    0.2794666215E-12    0.9999997737E+00
    4    0.5683333333E+01    0.8127975472E+00   -0.5805696766E+00    0.2385433597E+00    0.8127975472E+00   -0.5805696766E+00    0.2385433597E+00    0.0000000000E+00    0.0000000000E+00    0.0000000000E+00    0.3015878391E-09    0.3015878391E-09    0.1000000000E+01
    5    0.5683333333E+01    0.8127975472E+00    0.2322278706E+00   -0.5343624736E+00    0.8127975472E+00    0.2322278706E+00   -0.5343624736E+00    0.0000000000E+00    0.0000000000E+00    0.0000000000E+00    0.8501284235E-11    0.8501284237E-11    0.9999999998E+00
    6    0.5683333333E+01    0.0000000000E+00    0.2322278706E+00    0.7883583229E-01    0.0000000000E+00    0.0000000000E+00    0.0000000000E+00    0.0000000000E+00    0.0000000000E+00    0.0000000000E+00    0.2207664397E-12    0.2208149427E-12    0.9997803453E+00
    7    0.5683333333E+01    0.0000000000E+00    0.2322278706E+00   -0.3050243127E+00    0.0000000000E+00    0.0000000000E+00    0.0000000000E+00    0.0000000000E+00    0.0000000000E+00    0.0000000000E+00    0.2058562221E-13    0.2068407423E-13    0.9952402015E+00
    8    0.5683333333E+01    0.0000000000E+00   -0.5805696766E+00   -0.2521886661E+00    0.0000000000E+00    0.0000000000E+00    0.0000000000E+00    0.0000000000E+00    0.0000000000E+00    0.0000000000E+00    0.6821820772E-12    0.6821820881E-12    0.9999999841E+00
    9    0.5683333333E+01    0.8127975472E+00    0.2322278706E+00    0.2176702356E+00    0.8127975472E+00    0.2322278706E+00    0.2176702356E+00    0.0000000000E+00    0.0000000000E+00    0.0000000000E+00    0.1066842471E-11    0.1066842475E-11    0.9999999955E+00
   10    0.5683333333E+01    0.0000000000E+00   -0.5805696766E+00    0.2440760342E+00    0.0000000000E+00    0.0000000000E+00    0.0000000000E+00    0.0000000000E+00    0.0000000000E+00    0.0000000000E+00    0.1321675838E-12    0.1321680665E-12    0.9999963483E+00
    1    0.5941666667E+01    0.0000000000E+00    0.2322278706E+00   -0.2329478711E+00    0.0000000000E+00    0.0000000000E+00    0.0000000000E+00    0.0000000000E+00    0.0000000000E+00    0.0000000000E+00    0.6307416544E-13    0.6307416544E-13    0.1000000000E+01
    2    0.5941666667E+01    0.0000000000E+00    0.2322278706E+00    0.1202107087E+00    0.0000000000E+00    0.0000000000E+00    0.0000000000E+00    0.0000000000E+00    0.0000000000E+00    0.0000000000E+00    0.4016151461E-13    0.4016151461E-13    0.1000000000E+01
    3    0.5941666667E+01    0.0000000000E+00   -0.5805696766E+00    0.2792108375E+00    0.0000000000E+00    0.0000000000E+00    0.0000000000E+00    0.0000000000E+00    0.0000000000E+00    0.0000000000E+00    0.1021112552E-14    0.1021112552E-14    0.1000000000E+01
    1    0.6200000000E+01    0.0000000000E+00    0.2322278706E+00   -0.6440041197E-01    0.0000000000E+00    0.0000000000E+00    0.0000000000E+00    0.0000000000E+00    0.0000000000E+00    0.0000000000E+00    0.5608891106E-10    0.5608891106E-10    0.1000000000E+01
    2    0.6200000000E+01    0.0000000000E+00   -0.5805696766E+00    0.3152908017E+00    0.0000000000E+00    0.0000000000E+00    0.0000000000E+00    0.0000000000E+00    0.0000000000E+00    0.0000000000E+00    0.5467444976E-15    0.5467444976E-15    0.1000000000E+01
    3    0.6200000000E+01    0.0000000000E+00    0.2322278706E+00    0.1569820474E+00    0.0000000000E+00    0.0000000000E+00    0.0000000000E+00    0.0000000000E+00    0.0000000000E+00    0.0000000000E+00    0.1956718761E-12    0.1956718761E-12    0.1000000000E+01
    1    0.6458333333E+01    0.0000000000E+00   -0.5805696766E+00    0.3526285031E+00    0.0000000000E+00    0.0000000000E+00    0.0000000000E+00    0.0000000000E+00    0.0000000000E+00    0.0000000000E+00    0.1014303470E-15    0.1014303470E-15    0.9999999998E+00
    2    0.6458333333E+01    0.0000000000E+00    0.2322278706E+00    0.1923764016E+00    0.0000000000E+00    0.0000000000E+00    0.0000000000E+00    0.0000000000E+00    0.0000000000E+00    0.0000000000E+00    0.1649275777E-17    0.1649276633E-17    0.9999994812E+00
    1    0.6716666667E+01    0.0000000000E+00   -0.5805696766E+00    0.3916083003E+00    0.0000000000E+00    0.0000000000E+00    0.0000000000E+00    0.0000000000E+00    0.0000000000E+00    0.0000000000E+00    0.5296512729E-17    0.5296512799E-17    0.9999999867E+00
    2    0.6716666667E+01    0.0000000000E+00    0.2322278706E+00    0.2275721467E+00    0.0000000000E+00    0.0000000000E+00    0.0000000000E+00    0.0000000000E+00    0.0000000000E+00    0.0000000000E+00    0.1837546332E-14    0.1837546332E-14    0.9999999999E+00
    1    0.6975000000E+01    0.0000000000E+00   -0.5805696766E+00    0.4326375809E+00    0.0000000000E+00    0.0000000000E+00    0.0000000000E+00    0.0000000000E+00    0.0000000000E+00    0.0000000000E+00    0.8530633698E-16    0.8530633794E-16    0.9999999887E+00
    2    0.6975000000E+01    0.0000000000E+00    0.2322278706E+00    0.2633169667E+00    0.0000000000E+00    0.0000000000E+00    0.0000000000E+00    0.0000000000E+00    0.0000000000E+00    0.0000000000E+00    0.3517980504E-14    0.3517980526E-14    0.9999999935E+00
    1    0.7233333333E+01    0.0000000000E+00   -0.5805696766E+00    0.4761337485E+00    0.0000000000E+00    0.0000000000E+00    0.0000000000E+00    0.0000000000E+00    0.0000000000E+00    0.0000000000E+00    0.8256893514E-16    0.8256893514E-16    0.1000000000E+01
    2    0.7233333333E+01    0.0000000000E+00    0.2322278706E+00    0.3002054341E+00    0.0000000000E+00    0.0000000000E+00    0.0000000000E+00    0.0000000000E+00    0.0000000000E+00    0.0000000000E+00    0.3024370397E-14    0.3024370397E-14    0.1000000000E+01
    1    0.7491666667E+01    0.0000000000E+00   -0.5805696766E+00    0.5224512273E+00    0.0000000000E+00    0.0000000000E+00    0.0000000000E+00    0.0000000000E+00    0.0000000000E+00    0.0000000000E+00    0.3861889078E-16    0.3861889079E-16    0.9999999998E+00
    2    0.7491666667E+01    0.0000000000E+00    0.2322278706E+00    0.3388438758E+00    0.0000000000E+00    0.0000000000E+00    0.0000000000E+00    0.0000000000E+00    0.0000000000E+00    0.0000000000E+00    0.1167562826E-14    0.1167562826E-14    0.1000000000E+01
    1    0.7750000000E+01    0.0000000000E+00   -0.5805696766E+00    0.5717036928E+00    0.0000000000E+00    0.0000000000E+00    0.0000000000E+00    0.0000000000E+00    0.0000000000E+00    0.0000000000E+00    0.9766735361E-14    0.9766735366E-14    0.9999999995E+00
    2    0.7750000000E+01    0.0000000000E+00    0.2322278706E+00    0.3799678254E+00    0.0000000000E+00    0.0000000000E+00    0.0000000000E+00    0.0000000000E+00    0.0000000000E+00    0.0000000000E+00    0.6611515135E-17    0.6611515163E-17    0.9999999957E+00
    1    0.8008333333E+01    0.0000000000E+00   -0.5805696766E+00   -0.5260856322E+00    0.0000000000E+00    0.0000000000E+00    0.0000000000E+00    0.0000000000E+00    0.0000000000E+00    0.0000000000E+00    0.1808841072E-16    0.1808841209E-16    0.9999999240E+00
    2    0.8008333333E+01    0.0000000000E+00    0.2322278706E+00    0.4245921486E+00    0.0000000000E+00    0.0000000000E+00    0.0000000000E+00    0.0000000000E+00    0.0000000000E+00    0.0000000000E+00    0.9697072582E-15    0.9697072584E-15    0.9999999999E+00
    1    0.8266666667E+01    0.0000000000E+00    0.2322278706E+00    0.4742777890E+00    0.0000000000E+00    0.0000000000E+00    0.0000000000E+00    0.0000000000E+00    0.0000000000E+00    0.0000000000E+00    0.2899001014E-14    0.2899001014E-14    0.9999999999E+00
    2    0.8266666667E+01    0.0000000000E+00   -0.5805696766E+00   -0.4732384133E+00    0.0000000000E+00    0.0000000000E+00    0.0000000000E+00    0.0000000000E+00    0.0000000000E+00    0.0000000000E+00    0.5296961320E-15    0.5296961321E-15    0.1000000000E+01
    1    0.8525000000E+01    0.0000000000E+00   -0.5805696766E+00   -0.4210224301E+00    0.0000000000E+00    0.0000000000E+00    0.0000000000E+00    0.0000000000E+00    0.0000000000E+00    0.0000000000E+00    0.4193727308E-15    0.4193727309E-15    0.1000000000E+01
    2    0.8525000000E+01    0.0000000000E+00    0.2322278706E+00    0.5317022198E+00    0.0000000000E+00    0.0000000000E+00    0.0000000000E+00    0.0000000000E+00    0.0000000000E+00    0.0000000000E+00    0.2709357076E-14    0.2709357077E-14    0.9999999995E+00
    1    0.8783333333E+01    0.0000000000E+00    0.2322278706E+00   -0.5474644399E+00    0.0000000000E+00    0.0000000000E+00    0.0000000000E+00    0.0000000000E+00    0.0000000000E+00    0.0000000000E+00    0.3946419215E-14    0.3946419217E-14    0.9999999996E+00
    2    0.8783333333E+01    0.0000000000E+00   -0.5805696766E+00   -0.3708052745E+00    0.0000000000E+00    0.0000000000E+00    0.0000000000E+00    0.0000000000E+00    0.0000000000E+00    0.0000000000E+00    0.8274388171E-16    0.8274388172E-16    0.9999999999E+00
    1    0.9041666667E+01    0.8127975472E+00   -0.5805696766E+00    0.2366661815E+00    0.8127975472E+00   -0.5805696766E+00    0.2366661815E+00    0.0000000000E+00    0.0000000000E+00    0.0000000000E+00    0.1224537862E-12    0.1224537862E-12    0.1000000000E+01
    2    0.9041666667E+01    0.8127975472E+00   -0.5805696766E+00    0.2416257676E+00    0.8127975472E+00   -0.5805696766E+00    0.2416257676E+00    0.0000000000E+00    0.0000000000E+00    0.0000000000E+00    0.1235399959E-12    0.1235399959E-12    0.1000000000E+01
    3    0.9041666667E+01    0.0000000000E+00    0.2322278706E+00   -0.4541233001E+00    0.0000000000E+00    0.0000000000E+00    0.0000000000E+00    0.0000000000E+00    0.0000000000E+00    0.0000000000E+00    0.4950407811E-14    0.4950407811E-14    0.1000000000E+01
    4    0.9041666667E+01    0.0000000000E+00   -0.5805696766E+00   -0.3230023823E+00    0.0000000000E+00    0.0000000000E+00    0.0000000000E+00    0.0000000000E+00    0.0000000000E+00    0.0000000000E+00    0.1992338781E-14    0.1992338782E-14    0.9999999995E+00
    1    0.9300000000E+01    0.8127975472E+00   -0.5805696766E+00    0.3288000243E+00    0.8127975472E+00   -0.5805696766E+00    0.3288000243E+00    0.0000000000E+00    0.0000000000E+00    0.0000000000E+00    0.2449500906E-13    0.2449500906E-13    0.1000000000E+01
    2    0.9300000000E+01    0.8127975472E+00   -0.5805696766E+00    0.3318163642E+00    0.8127975472E+00   -0.5805696766E+00    0.3318163642E+00    0.0000000000E+00    0.0000000000E+00    0.0000000000E+00    0.2264940493E-13    0.2264940494E-13    0.1000000000E+01
    3    0.9300000000E+01    0.0000000000E+00   -0.5805696766E+00   -0.2772984091E+00    0.0000000000E+00    0.0000000000E+00    0.0000000000E+00    0.0000000000E+00    0.0000000000E+00    0.0000000000E+00    0.3626179672E-14    0.3626179680E-14    0.9999999977E+00
    4    0.9300000000E+01    0.0000000000E+00    0.2322278706E+00   -0.3348655166E+00    0.0000000000E+00    0.0000000000E+00    0.0000000000E+00    0.0000000000E+00    0.0000000000E+00    0.0000000000E+00    0.3257948898E-16    0.3257949071E-16    0.9999999470E+00
    1    0.9558333333E+01    0.8127975472E+00   -0.5805696766E+00    0.4028600757E+00    0.8127975472E+00   -0.5805696766E+00    0.4028600757E+00    0.0000000000E+00    0.0000000000E+00    0.0000000000E+00    0.1330108973E-13    0.1330108980E-13    0.9999999948E+00
    2    0.9558333333E+01    0.8127975472E+00    0.2322278706E+00    0.4819819078E+00    0.8127975472E+00    0.2322278706E+00    0.4819819078E+00    0.0000000000E+00    0.0000000000E+00    0.0000000000E+00    0.7177515492E-11    0.7177515497E-11    0.9999999993E+00
    3    0.9558333333E+01    0.8127975472E+00    0.2322278706E+00   -0.9264804575E-01    0.8127975472E+00    0.2322278706E+00   -0.9264804575E-01    0.0000000000E+00    0.0000000000E+00    0.0000000000E+00    0.2425412620E-10    0.2425412621E-10    0.1000000000E+01
    4    0.9558333333E+01    0.8127975472E+00   -0.5805696766E+00    0.4054874070E+00    0.8127975472E+00   -0.5805696766E+00    0.4054874070E+00    0.0000000000E+00    0.0000000000E+00    0.0000000000E+00    0.1831842595E-13    0.1831842602E-13    0.9999999963E+00
    5    0.9558333333E+01    0.8127975472E+00    0.2322278706E+00    0.4871303210E+00    0.8127975472E+00    0.2322278706E+00    0.4871303210E+00    0.0000000000E+00    0.0000000000E+00    0.0000000000E+00    0.9464241324E-11    0.9464241324E-11    0.1000000000E+01
    6    0.9558333333E+01    0.0000000000E+00   -0.5805696766E+00   -0.2330777165E+00    0.0000000000E+00    0.0000000000E+00    0.0000000000E+00    0.0000000000E+00    0.0000000000E+00    0.0000000000E+00    0.1903824730E-14    0.1903825180E-14    0.9999997639E+00
    7    0.9558333333E+01    0.0000000000E+00    0.2322278706E+00   -0.2305422996E+00    0.0000000000E+00    0.0000000000E+00    0.0000000000E+00    0.0000000000E+00    0.0000000000E+00    0.0000000000E+00    0.4493301021E-14    0.4493311033E-14    0.9999977718E+00
    8    0.9558333333E+01    0.8127975472E+00    0.2322278706E+00   -0.8399111395E-01    0.8127975472E+00    0.2322278706E+00   -0.8399111395E-01    0.0000000000E+00    0.0000000000E+00    0.0000000000E+00    0.3300627029E-10    0.3300627029E-10    0.1000000000E+01
    1    0.9816666667E+01    0.8127975472E+00   -0.5805696766E+00    0.4838040297E+00    0.8127975472E+00   -0.5805696766E+00    0.4838040297E+00    0.0000000000E+00    0.0000000000E+00    0.0000000000E+00    0.2194819340E-11    0.2194819340E-11    0.1000000000E+01
    2    0.9816666667E+01    0.0000000000E+00   -0.5805696766E+00   -0.1896803475E+00    0.0000000000E+00    0.0000000000E+00    0.0000000000E+00    0.0000000000E+00    0.0000000000E+00    0.0000000000E+00    0.6354483396E-17    0.6354483410E-17    0.9999999978E+00
    3    0.9816666667E+01    0.0000000000E+00    0.2322278706E+00   -0.1499476409E+00    0.0000000000E+00    0.0000000000E+00    0.0000000000E+00    0.0000000000E+00    0.0000000000E+00    0.0000000000E+00    0.3331611433E-13    0.3331611433E-13    0.1000000000E+01
    4    0.9816666667E+01    0.8127975472E+00   -0.5805696766E+00    0.4872193624E+00    0.8127975472E+00   -0.5805696766E+00    0.4872193624E+00    0.0000000000E+00    0.0000000000E+00    0.0000000000E+00    0.2555210952E-11    0.2555210952E-11    0.1000000000E+01
    1    0.1007500000E+02    0.0000000000E+00   -0.5805696766E+00   -0.1464816669E+00    0.0000000000E+00    0.0000000000E+00    0.0000000000E+00    0.0000000000E+00    0.0000000000E+00    0.0000000000E+00    0.4755034643E-14    0.4755034643E-14    0.1000000000E+01
    2    0.1007500000E+02    0.0000000000E+00    0.2322278706E+00   -0.7704257625E-01    0.0000000000E+00    0.0000000000E+00    0.0000000000E+00    0.0000000000E+00    0.0000000000E+00    0.0000000000E+00    0.9781086431E-12    0.9781086431E-12    0.1000000000E+01
    1    0.1033333333E+02    0.0000000000E+00   -0.5805696766E+00   -0.1028681867E+00    0.0000000000E+00    0.0000000000E+00    0.0000000000E+00    0.0000000000E+00    0.0000000000E+00    0.0000000000E+00    0.2386237926E-13    0.2386237926E-13    0.1000000000E+01
    1    0.1059166667E+02    0.0000000000E+00   -0.5805696766E+00   -0.5804383065E-01    0.0000000000E+00    0.0000000000E+00    0.0000000000E+00    0.0000000000E+00    0.0000000000E+00    0.0000000000E+00    0.9805648632E-13    0.9805648632E-13    0.1000000000E+01
    1    0.1085000000E+02    0.0000000000E+00    0.2322278706E+00    0.4593166894E-01    0.0000000000E+00    0.0000000000E+00    0.0000000000E+00    0.0000000000E+00    0.0000000000E+00    0.0000000000E+00    0.3887124618E-11    0.3887124618E-11    0.1000000000E+01
    2    0.1085000000E+02    0.0000000000E+00   -0.5805696766E+00   -0.4355871335E-02    0.0000000000E+00    0.0000000000E+00    0.0000000000E+00    0.0000000000E+00    0.0000000000E+00    0.0000000000E+00    0.1949200357E-10    0.1949200357E-10    0.1000000000E+01
    1    0.1110833333E+02    0.0000000000E+00   -0.5805696766E+00    0.3048943572E-01    0.0000000000E+00    0.0000000000E+00    0.0000000000E+00    0.0000000000E+00    0.0000000000E+00    0.0000000000E+00    0.4541339475E-12    0.4541339475E-12    0.1000000000E+01
    2    0.1110833333E+02    0.0000000000E+00    0.2322278706E+00    0.1162056940E+00    0.0000000000E+00    0.0000000000E+00    0.0000000000E+00    0.0000000000E+00    0.0000000000E+00    0.0000000000E+00    0.1983610822E-12    0.1983610822E-12    0.1000000000E+01
    1    0.1136666667E+02    0.8127975472E+00    0.2322278706E+00   -0.4590951590E+00    0.8127975472E+00    0.2322278706E+00   -0.4590951590E+00    0.0000000000E+00    0.0000000000E+00    0.0000000000E+00    0.1170445389E-11    0.1170445389E-11    0.1000000000E+01
    2    0.1136666667E+02    0.8127975472E+00    0.2322278706E+00   -0.4629655671E+00    0.8127975472E+00    0.2322278706E+00   -0.4629655671E+00    0.0000000000E+00    0.0000000000E+00    0.0000000000E+00    0.1409804377E-11    0.1409804377E-11    0.1000000000E+01
    3    0.1136666667E+02    0.0000000000E+00    0.2322278706E+00    0.1779280026E+00    0.0000000000E+00    0.0000000000E+00    0.0000000000E+00    0.0000000000E+00    0.0000000000E+00    0.0000000000E+00    0.2112034916E-14    0.2112034916E-14    0.1000000000E+01
    4    0.1136666667E+02    0.0000000000E+00   -0.5805696766E+00    0.8204485491E-01    0.0000000000E+00    0.0000000000E+00    0.0000000000E+00    0.0000000000E+00    0.0000000000E+00    0.0000000000E+00    0.6047747361E-13    0.6047747363E-13    0.9999999997E+00
    1    0.1162500000E+02    0.8127975472E+00    0.2322278706E+00   -0.3774892801E+00    0.8127975472E+00    0.2322278706E+00   -0.3774892801E+00    0.0000000000E+00    0.0000000000E+00    0.0000000000E+00    0.1035198282E-14    0.1035198282E-14    0.1000000000E+01
    2    0.1162500000E+02    0.8127975472E+00   -0.5805696766E+00   -0.4641312002E+00    0.8127975472E+00   -0.5805696766E+00   -0.4641312002E+00    0.0000000000E+00    0.0000000000E+00    0.0000000000E+00    0.2237479045E-11    0.2237479045E-11    0.1000000000E+01
    3    0.1162500000E+02    0.0000000000E+00    0.2322278706E+00    0.2392313495E+00    0.0000000000E+00    0.0000000000E+00    0.0000000000E+00    0.0000000000E+00    0.0000000000E+00    0.0000000000E+00    0.6068739765E-14    0.6068739765E-14    0.1000000000E+01
    4    0.1162500000E+02    0.0000000000E+00   -0.5805696766E+00    0.1354226706E+00    0.0000000000E+00    0.0000000000E+00    0.0000000000E+00    0.0000000000E+00    0.0000000000E+00    0.0000000000E+00    0.9824298112E-14    0.9824298113E-14    0.1000000000E+01
    5    0.1162500000E+02    0.8127975472E+00    0.2322278706E+00   -0.3809376615E+00    0.8127975472E+00    0.2322278706E+00   -0.3809376615E+00    0.0000000000E+00    0.0000000000E+00    0.0000000000E+00    0.1750852446E-15    0.1750852446E-15    0.1000000000E+01
    6    0.1162500000E+02    0.8127975472E+00   -0.5805696766E+00   -0.4701668829E+00    0.8127975472E+00   -0.5805696766E+00   -0.4701668829E+00    0.0000000000E+00    0.0000000000E+00    0.0000000000E+00    0.2952214659E-11    0.2952214659E-11    0.1000000000E+01
    1    0.1188333333E+02    0.8127975472E+00    0.2322278706E+00   -0.2996297193E+00    0.8127975472E+00    0.2322278706E+00   -0.2996297193E+00    0.0000000000E+00    0.0000000000E+00    0.0000000000E+00    0.5090886760E-13    0.5090886761E-13    0.9999999998E+00
    2    0.1188333333E+02    0.8127975472E+00   -0.5805696766E+00   -0.3590987736E+00    0.8127975472E+00   -0.5805696766E+00   -0.3590987736E+00    0.0000000000E+00    0.0000000000E+00    0.0000000000E+00    0.1651299297E-13    0.1651299297E-13    0.1000000000E+01
    3    0.1188333333E+02    0.0000000000E+00    0.2322278706E+00    0.3014746368E+00    0.0000000000E+00    0.0000000000E+00    0.0000000000E+00    0.0000000000E+00    0.0000000000E+00    0.0000000000E+00    0.3216006644E-14    0.3216006673E-14    0.9999999910E+00
    4    0.1188333333E+02    0.0000000000E+00   -0.5805696766E+00    0.1923592963E+00    0.0000000000E+00    0.0000000000E+00    0.0000000000E+00    0.0000000000E+00    0.0000000000E+00    0.0000000000E+00    0.9538373470E-18    0.9538423820E-18    0.9999947214E+00
    5    0.1188333333E+02    0.8127975472E+00    0.2322278706E+00   -0.3036886200E+00    0.8127975472E+00    0.2322278706E+00   -0.3036886200E+00    0.0000000000E+00    0.0000000000E+00    0.0000000000E+00    0.4730966905E-13    0.4730966905E-13    0.1000000000E+01
    6    0.1188333333E+02    0.8127975472E+00   -0.5805696766E+00   -0.3649184682E+00    0.8127975472E+00   -0.5805696766E+00   -0.3649184682E+00    0.0000000000E+00    0.0000000000E+00    0.0000000000E+00    0.1110096801E-13    0.1110096801E-13    0.9999999998E+00
    1    0.1214166667E+02    0.8127975472E+00   -0.5805696766E+00   -0.2398172514E+00    0.8127975472E+00   -0.5805696766E+00   -0.2398172514E+00    0.0000000000E+00    0.0000000000E+00    0.0000000000E+00    0.3148157673E-12    0.3148157673E-12    0.1000000000E+01
    2    0.1214166667E+02    0.8127975472E+00    0.2322278706E+00   -0.2098724202E+00    0.8127975472E+00    0.2322278706E+00   -0.2098724202E+00    0.0000000000E+00    0.0000000000E+00    0.0000000000E+00    0.3620753167E-13    0.3620753167E-13    0.1000000000E+01
    3    0.1214166667E+02    0.0000000000E+00    0.2322278706E+00    0.3649293509E+00    0.0000000000E+00    0.0000000000E+00    0.0000000000E+00    0.0000000000E+00    0.0000000000E+00    0.0000000000E+00    0.4456767486E-16    0.4456767644E-16    0.9999999646E+00
    4    0.1214166667E+02    0.0000000000E+00   -0.5805696766E+00    0.2535389691E+00    0.0000000000E+00    0.0000000000E+00    0.0000000000E+00    0.0000000000E+00    0.0000000000E+00    0.0000000000E+00    0.1291857167E-14    0.1291857253E-14    0.9999999331E+00
    5    0.1214166667E+02    0.8127975472E+00   -0.5805696766E+00   -0.2495013700E+00    0.8127975472E+00   -0.5805696766E+00   -0.2495013700E+00    0.0000000000E+00    0.0000000000E+00    0.0000000000E+00    0.3012699049E-12    0.3012699049E-12    0.1000000000E+01
    6    0.1214166667E+02    0.8127975472E+00    0.2322278706E+00   -0.2158939382E+00    0.8127975472E+00    0.2322278706E+00   -0.2158939382E+00    0.0000000000E+00    0.0000000000E+00    0.0000000000E+00    0.5152366254E-13    0.5152366254E-13    0.1000000000E+01
    1    0.1240000000E+02    0.8127975472E+00    0.2322278706E+00   -0.3275134752E-01    0.8127975472E+00    0.2322278706E+00   -0.3275134752E-01    0.0000000000E+00    0.0000000000E+00    0.0000000000E+00    0.5036012902E-09    0.5036012902E-09    0.1000000000E+01
    2    0.1240000000E+02    0.0000000000E+00   -0.5805696766E+00    0.3191269354E+00    0.0000000000E+00    0.0000000000E+00    0.0000000000E+00    0.0000000000E+00    0.0000000000E+00    0.0000000000E+00    0.5159380349E-16    0.5159380350E-16    0.9999999998E+00
    3    0.1240000000E+02    0.0000000000E+00    0.2322278706E+00    0.4296649062E+00    0.0000000000E+00    0.0000000000E+00    0.0000000000E+00    0.0000000000E+00    0.0000000000E+00    0.0000000000E+00    0.1491354613E-16    0.1491354613E-16    0.1000000000E+01
    4    0.1240000000E+02    0.8127975472E+00    0.2322278706E+00   -0.6508361640E-01    0.8127975472E+00    0.2322278706E+00   -0.6508361640E-01    0.0000000000E+00    0.0000000000E+00    0.0000000000E+00    0.8347310865E-10    0.8347310865E-10    0.1000000000E+01
    1    0.1265833333E+02    0.0000000000E+00    0.2322278706E+00    0.4960658406E+00    0.0000000000E+00    0.0000000000E+00    0.0000000000E+00    0.0000000000E+00    0.0000000000E+00    0.0000000000E+00    0.1071793028E-14    0.1071793028E-14    0.1000000000E+01
    2    0.1265833333E+02    0.0000000000E+00   -0.5805696766E+00    0.3885770618E+00    0.0000000000E+00    0.0000000000E+00    0.0000000000E+00    0.0000000000E+00    0.0000000000E+00    0.0000000000E+00    0.6614200062E-17    0.6614200073E-17    0.9999999983E+00
    1    0.1291666667E+02    0.0000000000E+00   -0.5805696766E+00    0.4608429966E+00    0.0000000000E+00    0.0000000000E+00    0.0000000000E+00    0.0000000000E+00    0.0000000000E+00    0.0000000000E+00    0.4445276634E-14    0.4445276634E-14    0.1000000000E+01
    2    0.1291666667E+02    0.0000000000E+00    0.2322278706E+00    0.5652275008E+00    0.0000000000E+00    0.0000000000E+00    0.0000000000E+00    0.0000000000E+00    0.0000000000E+00    0.0000000000E+00    0.5885533907E-14    0.5885533907E-14    0.1000000000E+01
    1    0.1317500000E+02    0.0000000000E+00   -0.5805696766E+00    0.5352408548E+00    0.0000000000E+00    0.0000000000E+00    0.0000000000E+00    0.0000000000E+00    0.0000000000E+00    0.0000000000E+00    0.7013731828E-14    0.7013731828E-14    0.1000000000E+01
    2    0.1317500000E+02    0.0000000000E+00    0.2322278706E+00   -0.5101082215E+00    0.0000000000E+00    0.0000000000E+00    0.0000000000E+00    0.0000000000E+00    0.0000000000E+00    0.0000000000E+00    0.8468384805E-14    0.8468384805E-14    0.1000000000E+01
    1    0.1343333333E+02    0.8127975472E+00    0.2322278706E+00   -0.8473701659E-01    0.8127975472E+00    0.2322278706E+00   -0.8473701659E-01    0.0000000000E+00    0.0000000000E+00    0.0000000000E+00    0.1284911929E-09    0.1284911929E-09    0.1000000000E+01
    2    0.1343333333E+02    0.0000000000E+00    0.2322278706E+00    0.1862083456E+00    0.0000000000E+00    0.0000000000E+00    0.0000000000E+00    0.0000000000E+00    0.0000000000E+00    0.0000000000E+00    0.5369278108E-13    0.5369278108E-13    0.1000000000E+01
    3    0.1343333333E+02    0.0000000000E+00   -0.5805696766E+00    0.2644065671E+00    0.0000000000E+00    0.0000000000E+00    0.0000000000E+00    0.0000000000E+00    0.0000000000E+00    0.0000000000E+00    0.2280667389E-11    0.2280667389E-11    0.1000000000E+01
    4    0.1343333333E+02    0.8127975472E+00    0.2322278706E+00    0.2677092869E+00    0.8127975472E+00    0.2322278706E+00    0.2677092869E+00    0.0000000000E+00    0.0000000000E+00    0.0000000000E+00    0.1056688818E-09    0.1056688818E-09    0.1000000000E+01
    5    0.1343333333E+02    0.0000000000E+00   -0.5805696766E+00   -0.5371003974E+00    0.0000000000E+00    0.0000000000E+00    0.0000000000E+00    0.0000000000E+00    0.0000000000E+00    0.0000000000E+00    0.1247171599E-13    0.1247171636E-13    0.9999999702E+00
    6    0.1343333333E+02    0.0000000000E+00    0.2322278706E+00   -0.4266438545E+00    0.0000000000E+00    0.0000000000E+00    0.0000000000E+00    0.0000000000E+00    0.0000000000E+00    0.0000000000E+00    0.1409261176E-13    0.1409261205E-13    0.9999999795E+00
    7    0.1343333333E+02    0.8127975472E+00    0.2322278706E+00   -0.9925311029E-01    0.8127975472E+00    0.2322278706E+00   -0.9925311029E-01    0.0000000000E+00    0.0000000000E+00    0.0000000000E+00    0.2076339955E-09    0.2076339955E-09    0.1000000000E+01
    8    0.1343333333E+02    0.8127975472E+00    0.2322278706E+00    0.2471503842E+00    0.8127975472E+00    0.2322278706E+00    0.2471503842E+00    0.0000000000E+00    0.0000000000E+00    0.0000000000E+00    0.2103558946E-09    0.2103558946E-09    0.1000000000E+01
    1    0.1369166667E+02    0.8127975472E+00   -0.5805696766E+00    0.2420099631E-01    0.8127975472E+00   -0.5805696766E+00    0.2420099631E-01    0.0000000000E+00    0.0000000000E+00    0.0000000000E+00    0.4600592626E-10    0.4600592626E-10    0.1000000000E+01
    2    0.1369166667E+02    0.0000000000E+00   -0.5805696766E+00    0.4544530245E+00    0.0000000000E+00    0.0000000000E+00    0.0000000000E+00    0.0000000000E+00    0.0000000000E+00    0.0000000000E+00    0.2204596655E-13    0.2204596655E-13    0.1000000000E+01
    3    0.1369166667E+02    0.8127975472E+00    0.2322278706E+00    0.1371047694E+00    0.8127975472E+00    0.2322278706E+00    0.1371047694E+00    0.0000000000E+00    0.0000000000E+00    0.0000000000E+00    0.1548665934E-11    0.1548665934E-11    0.1000000000E+01
    4    0.1369166667E+02    0.8127975472E+00   -0.5805696766E+00    0.3916296443E+00    0.8127975472E+00   -0.5805696766E+00    0.3916296443E+00    0.0000000000E+00    0.0000000000E+00    0.0000000000E+00    0.2221761499E-11    0.2221761499E-11    0.1000000000E+01
    5    0.1369166667E+02    0.0000000000E+00    0.2322278706E+00    0.3737252018E+00    0.0000000000E+00    0.0000000000E+00    0.0000000000E+00    0.0000000000E+00    0.0000000000E+00    0.0000000000E+00    0.6693368721E-14    0.6693368721E-14    0.1000000000E+01
    6    0.1369166667E+02    0.0000000000E+00    0.2322278706E+00   -0.3235403904E+00    0.0000000000E+00    0.0000000000E+00    0.0000000000E+00    0.0000000000E+00    0.0000000000E+00    0.0000000000E+00    0.1409085789E-12    0.1409085789E-12    0.1000000000E+01
    7    0.1369166667E+02    0.0000000000E+00   -0.5805696766E+00   -0.4547153123E+00    0.0000000000E+00    0.0000000000E+00    0.0000000000E+00    0.0000000000E+00    0.0000000000E+00    0.0000000000E+00    0.4540655341E-13    0.4540655341E-13    0.9999999999E+00
    8    0.1369166667E+02    0.8127975472E+00   -0.5805696766E+00    0.5619165011E-02    0.8127975472E+00   -0.5805696766E+00    0.5619165011E-02    0.0000000000E+00    0.0000000000E+00    0.0000000000E+00    0.1776124221E-08    0.1776124221E-08    0.1000000000E+01
    9    0.1369166667E+02    0.8127975472E+00    0.2322278706E+00    0.1324497586E+00    0.8127975472E+00    0.2322278706E+00    0.1324497586E+00    0.0000000000E+00    0.0000000000E+00    0.0000000000E+00    0.1422926462E-11    0.1422926462E-11    0.1000000000E+01
   10    0.1369166667E+02    0.8127975472E+00   -0.5805696766E+00    0.3790006126E+00    0.8127975472E+00   -0.5805696766E+00    0.3790006126E+00    0.0000000000E+00    0.0000000000E+00    0.0000000000E+00    0.4970022720E-10    0.4970022720E-10    0.1000000000E+01
    1    0.1395000000E+02    0.0000000000E+00   -0.5805696766E+00   -0.5465555957E+00    0.0000000000E+00    0.0000000000E+00    0.0000000000E+00    0.0000000000E+00    0.0000000000E+00    0.0000000000E+00    0.7954310137E-12    0.7954310137E-12    0.1000000000E+01
    2    0.1395000000E+02    0.0000000000E+00    0.2322278706E+00    0.5418815065E+00    0.0000000000E+00    0.0000000000E+00    0.0000000000E+00    0.0000000000E+00    0.0000000000E+00    0.0000000000E+00    0.4074408526E-12    0.4074408526E-12    0.1000000000E+01
    3    0.1395000000E+02    0.8127975472E+00   -0.5805696766E+00    0.3061014437E+00    0.8127975472E+00   -0.5805696766E+00    0.3061014437E+00    0.0000000000E+00    0.0000000000E+00    0.0000000000E+00    0.5886964109E-11    0.5886964109E-11    0.1000000000E+01
    4    0.1395000000E+02    0.0000000000E+00    0.2322278706E+00   -0.1542122742E+00    0.0000000000E+00    0.0000000000E+00    0.0000000000E+00    0.0000000000E+00    0.0000000000E+00    0.0000000000E+00    0.1988601054E-10    0.1988601054E-10    0.1000000000E+01
    5    0.1395000000E+02    0.0000000000E+00    0.2322278706E+00    0.1946210616E+00    0.0000000000E+00    0.0000000000E+00    0.0000000000E+00    0.0000000000E+00    0.0000000000E+00    0.0000000000E+00    0.1497515521E-10    0.1497515521E-10    0.1000000000E+01
    6    0.1395000000E+02    0.8127975472E+00   -0.5805696766E+00    0.2962143684E+00    0.8127975472E+00   -0.5805696766E+00    0.2962143684E+00    0.0000000000E+00    0.0000000000E+00    0.0000000000E+00    0.4566883677E-11    0.4566883677E-11    0.1000000000E+01
    1    0.1420833333E+02    0.0000000000E+00    0.2322278706E+00   -0.3961508490E+00    0.0000000000E+00    0.0000000000E+00    0.0000000000E+00    0.0000000000E+00    0.0000000000E+00    0.0000000000E+00    0.5789974609E-13    0.5789974609E-13    0.1000000000E+01
    2    0.1420833333E+02    0.0000000000E+00   -0.5805696766E+00   -0.4018479847E+00    0.0000000000E+00    0.0000000000E+00    0.0000000000E+00    0.0000000000E+00    0.0000000000E+00    0.0000000000E+00    0.4067614363E-13    0.4067614363E-13    0.1000000000E+01
    3    0.1420833333E+02    0.0000000000E+00   -0.5805696766E+00   -0.2416869876E+00    0.0000000000E+00    0.0000000000E+00    0.0000000000E+00    0.0000000000E+00    0.0000000000E+00    0.0000000000E+00    0.8648253032E-12    0.8648253032E-12    0.1000000000E+01
    4    0.1420833333E+02    0.0000000000E+00    0.2322278706E+00   -0.5509025710E+00    0.0000000000E+00    0.2322278706E+00    0.5985667440E+00   -0.5612853393E-11   -0.5854213972E+00   -0.1873284630E+01    0.4322629039E-10    0.4322629039E-10    0.1000000000E+01
    5    0.1420833333E+02    0.0000000000E+00   -0.5805696766E+00   -0.5639102309E+00    0.0000000000E+00   -0.5805696766E+00   -0.5639102309E+00   -0.1400122528E-10   -0.1561647368E+00    0.2171208042E+00    0.7219414807E-11    0.7219414807E-11    0.1000000000E+01
    1    0.1446666667E+02    0.0000000000E+00   -0.5805696766E+00   -0.2276284132E+00    0.0000000000E+00    0.0000000000E+00    0.0000000000E+00    0.0000000000E+00    0.0000000000E+00    0.0000000000E+00    0.1524456033E-11    0.1524456033E-11    0.1000000000E+01
    2    0.1446666667E+02    0.0000000000E+00   -0.5805696766E+00   -0.3092379658E+00    0.0000000000E+00    0.0000000000E+00    0.0000000000E+00    0.0000000000E+00    0.0000000000E+00    0.0000000000E+00    0.1808815843E-11    0.1808815843E-11    0.1000000000E+01
