    1    0.1550000000E+01   -0.1161139353E+00   -0.4644557413E+00    0.4785967890E-01    0.0000000000E+00    0.0000000000E+00    0.0000000000E+00    0.0000000000E+00    0.0000000000E+00    0.0000000000E+00    0.3505914227E-12    0.3505914227E-12    0.1000000000E+01
    1    0.1808333333E+01   -0.1161139353E+00   -0.4644557413E+00   -0.1207181649E+00    0.0000000000E+00    0.0000000000E+00    0.0000000000E+00    0.0000000000E+00    0.0000000000E+00    0.0000000000E+00    0.2239376458E-11    0.2239376458E-11    0.1000000000E+01
    2    0.1808333333E+01   -0.1161139353E+00   -0.4644557413E+00    0.1846740884E+00    0.0000000000E+00    0.0000000000E+00    0.0000000000E+00    0.0000000000E+00    0.0000000000E+00    0.0000000000E+00    0.1710843276E-11    0.1710843276E-11    0.1000000000E+01
    3    0.1808333333E+01   -0.1161139353E+00   -0.4644557413E+00    0.1306391194E+00    0.0000000000E+00    0.0000000000E+00    0.0000000000E+00    0.0000000000E+00    0.0000000000E+00    0.0000000000E+00    0.2788779521E-12    0.2788779521E-12    0.1000000000E+01
    1    0.2066666667E+01   -0.1161139353E+00   -0.4644557413E+00    0.2853673994E+00    0.0000000000E+00    0.0000000000E+00    0.0000000000E+00    0.0000000000E+00    0.0000000000E+00    0.0000000000E+00    0.1156020981E-14    0.1156020981E-14    0.1000000000E+01
    2    0.2066666667E+01   -0.1161139353E+00   -0.4644557413E+00    0.1853514114E+00    0.0000000000E+00    0.0000000000E+00    0.0000000000E+00    0.0000000000E+00    0.0000000000E+00    0.0000000000E+00    0.7769911991E-15    0.7769911991E-15    0.1000000000E+01
    1    0.2325000000E+01   -0.1161139353E+00   -0.4644557413E+00    0.3437697693E+00    0.0000000000E+00    0.0000000000E+00    0.0000000000E+00    0.0000000000E+00    0.0000000000E+00    0.0000000000E+00    0.1469647907E-14    0.1469647907E-14    0.1000000000E+01
    2    0.2325000000E+01   -0.1161139353E+00   -0.4644557413E+00    0.2323837900E+00    0.0000000000E+00    0.0000000000E+00    0.0000000000E+00    0.0000000000E+00    0.0000000000E+00    0.0000000000E+00    0.3467526172E-14    0.3467526172E-14    0.1000000000E+01
    1    0.2583333333E+01   -0.1161139353E+00   -0.4644557413E+00    0.3946152958E+00    0.0000000000E+00    0.0000000000E+00    0.0000000000E+00    0.0000000000E+00    0.0000000000E+00    0.0000000000E+00    0.6339707321E-15    0.6339707321E-15    0.1000000000E+01
    2    0.2583333333E+01   -0.1161139353E+00   -0.4644557413E+00    0.2761999729E+00    0.0000000000E+00    0.0000000000E+00    0.0000000000E+00    0.0000000000E+00    0.0000000000E+00    0.0000000000E+00    0.4326781272E-14    0.4326781272E-14    0.1000000000E+01
    1    0.2841666667E+01   -0.1161139353E+00   -0.4644557413E+00    0.4431651098E+00    0.0000000000E+00    0.0000000000E+00    0.0000000000E+00    0.0000000000E+00    0.0000000000E+00    0.0000000000E+00    0.1327012572E-14    0.1327012572E-14    0.1000000000E+01
    2    0.2841666667E+01   -0.1161139353E+00   -0.4644557413E+00    0.3185857889E+00    0.0000000000E+00    0.0000000000E+00    0.0000000000E+00    0.0000000000E+00    0.0000000000E+00    0.0000000000E+00    0.2325696395E-14    0.2325696395E-14    0.1000000000E+01
    1    0.3100000000E+01    0.6966836119E+00   -0.4644557413E+00   -0.1781625094E+00    0.0000000000E+00    0.0000000000E+00    0.0000000000E+00    0.0000000000E+00    0.0000000000E+00    0.0000000000E+00    0.2352537527E-11    0.2352537527E-11    0.1000000000E+01
    2    0.3100000000E+01   -0.1161139353E+00   -0.4644557413E+00    0.4919344054E+00    0.0000000000E+00    0.0000000000E+00    0.0000000000E+00    0.0000000000E+00    0.0000000000E+00    0.0000000000E+00    0.3393205242E-14    0.3393205306E-14    0.9999999811E+00
    3    0.3100000000E+01    0.6966836119E+00   -0.4644557413E+00    0.3628468288E+00    0.0000000000E+00    0.0000000000E+00    0.0000000000E+00    0.0000000000E+00    0.0000000000E+00    0.0000000000E+00    0.2267301770E-11    0.2267301770E-11    0.1000000000E+01
    4    0.3100000000E+01   -0.1161139353E+00   -0.4644557413E+00    0.3606368459E+00    0.0000000000E+00    0.0000000000E+00    0.0000000000E+00    0.0000000000E+00    0.0000000000E+00    0.0000000000E+00    0.9214919275E-15    0.9214928248E-15    0.9999990263E+00
    1    0.3358333333E+01   -0.1161139353E+00   -0.4644557413E+00    0.6103035351E-01    0.0000000000E+00    0.0000000000E+00    0.0000000000E+00    0.0000000000E+00    0.0000000000E+00    0.0000000000E+00    0.1691099276E-12    0.1691099278E-12    0.9999999989E+00
    2    0.3358333333E+01    0.6966836119E+00   -0.4644557413E+00   -0.3768836363E+00    0.0000000000E+00    0.0000000000E+00    0.0000000000E+00    0.0000000000E+00    0.0000000000E+00    0.0000000000E+00    0.2845335661E-11    0.2845335666E-11    0.9999999982E+00
    3    0.3358333333E+01   -0.1161139353E+00   -0.4644557413E+00    0.4032380002E+00    0.0000000000E+00    0.0000000000E+00    0.0000000000E+00    0.0000000000E+00    0.0000000000E+00    0.0000000000E+00    0.4095966693E-14    0.4095966780E-14    0.9999999788E+00
    4    0.3358333333E+01    0.6966836119E+00   -0.4644557413E+00    0.4438806690E+00    0.0000000000E+00    0.0000000000E+00    0.0000000000E+00    0.0000000000E+00    0.0000000000E+00    0.0000000000E+00    0.1841699251E-11    0.1841699251E-11    0.9999999998E+00
    5    0.3358333333E+01    0.6966836119E+00   -0.4644557413E+00   -0.5612535382E+00    0.0000000000E+00    0.0000000000E+00    0.0000000000E+00    0.0000000000E+00    0.0000000000E+00    0.0000000000E+00    0.1875432272E-11    0.1875432293E-11    0.9999999888E+00
    6    0.3358333333E+01   -0.1161139353E+00   -0.4644557413E+00    0.5429575289E+00    0.0000000000E+00    0.0000000000E+00    0.0000000000E+00    0.0000000000E+00    0.0000000000E+00    0.0000000000E+00    0.1861059353E-13    0.1861059355E-13    0.9999999988E+00
    1    0.3616666667E+01   -0.1161139353E+00   -0.4644557413E+00    0.1111123849E+00    0.0000000000E+00    0.0000000000E+00    0.0000000000E+00    0.0000000000E+00    0.0000000000E+00    0.0000000000E+00    0.2006775374E-13    0.2006775374E-13    0.1000000000E+01
    2    0.3616666667E+01   -0.1161139353E+00    0.3483418059E+00   -0.2295840460E+00    0.0000000000E+00    0.0000000000E+00    0.0000000000E+00    0.0000000000E+00    0.0000000000E+00    0.0000000000E+00    0.5742602741E-12    0.5742602741E-12    0.1000000000E+01
    3    0.3616666667E+01    0.6966836119E+00   -0.4644557413E+00   -0.2660578154E+00    0.0000000000E+00    0.0000000000E+00    0.0000000000E+00    0.0000000000E+00    0.0000000000E+00    0.0000000000E+00    0.1105489552E-13    0.1105489552E-13    0.1000000000E+01
    4    0.3616666667E+01    0.6966836119E+00   -0.4644557413E+00   -0.4432174312E+00    0.0000000000E+00    0.0000000000E+00    0.0000000000E+00    0.0000000000E+00    0.0000000000E+00    0.0000000000E+00    0.2957846675E-13    0.2957846675E-13    0.1000000000E+01
    5    0.3616666667E+01   -0.1161139353E+00   -0.4644557413E+00    0.4473002364E+00    0.0000000000E+00    0.0000000000E+00    0.0000000000E+00    0.0000000000E+00    0.0000000000E+00    0.0000000000E+00    0.3712600275E-14    0.3712600275E-14    0.9999999999E+00
    6    0.3616666667E+01   -0.1161139353E+00    0.3483418059E+00    0.4953018455E+00    0.0000000000E+00    0.0000000000E+00    0.0000000000E+00    0.0000000000E+00    0.0000000000E+00    0.0000000000E+00    0.8811602622E-11    0.8811602622E-11    0.1000000000E+01
    7    0.3616666667E+01    0.6966836119E+00   -0.4644557413E+00    0.5269256906E+00    0.0000000000E+00    0.0000000000E+00    0.0000000000E+00    0.0000000000E+00    0.0000000000E+00    0.0000000000E+00    0.1348678132E-13    0.1348678132E-13    0.1000000000E+01
    8    0.3616666667E+01   -0.1161139353E+00   -0.4644557413E+00   -0.5507585177E+00    0.0000000000E+00    0.0000000000E+00    0.0000000000E+00    0.0000000000E+00    0.0000000000E+00    0.0000000000E+00    0.3557148727E-14    0.3557148727E-14    0.1000000000E+01
    1    0.3875000000E+01   -0.1161139353E+00   -0.4644557413E+00    0.1509577108E+00    0.0000000000E+00    0.0000000000E+00    0.0000000000E+00    0.0000000000E+00    0.0000000000E+00    0.0000000000E+00    0.4499703998E-14    0.4499703998E-14    0.9999999999E+00
    2    0.3875000000E+01   -0.1161139353E+00   -0.4644557413E+00    0.4936830438E+00    0.0000000000E+00    0.0000000000E+00    0.0000000000E+00    0.0000000000E+00    0.0000000000E+00    0.0000000000E+00    0.7169739797E-13    0.7169739797E-13    0.1000000000E+01
    3    0.3875000000E+01   -0.1161139353E+00    0.3483418059E+00   -0.1290536403E+00    0.0000000000E+00    0.0000000000E+00    0.0000000000E+00    0.0000000000E+00    0.0000000000E+00    0.0000000000E+00    0.6046024617E-13    0.6046024618E-13    0.9999999999E+00
    4    0.3875000000E+01    0.6966836119E+00   -0.4644557413E+00   -0.1986678181E+00    0.0000000000E+00    0.0000000000E+00    0.0000000000E+00    0.0000000000E+00    0.0000000000E+00    0.0000000000E+00    0.1282483315E-13    0.1282483339E-13    0.9999999815E+00
    5    0.3875000000E+01    0.6966836119E+00   -0.4644557413E+00   -0.5670041435E+00    0.0000000000E+00    0.0000000000E+00    0.0000000000E+00    0.0000000000E+00    0.0000000000E+00    0.0000000000E+00    0.6118089085E-13    0.6118089086E-13    0.9999999999E+00
    6    0.3875000000E+01   -0.1161139353E+00   -0.4644557413E+00   -0.4863160093E+00    0.0000000000E+00    0.0000000000E+00    0.0000000000E+00    0.0000000000E+00    0.0000000000E+00    0.0000000000E+00    0.6862197087E-13    0.6862197087E-13    0.1000000000E+01
    7    0.3875000000E+01   -0.1161139353E+00    0.3483418059E+00   -0.3634910180E+00    0.0000000000E+00    0.0000000000E+00    0.0000000000E+00    0.0000000000E+00    0.0000000000E+00    0.0000000000E+00    0.3931536868E-15    0.3931545582E-15    0.9999977837E+00
    8    0.3875000000E+01    0.6966836119E+00   -0.4644557413E+00   -0.3489411870E+00    0.0000000000E+00    0.0000000000E+00    0.0000000000E+00    0.0000000000E+00    0.0000000000E+00    0.0000000000E+00    0.2491237337E-13    0.2491237338E-13    0.9999999998E+00
    1    0.4133333333E+01   -0.1161139353E+00   -0.4644557413E+00    0.1871870633E+00    0.0000000000E+00    0.0000000000E+00    0.0000000000E+00    0.0000000000E+00    0.0000000000E+00    0.0000000000E+00    0.1322911694E-14    0.1322911708E-14    0.9999999897E+00
    2    0.4133333333E+01    0.6966836119E+00   -0.4644557413E+00   -0.1400422979E+00    0.0000000000E+00    0.0000000000E+00    0.0000000000E+00    0.0000000000E+00    0.0000000000E+00    0.0000000000E+00    0.2349038839E-13    0.2349038840E-13    0.9999999994E+00
    3    0.4133333333E+01    0.6966836119E+00   -0.4644557413E+00   -0.2530497597E+00    0.0000000000E+00    0.0000000000E+00    0.0000000000E+00    0.0000000000E+00    0.0000000000E+00    0.0000000000E+00    0.6686684341E-13    0.6686684341E-13    0.1000000000E+01
    4    0.4133333333E+01   -0.1161139353E+00    0.3483418059E+00   -0.2790068879E+00    0.0000000000E+00    0.0000000000E+00    0.0000000000E+00    0.0000000000E+00    0.0000000000E+00    0.0000000000E+00    0.4531840507E-14    0.4531840509E-14    0.9999999995E+00
    5    0.4133333333E+01   -0.1161139353E+00   -0.4644557413E+00   -0.4027093113E+00    0.0000000000E+00    0.0000000000E+00    0.0000000000E+00    0.0000000000E+00    0.0000000000E+00    0.0000000000E+00    0.8024038743E-14    0.8024038743E-14    0.9999999999E+00
    6    0.4133333333E+01   -0.1161139353E+00   -0.4644557413E+00    0.5449799163E+00    0.0000000000E+00    0.0000000000E+00    0.0000000000E+00    0.0000000000E+00    0.0000000000E+00    0.0000000000E+00    0.1395259897E-13    0.1395259897E-13    0.1000000000E+01
    7    0.4133333333E+01    0.6966836119E+00   -0.4644557413E+00   -0.5170019174E+00    0.0000000000E+00    0.0000000000E+00    0.0000000000E+00    0.0000000000E+00    0.0000000000E+00    0.0000000000E+00    0.5791894451E-14    0.5791894452E-14    0.9999999999E+00
    1    0.4391666667E+01   -0.1161139353E+00   -0.4644557413E+00   -0.5472549610E+00    0.0000000000E+00    0.0000000000E+00    0.0000000000E+00    0.0000000000E+00    0.0000000000E+00    0.0000000000E+00    0.4186095628E-13    0.4186124957E-13    0.9999929937E+00
    2    0.4391666667E+01   -0.1161139353E+00    0.3483418059E+00   -0.5418437870E+00    0.0000000000E+00    0.0000000000E+00    0.0000000000E+00    0.0000000000E+00    0.0000000000E+00    0.0000000000E+00    0.1446605300E-12    0.1446605306E-12    0.9999999957E+00
    3    0.4391666667E+01    0.6966836119E+00   -0.4644557413E+00   -0.4705691727E+00    0.0000000000E+00    0.0000000000E+00    0.0000000000E+00    0.0000000000E+00    0.0000000000E+00    0.0000000000E+00    0.4316888746E-13    0.4316888873E-13    0.9999999705E+00
    4    0.4391666667E+01   -0.1161139353E+00    0.3483418059E+00   -0.3919651315E+00    0.0000000000E+00    0.0000000000E+00    0.0000000000E+00    0.0000000000E+00    0.0000000000E+00    0.0000000000E+00    0.1552592768E-12    0.1552592768E-12    0.1000000000E+01
    5    0.4391666667E+01    0.6966836119E+00    0.3483418059E+00    0.1934097310E+00    0.0000000000E+00    0.0000000000E+00    0.0000000000E+00    0.0000000000E+00    0.0000000000E+00    0.0000000000E+00    0.8010241309E-12    0.8010241312E-12    0.9999999997E+00
    6    0.4391666667E+01   -0.1161139353E+00   -0.4644557413E+00    0.2216289325E+00    0.0000000000E+00    0.0000000000E+00    0.0000000000E+00    0.0000000000E+00    0.0000000000E+00    0.0000000000E+00    0.1546291087E-14    0.1546363908E-14    0.9999529083E+00
    7    0.4391666667E+01    0.6966836119E+00    0.3483418059E+00    0.2061039844E-01    0.0000000000E+00    0.0000000000E+00    0.0000000000E+00    0.0000000000E+00    0.0000000000E+00    0.0000000000E+00    0.1221894358E-11    0.1221894358E-11    0.9999999999E+00
    8    0.4391666667E+01    0.6966836119E+00   -0.4644557413E+00   -0.7714977369E-01    0.0000000000E+00    0.0000000000E+00    0.0000000000E+00    0.0000000000E+00    0.0000000000E+00    0.0000000000E+00    0.3143977637E-12    0.3143977640E-12    0.9999999988E+00
    9    0.4391666667E+01    0.6966836119E+00   -0.4644557413E+00   -0.1273005993E+00    0.0000000000E+00    0.0000000000E+00    0.0000000000E+00    0.0000000000E+00    0.0000000000E+00    0.0000000000E+00    0.8637297446E-12    0.8637297447E-12    0.9999999999E+00
   10    0.4391666667E+01   -0.1161139353E+00    0.3483418059E+00   -0.2058686594E+00    0.0000000000E+00    0.0000000000E+00    0.0000000000E+00    0.0000000000E+00    0.0000000000E+00    0.0000000000E+00    0.1779983681E-13    0.1779983684E-13    0.9999999985E+00
   11    0.4391666667E+01   -0.1161139353E+00   -0.4644557413E+00   -0.2650517989E+00    0.0000000000E+00    0.0000000000E+00    0.0000000000E+00    0.0000000000E+00    0.0000000000E+00    0.0000000000E+00    0.3424067948E-12    0.3424068114E-12    0.9999999515E+00
    1    0.4650000000E+01    0.6966836119E+00    0.3483418059E+00    0.4012950245E+00    0.0000000000E+00    0.0000000000E+00    0.0000000000E+00    0.0000000000E+00    0.0000000000E+00    0.0000000000E+00    0.6461978122E-13    0.6461978122E-13    0.1000000000E+01
    2    0.4650000000E+01    0.6966836119E+00   -0.4644557413E+00   -0.4255363401E+00    0.0000000000E+00    0.0000000000E+00    0.0000000000E+00    0.0000000000E+00    0.0000000000E+00    0.0000000000E+00    0.1834415101E-15    0.1834415112E-15    0.9999999940E+00
    3    0.4650000000E+01   -0.1161139353E+00   -0.4644557413E+00   -0.4756334231E+00    0.0000000000E+00    0.0000000000E+00    0.0000000000E+00    0.0000000000E+00    0.0000000000E+00    0.0000000000E+00    0.1716643857E-14    0.1716643859E-14    0.9999999990E+00
    4    0.4650000000E+01   -0.1161139353E+00    0.3483418059E+00   -0.4714823189E+00    0.0000000000E+00    0.0000000000E+00    0.0000000000E+00    0.0000000000E+00    0.0000000000E+00    0.0000000000E+00    0.3814319390E-13    0.3814319399E-13    0.9999999977E+00
    5    0.4650000000E+01   -0.1161139353E+00    0.3483418059E+00   -0.3040167121E+00    0.0000000000E+00    0.0000000000E+00    0.0000000000E+00    0.0000000000E+00    0.0000000000E+00    0.0000000000E+00    0.5577180219E-14    0.5577180220E-14    0.9999999999E+00
    6    0.4650000000E+01    0.6966836119E+00    0.3483418059E+00    0.2882197354E+00    0.0000000000E+00    0.0000000000E+00    0.0000000000E+00    0.0000000000E+00    0.0000000000E+00    0.0000000000E+00    0.2282414966E-13    0.2282414966E-13    0.1000000000E+01
    7    0.4650000000E+01   -0.1161139353E+00   -0.4644557413E+00    0.2550393102E+00    0.0000000000E+00    0.0000000000E+00    0.0000000000E+00    0.0000000000E+00    0.0000000000E+00    0.0000000000E+00    0.1421866756E-14    0.1421866758E-14    0.9999999992E+00
    8    0.4650000000E+01    0.6966836119E+00    0.3483418059E+00    0.1132272428E+00    0.0000000000E+00    0.0000000000E+00    0.0000000000E+00    0.0000000000E+00    0.0000000000E+00    0.0000000000E+00    0.6002414912E-13    0.6002414912E-13    0.1000000000E+01
    9    0.4650000000E+01   -0.1161139353E+00    0.3483418059E+00   -0.1269291659E+00    0.0000000000E+00    0.0000000000E+00    0.0000000000E+00    0.0000000000E+00    0.0000000000E+00    0.0000000000E+00    0.1356699440E-12    0.1356699440E-12    0.1000000000E+01
   10    0.4650000000E+01    0.6966836119E+00    0.3483418059E+00   -0.7183950443E-01    0.0000000000E+00    0.0000000000E+00    0.0000000000E+00    0.0000000000E+00    0.0000000000E+00    0.0000000000E+00    0.9688932490E-13    0.9688932490E-13    0.1000000000E+01
    1    0.4908333333E+01    0.6966836119E+00    0.3483418059E+00    0.4887497203E+00    0.0000000000E+00    0.0000000000E+00    0.0000000000E+00    0.0000000000E+00    0.0000000000E+00    0.0000000000E+00    0.1000738293E-12    0.1000738293E-12    0.1000000000E+01
    2    0.4908333333E+01   -0.1161139353E+00    0.3483418059E+00   -0.1966554475E+00    0.0000000000E+00    0.0000000000E+00    0.0000000000E+00    0.0000000000E+00    0.0000000000E+00    0.0000000000E+00    0.1527816785E-15    0.1527816791E-15    0.9999999958E+00
    3    0.4908333333E+01   -0.1161139353E+00   -0.4644557413E+00   -0.3704469019E+00    0.0000000000E+00    0.0000000000E+00    0.0000000000E+00    0.0000000000E+00    0.0000000000E+00    0.0000000000E+00    0.2587023245E-14    0.2587023247E-14    0.9999999992E+00
    4    0.4908333333E+01    0.6966836119E+00   -0.4644557413E+00   -0.3806867053E+00    0.0000000000E+00    0.0000000000E+00    0.0000000000E+00    0.0000000000E+00    0.0000000000E+00    0.0000000000E+00    0.1691809393E-17    0.1691812411E-17    0.9999982164E+00
    5    0.4908333333E+01   -0.1161139353E+00    0.3483418059E+00   -0.4067055149E+00    0.0000000000E+00    0.0000000000E+00    0.0000000000E+00    0.0000000000E+00    0.0000000000E+00    0.0000000000E+00    0.1311096512E-15    0.1311096526E-15    0.9999999899E+00
    6    0.4908333333E+01    0.6966836119E+00    0.3483418059E+00    0.3627005978E+00    0.0000000000E+00    0.0000000000E+00    0.0000000000E+00    0.0000000000E+00    0.0000000000E+00    0.0000000000E+00    0.7346285860E-13    0.7346285860E-13    0.1000000000E+01
    7    0.4908333333E+01   -0.1161139353E+00   -0.4644557413E+00    0.2879300083E+00    0.0000000000E+00    0.0000000000E+00    0.0000000000E+00    0.0000000000E+00    0.0000000000E+00    0.0000000000E+00    0.2404714701E-14    0.2404714947E-14    0.9999998975E+00
    8    0.4908333333E+01    0.6966836119E+00    0.3483418059E+00    0.1824857684E+00    0.0000000000E+00    0.0000000000E+00    0.0000000000E+00    0.0000000000E+00    0.0000000000E+00    0.0000000000E+00    0.5053923846E-13    0.5053923846E-13    0.1000000000E+01
    9    0.4908333333E+01    0.6966836119E+00    0.3483418059E+00    0.9470042050E-02    0.0000000000E+00    0.0000000000E+00    0.0000000000E+00    0.0000000000E+00    0.0000000000E+00    0.0000000000E+00    0.4292740744E-12    0.4292740744E-12    0.9999999999E+00
    1    0.5166666667E+01    0.6966836119E+00    0.3483418059E+00    0.4449741014E+00    0.0000000000E+00    0.0000000000E+00    0.0000000000E+00    0.0000000000E+00    0.0000000000E+00    0.0000000000E+00    0.2175389549E-13    0.2175389549E-13    0.1000000000E+01
    2    0.5166666667E+01    0.6966836119E+00   -0.4644557413E+00   -0.3348987656E+00    0.0000000000E+00    0.0000000000E+00    0.0000000000E+00    0.0000000000E+00    0.0000000000E+00    0.0000000000E+00    0.1242563086E-14    0.1242563164E-14    0.9999999366E+00
    3    0.5166666667E+01   -0.1161139353E+00    0.3483418059E+00   -0.3399444410E+00    0.0000000000E+00    0.0000000000E+00    0.0000000000E+00    0.0000000000E+00    0.0000000000E+00    0.0000000000E+00    0.2988469418E-16    0.2988469454E-16    0.9999999881E+00
    4    0.5166666667E+01   -0.1161139353E+00   -0.4644557413E+00    0.3204319769E+00    0.0000000000E+00    0.0000000000E+00    0.0000000000E+00    0.0000000000E+00    0.0000000000E+00    0.0000000000E+00    0.3190192789E-15    0.3190193307E-15    0.9999998375E+00
    5    0.5166666667E+01    0.6966836119E+00    0.3483418059E+00    0.2472216894E+00    0.0000000000E+00    0.0000000000E+00    0.0000000000E+00    0.0000000000E+00    0.0000000000E+00    0.0000000000E+00    0.1719082435E-13    0.1719082435E-13    0.1000000000E+01
    6    0.5166666667E+01    0.6966836119E+00    0.3483418059E+00    0.7971030349E-01    0.0000000000E+00    0.0000000000E+00    0.0000000000E+00    0.0000000000E+00    0.0000000000E+00    0.0000000000E+00    0.9735880859E-14    0.9735880859E-14    0.1000000000E+01
    1    0.5425000000E+01    0.6966836119E+00   -0.4644557413E+00   -0.2867880710E+00    0.0000000000E+00    0.0000000000E+00    0.0000000000E+00    0.0000000000E+00    0.0000000000E+00    0.0000000000E+00    0.6379026450E-14    0.6379026451E-14    0.9999999999E+00
    2    0.5425000000E+01   -0.1161139353E+00    0.3483418059E+00   -0.2644473910E+00    0.0000000000E+00    0.0000000000E+00    0.0000000000E+00    0.0000000000E+00    0.0000000000E+00    0.0000000000E+00    0.2516053665E-14    0.2516053665E-14    0.1000000000E+01
    3    0.5425000000E+01    0.6966836119E+00    0.3483418059E+00    0.1442998293E+00    0.0000000000E+00    0.0000000000E+00    0.0000000000E+00    0.0000000000E+00    0.0000000000E+00    0.0000000000E+00    0.4029341797E-14    0.4029341797E-14    0.1000000000E+01
    4    0.5425000000E+01    0.6966836119E+00    0.3483418059E+00    0.3181096749E+00    0.0000000000E+00    0.0000000000E+00    0.0000000000E+00    0.0000000000E+00    0.0000000000E+00    0.0000000000E+00    0.5280648066E-14    0.5280648066E-14    0.1000000000E+01
    5    0.5425000000E+01   -0.1161139353E+00   -0.4644557413E+00    0.3528919088E+00    0.0000000000E+00    0.0000000000E+00    0.0000000000E+00    0.0000000000E+00    0.0000000000E+00    0.0000000000E+00    0.1922034185E-15    0.1922034214E-15    0.9999999850E+00
    1    0.5683333333E+01    0.6966836119E+00   -0.4644557413E+00   -0.2341057756E+00    0.0000000000E+00    0.0000000000E+00    0.0000000000E+00    0.0000000000E+00    0.0000000000E+00    0.0000000000E+00    0.8300120295E-14    0.8300146760E-14    0.9999968115E+00
    2    0.5683333333E+01   -0.1161139353E+00    0.3483418059E+00   -0.1609893413E+00    0.0000000000E+00    0.0000000000E+00    0.0000000000E+00    0.0000000000E+00    0.0000000000E+00    0.0000000000E+00    0.4517815020E-13    0.4517815107E-13    0.9999999807E+00
    3    0.5683333333E+01    0.6966836119E+00    0.3483418059E+00    0.2097068613E+00    0.0000000000E+00    0.0000000000E+00    0.0000000000E+00    0.0000000000E+00    0.0000000000E+00    0.0000000000E+00    0.4184026340E-13    0.4184028389E-13    0.9999995102E+00
    4    0.5683333333E+01    0.6966836119E+00    0.3483418059E+00    0.4229726415E+00    0.0000000000E+00    0.0000000000E+00    0.0000000000E+00    0.0000000000E+00    0.0000000000E+00    0.0000000000E+00    0.4164148343E-13    0.4164151403E-13    0.9999992652E+00
    5    0.5683333333E+01   -0.1161139353E+00   -0.4644557413E+00    0.3853390755E+00    0.0000000000E+00    0.0000000000E+00    0.0000000000E+00    0.0000000000E+00    0.0000000000E+00    0.0000000000E+00    0.1670624038E-17    0.1670839981E-17    0.9998707583E+00
    1    0.5941666667E+01    0.6966836119E+00   -0.4644557413E+00   -0.1718495983E+00    0.0000000000E+00    0.0000000000E+00    0.0000000000E+00    0.0000000000E+00    0.0000000000E+00    0.0000000000E+00    0.1004065545E-13    0.1004065547E-13    0.9999999983E+00
    2    0.5941666667E+01    0.6966836119E+00    0.3483418059E+00    0.5496223580E+00    0.0000000000E+00    0.0000000000E+00    0.0000000000E+00    0.0000000000E+00    0.0000000000E+00    0.0000000000E+00    0.7826641305E-13    0.7826641305E-13    0.1000000000E+01
    3    0.5941666667E+01   -0.1161139353E+00   -0.4644557413E+00    0.4178603213E+00    0.0000000000E+00    0.0000000000E+00    0.0000000000E+00    0.0000000000E+00    0.0000000000E+00    0.0000000000E+00    0.5262803448E-15    0.5262803448E-15    0.1000000000E+01
    4    0.5941666667E+01    0.6966836119E+00    0.3483418059E+00    0.2835972376E+00    0.0000000000E+00    0.0000000000E+00    0.0000000000E+00    0.0000000000E+00    0.0000000000E+00    0.0000000000E+00    0.7384763894E-13    0.7384763894E-13    0.1000000000E+01
    1    0.6200000000E+01    0.6966836119E+00   -0.4644557413E+00   -0.7858125683E-01    0.0000000000E+00    0.0000000000E+00    0.0000000000E+00    0.0000000000E+00    0.0000000000E+00    0.0000000000E+00    0.3122534959E-11    0.3122534963E-11    0.9999999987E+00
    2    0.6200000000E+01    0.6966836119E+00    0.3483418059E+00   -0.4418955092E+00    0.0000000000E+00    0.0000000000E+00    0.0000000000E+00    0.0000000000E+00    0.0000000000E+00    0.0000000000E+00    0.1509049422E-08    0.1509049422E-08    0.1000000000E+01
    3    0.6200000000E+01    0.6966836119E+00    0.3483418059E+00    0.4319861817E+00    0.0000000000E+00    0.0000000000E+00    0.0000000000E+00    0.0000000000E+00    0.0000000000E+00    0.0000000000E+00    0.1505613332E-08    0.1505613332E-08    0.1000000000E+01
    4    0.6200000000E+01   -0.1161139353E+00   -0.4644557413E+00    0.4505022043E+00    0.0000000000E+00    0.0000000000E+00    0.0000000000E+00    0.0000000000E+00    0.0000000000E+00    0.0000000000E+00    0.1876438971E-14    0.1876438972E-14    0.9999999995E+00
    1    0.6458333333E+01   -0.1161139353E+00   -0.4644557413E+00    0.4832844194E+00    0.0000000000E+00    0.0000000000E+00    0.0000000000E+00    0.0000000000E+00    0.0000000000E+00    0.0000000000E+00    0.2855621558E-14    0.2855621558E-14    0.1000000000E+01
    1    0.6716666667E+01    0.6966836119E+00   -0.4644557413E+00    0.6570911299E-01    0.0000000000E+00    0.0000000000E+00    0.0000000000E+00    0.0000000000E+00    0.0000000000E+00    0.0000000000E+00    0.8275467786E-12    0.8275467786E-12    0.1000000000E+01
    2    0.6716666667E+01   -0.1161139353E+00   -0.4644557413E+00    0.5162061540E+00    0.0000000000E+00    0.0000000000E+00    0.0000000000E+00    0.0000000000E+00    0.0000000000E+00    0.0000000000E+00    0.2120846849E-14    0.2120846849E-14    0.1000000000E+01
    1    0.6975000000E+01    0.6966836119E+00   -0.4644557413E+00    0.1181185176E+00    0.0000000000E+00    0.0000000000E+00    0.0000000000E+00    0.0000000000E+00    0.0000000000E+00    0.0000000000E+00    0.9599161378E-13    0.9599161378E-13    0.1000000000E+01
    2    0.6975000000E+01   -0.1161139353E+00   -0.4644557413E+00    0.5492539222E+00    0.0000000000E+00    0.0000000000E+00    0.0000000000E+00    0.0000000000E+00    0.0000000000E+00    0.0000000000E+00    0.3027247984E-15    0.3027247984E-15    0.1000000000E+01
    1    0.7233333333E+01    0.6966836119E+00   -0.4644557413E+00    0.1602489461E+00    0.0000000000E+00    0.0000000000E+00    0.0000000000E+00    0.0000000000E+00    0.0000000000E+00    0.0000000000E+00    0.8445713792E-14    0.8445713792E-14    0.1000000000E+01
    2    0.7233333333E+01   -0.1161139353E+00   -0.4644557413E+00   -0.5670961069E+00    0.0000000000E+00    0.0000000000E+00    0.0000000000E+00    0.0000000000E+00    0.0000000000E+00    0.0000000000E+00    0.1833803943E-14    0.1833803943E-14    0.1000000000E+01
    1    0.7491666667E+01    0.6966836119E+00   -0.4644557413E+00    0.1992405034E+00    0.0000000000E+00    0.0000000000E+00    0.0000000000E+00    0.0000000000E+00    0.0000000000E+00    0.0000000000E+00    0.2451870624E-15    0.2451870624E-15    0.1000000000E+01
    2    0.7491666667E+01   -0.1161139353E+00   -0.4644557413E+00   -0.5338541981E+00    0.0000000000E+00    0.0000000000E+00    0.0000000000E+00    0.0000000000E+00    0.0000000000E+00    0.0000000000E+00    0.1593655571E-14    0.1593655571E-14    0.1000000000E+01
    1    0.7750000000E+01   -0.1161139353E+00   -0.4644557413E+00   -0.5005595996E+00    0.0000000000E+00    0.0000000000E+00    0.0000000000E+00    0.0000000000E+00    0.0000000000E+00    0.0000000000E+00    0.5033446832E-14    0.5033446832E-14    0.1000000000E+01
    2    0.7750000000E+01    0.6966836119E+00   -0.4644557413E+00    0.2372244926E+00    0.0000000000E+00    0.0000000000E+00    0.0000000000E+00    0.0000000000E+00    0.0000000000E+00    0.0000000000E+00    0.3766031516E-14    0.3766031516E-14    0.1000000000E+01
    3    0.7750000000E+01   -0.1161139353E+00    0.3483418059E+00    0.2835247111E-01    0.0000000000E+00    0.0000000000E+00    0.0000000000E+00    0.0000000000E+00    0.0000000000E+00    0.0000000000E+00    0.4030373353E-10    0.4030373353E-10    0.1000000000E+01
    1    0.8008333333E+01   -0.1161139353E+00   -0.4644557413E+00   -0.4671963579E+00    0.0000000000E+00    0.0000000000E+00    0.0000000000E+00    0.0000000000E+00    0.0000000000E+00    0.0000000000E+00    0.6277335610E-14    0.6277335610E-14    0.1000000000E+01
    2    0.8008333333E+01    0.6966836119E+00   -0.4644557413E+00    0.2753070539E+00    0.0000000000E+00    0.0000000000E+00    0.0000000000E+00    0.0000000000E+00    0.0000000000E+00    0.0000000000E+00    0.4344520744E-14    0.4344520744E-14    0.1000000000E+01
    3    0.8008333333E+01   -0.1161139353E+00    0.3483418059E+00    0.1367672781E+00    0.0000000000E+00    0.0000000000E+00    0.0000000000E+00    0.0000000000E+00    0.0000000000E+00    0.0000000000E+00    0.1903728556E-12    0.1903728556E-12    0.1000000000E+01
    1    0.8266666667E+01   -0.1161139353E+00   -0.4644557413E+00   -0.4337427094E+00    0.0000000000E+00    0.0000000000E+00    0.0000000000E+00    0.0000000000E+00    0.0000000000E+00    0.0000000000E+00    0.3858910113E-14    0.3858910113E-14    0.1000000000E+01
    2    0.8266666667E+01    0.6966836119E+00   -0.4644557413E+00    0.3143036188E+00    0.0000000000E+00    0.0000000000E+00    0.0000000000E+00    0.0000000000E+00    0.0000000000E+00    0.0000000000E+00    0.2037706530E-14    0.2037706530E-14    0.1000000000E+01
    3    0.8266666667E+01   -0.1161139353E+00    0.3483418059E+00    0.1967515342E+00    0.0000000000E+00    0.0000000000E+00    0.0000000000E+00    0.0000000000E+00    0.0000000000E+00    0.0000000000E+00    0.4725498560E-15    0.4725498561E-15    0.9999999997E+00
    1    0.8525000000E+01   -0.1161139353E+00   -0.4644557413E+00   -0.4001569913E+00    0.0000000000E+00    0.0000000000E+00    0.0000000000E+00    0.0000000000E+00    0.0000000000E+00    0.0000000000E+00    0.5731443658E-15    0.5731443658E-15    0.1000000000E+01
    2    0.8525000000E+01    0.6966836119E+00   -0.4644557413E+00    0.3550143844E+00    0.0000000000E+00    0.0000000000E+00    0.0000000000E+00    0.0000000000E+00    0.0000000000E+00    0.0000000000E+00    0.2447172659E-15    0.2447172659E-15    0.1000000000E+01
    3    0.8525000000E+01   -0.1161139353E+00    0.3483418059E+00    0.2476943478E+00    0.0000000000E+00    0.0000000000E+00    0.0000000000E+00    0.0000000000E+00    0.0000000000E+00    0.0000000000E+00    0.1608249917E-13    0.1608249917E-13    0.1000000000E+01
    1    0.8783333333E+01   -0.1161139353E+00   -0.4644557413E+00   -0.3663770942E+00    0.0000000000E+00    0.0000000000E+00    0.0000000000E+00    0.0000000000E+00    0.0000000000E+00    0.0000000000E+00    0.5898158429E-15    0.5898158429E-15    0.1000000000E+01
    2    0.8783333333E+01    0.6966836119E+00   -0.4644557413E+00    0.3984279626E+00    0.0000000000E+00    0.0000000000E+00    0.0000000000E+00    0.0000000000E+00    0.0000000000E+00    0.0000000000E+00    0.2684393347E-16    0.2684393347E-16    0.1000000000E+01
    3    0.8783333333E+01   -0.1161139353E+00    0.3483418059E+00    0.2953990860E+00    0.0000000000E+00    0.0000000000E+00    0.0000000000E+00    0.0000000000E+00    0.0000000000E+00    0.0000000000E+00    0.1276120225E-13    0.1276120225E-13    0.1000000000E+01
    1    0.9041666667E+01   -0.1161139353E+00   -0.4644557413E+00   -0.3323211049E+00    0.0000000000E+00    0.0000000000E+00    0.0000000000E+00    0.0000000000E+00    0.0000000000E+00    0.0000000000E+00    0.2328313323E-14    0.2328322204E-14    0.9999961855E+00
    2    0.9041666667E+01   -0.1161139353E+00    0.3483418059E+00    0.8898726070E-01    0.0000000000E+00    0.0000000000E+00    0.0000000000E+00    0.0000000000E+00    0.0000000000E+00    0.0000000000E+00    0.4297265808E-11    0.4297265808E-11    0.1000000000E+01
    3    0.9041666667E+01    0.6966836119E+00   -0.4644557413E+00    0.4460218339E+00    0.0000000000E+00    0.0000000000E+00    0.0000000000E+00    0.0000000000E+00    0.0000000000E+00    0.0000000000E+00    0.7751540499E-16    0.7751550677E-16    0.9999986869E+00
    4    0.9041666667E+01   -0.1161139353E+00    0.3483418059E+00    0.3424850819E+00    0.0000000000E+00    0.0000000000E+00    0.0000000000E+00    0.0000000000E+00    0.0000000000E+00    0.0000000000E+00    0.4337995000E-14    0.4337995147E-14    0.9999999661E+00
    1    0.9300000000E+01   -0.1161139353E+00    0.3483418059E+00    0.1806598415E+00    0.0000000000E+00    0.0000000000E+00    0.0000000000E+00    0.0000000000E+00    0.0000000000E+00    0.0000000000E+00    0.7605430370E-13    0.7605430370E-13    0.1000000000E+01
    2    0.9300000000E+01    0.6966836119E+00    0.3483418059E+00   -0.3549841881E+00    0.0000000000E+00    0.0000000000E+00    0.0000000000E+00    0.0000000000E+00    0.0000000000E+00    0.0000000000E+00    0.9725198822E-11    0.9725198822E-11    0.1000000000E+01
    3    0.9300000000E+01   -0.1161139353E+00   -0.4644557413E+00   -0.2978878999E+00    0.0000000000E+00    0.0000000000E+00    0.0000000000E+00    0.0000000000E+00    0.0000000000E+00    0.0000000000E+00    0.8519012554E-14    0.8519012554E-14    0.1000000000E+01
    4    0.9300000000E+01   -0.1161139353E+00    0.3483418059E+00    0.3908631060E+00    0.0000000000E+00    0.0000000000E+00    0.0000000000E+00    0.0000000000E+00    0.0000000000E+00    0.0000000000E+00    0.6621466914E-13    0.6621466914E-13    0.1000000000E+01
    5    0.9300000000E+01    0.6966836119E+00   -0.4644557413E+00    0.5004736568E+00    0.0000000000E+00    0.0000000000E+00    0.0000000000E+00    0.0000000000E+00    0.0000000000E+00    0.0000000000E+00    0.1002143757E-14    0.1002143757E-14    0.1000000000E+01
    6    0.9300000000E+01    0.6966836119E+00    0.3483418059E+00    0.5004536315E+00    0.0000000000E+00    0.0000000000E+00    0.0000000000E+00    0.0000000000E+00    0.0000000000E+00    0.0000000000E+00    0.9652271750E-11    0.9652271750E-11    0.1000000000E+01
    1    0.9558333333E+01   -0.1161139353E+00    0.3483418059E+00    0.2500173146E+00    0.0000000000E+00    0.0000000000E+00    0.0000000000E+00    0.0000000000E+00    0.0000000000E+00    0.0000000000E+00    0.8775775545E-13    0.8775775545E-13    0.1000000000E+01
    2    0.9558333333E+01   -0.1161139353E+00    0.3483418059E+00    0.4427203913E+00    0.0000000000E+00    0.0000000000E+00    0.0000000000E+00    0.0000000000E+00    0.0000000000E+00    0.0000000000E+00    0.4449326158E-13    0.4449326158E-13    0.1000000000E+01
    3    0.9558333333E+01    0.6966836119E+00   -0.4644557413E+00    0.5685708566E+00    0.0000000000E+00    0.0000000000E+00    0.0000000000E+00    0.0000000000E+00    0.0000000000E+00    0.0000000000E+00    0.7977925617E-12    0.7977925617E-12    0.1000000000E+01
    4    0.9558333333E+01    0.6966836119E+00    0.3483418059E+00   -0.5436353137E+00    0.0000000000E+00    0.0000000000E+00    0.0000000000E+00    0.0000000000E+00    0.0000000000E+00    0.0000000000E+00    0.3022998883E-13    0.3022998883E-13    0.1000000000E+01
    5    0.9558333333E+01    0.6966836119E+00    0.3483418059E+00   -0.2469665343E+00    0.0000000000E+00    0.0000000000E+00    0.0000000000E+00    0.0000000000E+00    0.0000000000E+00    0.0000000000E+00    0.1719631365E-12    0.1719631366E-12    0.9999999998E+00
    6    0.9558333333E+01   -0.1161139353E+00   -0.4644557413E+00   -0.2629571471E+00    0.0000000000E+00    0.0000000000E+00    0.0000000000E+00    0.0000000000E+00    0.0000000000E+00    0.0000000000E+00    0.7787487365E-14    0.7787487365E-14    0.1000000000E+01
    1    0.9816666667E+01    0.6966836119E+00   -0.4644557413E+00    0.2891888150E+00    0.0000000000E+00    0.0000000000E+00    0.0000000000E+00    0.0000000000E+00    0.0000000000E+00    0.0000000000E+00    0.1353053973E-10    0.1353053973E-10    0.1000000000E+01
    2    0.9816666667E+01   -0.1161139353E+00    0.3483418059E+00    0.3174220369E+00    0.0000000000E+00    0.0000000000E+00    0.0000000000E+00    0.0000000000E+00    0.0000000000E+00    0.0000000000E+00    0.9134015524E-13    0.9134015525E-13    0.1000000000E+01
    3    0.9816666667E+01    0.6966836119E+00    0.3483418059E+00   -0.1514706655E+00    0.0000000000E+00    0.0000000000E+00    0.0000000000E+00    0.0000000000E+00    0.0000000000E+00    0.0000000000E+00    0.7330814384E-12    0.7330814384E-12    0.1000000000E+01
    4    0.9816666667E+01   -0.1161139353E+00    0.3483418059E+00    0.5020349740E+00    0.0000000000E+00    0.0000000000E+00    0.0000000000E+00    0.0000000000E+00    0.0000000000E+00    0.0000000000E+00    0.6947463622E-13    0.6947463622E-13    0.1000000000E+01
    5    0.9816666667E+01   -0.1161139353E+00   -0.4644557413E+00   -0.2273877554E+00    0.0000000000E+00    0.0000000000E+00    0.0000000000E+00    0.0000000000E+00    0.0000000000E+00    0.0000000000E+00    0.2947738445E-14    0.2947738445E-14    0.9999999999E+00
    6    0.9816666667E+01    0.6966836119E+00    0.3483418059E+00   -0.4545410364E+00    0.0000000000E+00    0.0000000000E+00    0.0000000000E+00    0.0000000000E+00    0.0000000000E+00    0.0000000000E+00    0.2102558547E-12    0.2102558547E-12    0.1000000000E+01
    7    0.9816666667E+01    0.6966836119E+00   -0.4644557413E+00   -0.4698952736E+00    0.0000000000E+00    0.0000000000E+00    0.0000000000E+00    0.0000000000E+00    0.0000000000E+00    0.0000000000E+00    0.1367129632E-10    0.1367129632E-10    0.1000000000E+01
    1    0.1007500000E+02   -0.1161139353E+00   -0.4644557413E+00   -0.1910145589E+00    0.0000000000E+00    0.0000000000E+00    0.0000000000E+00    0.0000000000E+00    0.0000000000E+00    0.0000000000E+00    0.8558461215E-18    0.8558461320E-18    0.9999999878E+00
    2    0.1007500000E+02   -0.1161139353E+00    0.3483418059E+00    0.4005345783E+00    0.0000000000E+00    0.0000000000E+00    0.0000000000E+00    0.0000000000E+00    0.0000000000E+00    0.0000000000E+00    0.4688017120E-11    0.4688017120E-11    0.1000000000E+01
    3    0.1007500000E+02    0.6966836119E+00    0.3483418059E+00   -0.3559058106E+00    0.0000000000E+00    0.0000000000E+00    0.0000000000E+00    0.0000000000E+00    0.0000000000E+00    0.0000000000E+00    0.1796441975E-13    0.1796441975E-13    0.1000000000E+01
    4    0.1007500000E+02   -0.1161139353E+00    0.3483418059E+00   -0.5664578366E+00    0.0000000000E+00    0.0000000000E+00    0.0000000000E+00    0.0000000000E+00    0.0000000000E+00    0.0000000000E+00    0.4747621869E-11    0.4747621869E-11    0.1000000000E+01
    1    0.1033333333E+02    0.6966836119E+00    0.3483418059E+00   -0.2554045725E+00    0.0000000000E+00    0.0000000000E+00    0.0000000000E+00    0.0000000000E+00    0.0000000000E+00    0.0000000000E+00    0.2235484322E-12    0.2235484762E-12    0.9999998032E+00
    2    0.1033333333E+02   -0.1161139353E+00   -0.4644557413E+00   -0.1536422623E+00    0.0000000000E+00    0.0000000000E+00    0.0000000000E+00    0.0000000000E+00    0.0000000000E+00    0.0000000000E+00    0.3508114477E-14    0.3508115038E-14    0.9999998402E+00
    1    0.1059166667E+02    0.6966836119E+00    0.3483418059E+00   -0.1405315372E+00    0.0000000000E+00    0.0000000000E+00    0.0000000000E+00    0.0000000000E+00    0.0000000000E+00    0.0000000000E+00    0.1599187042E-11    0.1599187042E-11    0.1000000000E+01
    2    0.1059166667E+02   -0.1161139353E+00   -0.4644557413E+00   -0.1150353998E+00    0.0000000000E+00    0.0000000000E+00    0.0000000000E+00    0.0000000000E+00    0.0000000000E+00    0.0000000000E+00    0.9165615131E-14    0.9165615192E-14    0.9999999933E+00
    1    0.1085000000E+02   -0.1161139353E+00   -0.4644557413E+00   -0.7490118502E-01    0.0000000000E+00    0.0000000000E+00    0.0000000000E+00    0.0000000000E+00    0.0000000000E+00    0.0000000000E+00    0.6887999939E-14    0.6887999940E-14    0.1000000000E+01
    2    0.1085000000E+02    0.6966836119E+00    0.3483418059E+00    0.5211682441E+00    0.0000000000E+00    0.0000000000E+00    0.0000000000E+00    0.0000000000E+00    0.0000000000E+00    0.0000000000E+00    0.2545347155E-10    0.2545347155E-10    0.1000000000E+01
    3    0.1085000000E+02    0.6966836119E+00    0.3483418059E+00   -0.4220209844E+00    0.0000000000E+00    0.0000000000E+00    0.0000000000E+00    0.0000000000E+00    0.0000000000E+00    0.0000000000E+00    0.2577436874E-10    0.2577436874E-10    0.1000000000E+01
    1    0.1110833333E+02    0.6966836119E+00    0.3483418059E+00   -0.5290948197E+00    0.0000000000E+00    0.0000000000E+00    0.0000000000E+00    0.0000000000E+00    0.0000000000E+00    0.0000000000E+00    0.2515793786E-12    0.2515793787E-12    0.1000000000E+01
    2    0.1110833333E+02    0.6966836119E+00   -0.4644557413E+00    0.1519136347E+00    0.0000000000E+00    0.0000000000E+00    0.0000000000E+00    0.0000000000E+00    0.0000000000E+00    0.0000000000E+00    0.3070509085E-12    0.3070509085E-12    0.1000000000E+01
    3    0.1110833333E+02    0.6966836119E+00    0.3483418059E+00   -0.3090732972E+00    0.0000000000E+00    0.0000000000E+00    0.0000000000E+00    0.0000000000E+00    0.0000000000E+00    0.0000000000E+00    0.3733056290E-12    0.3733056290E-12    0.1000000000E+01
    4    0.1110833333E+02   -0.1161139353E+00   -0.4644557413E+00   -0.3284752902E-01    0.0000000000E+00    0.0000000000E+00    0.0000000000E+00    0.0000000000E+00    0.0000000000E+00    0.0000000000E+00    0.5419299046E-15    0.5419299046E-15    0.9999999999E+00
    1    0.1136666667E+02    0.6966836119E+00   -0.4644557413E+00    0.2585930780E+00    0.0000000000E+00    0.0000000000E+00    0.0000000000E+00    0.0000000000E+00    0.0000000000E+00    0.0000000000E+00    0.2019589535E-15    0.2019589536E-15    0.9999999998E+00
    2    0.1136666667E+02    0.6966836119E+00    0.3483418059E+00   -0.4643511049E+00    0.0000000000E+00    0.0000000000E+00    0.0000000000E+00    0.0000000000E+00    0.0000000000E+00    0.0000000000E+00    0.9837549027E-13    0.9837549027E-13    0.1000000000E+01
    3    0.1136666667E+02    0.6966836119E+00    0.3483418059E+00   -0.2161897564E+00    0.0000000000E+00    0.0000000000E+00    0.0000000000E+00    0.0000000000E+00    0.0000000000E+00    0.0000000000E+00    0.2144537107E-12    0.2144537107E-12    0.1000000000E+01
    4    0.1136666667E+02   -0.1161139353E+00   -0.4644557413E+00    0.1124906699E-01    0.0000000000E+00    0.0000000000E+00    0.0000000000E+00    0.0000000000E+00    0.0000000000E+00    0.0000000000E+00    0.7092059379E-13    0.7092059379E-13    0.1000000000E+01
    1    0.1162500000E+02    0.6966836119E+00    0.3483418059E+00   -0.4067804987E+00    0.0000000000E+00    0.0000000000E+00    0.0000000000E+00    0.0000000000E+00    0.0000000000E+00    0.0000000000E+00    0.9514849898E-12    0.9514849898E-12    0.1000000000E+01
    2    0.1162500000E+02    0.6966836119E+00    0.3483418059E+00   -0.8408950282E-01   -0.9289114825E+00    0.3483418059E+00   -0.8408950282E-01    0.6147820131E+01    0.4243281817E+00    0.2849910948E+00    0.2470978961E-10    0.2470978961E-10    0.1000000000E+01
    3    0.1162500000E+02   -0.1161139353E+00   -0.4644557413E+00    0.5885421620E-01    0.0000000000E+00    0.0000000000E+00    0.0000000000E+00    0.0000000000E+00    0.0000000000E+00    0.0000000000E+00    0.4508090003E-14    0.4508090003E-14    0.1000000000E+01
    4    0.1162500000E+02    0.6966836119E+00   -0.4644557413E+00    0.3435587104E+00    0.0000000000E+00    0.0000000000E+00    0.0000000000E+00    0.0000000000E+00    0.0000000000E+00    0.0000000000E+00    0.6791630947E-14    0.6791630947E-14    0.1000000000E+01
    5    0.1162500000E+02   -0.1161139353E+00    0.3483418059E+00    0.4476674887E+00    0.0000000000E+00    0.0000000000E+00    0.0000000000E+00    0.0000000000E+00    0.0000000000E+00    0.0000000000E+00    0.1413450552E-12    0.1413450552E-12    0.1000000000E+01
    1    0.1188333333E+02   -0.1161139353E+00   -0.4644557413E+00    0.1103135769E+00    0.0000000000E+00    0.0000000000E+00    0.0000000000E+00    0.0000000000E+00    0.0000000000E+00    0.0000000000E+00    0.1798724323E-13    0.1798724323E-13    0.1000000000E+01
    2    0.1188333333E+02    0.6966836119E+00    0.3483418059E+00   -0.3510688045E+00    0.0000000000E+00    0.0000000000E+00    0.0000000000E+00    0.0000000000E+00    0.0000000000E+00    0.0000000000E+00    0.1458769153E-14    0.1458769153E-14    0.9999999999E+00
    3    0.1188333333E+02    0.6966836119E+00   -0.4644557413E+00    0.4186617180E+00    0.0000000000E+00    0.0000000000E+00    0.0000000000E+00    0.0000000000E+00    0.0000000000E+00    0.0000000000E+00    0.6766795099E-14    0.6766795099E-14    0.1000000000E+01
    4    0.1188333333E+02   -0.1161139353E+00    0.3483418059E+00    0.5679503471E+00    0.0000000000E+00    0.0000000000E+00    0.0000000000E+00    0.0000000000E+00    0.0000000000E+00    0.0000000000E+00    0.2617043768E-13    0.2617043768E-13    0.1000000000E+01
    1    0.1214166667E+02   -0.1161139353E+00   -0.4644557413E+00    0.1672105689E+00    0.0000000000E+00    0.0000000000E+00    0.0000000000E+00    0.0000000000E+00    0.0000000000E+00    0.0000000000E+00    0.3986090050E-14    0.3986090050E-14    0.1000000000E+01
    2    0.1214166667E+02    0.6966836119E+00    0.3483418059E+00   -0.2944208913E+00    0.0000000000E+00    0.0000000000E+00    0.0000000000E+00    0.0000000000E+00    0.0000000000E+00    0.0000000000E+00    0.1306791523E-13    0.1306791523E-13    0.1000000000E+01
    3    0.1214166667E+02    0.6966836119E+00   -0.4644557413E+00    0.4888357140E+00    0.0000000000E+00    0.0000000000E+00    0.0000000000E+00    0.0000000000E+00    0.0000000000E+00    0.0000000000E+00    0.1309140535E-13    0.1309140535E-13    0.1000000000E+01
    4    0.1214166667E+02   -0.1161139353E+00    0.3483418059E+00   -0.4964661682E+00    0.0000000000E+00    0.0000000000E+00    0.0000000000E+00    0.0000000000E+00    0.0000000000E+00    0.0000000000E+00    0.3750136824E-14    0.3750136824E-14    0.1000000000E+01
    1    0.1240000000E+02   -0.1161139353E+00   -0.4644557413E+00    0.2316827941E+00    0.0000000000E+00    0.0000000000E+00    0.0000000000E+00    0.0000000000E+00    0.0000000000E+00    0.0000000000E+00    0.1163058066E-13    0.1163058066E-13    0.1000000000E+01
    2    0.1240000000E+02    0.6966836119E+00   -0.4644557413E+00    0.5579003395E+00    0.0000000000E+00    0.0000000000E+00    0.0000000000E+00    0.0000000000E+00    0.0000000000E+00    0.0000000000E+00    0.5651163172E-13    0.5651163172E-13    0.1000000000E+01
    3    0.1240000000E+02    0.6966836119E+00    0.3483418059E+00   -0.2342903239E+00    0.0000000000E+00    0.0000000000E+00    0.0000000000E+00    0.0000000000E+00    0.0000000000E+00    0.0000000000E+00    0.1489033187E-13    0.1489033187E-13    0.1000000000E+01
    4    0.1240000000E+02   -0.1161139353E+00    0.3483418059E+00   -0.4101439182E+00    0.0000000000E+00    0.0000000000E+00    0.0000000000E+00    0.0000000000E+00    0.0000000000E+00    0.0000000000E+00    0.5938637497E-14    0.5938637497E-14    0.1000000000E+01
    1    0.1265833333E+02   -0.1161139353E+00   -0.4644557413E+00    0.3062818025E+00    0.0000000000E+00    0.0000000000E+00    0.0000000000E+00    0.0000000000E+00    0.0000000000E+00    0.0000000000E+00    0.2537112896E-13    0.2537112896E-13    0.1000000000E+01
    2    0.1265833333E+02    0.6966836119E+00   -0.4644557413E+00   -0.5202679032E+00    0.0000000000E+00    0.0000000000E+00    0.0000000000E+00    0.0000000000E+00    0.0000000000E+00    0.0000000000E+00    0.3283176353E-14    0.3283176353E-14    0.1000000000E+01
    3    0.1265833333E+02    0.6966836119E+00    0.3483418059E+00   -0.1668111450E+00    0.0000000000E+00    0.0000000000E+00    0.0000000000E+00    0.0000000000E+00    0.0000000000E+00    0.0000000000E+00    0.2485172746E-13    0.2485172746E-13    0.1000000000E+01
    4    0.1265833333E+02   -0.1161139353E+00    0.3483418059E+00   -0.3053589524E+00    0.0000000000E+00    0.0000000000E+00    0.0000000000E+00    0.0000000000E+00    0.0000000000E+00    0.0000000000E+00    0.2564284714E-12    0.2564284714E-12    0.1000000000E+01
    1    0.1291666667E+02    0.6966836119E+00   -0.4644557413E+00   -0.4416422303E+00    0.0000000000E+00    0.0000000000E+00    0.0000000000E+00    0.0000000000E+00    0.0000000000E+00    0.0000000000E+00    0.3988315858E-15    0.3988315858E-15    0.9999999998E+00
    2    0.1291666667E+02   -0.1161139353E+00   -0.4644557413E+00    0.3912754376E+00    0.0000000000E+00    0.0000000000E+00    0.0000000000E+00    0.0000000000E+00    0.0000000000E+00    0.0000000000E+00    0.1867827811E-15    0.1867827811E-15    0.1000000000E+01
    3    0.1291666667E+02    0.6966836119E+00    0.3483418059E+00   -0.7965641539E-01    0.0000000000E+00    0.0000000000E+00    0.0000000000E+00    0.0000000000E+00    0.0000000000E+00    0.0000000000E+00    0.4343489500E-11    0.4343489500E-11    0.1000000000E+01
    1    0.1317500000E+02    0.6966836119E+00   -0.4644557413E+00   -0.3457302228E+00    0.0000000000E+00    0.0000000000E+00    0.0000000000E+00    0.0000000000E+00    0.0000000000E+00    0.0000000000E+00    0.1622891573E-13    0.1622891573E-13    0.1000000000E+01
    2    0.1317500000E+02   -0.1161139353E+00   -0.4644557413E+00    0.4803568662E+00   -0.1161139353E+00   -0.4644557413E+00    0.4803568662E+00    0.1545852340E+01    0.3132935621E+01   -0.3428595113E+01    0.1377688168E-14    0.1377688168E-14    0.9999999999E+00
    1    0.1343333333E+02   -0.1161139353E+00   -0.4644557413E+00    0.5663303379E+00    0.0000000000E+00    0.0000000000E+00    0.0000000000E+00    0.0000000000E+00    0.0000000000E+00    0.0000000000E+00    0.1045311401E-11    0.1045311401E-11    0.1000000000E+01
    2    0.1343333333E+02    0.6966836119E+00    0.3483418059E+00    0.4976246844E+00    0.0000000000E+00    0.0000000000E+00    0.0000000000E+00    0.0000000000E+00    0.0000000000E+00    0.0000000000E+00    0.4690177391E-11    0.4690177391E-11    0.1000000000E+01
    3    0.1343333333E+02    0.6966836119E+00   -0.4644557413E+00   -0.1712971638E+00    0.6966836119E+00   -0.4644557413E+00   -0.1712971638E+00   -0.5709763275E+00    0.9670098109E+00   -0.5274702364E+00    0.3768574855E-11    0.3768574855E-11    0.1000000000E+01
    4    0.1343333333E+02   -0.1161139353E+00   -0.4644557413E+00    0.2585203527E+00    0.0000000000E+00    0.0000000000E+00    0.0000000000E+00    0.0000000000E+00    0.0000000000E+00    0.0000000000E+00    0.5500320016E-11    0.5500320016E-11    0.1000000000E+01
    5    0.1343333333E+02    0.6966836119E+00    0.3483418059E+00    0.2301603378E+00    0.0000000000E+00    0.0000000000E+00    0.0000000000E+00    0.0000000000E+00    0.0000000000E+00    0.0000000000E+00    0.1130444111E-11    0.1130444111E-11    0.1000000000E+01
    6    0.1343333333E+02    0.6966836119E+00   -0.4644557413E+00    0.5150681164E-01    0.6966836119E+00   -0.4644557413E+00    0.5150681164E-01    0.5402238755E-01    0.1483176198E+01   -0.3975719538E+00    0.5120313615E-09    0.5120313615E-09    0.1000000000E+01
    1    0.1369166667E+02   -0.1161139353E+00   -0.4644557413E+00   -0.5023218635E+00    0.0000000000E+00    0.0000000000E+00    0.0000000000E+00    0.0000000000E+00    0.0000000000E+00    0.0000000000E+00    0.7768424366E-13    0.7768424366E-13    0.1000000000E+01
    2    0.1369166667E+02   -0.1161139353E+00   -0.4644557413E+00    0.4613480185E+00    0.0000000000E+00    0.0000000000E+00    0.0000000000E+00    0.0000000000E+00    0.0000000000E+00    0.0000000000E+00    0.7455726995E-12    0.7455726995E-12    0.1000000000E+01
    3    0.1369166667E+02    0.6966836119E+00    0.3483418059E+00    0.3689475971E+00    0.0000000000E+00    0.0000000000E+00    0.0000000000E+00    0.0000000000E+00    0.0000000000E+00    0.0000000000E+00    0.6199389117E-11    0.6199389117E-11    0.1000000000E+01
    4    0.1369166667E+02    0.6966836119E+00    0.3483418059E+00    0.2123459790E+00    0.0000000000E+00    0.0000000000E+00    0.0000000000E+00    0.0000000000E+00    0.0000000000E+00    0.0000000000E+00    0.6064294374E-11    0.6064294374E-11    0.1000000000E+01
    5    0.1369166667E+02   -0.1161139353E+00    0.3483418059E+00    0.2556251132E+00    0.0000000000E+00    0.0000000000E+00    0.0000000000E+00    0.0000000000E+00    0.0000000000E+00    0.0000000000E+00    0.1385765046E-11    0.1385765046E-11    0.1000000000E+01
    6    0.1369166667E+02   -0.1161139353E+00   -0.4644557413E+00    0.2813974860E+00    0.0000000000E+00    0.0000000000E+00    0.0000000000E+00    0.0000000000E+00    0.0000000000E+00    0.0000000000E+00    0.1509192279E-11    0.1509192279E-11    0.1000000000E+01
    7    0.1369166667E+02    0.6966836119E+00   -0.4644557413E+00    0.2921172219E+00    0.0000000000E+00    0.0000000000E+00    0.0000000000E+00    0.0000000000E+00    0.0000000000E+00    0.0000000000E+00    0.2246558042E-11    0.2246558042E-11    0.9999999998E+00
    1    0.1395000000E+02   -0.1161139353E+00    0.3483418059E+00    0.5122164250E-01    0.0000000000E+00    0.0000000000E+00    0.0000000000E+00    0.0000000000E+00    0.0000000000E+00    0.0000000000E+00    0.4210966374E-10    0.4210966374E-10    0.1000000000E+01
    2    0.1395000000E+02   -0.1161139353E+00   -0.4644557413E+00   -0.4224097275E+00    0.0000000000E+00    0.0000000000E+00    0.0000000000E+00    0.0000000000E+00    0.0000000000E+00    0.0000000000E+00    0.1094803261E-11    0.1094803261E-11    0.1000000000E+01
    3    0.1395000000E+02   -0.1161139353E+00    0.3483418059E+00    0.2014372222E+00    0.0000000000E+00    0.0000000000E+00    0.0000000000E+00    0.0000000000E+00    0.0000000000E+00    0.0000000000E+00    0.1152772528E-10    0.1152772528E-10    0.1000000000E+01
    4    0.1395000000E+02   -0.1161139353E+00   -0.4644557413E+00   -0.5467317946E+00    0.0000000000E+00    0.0000000000E+00    0.0000000000E+00    0.0000000000E+00    0.0000000000E+00    0.0000000000E+00    0.5406818466E-12    0.5406818466E-12    0.1000000000E+01
    5    0.1395000000E+02   -0.1161139353E+00    0.3483418059E+00    0.5308431109E+00    0.0000000000E+00    0.0000000000E+00    0.0000000000E+00    0.0000000000E+00    0.0000000000E+00    0.0000000000E+00    0.2201700181E-10    0.2201700181E-10    0.1000000000E+01
    6    0.1395000000E+02   -0.1161139353E+00    0.3483418059E+00    0.3862944575E+00    0.0000000000E+00    0.0000000000E+00    0.0000000000E+00    0.0000000000E+00    0.0000000000E+00    0.0000000000E+00    0.2263189963E-10    0.2263189963E-10    0.1000000000E+01
    7    0.1395000000E+02    0.6966836119E+00   -0.4644557413E+00    0.4716398516E+00    0.0000000000E+00    0.0000000000E+00    0.0000000000E+00    0.0000000000E+00    0.0000000000E+00    0.0000000000E+00    0.1578011954E-11    0.1578011954E-11    0.1000000000E+01
    8    0.1395000000E+02   -0.1161139353E+00   -0.4644557413E+00    0.4412322379E+00    0.0000000000E+00    0.0000000000E+00    0.0000000000E+00    0.0000000000E+00    0.0000000000E+00    0.0000000000E+00    0.1007809428E-11    0.1007809428E-11    0.1000000000E+01
    1    0.1420833333E+02    0.6966836119E+00   -0.4644557413E+00    0.9905267479E-01    0.0000000000E+00    0.0000000000E+00    0.0000000000E+00    0.0000000000E+00    0.0000000000E+00    0.0000000000E+00    0.3338946877E-09    0.3338946877E-09    0.1000000000E+01
    2    0.1420833333E+02   -0.1161139353E+00   -0.4644557413E+00   -0.5669293933E+00    0.0000000000E+00    0.0000000000E+00    0.0000000000E+00    0.0000000000E+00    0.0000000000E+00    0.0000000000E+00    0.2520527855E-11    0.2520527855E-11    0.1000000000E+01
    3    0.1420833333E+02   -0.1161139353E+00   -0.4644557413E+00   -0.4125273113E+00    0.0000000000E+00    0.0000000000E+00    0.0000000000E+00    0.0000000000E+00    0.0000000000E+00    0.0000000000E+00    0.2014397307E-12    0.2014397307E-12    0.1000000000E+01
    4    0.1420833333E+02   -0.1161139353E+00   -0.4644557413E+00   -0.3372833534E+00   -0.1161139353E+00   -0.4644557413E+00   -0.3372833534E+00    0.7788512017E+00    0.7227334732E+00    0.2010767365E+00    0.2773002620E-12    0.2773002620E-12    0.1000000000E+01
    5    0.1420833333E+02    0.6966836119E+00   -0.4644557413E+00   -0.3512434850E+00    0.0000000000E+00    0.0000000000E+00    0.0000000000E+00    0.0000000000E+00    0.0000000000E+00    0.0000000000E+00    0.2691192637E-09    0.2691192637E-09    0.1000000000E+01
    1    0.1446666667E+02   -0.1161139353E+00   -0.4644557413E+00   -0.4043871572E+00    0.0000000000E+00    0.0000000000E+00    0.0000000000E+00    0.0000000000E+00    0.0000000000E+00    0.0000000000E+00    0.4844404902E-12    0.4844404902E-12    0.1000000000E+01
    2    0.1446666667E+02   -0.1161139353E+00   -0.4644557413E+00   -0.2251149766E+00    0.0000000000E+00    0.0000000000E+00    0.0000000000E+00    0.0000000000E+00    0.0000000000E+00    0.0000000000E+00    0.1103780298E-11    0.1103780298E-11    0.1000000000E+01
    3    0.1446666667E+02   -0.1161139353E+00   -0.4644557413E+00   -0.2631891268E+00    0.0000000000E+00    0.0000000000E+00    0.0000000000E+00    0.0000000000E+00    0.0000000000E+00    0.0000000000E+00    0.2288941415E-11    0.2288941415E-11    0.1000000000E+01
    1    0.1472500000E+02   -0.1161139353E+00   -0.4644557413E+00   -0.1505710628E+00    0.0000000000E+00    0.0000000000E+00    0.0000000000E+00    0.0000000000E+00    0.0000000000E+00    0.0000000000E+00    0.7640628281E-10    0.7640628281E-10    0.1000000000E+01
    2    0.1472500000E+02   -0.1161139353E+00   -0.4644557413E+00   -0.8832537648E-01    0.0000000000E+00    0.0000000000E+00    0.0000000000E+00    0.0000000000E+00    0.0000000000E+00    0.0000000000E+00    0.5943182300E-10    0.5943182300E-10    0.1000000000E+01
