    1    0.2583333333E+01    0.5805696766E+00    0.1161139353E+00    0.6806566485E-01    0.0000000000E+00    0.0000000000E+00    0.0000000000E+00    0.0000000000E+00    0.0000000000E+00    0.0000000000E+00    0.5925245668E-12    0.5925245668E-12    0.1000000000E+01
    1    0.2841666667E+01    0.5805696766E+00    0.1161139353E+00    0.2079131989E+00    0.0000000000E+00    0.0000000000E+00    0.0000000000E+00    0.0000000000E+00    0.0000000000E+00    0.0000000000E+00    0.3066923978E-13    0.3066923978E-13    0.1000000000E+01
    1    0.3100000000E+01    0.5805696766E+00    0.1161139353E+00    0.4236432594E+00    0.0000000000E+00    0.0000000000E+00    0.0000000000E+00    0.0000000000E+00    0.0000000000E+00    0.0000000000E+00    0.4359655092E-15    0.4359655092E-15    0.1000000000E+01
    2    0.3100000000E+01    0.5805696766E+00    0.1161139353E+00    0.1854449456E+00    0.0000000000E+00    0.0000000000E+00    0.0000000000E+00    0.0000000000E+00    0.0000000000E+00    0.0000000000E+00    0.1310254159E-14    0.1310254159E-14    0.1000000000E+01
    3    0.3100000000E+01   -0.2322278706E+00    0.1161139353E+00    0.1671340776E+00    0.0000000000E+00    0.0000000000E+00    0.0000000000E+00    0.0000000000E+00    0.0000000000E+00    0.0000000000E+00    0.1671180118E-13    0.1671180118E-13    0.1000000000E+01
    1    0.3358333333E+01    0.5805696766E+00    0.1161139353E+00    0.2458835138E+00    0.0000000000E+00    0.0000000000E+00    0.0000000000E+00    0.0000000000E+00    0.0000000000E+00    0.0000000000E+00    0.1043582226E-13    0.1043582226E-13    0.1000000000E+01
    2    0.3358333333E+01    0.5805696766E+00    0.1161139353E+00    0.5004488900E+00    0.0000000000E+00    0.0000000000E+00    0.0000000000E+00    0.0000000000E+00    0.0000000000E+00    0.0000000000E+00    0.2435813712E-14    0.2435813712E-14    0.1000000000E+01
    3    0.3358333333E+01   -0.2322278706E+00    0.1161139353E+00    0.4118419998E+00    0.0000000000E+00    0.0000000000E+00    0.0000000000E+00    0.0000000000E+00    0.0000000000E+00    0.0000000000E+00    0.1244322447E-14    0.1244322447E-14    0.1000000000E+01
    1    0.3616666667E+01    0.5805696766E+00    0.1161139353E+00    0.2962497244E+00    0.0000000000E+00    0.0000000000E+00    0.0000000000E+00    0.0000000000E+00    0.0000000000E+00    0.0000000000E+00    0.1338980638E-13    0.1338980638E-13    0.1000000000E+01
    2    0.3616666667E+01   -0.2322278706E+00    0.1161139353E+00    0.5640565785E+00    0.0000000000E+00    0.0000000000E+00    0.0000000000E+00    0.0000000000E+00    0.0000000000E+00    0.0000000000E+00    0.3735017449E-12    0.3735017449E-12    0.1000000000E+01
    3    0.3616666667E+01    0.5805696766E+00    0.1161139353E+00    0.5618422886E+00    0.0000000000E+00    0.0000000000E+00    0.0000000000E+00    0.0000000000E+00    0.0000000000E+00    0.0000000000E+00    0.3077346589E-13    0.3077346589E-13    0.1000000000E+01
    1    0.3875000000E+01    0.5805696766E+00   -0.6966836119E+00   -0.2388631527E-01    0.0000000000E+00    0.0000000000E+00    0.0000000000E+00    0.0000000000E+00    0.0000000000E+00    0.0000000000E+00    0.7692578188E-11    0.7692578188E-11    0.1000000000E+01
    2    0.3875000000E+01   -0.2322278706E+00    0.1161139353E+00   -0.5049961155E+00    0.0000000000E+00    0.0000000000E+00    0.0000000000E+00    0.0000000000E+00    0.0000000000E+00    0.0000000000E+00    0.4681551013E-13    0.4681551013E-13    0.1000000000E+01
    3    0.3875000000E+01    0.5805696766E+00    0.1161139353E+00   -0.5327136633E+00    0.0000000000E+00    0.0000000000E+00    0.0000000000E+00    0.0000000000E+00    0.0000000000E+00    0.0000000000E+00    0.9853160674E-14    0.9853160674E-14    0.1000000000E+01
    4    0.3875000000E+01    0.5805696766E+00    0.1161139353E+00    0.3447511238E+00    0.0000000000E+00    0.0000000000E+00    0.0000000000E+00    0.0000000000E+00    0.0000000000E+00    0.0000000000E+00    0.4644723861E-14    0.4644723861E-14    0.1000000000E+01
    5    0.3875000000E+01    0.5805696766E+00   -0.6966836119E+00    0.3102104745E+00    0.0000000000E+00    0.0000000000E+00    0.0000000000E+00    0.0000000000E+00    0.0000000000E+00    0.0000000000E+00    0.6948170166E-13    0.6948170166E-13    0.1000000000E+01
    6    0.3875000000E+01   -0.2322278706E+00    0.1161139353E+00    0.3256460347E+00    0.0000000000E+00    0.0000000000E+00    0.0000000000E+00    0.0000000000E+00    0.0000000000E+00    0.0000000000E+00    0.3727074322E-13    0.3727074322E-13    0.1000000000E+01
    1    0.4133333333E+01   -0.2322278706E+00   -0.6966836119E+00    0.1928935117E+00    0.0000000000E+00    0.0000000000E+00    0.0000000000E+00    0.0000000000E+00    0.0000000000E+00    0.0000000000E+00    0.3001043598E-17    0.3001043846E-17    0.9999999172E+00
    2    0.4133333333E+01    0.5805696766E+00    0.1161139353E+00    0.3938870891E+00    0.0000000000E+00    0.0000000000E+00    0.0000000000E+00    0.0000000000E+00    0.0000000000E+00    0.0000000000E+00    0.4196636426E-14    0.4196636426E-14    0.1000000000E+01
    3    0.4133333333E+01   -0.2322278706E+00    0.1161139353E+00    0.4098860404E+00    0.0000000000E+00    0.0000000000E+00    0.0000000000E+00    0.0000000000E+00    0.0000000000E+00    0.0000000000E+00    0.3346664106E-13    0.3346664106E-13    0.1000000000E+01
    4    0.4133333333E+01    0.5805696766E+00    0.1161139353E+00   -0.4779307120E+00    0.0000000000E+00    0.0000000000E+00    0.0000000000E+00    0.0000000000E+00    0.0000000000E+00    0.0000000000E+00    0.6641770559E-14    0.6641770559E-14    0.1000000000E+01
    5    0.4133333333E+01   -0.2322278706E+00    0.1161139353E+00   -0.4347580533E+00    0.0000000000E+00    0.0000000000E+00    0.0000000000E+00    0.0000000000E+00    0.0000000000E+00    0.0000000000E+00    0.2663121591E-13    0.2663121591E-13    0.1000000000E+01
    6    0.4133333333E+01    0.5805696766E+00   -0.6966836119E+00   -0.4432155292E+00    0.0000000000E+00    0.0000000000E+00    0.0000000000E+00    0.0000000000E+00    0.0000000000E+00    0.0000000000E+00    0.1310970363E-12    0.1310970363E-12    0.1000000000E+01
    1    0.4391666667E+01    0.5805696766E+00   -0.6966836119E+00    0.6344019922E-01    0.0000000000E+00    0.0000000000E+00    0.0000000000E+00    0.0000000000E+00    0.0000000000E+00    0.0000000000E+00    0.3781130133E-12    0.3781130134E-12    0.9999999999E+00
    2    0.4391666667E+01   -0.2322278706E+00   -0.6966836119E+00    0.8899885515E-01    0.0000000000E+00    0.0000000000E+00    0.0000000000E+00    0.0000000000E+00    0.0000000000E+00    0.0000000000E+00    0.3170043759E-12    0.3170043759E-12    0.1000000000E+01
    3    0.4391666667E+01   -0.2322278706E+00   -0.6966836119E+00    0.2941923119E+00    0.0000000000E+00    0.0000000000E+00    0.0000000000E+00    0.0000000000E+00    0.0000000000E+00    0.0000000000E+00    0.1879773169E-12    0.1879773169E-12    0.1000000000E+01
    4    0.4391666667E+01    0.5805696766E+00    0.1161139353E+00    0.4455302368E+00    0.0000000000E+00    0.0000000000E+00    0.0000000000E+00    0.0000000000E+00    0.0000000000E+00    0.0000000000E+00    0.1113128694E-13    0.1113128804E-13    0.9999999011E+00
    5    0.4391666667E+01   -0.2322278706E+00    0.1161139353E+00    0.4747471993E+00    0.0000000000E+00    0.0000000000E+00    0.0000000000E+00    0.0000000000E+00    0.0000000000E+00    0.0000000000E+00    0.1416055331E-13    0.1416055335E-13    0.9999999977E+00
    6    0.4391666667E+01   -0.2322278706E+00   -0.6966836119E+00    0.5192080918E+00    0.0000000000E+00    0.0000000000E+00    0.0000000000E+00    0.0000000000E+00    0.0000000000E+00    0.0000000000E+00    0.4265000039E-11    0.4265000039E-11    0.1000000000E+01
    7    0.4391666667E+01    0.5805696766E+00    0.1161139353E+00   -0.4201818100E+00    0.0000000000E+00    0.0000000000E+00    0.0000000000E+00    0.0000000000E+00    0.0000000000E+00    0.0000000000E+00    0.1243514294E-13    0.1243514311E-13    0.9999999868E+00
    8    0.4391666667E+01    0.5805696766E+00   -0.6966836119E+00   -0.3368183823E+00    0.0000000000E+00    0.0000000000E+00    0.0000000000E+00    0.0000000000E+00    0.0000000000E+00    0.0000000000E+00    0.1084882483E-13    0.1084882484E-13    0.9999999996E+00
    9    0.4391666667E+01   -0.2322278706E+00    0.1161139353E+00   -0.3665329399E+00    0.0000000000E+00    0.0000000000E+00    0.0000000000E+00    0.0000000000E+00    0.0000000000E+00    0.0000000000E+00    0.1834184070E-13    0.1834184105E-13    0.9999999807E+00
   10    0.4391666667E+01   -0.2322278706E+00   -0.6966836119E+00   -0.3601629906E+00    0.0000000000E+00    0.0000000000E+00    0.0000000000E+00    0.0000000000E+00    0.0000000000E+00    0.0000000000E+00    0.3952406216E-11    0.3952406216E-11    0.1000000000E+01
    1    0.4650000000E+01   -0.2322278706E+00   -0.6966836119E+00    0.1649320496E+00    0.0000000000E+00    0.0000000000E+00    0.0000000000E+00    0.0000000000E+00    0.0000000000E+00    0.0000000000E+00    0.1059891318E-13    0.1059891320E-13    0.9999999979E+00
    2    0.4650000000E+01    0.5805696766E+00   -0.6966836119E+00    0.1505130009E+00    0.0000000000E+00    0.0000000000E+00    0.0000000000E+00    0.0000000000E+00    0.0000000000E+00    0.0000000000E+00    0.6953754874E-14    0.6953754954E-14    0.9999999885E+00
    3    0.4650000000E+01    0.5805696766E+00    0.1161139353E+00    0.5024817286E+00    0.0000000000E+00    0.0000000000E+00    0.0000000000E+00    0.0000000000E+00    0.0000000000E+00    0.0000000000E+00    0.1189493508E-13    0.1189493576E-13    0.9999999431E+00
    4    0.4650000000E+01   -0.2322278706E+00    0.1161139353E+00    0.5367660060E+00    0.0000000000E+00    0.0000000000E+00    0.0000000000E+00    0.0000000000E+00    0.0000000000E+00    0.0000000000E+00    0.8610048432E-14    0.8611188604E-14    0.9998675941E+00
    5    0.4650000000E+01    0.5805696766E+00    0.1161139353E+00   -0.3526241818E+00    0.0000000000E+00    0.0000000000E+00    0.0000000000E+00    0.0000000000E+00    0.0000000000E+00    0.0000000000E+00    0.2343994061E-13    0.2343994280E-13    0.9999999062E+00
    6    0.4650000000E+01   -0.2322278706E+00   -0.6966836119E+00   -0.2408956390E+00    0.0000000000E+00    0.0000000000E+00    0.0000000000E+00    0.0000000000E+00    0.0000000000E+00    0.0000000000E+00    0.9459480030E-14    0.9459480038E-14    0.9999999992E+00
    7    0.4650000000E+01    0.5805696766E+00   -0.6966836119E+00   -0.2626860619E+00    0.0000000000E+00    0.0000000000E+00    0.0000000000E+00    0.0000000000E+00    0.0000000000E+00    0.0000000000E+00    0.6422373157E-14    0.6422373163E-14    0.9999999991E+00
    8    0.4650000000E+01   -0.2322278706E+00    0.1161139353E+00   -0.2916016098E+00    0.0000000000E+00    0.0000000000E+00    0.0000000000E+00    0.0000000000E+00    0.0000000000E+00    0.0000000000E+00    0.6577764565E-13    0.6577785918E-13    0.9999967538E+00
    1    0.4908333333E+01   -0.2322278706E+00   -0.6966836119E+00    0.2389462192E+00    0.0000000000E+00    0.0000000000E+00    0.0000000000E+00    0.0000000000E+00    0.0000000000E+00    0.0000000000E+00    0.9027948342E-14    0.9027948456E-14    0.9999999873E+00
    2    0.4908333333E+01    0.5805696766E+00   -0.6966836119E+00    0.3760378775E+00    0.0000000000E+00    0.0000000000E+00    0.0000000000E+00    0.0000000000E+00    0.0000000000E+00    0.0000000000E+00    0.3913914451E-13    0.3913914497E-13    0.9999999881E+00
    3    0.4908333333E+01    0.5805696766E+00    0.1161139353E+00    0.5691172549E+00    0.0000000000E+00    0.0000000000E+00    0.0000000000E+00    0.0000000000E+00    0.0000000000E+00    0.0000000000E+00    0.3819569605E-13    0.3819642317E-13    0.9999809637E+00
    4    0.4908333333E+01   -0.2322278706E+00    0.1161139353E+00   -0.5492579414E+00    0.0000000000E+00    0.0000000000E+00    0.0000000000E+00    0.0000000000E+00    0.0000000000E+00    0.0000000000E+00    0.3900119924E-14    0.3900119988E-14    0.9999999836E+00
    5    0.4908333333E+01   -0.2322278706E+00   -0.6966836119E+00   -0.1617197139E+00    0.0000000000E+00    0.0000000000E+00    0.0000000000E+00    0.0000000000E+00    0.0000000000E+00    0.0000000000E+00    0.9105595765E-14    0.9105595896E-14    0.9999999856E+00
    6    0.4908333333E+01    0.5805696766E+00    0.1161139353E+00   -0.2558051053E+00    0.0000000000E+00    0.0000000000E+00    0.0000000000E+00    0.0000000000E+00    0.0000000000E+00    0.0000000000E+00    0.1685153627E-12    0.1685154574E-12    0.9999994380E+00
    7    0.4908333333E+01   -0.2322278706E+00    0.1161139353E+00   -0.1956436627E+00    0.0000000000E+00    0.0000000000E+00    0.0000000000E+00    0.0000000000E+00    0.0000000000E+00    0.0000000000E+00    0.2273559182E-14    0.2273559334E-14    0.9999999332E+00
    8    0.4908333333E+01    0.5805696766E+00   -0.6966836119E+00   -0.1956023277E+00    0.0000000000E+00    0.0000000000E+00    0.0000000000E+00    0.0000000000E+00    0.0000000000E+00    0.0000000000E+00    0.2963334604E-13    0.2963334607E-13    0.9999999990E+00
    1    0.5166666667E+01   -0.2322278706E+00   -0.6966836119E+00    0.3301288637E+00    0.0000000000E+00    0.0000000000E+00    0.0000000000E+00    0.0000000000E+00    0.0000000000E+00    0.0000000000E+00    0.1327686038E-13    0.1327686038E-13    0.9999999998E+00
    2    0.5166666667E+01    0.5805696766E+00   -0.6966836119E+00    0.5213368698E+00    0.0000000000E+00    0.0000000000E+00    0.0000000000E+00    0.0000000000E+00    0.0000000000E+00    0.0000000000E+00    0.3299961516E-14    0.3299961531E-14    0.9999999956E+00
    3    0.5166666667E+01   -0.2322278706E+00    0.1161139353E+00   -0.4805020957E+00    0.0000000000E+00    0.0000000000E+00    0.0000000000E+00    0.0000000000E+00    0.0000000000E+00    0.0000000000E+00    0.1369719883E-14    0.1369719883E-14    0.9999999993E+00
    4    0.5166666667E+01    0.5805696766E+00    0.1161139353E+00   -0.4939474304E+00    0.0000000000E+00    0.0000000000E+00    0.0000000000E+00    0.0000000000E+00    0.0000000000E+00    0.0000000000E+00    0.1259709975E-13    0.1259710038E-13    0.9999999505E+00
    5    0.5166666667E+01    0.5805696766E+00    0.1161139353E+00    0.5817389038E-01    0.0000000000E+00    0.0000000000E+00    0.0000000000E+00    0.0000000000E+00    0.0000000000E+00    0.0000000000E+00    0.3846942686E-11    0.3846942697E-11    0.9999999971E+00
    6    0.5166666667E+01   -0.2322278706E+00   -0.6966836119E+00   -0.9105986920E-01    0.0000000000E+00    0.0000000000E+00    0.0000000000E+00    0.0000000000E+00    0.0000000000E+00    0.0000000000E+00    0.6714522475E-14    0.6714522477E-14    0.9999999998E+00
    7    0.5166666667E+01    0.5805696766E+00   -0.6966836119E+00   -0.1269801110E+00    0.0000000000E+00    0.0000000000E+00    0.0000000000E+00    0.0000000000E+00    0.0000000000E+00    0.0000000000E+00    0.2943597896E-13    0.2943597896E-13    0.1000000000E+01
    1    0.5425000000E+01   -0.2322278706E+00   -0.6966836119E+00    0.4301441133E+00    0.0000000000E+00    0.0000000000E+00    0.0000000000E+00    0.0000000000E+00    0.0000000000E+00    0.0000000000E+00    0.9390329192E-14    0.9390329203E-14    0.9999999988E+00
    2    0.5425000000E+01    0.5805696766E+00   -0.6966836119E+00   -0.5470843564E+00    0.0000000000E+00    0.0000000000E+00    0.0000000000E+00    0.0000000000E+00    0.0000000000E+00    0.0000000000E+00    0.3089857328E-13    0.3089857328E-13    0.1000000000E+01
    3    0.5425000000E+01   -0.2322278706E+00    0.1161139353E+00   -0.4028175035E+00    0.0000000000E+00    0.0000000000E+00    0.0000000000E+00    0.0000000000E+00    0.0000000000E+00    0.0000000000E+00    0.2688541537E-17    0.2688585048E-17    0.9999838165E+00
    4    0.5425000000E+01    0.5805696766E+00    0.1161139353E+00   -0.3612413218E+00    0.0000000000E+00    0.0000000000E+00    0.0000000000E+00    0.0000000000E+00    0.0000000000E+00    0.0000000000E+00    0.1796293763E-14    0.1796293763E-14    0.1000000000E+01
    5    0.5425000000E+01    0.5805696766E+00    0.1161139353E+00    0.1534279554E+00    0.0000000000E+00    0.0000000000E+00    0.0000000000E+00    0.0000000000E+00    0.0000000000E+00    0.0000000000E+00    0.2808280023E-13    0.2808280023E-13    0.9999999999E+00
    6    0.5425000000E+01   -0.2322278706E+00   -0.6966836119E+00   -0.2177836219E-01    0.0000000000E+00    0.0000000000E+00    0.0000000000E+00    0.0000000000E+00    0.0000000000E+00    0.0000000000E+00    0.3081780896E-13    0.3081780896E-13    0.9999999998E+00
    7    0.5425000000E+01    0.5805696766E+00   -0.6966836119E+00   -0.4091640442E-01    0.0000000000E+00    0.0000000000E+00    0.0000000000E+00    0.0000000000E+00    0.0000000000E+00    0.0000000000E+00    0.2273439840E-11    0.2273439840E-11    0.1000000000E+01
    1    0.5683333333E+01   -0.2322278706E+00   -0.6966836119E+00    0.5101158199E+00    0.0000000000E+00    0.0000000000E+00    0.0000000000E+00    0.0000000000E+00    0.0000000000E+00    0.0000000000E+00    0.3572047045E-13    0.3572047045E-13    0.1000000000E+01
    2    0.5683333333E+01    0.5805696766E+00   -0.6966836119E+00   -0.4614746560E+00    0.0000000000E+00    0.0000000000E+00    0.0000000000E+00    0.0000000000E+00    0.0000000000E+00    0.0000000000E+00    0.7936812405E-15    0.7936812416E-15    0.9999999987E+00
    3    0.5683333333E+01   -0.2322278706E+00    0.1161139353E+00   -0.3103655886E+00    0.0000000000E+00    0.0000000000E+00    0.0000000000E+00    0.0000000000E+00    0.0000000000E+00    0.0000000000E+00    0.1109671948E-13    0.1109672038E-13    0.9999999195E+00
    4    0.5683333333E+01    0.5805696766E+00    0.1161139353E+00    0.2139684045E+00    0.0000000000E+00    0.0000000000E+00    0.0000000000E+00    0.0000000000E+00    0.0000000000E+00    0.0000000000E+00    0.3067889420E-12    0.3067889421E-12    0.9999999997E+00
    5    0.5683333333E+01    0.5805696766E+00    0.1161139353E+00   -0.1412571148E+00    0.0000000000E+00    0.0000000000E+00    0.0000000000E+00    0.0000000000E+00    0.0000000000E+00    0.0000000000E+00    0.3562162401E-11    0.3562162401E-11    0.1000000000E+01
    6    0.5683333333E+01   -0.2322278706E+00   -0.6966836119E+00    0.5012684413E-01    0.0000000000E+00    0.0000000000E+00    0.0000000000E+00    0.0000000000E+00    0.0000000000E+00    0.0000000000E+00    0.3657549971E-13    0.3657549972E-13    0.9999999999E+00
    1    0.5941666667E+01   -0.2322278706E+00   -0.6966836119E+00   -0.5594008008E+00    0.0000000000E+00    0.0000000000E+00    0.0000000000E+00    0.0000000000E+00    0.0000000000E+00    0.0000000000E+00    0.2923554949E-13    0.2923554949E-13    0.9999999998E+00
    2    0.5941666667E+01    0.5805696766E+00   -0.6966836119E+00   -0.3389233384E+00    0.0000000000E+00    0.0000000000E+00    0.0000000000E+00    0.0000000000E+00    0.0000000000E+00    0.0000000000E+00    0.2444010746E-11    0.2444010746E-11    0.1000000000E+01
    3    0.5941666667E+01   -0.2322278706E+00    0.1161139353E+00   -0.1864713565E+00    0.0000000000E+00    0.0000000000E+00    0.0000000000E+00    0.0000000000E+00    0.0000000000E+00    0.0000000000E+00    0.3078369700E-14    0.3078369703E-14    0.9999999991E+00
    4    0.5941666667E+01    0.5805696766E+00    0.1161139353E+00    0.2657878135E+00    0.0000000000E+00    0.0000000000E+00    0.0000000000E+00    0.0000000000E+00    0.0000000000E+00    0.0000000000E+00    0.2782641876E-14    0.2782641876E-14    0.1000000000E+01
    5    0.5941666667E+01    0.5805696766E+00   -0.6966836119E+00    0.1103687873E+00    0.0000000000E+00    0.0000000000E+00    0.0000000000E+00    0.0000000000E+00    0.0000000000E+00    0.0000000000E+00    0.2856279548E-11    0.2856279548E-11    0.1000000000E+01
    6    0.5941666667E+01   -0.2322278706E+00   -0.6966836119E+00    0.1326663507E+00    0.0000000000E+00    0.0000000000E+00    0.0000000000E+00    0.0000000000E+00    0.0000000000E+00    0.0000000000E+00    0.1542434045E-13    0.1542434045E-13    0.9999999999E+00
    1    0.6200000000E+01   -0.2322278706E+00   -0.6966836119E+00   -0.4482009607E+00    0.0000000000E+00    0.0000000000E+00    0.0000000000E+00    0.0000000000E+00    0.0000000000E+00    0.0000000000E+00    0.3084620153E-11    0.3084620153E-11    0.1000000000E+01
    2    0.6200000000E+01   -0.2322278706E+00    0.1161139353E+00    0.7507998791E-01    0.0000000000E+00    0.0000000000E+00    0.0000000000E+00    0.0000000000E+00    0.0000000000E+00    0.0000000000E+00    0.2851395386E-11    0.2851395386E-11    0.1000000000E+01
    3    0.6200000000E+01    0.5805696766E+00    0.1161139353E+00    0.3133189570E+00    0.0000000000E+00    0.0000000000E+00    0.0000000000E+00    0.0000000000E+00    0.0000000000E+00    0.0000000000E+00    0.4117459602E-15    0.4117459602E-15    0.9999999999E+00
    4    0.6200000000E+01   -0.2322278706E+00   -0.6966836119E+00    0.2500822811E+00    0.0000000000E+00    0.0000000000E+00    0.0000000000E+00    0.0000000000E+00    0.0000000000E+00    0.0000000000E+00    0.3077636655E-11    0.3077636655E-11    0.1000000000E+01
    1    0.6458333333E+01    0.5805696766E+00    0.1161139353E+00    0.3588600002E+00    0.0000000000E+00    0.0000000000E+00    0.0000000000E+00    0.0000000000E+00    0.0000000000E+00    0.0000000000E+00    0.5455976242E-19    0.5455977596E-19    0.9999997517E+00
    2    0.6458333333E+01   -0.2322278706E+00    0.1161139353E+00    0.1627583949E+00    0.0000000000E+00    0.0000000000E+00    0.0000000000E+00    0.0000000000E+00    0.0000000000E+00    0.0000000000E+00    0.2169002434E-13    0.2169002434E-13    0.1000000000E+01
    1    0.6716666667E+01    0.5805696766E+00    0.1161139353E+00    0.4036257124E+00    0.0000000000E+00    0.0000000000E+00    0.0000000000E+00    0.0000000000E+00    0.0000000000E+00    0.0000000000E+00    0.2942276970E-16    0.2942277183E-16    0.9999999276E+00
    2    0.6716666667E+01   -0.2322278706E+00    0.1161139353E+00    0.2222012124E+00    0.0000000000E+00    0.0000000000E+00    0.0000000000E+00    0.0000000000E+00    0.0000000000E+00    0.0000000000E+00    0.5180106509E-14    0.5180123692E-14    0.9999966828E+00
    1    0.6975000000E+01    0.5805696766E+00    0.1161139353E+00    0.4484134141E+00    0.0000000000E+00    0.0000000000E+00    0.0000000000E+00    0.0000000000E+00    0.0000000000E+00    0.0000000000E+00    0.6978416530E-15    0.6978416530E-15    0.1000000000E+01
    2    0.6975000000E+01   -0.2322278706E+00    0.1161139353E+00    0.2736523263E+00    0.0000000000E+00    0.0000000000E+00    0.0000000000E+00    0.0000000000E+00    0.0000000000E+00    0.0000000000E+00    0.6552865748E-14    0.6552865748E-14    0.1000000000E+01
    1    0.7233333333E+01    0.5805696766E+00    0.1161139353E+00    0.4937937743E+00    0.0000000000E+00    0.0000000000E+00    0.0000000000E+00    0.0000000000E+00    0.0000000000E+00    0.0000000000E+00    0.1449036588E-14    0.1449036588E-14    0.1000000000E+01
    2    0.7233333333E+01   -0.2322278706E+00    0.1161139353E+00    0.3219631474E+00    0.0000000000E+00    0.0000000000E+00    0.0000000000E+00    0.0000000000E+00    0.0000000000E+00    0.0000000000E+00    0.1566549974E-14    0.1566549974E-14    0.1000000000E+01
    1    0.7491666667E+01    0.5805696766E+00    0.1161139353E+00    0.5401833621E+00    0.0000000000E+00    0.0000000000E+00    0.0000000000E+00    0.0000000000E+00    0.0000000000E+00    0.0000000000E+00    0.5747250311E-15    0.5747250311E-15    0.1000000000E+01
    2    0.7491666667E+01   -0.2322278706E+00    0.1161139353E+00    0.3694540708E+00    0.0000000000E+00    0.0000000000E+00    0.0000000000E+00    0.0000000000E+00    0.0000000000E+00    0.0000000000E+00    0.2513040860E-16    0.2513040860E-16    0.9999999998E+00
    1    0.7750000000E+01    0.5805696766E+00    0.1161139353E+00   -0.5617924339E+00    0.0000000000E+00    0.0000000000E+00    0.0000000000E+00    0.0000000000E+00    0.0000000000E+00    0.0000000000E+00    0.1225693205E-13    0.1225693205E-13    0.1000000000E+01
    2    0.7750000000E+01   -0.2322278706E+00    0.1161139353E+00    0.4177146237E+00    0.0000000000E+00    0.0000000000E+00    0.0000000000E+00    0.0000000000E+00    0.0000000000E+00    0.0000000000E+00    0.6160841390E-17    0.6160842459E-17    0.9999998265E+00
    3    0.7750000000E+01    0.5805696766E+00   -0.6966836119E+00    0.1586284548E+00    0.0000000000E+00    0.0000000000E+00    0.0000000000E+00    0.0000000000E+00    0.0000000000E+00    0.0000000000E+00    0.1718482335E-11    0.1718482335E-11    0.1000000000E+01
    1    0.8008333333E+01    0.5805696766E+00    0.1161139353E+00   -0.5127909355E+00    0.0000000000E+00    0.0000000000E+00    0.0000000000E+00    0.0000000000E+00    0.0000000000E+00    0.0000000000E+00    0.4178642068E-14    0.4178642068E-14    0.1000000000E+01
    2    0.8008333333E+01   -0.2322278706E+00    0.1161139353E+00    0.4682029130E+00    0.0000000000E+00    0.0000000000E+00    0.0000000000E+00    0.0000000000E+00    0.0000000000E+00    0.0000000000E+00    0.2678306090E-15    0.2678306090E-15    0.1000000000E+01
    3    0.8008333333E+01    0.5805696766E+00   -0.6966836119E+00    0.2990886555E+00    0.0000000000E+00    0.0000000000E+00    0.0000000000E+00    0.0000000000E+00    0.0000000000E+00    0.0000000000E+00    0.4798084531E-13    0.4798084531E-13    0.1000000000E+01
    1    0.8266666667E+01    0.5805696766E+00    0.1161139353E+00   -0.4626553178E+00    0.0000000000E+00    0.0000000000E+00    0.0000000000E+00    0.0000000000E+00    0.0000000000E+00    0.0000000000E+00    0.1016110530E-13    0.1016110530E-13    0.1000000000E+01
    2    0.8266666667E+01   -0.2322278706E+00    0.1161139353E+00    0.5226158479E+00    0.0000000000E+00    0.0000000000E+00    0.0000000000E+00    0.0000000000E+00    0.0000000000E+00    0.0000000000E+00    0.1125347114E-14    0.1125347114E-14    0.1000000000E+01
    3    0.8266666667E+01    0.5805696766E+00   -0.6966836119E+00    0.3726101676E+00    0.0000000000E+00    0.0000000000E+00    0.0000000000E+00    0.0000000000E+00    0.0000000000E+00    0.0000000000E+00    0.3330074439E-15    0.3330074441E-15    0.9999999992E+00
    1    0.8525000000E+01   -0.2322278706E+00   -0.6966836119E+00   -0.8545507632E-01    0.0000000000E+00    0.0000000000E+00    0.0000000000E+00    0.0000000000E+00    0.0000000000E+00    0.0000000000E+00    0.1966410001E-10    0.1966410001E-10    0.1000000000E+01
    2    0.8525000000E+01    0.5805696766E+00    0.1161139353E+00   -0.4116328588E+00    0.0000000000E+00    0.0000000000E+00    0.0000000000E+00    0.0000000000E+00    0.0000000000E+00    0.0000000000E+00    0.2942146803E-14    0.2942146804E-14    0.9999999997E+00
    3    0.8525000000E+01   -0.2322278706E+00    0.1161139353E+00   -0.5666101871E+00    0.0000000000E+00    0.0000000000E+00    0.0000000000E+00    0.0000000000E+00    0.0000000000E+00    0.0000000000E+00    0.1739229142E-12    0.1739229150E-12    0.9999999958E+00
    4    0.8525000000E+01    0.5805696766E+00   -0.6966836119E+00    0.4354786261E+00    0.0000000000E+00    0.0000000000E+00    0.0000000000E+00    0.0000000000E+00    0.0000000000E+00    0.0000000000E+00    0.2620794289E-14    0.2620794310E-14    0.9999999918E+00
    5    0.8525000000E+01   -0.2322278706E+00   -0.6966836119E+00    0.4449799638E+00    0.0000000000E+00    0.0000000000E+00    0.0000000000E+00    0.0000000000E+00    0.0000000000E+00    0.0000000000E+00    0.6724625797E-12    0.6724625797E-12    0.1000000000E+01
    1    0.8783333333E+01    0.5805696766E+00    0.1161139353E+00   -0.3601413718E+00    0.0000000000E+00    0.0000000000E+00    0.0000000000E+00    0.0000000000E+00    0.0000000000E+00    0.0000000000E+00    0.2320710970E-14    0.2320710970E-14    0.1000000000E+01
    2    0.8783333333E+01   -0.2322278706E+00    0.1161139353E+00   -0.4962606029E+00    0.0000000000E+00    0.0000000000E+00    0.0000000000E+00    0.0000000000E+00    0.0000000000E+00    0.0000000000E+00    0.1397384834E-13    0.1397384834E-13    0.1000000000E+01
    3    0.8783333333E+01   -0.2322278706E+00   -0.6966836119E+00    0.5214407190E+00    0.0000000000E+00    0.0000000000E+00    0.0000000000E+00    0.0000000000E+00    0.0000000000E+00    0.0000000000E+00    0.4298649004E-15    0.4298649005E-15    0.1000000000E+01
    4    0.8783333333E+01    0.5805696766E+00   -0.6966836119E+00    0.4965851805E+00    0.0000000000E+00    0.0000000000E+00    0.0000000000E+00    0.0000000000E+00    0.0000000000E+00    0.0000000000E+00    0.2235742973E-14    0.2235742973E-14    0.1000000000E+01
    1    0.9041666667E+01    0.5805696766E+00    0.1161139353E+00   -0.3086073982E+00    0.0000000000E+00    0.0000000000E+00    0.0000000000E+00    0.0000000000E+00    0.0000000000E+00    0.0000000000E+00    0.1630332723E-13    0.1630332723E-13    0.1000000000E+01
    2    0.9041666667E+01   -0.2322278706E+00    0.1161139353E+00   -0.4125616646E+00    0.0000000000E+00    0.0000000000E+00    0.0000000000E+00    0.0000000000E+00    0.0000000000E+00    0.0000000000E+00    0.1088972153E-13    0.1088972153E-13    0.9999999998E+00
    3    0.9041666667E+01   -0.2322278706E+00   -0.6966836119E+00   -0.5613710883E+00    0.0000000000E+00    0.0000000000E+00    0.0000000000E+00    0.0000000000E+00    0.0000000000E+00    0.0000000000E+00    0.4140661378E-14    0.4140661382E-14    0.9999999990E+00
    4    0.9041666667E+01    0.5805696766E+00   -0.6966836119E+00    0.5610207837E+00    0.0000000000E+00    0.0000000000E+00    0.0000000000E+00    0.0000000000E+00    0.0000000000E+00    0.0000000000E+00    0.9958590545E-15    0.9958590547E-15    0.9999999999E+00
    1    0.9300000000E+01    0.5805696766E+00    0.1161139353E+00   -0.2573416420E+00    0.0000000000E+00    0.0000000000E+00    0.0000000000E+00    0.0000000000E+00    0.0000000000E+00    0.0000000000E+00    0.1430899939E-13    0.1430899939E-13    0.9999999999E+00
    2    0.9300000000E+01   -0.2322278706E+00    0.1161139353E+00   -0.3149745375E+00    0.0000000000E+00    0.0000000000E+00    0.0000000000E+00    0.0000000000E+00    0.0000000000E+00    0.0000000000E+00    0.6434194332E-13    0.6434194332E-13    0.1000000000E+01
    3    0.9300000000E+01    0.5805696766E+00   -0.6966836119E+00   -0.5139918807E+00    0.0000000000E+00    0.0000000000E+00    0.0000000000E+00    0.0000000000E+00    0.0000000000E+00    0.0000000000E+00    0.2497607577E-15    0.2497607577E-15    0.9999999998E+00
    4    0.9300000000E+01   -0.2322278706E+00   -0.6966836119E+00   -0.4946245031E+00    0.0000000000E+00    0.0000000000E+00    0.0000000000E+00    0.0000000000E+00    0.0000000000E+00    0.0000000000E+00    0.1336710956E-14    0.1336710956E-14    0.1000000000E+01
    1    0.9558333333E+01    0.5805696766E+00   -0.6966836119E+00   -0.4084447793E+00    0.0000000000E+00    0.0000000000E+00    0.0000000000E+00    0.0000000000E+00    0.0000000000E+00    0.0000000000E+00    0.1574859169E-14    0.1574859169E-14    0.1000000000E+01
    2    0.9558333333E+01   -0.2322278706E+00   -0.6966836119E+00   -0.4208748806E+00    0.0000000000E+00    0.0000000000E+00    0.0000000000E+00    0.0000000000E+00    0.0000000000E+00    0.0000000000E+00    0.2958040520E-14    0.2958040520E-14    0.1000000000E+01
    3    0.9558333333E+01   -0.2322278706E+00    0.1161139353E+00   -0.2145835060E+00    0.0000000000E+00    0.0000000000E+00    0.0000000000E+00    0.0000000000E+00    0.0000000000E+00    0.0000000000E+00    0.4350203900E-14    0.4350203900E-14    0.1000000000E+01
    4    0.9558333333E+01    0.5805696766E+00    0.1161139353E+00   -0.2064533949E+00    0.0000000000E+00    0.0000000000E+00    0.0000000000E+00    0.0000000000E+00    0.0000000000E+00    0.0000000000E+00    0.9770920714E-15    0.9770920714E-15    0.1000000000E+01
    1    0.9816666667E+01   -0.2322278706E+00   -0.6966836119E+00   -0.3262193314E+00    0.0000000000E+00    0.0000000000E+00    0.0000000000E+00    0.0000000000E+00    0.0000000000E+00    0.0000000000E+00    0.6256314494E-13    0.6256314494E-13    0.1000000000E+01
    2    0.9816666667E+01   -0.2322278706E+00    0.1161139353E+00   -0.1201964414E+00    0.0000000000E+00    0.0000000000E+00    0.0000000000E+00    0.0000000000E+00    0.0000000000E+00    0.0000000000E+00    0.8051671914E-13    0.8051671914E-13    0.1000000000E+01
    3    0.9816666667E+01    0.5805696766E+00    0.1161139353E+00   -0.1558234077E+00    0.0000000000E+00    0.0000000000E+00    0.0000000000E+00    0.0000000000E+00    0.0000000000E+00    0.0000000000E+00    0.3840940071E-14    0.3840940077E-14    0.9999999985E+00
    1    0.1007500000E+02   -0.2322278706E+00   -0.6966836119E+00   -0.1246394233E+00    0.0000000000E+00    0.0000000000E+00    0.0000000000E+00    0.0000000000E+00    0.0000000000E+00    0.0000000000E+00    0.2759449953E-10    0.2759449953E-10    0.1000000000E+01
    2    0.1007500000E+02    0.5805696766E+00    0.1161139353E+00   -0.1051033883E+00    0.0000000000E+00    0.0000000000E+00    0.0000000000E+00    0.0000000000E+00    0.0000000000E+00    0.0000000000E+00    0.3546780525E-14    0.3546780525E-14    0.9999999999E+00
    1    0.1033333333E+02    0.5805696766E+00    0.1161139353E+00   -0.5356138513E-01    0.0000000000E+00    0.0000000000E+00    0.0000000000E+00    0.0000000000E+00    0.0000000000E+00    0.0000000000E+00    0.2890816053E-13    0.2890816053E-13    0.1000000000E+01
    1    0.1085000000E+02    0.5805696766E+00    0.1161139353E+00    0.4921577150E-01    0.0000000000E+00    0.0000000000E+00    0.0000000000E+00    0.0000000000E+00    0.0000000000E+00    0.0000000000E+00    0.5928474571E-13    0.5928474572E-13    0.9999999999E+00
    2    0.1085000000E+02   -0.2322278706E+00    0.1161139353E+00    0.1163573868E+00    0.0000000000E+00    0.0000000000E+00    0.0000000000E+00    0.0000000000E+00    0.0000000000E+00    0.0000000000E+00    0.1300077121E-12    0.1300077121E-12    0.1000000000E+01
    1    0.1110833333E+02   -0.2322278706E+00   -0.6966836119E+00    0.4500161425E+00    0.0000000000E+00    0.0000000000E+00    0.0000000000E+00    0.0000000000E+00    0.0000000000E+00    0.0000000000E+00    0.2115919432E-13    0.2115919432E-13    0.1000000000E+01
    2    0.1110833333E+02    0.5805696766E+00   -0.6966836119E+00    0.3089868968E+00    0.5805696766E+00    0.9289114825E+00    0.3089868968E+00   -0.2028278044E+01   -0.4793029081E+01   -0.2846387244E+01    0.4027814080E-12    0.4027814080E-12    0.1000000000E+01
    3    0.1110833333E+02   -0.2322278706E+00    0.1161139353E+00    0.1898135581E+00    0.0000000000E+00    0.0000000000E+00    0.0000000000E+00    0.0000000000E+00    0.0000000000E+00    0.0000000000E+00    0.9308300251E-19    0.9308300631E-19    0.9999999592E+00
    4    0.1110833333E+02    0.5805696766E+00    0.1161139353E+00    0.1057896026E+00    0.0000000000E+00    0.0000000000E+00    0.0000000000E+00    0.0000000000E+00    0.0000000000E+00    0.0000000000E+00    0.2248868075E-14    0.2248868075E-14    0.1000000000E+01
    1    0.1136666667E+02    0.5805696766E+00    0.1161139353E+00    0.1649954133E+00    0.0000000000E+00    0.0000000000E+00    0.0000000000E+00    0.0000000000E+00    0.0000000000E+00    0.0000000000E+00    0.2338296159E-14    0.2338566706E-14    0.9998843109E+00
    2    0.1136666667E+02   -0.2322278706E+00    0.1161139353E+00    0.2605987967E+00    0.0000000000E+00    0.0000000000E+00    0.0000000000E+00    0.0000000000E+00    0.0000000000E+00    0.0000000000E+00    0.9828555020E-14    0.9828556715E-14    0.9999998276E+00
    3    0.1136666667E+02   -0.2322278706E+00   -0.6966836119E+00    0.5326390537E+00    0.0000000000E+00    0.0000000000E+00    0.0000000000E+00    0.0000000000E+00    0.0000000000E+00    0.0000000000E+00    0.4863685880E-14    0.4863903862E-14    0.9999551837E+00
    4    0.1136666667E+02    0.5805696766E+00   -0.6966836119E+00    0.4269099484E+00    0.0000000000E+00    0.0000000000E+00    0.0000000000E+00    0.0000000000E+00    0.0000000000E+00    0.0000000000E+00    0.1042229440E-13    0.1042229441E-13    0.9999999986E+00
    1    0.1162500000E+02    0.5805696766E+00    0.1161139353E+00    0.2279058332E+00    0.0000000000E+00    0.0000000000E+00    0.0000000000E+00    0.0000000000E+00    0.0000000000E+00    0.0000000000E+00    0.5748204389E-14    0.5748204389E-14    0.1000000000E+01
    2    0.1162500000E+02   -0.2322278706E+00    0.1161139353E+00    0.3308572218E+00    0.0000000000E+00    0.0000000000E+00    0.0000000000E+00    0.0000000000E+00    0.0000000000E+00    0.0000000000E+00    0.1023452532E-13    0.1023452532E-13    0.1000000000E+01
    3    0.1162500000E+02   -0.2322278706E+00   -0.6966836119E+00   -0.5501876495E+00    0.0000000000E+00    0.0000000000E+00    0.0000000000E+00    0.0000000000E+00    0.0000000000E+00    0.0000000000E+00    0.1052754651E-14    0.1052754651E-14    0.1000000000E+01
    4    0.1162500000E+02    0.5805696766E+00   -0.6966836119E+00    0.5072263040E+00    0.0000000000E+00    0.0000000000E+00    0.0000000000E+00    0.0000000000E+00    0.0000000000E+00    0.0000000000E+00    0.2929236676E-14    0.2929236677E-14    0.9999999999E+00
    1    0.1188333333E+02    0.5805696766E+00    0.1161139353E+00    0.2948359790E+00    0.0000000000E+00    0.0000000000E+00    0.0000000000E+00    0.0000000000E+00    0.0000000000E+00    0.0000000000E+00    0.1795902036E-13    0.1795902036E-13    0.1000000000E+01
    2    0.1188333333E+02   -0.2322278706E+00    0.1161139353E+00    0.4003173174E+00    0.0000000000E+00    0.0000000000E+00    0.0000000000E+00    0.0000000000E+00    0.0000000000E+00    0.0000000000E+00    0.1177855562E-14    0.1177855562E-14    0.1000000000E+01
    3    0.1188333333E+02   -0.2322278706E+00   -0.6966836119E+00   -0.4896339170E+00    0.0000000000E+00    0.0000000000E+00    0.0000000000E+00    0.0000000000E+00    0.0000000000E+00    0.0000000000E+00    0.3034488811E-15    0.3034488812E-15    0.1000000000E+01
    4    0.1188333333E+02    0.5805696766E+00   -0.6966836119E+00   -0.5734435966E+00    0.0000000000E+00    0.0000000000E+00    0.0000000000E+00    0.0000000000E+00    0.0000000000E+00    0.0000000000E+00    0.9468958228E-13    0.9468958228E-13    0.1000000000E+01
    1    0.1214166667E+02    0.5805696766E+00    0.1161139353E+00    0.3650379878E+00    0.0000000000E+00    0.0000000000E+00    0.0000000000E+00    0.0000000000E+00    0.0000000000E+00    0.0000000000E+00    0.1158204712E-14    0.1158204733E-14    0.9999999822E+00
    2    0.1214166667E+02   -0.2322278706E+00    0.1161139353E+00    0.4683038674E+00    0.0000000000E+00    0.0000000000E+00    0.0000000000E+00    0.0000000000E+00    0.0000000000E+00    0.0000000000E+00    0.8257064453E-14    0.8257064454E-14    0.9999999999E+00
    3    0.1214166667E+02   -0.2322278706E+00   -0.6966836119E+00   -0.4311874119E+00    0.0000000000E+00    0.0000000000E+00    0.0000000000E+00    0.0000000000E+00    0.0000000000E+00    0.0000000000E+00    0.3962910915E-16    0.3962912088E-16    0.9999997040E+00
    4    0.1214166667E+02    0.5805696766E+00   -0.6966836119E+00   -0.5090198026E+00    0.0000000000E+00    0.0000000000E+00    0.0000000000E+00    0.0000000000E+00    0.0000000000E+00    0.0000000000E+00    0.2709182375E-16    0.2710349359E-16    0.9995694342E+00
    1    0.1240000000E+02    0.5805696766E+00    0.1161139353E+00    0.4365579749E+00    0.0000000000E+00    0.0000000000E+00    0.0000000000E+00    0.0000000000E+00    0.0000000000E+00    0.0000000000E+00    0.3704420420E-14    0.3704420420E-14    0.1000000000E+01
    2    0.1240000000E+02   -0.2322278706E+00    0.1161139353E+00    0.5347158287E+00    0.0000000000E+00    0.0000000000E+00    0.0000000000E+00    0.0000000000E+00    0.0000000000E+00    0.0000000000E+00    0.1724783954E-14    0.1724783954E-14    0.1000000000E+01
    3    0.1240000000E+02   -0.2322278706E+00   -0.6966836119E+00   -0.3722819406E+00    0.0000000000E+00    0.0000000000E+00    0.0000000000E+00    0.0000000000E+00    0.0000000000E+00    0.0000000000E+00    0.2237036483E-17    0.2237036494E-17    0.9999999955E+00
    4    0.1240000000E+02    0.5805696766E+00   -0.6966836119E+00   -0.4454331737E+00    0.0000000000E+00    0.0000000000E+00    0.0000000000E+00    0.0000000000E+00    0.0000000000E+00    0.0000000000E+00    0.7930244268E-16    0.7930244431E-16    0.9999999794E+00
    1    0.1265833333E+02    0.5805696766E+00    0.1161139353E+00    0.5072506235E+00    0.0000000000E+00    0.0000000000E+00    0.0000000000E+00    0.0000000000E+00    0.0000000000E+00    0.0000000000E+00    0.1275112968E-15    0.1275112968E-15    0.1000000000E+01
    2    0.1265833333E+02   -0.2322278706E+00    0.1161139353E+00   -0.5492848569E+00    0.0000000000E+00    0.0000000000E+00    0.0000000000E+00    0.0000000000E+00    0.0000000000E+00    0.0000000000E+00    0.1151443957E-13    0.1151443957E-13    0.1000000000E+01
    3    0.1265833333E+02   -0.2322278706E+00   -0.6966836119E+00   -0.3104774061E+00   -0.2322278706E+00   -0.6966836119E+00   -0.3104774061E+00    0.9852346450E+00    0.4420733877E+01    0.2110986617E+01    0.3760858971E-15    0.3760858971E-15    0.1000000000E+01
    4    0.1265833333E+02    0.5805696766E+00   -0.6966836119E+00   -0.3798542105E+00    0.0000000000E+00    0.0000000000E+00    0.0000000000E+00    0.0000000000E+00    0.0000000000E+00    0.0000000000E+00    0.1738037672E-17    0.1738037675E-17    0.9999999981E+00
    1    0.1291666667E+02    0.5805696766E+00    0.1161139353E+00   -0.5746882870E+00    0.0000000000E+00    0.0000000000E+00    0.0000000000E+00    0.0000000000E+00    0.0000000000E+00    0.0000000000E+00    0.5947532510E-08    0.5947532510E-08    0.1000000000E+01
    2    0.1291666667E+02   -0.2322278706E+00    0.1161139353E+00   -0.4831206136E+00    0.0000000000E+00    0.0000000000E+00    0.0000000000E+00    0.0000000000E+00    0.0000000000E+00    0.0000000000E+00    0.4729798304E-15    0.4729798305E-15    0.9999999999E+00
    3    0.1291666667E+02   -0.2322278706E+00   -0.6966836119E+00   -0.2423772892E+00    0.0000000000E+00    0.0000000000E+00    0.0000000000E+00    0.0000000000E+00    0.0000000000E+00    0.0000000000E+00    0.2452886102E-14    0.2452886102E-14    0.1000000000E+01
    4    0.1291666667E+02    0.5805696766E+00   -0.6966836119E+00   -0.3087823834E+00    0.0000000000E+00    0.0000000000E+00    0.0000000000E+00    0.0000000000E+00    0.0000000000E+00    0.0000000000E+00    0.1990295226E-14    0.1990295228E-14    0.9999999993E+00
    1    0.1317500000E+02    0.5805696766E+00    0.1161139353E+00   -0.5055042733E+00    0.0000000000E+00    0.0000000000E+00    0.0000000000E+00    0.0000000000E+00    0.0000000000E+00    0.0000000000E+00    0.2054569406E-14    0.2054569406E-14    0.1000000000E+01
    2    0.1317500000E+02   -0.2322278706E+00    0.1161139353E+00   -0.4140527244E+00    0.0000000000E+00    0.0000000000E+00    0.0000000000E+00    0.0000000000E+00    0.0000000000E+00    0.0000000000E+00    0.8779047350E-16    0.8779047420E-16    0.9999999920E+00
    3    0.1317500000E+02   -0.2322278706E+00   -0.6966836119E+00   -0.1606090644E+00    0.0000000000E+00    0.0000000000E+00    0.0000000000E+00    0.0000000000E+00    0.0000000000E+00    0.0000000000E+00    0.1327789173E-13    0.1327789174E-13    0.1000000000E+01
    4    0.1317500000E+02    0.5805696766E+00   -0.6966836119E+00   -0.2246514031E+00    0.0000000000E+00    0.0000000000E+00    0.0000000000E+00    0.0000000000E+00    0.0000000000E+00    0.0000000000E+00    0.6898790637E-14    0.6898790637E-14    0.1000000000E+01
    1    0.1343333333E+02   -0.2322278706E+00   -0.6966836119E+00    0.3682723196E+00    0.0000000000E+00    0.0000000000E+00    0.0000000000E+00    0.0000000000E+00    0.0000000000E+00    0.0000000000E+00    0.3349422771E-10    0.3349422771E-10    0.1000000000E+01
    2    0.1343333333E+02    0.5805696766E+00    0.1161139353E+00   -0.4368023720E+00    0.0000000000E+00    0.0000000000E+00    0.0000000000E+00    0.0000000000E+00    0.0000000000E+00    0.0000000000E+00    0.2015610668E-11    0.2015610668E-11    0.9999999998E+00
    3    0.1343333333E+02   -0.2322278706E+00    0.1161139353E+00   -0.3379406435E+00    0.0000000000E+00    0.0000000000E+00    0.0000000000E+00    0.0000000000E+00    0.0000000000E+00    0.0000000000E+00    0.5717468948E-12    0.5717469003E-12    0.9999999903E+00
    4    0.1343333333E+02   -0.2322278706E+00   -0.6966836119E+00   -0.9460255598E-01    0.0000000000E+00    0.0000000000E+00    0.0000000000E+00    0.0000000000E+00    0.0000000000E+00    0.0000000000E+00    0.4202705496E-10    0.4202705496E-10    0.1000000000E+01
    5    0.1343333333E+02    0.5805696766E+00    0.1161139353E+00    0.1180643435E+00    0.0000000000E+00    0.0000000000E+00    0.0000000000E+00    0.0000000000E+00    0.0000000000E+00    0.0000000000E+00    0.7966102479E-10    0.7966102480E-10    0.9999999999E+00
    6    0.1343333333E+02   -0.2322278706E+00    0.1161139353E+00    0.1164901311E+00    0.0000000000E+00    0.0000000000E+00    0.0000000000E+00    0.0000000000E+00    0.0000000000E+00    0.0000000000E+00    0.6191031016E-10    0.6191031124E-10    0.9999999826E+00
    1    0.1369166667E+02   -0.2322278706E+00    0.1161139353E+00   -0.2434913723E+00    0.0000000000E+00    0.0000000000E+00    0.0000000000E+00    0.0000000000E+00    0.0000000000E+00    0.0000000000E+00    0.1166461259E-12    0.1166461259E-12    0.1000000000E+01
    2    0.1369166667E+02    0.5805696766E+00    0.1161139353E+00   -0.3637570235E+00    0.0000000000E+00    0.0000000000E+00    0.0000000000E+00    0.0000000000E+00    0.0000000000E+00    0.0000000000E+00    0.5595104077E-12    0.5595104077E-12    0.1000000000E+01
    3    0.1369166667E+02   -0.2322278706E+00   -0.6966836119E+00   -0.4697086277E+00    0.0000000000E+00    0.0000000000E+00    0.0000000000E+00    0.0000000000E+00    0.0000000000E+00    0.0000000000E+00    0.2700892344E-10    0.2700892344E-10    0.1000000000E+01
    4    0.1369166667E+02    0.5805696766E+00   -0.6966836119E+00    0.5055422147E+00    0.0000000000E+00    0.0000000000E+00    0.0000000000E+00    0.0000000000E+00    0.0000000000E+00    0.0000000000E+00    0.3560649493E-10    0.3560649493E-10    0.1000000000E+01
    5    0.1369166667E+02    0.5805696766E+00   -0.6966836119E+00   -0.5518346365E-01    0.0000000000E+00    0.0000000000E+00    0.0000000000E+00    0.0000000000E+00    0.0000000000E+00    0.0000000000E+00    0.1008921064E-08    0.1008921064E-08    0.1000000000E+01
    6    0.1369166667E+02    0.5805696766E+00    0.1161139353E+00    0.3818249033E+00    0.0000000000E+00    0.0000000000E+00    0.0000000000E+00    0.0000000000E+00    0.0000000000E+00    0.0000000000E+00    0.1607683706E-11    0.1607683706E-11    0.1000000000E+01
    7    0.1369166667E+02   -0.2322278706E+00    0.1161139353E+00    0.3787188093E+00    0.0000000000E+00    0.0000000000E+00    0.0000000000E+00    0.0000000000E+00    0.0000000000E+00    0.0000000000E+00    0.1185421391E-12    0.1185421392E-12    0.9999999989E+00
    8    0.1369166667E+02   -0.2322278706E+00   -0.6966836119E+00    0.2900725724E+00    0.0000000000E+00    0.0000000000E+00    0.0000000000E+00    0.0000000000E+00    0.0000000000E+00    0.0000000000E+00    0.2769205432E-10    0.2769205432E-10    0.1000000000E+01
    9    0.1369166667E+02    0.5805696766E+00   -0.6966836119E+00    0.9154680998E-01    0.0000000000E+00    0.0000000000E+00    0.0000000000E+00    0.0000000000E+00    0.0000000000E+00    0.0000000000E+00    0.4638109515E-09    0.4638109515E-09    0.1000000000E+01
   10    0.1369166667E+02    0.5805696766E+00    0.1161139353E+00    0.2320524600E+00    0.0000000000E+00    0.0000000000E+00    0.0000000000E+00    0.0000000000E+00    0.0000000000E+00    0.0000000000E+00    0.2722405010E-11    0.2722405010E-11    0.1000000000E+01
   11    0.1369166667E+02    0.5805696766E+00   -0.6966836119E+00    0.1816422012E+00    0.0000000000E+00    0.0000000000E+00    0.0000000000E+00    0.0000000000E+00    0.0000000000E+00    0.0000000000E+00    0.1881716268E-09    0.1881716268E-09    0.1000000000E+01
   12    0.1369166667E+02   -0.2322278706E+00   -0.6966836119E+00    0.1573314539E+00    0.0000000000E+00    0.0000000000E+00    0.0000000000E+00    0.0000000000E+00    0.0000000000E+00    0.0000000000E+00    0.6014477517E-12    0.6014477518E-12    0.9999999999E+00
    1    0.1395000000E+02    0.5805696766E+00    0.1161139353E+00   -0.2780229018E+00    0.0000000000E+00    0.0000000000E+00    0.0000000000E+00    0.0000000000E+00    0.0000000000E+00    0.0000000000E+00    0.2170464656E-12    0.2170464656E-12    0.1000000000E+01
    2    0.1395000000E+02   -0.2322278706E+00    0.1161139353E+00   -0.5561480047E+00    0.0000000000E+00    0.0000000000E+00    0.0000000000E+00    0.0000000000E+00    0.0000000000E+00    0.0000000000E+00    0.6782792394E-11    0.6782792394E-11    0.1000000000E+01
    3    0.1395000000E+02    0.5805696766E+00    0.1161139353E+00    0.5654568807E+00    0.0000000000E+00    0.0000000000E+00    0.0000000000E+00    0.0000000000E+00    0.0000000000E+00    0.0000000000E+00    0.7380941472E-11    0.7380941472E-11    0.1000000000E+01
    4    0.1395000000E+02   -0.2322278706E+00   -0.6966836119E+00    0.4759634510E+00    0.0000000000E+00    0.0000000000E+00    0.0000000000E+00    0.0000000000E+00    0.0000000000E+00    0.0000000000E+00    0.2451585633E-10    0.2451585633E-10    0.1000000000E+01
    5    0.1395000000E+02    0.5805696766E+00    0.1161139353E+00    0.4597010523E+00    0.0000000000E+00    0.0000000000E+00    0.0000000000E+00    0.0000000000E+00    0.0000000000E+00    0.0000000000E+00    0.4532715466E-12    0.4532715466E-12    0.1000000000E+01
    6    0.1395000000E+02    0.5805696766E+00   -0.6966836119E+00    0.3461602678E+00    0.0000000000E+00    0.0000000000E+00    0.0000000000E+00    0.0000000000E+00    0.0000000000E+00    0.0000000000E+00    0.6435991696E-13    0.6435991697E-13    0.1000000000E+01
    7    0.1395000000E+02   -0.2322278706E+00    0.1161139353E+00    0.3777127389E+00    0.0000000000E+00    0.0000000000E+00    0.0000000000E+00    0.0000000000E+00    0.0000000000E+00    0.0000000000E+00    0.1169472319E-11    0.1169472319E-11    0.1000000000E+01
    8    0.1395000000E+02   -0.2322278706E+00   -0.6966836119E+00    0.3925104657E+00   -0.2322278706E+00   -0.6966836119E+00    0.3925104657E+00    0.1537261480E+01    0.5227291975E+00    0.8208582670E+00    0.1985153866E-10    0.1985153866E-10    0.1000000000E+01
    1    0.1420833333E+02    0.5805696766E+00    0.1161139353E+00   -0.3992543487E+00    0.0000000000E+00    0.0000000000E+00    0.0000000000E+00    0.0000000000E+00    0.0000000000E+00    0.0000000000E+00    0.5328468436E-13    0.5328468436E-13    0.1000000000E+01
    2    0.1420833333E+02    0.5805696766E+00    0.1161139353E+00   -0.3592815675E+00    0.5805696766E+00    0.1161139353E+00   -0.3592815675E+00   -0.3504183185E+00   -0.4421171527E+00    0.3166927935E+00    0.7123445441E-11    0.7123445441E-11    0.1000000000E+01
    3    0.1420833333E+02   -0.2322278706E+00    0.1161139353E+00   -0.3252043470E+00    0.0000000000E+00    0.0000000000E+00    0.0000000000E+00    0.0000000000E+00    0.0000000000E+00    0.0000000000E+00    0.1428521176E-11    0.1428521176E-11    0.1000000000E+01
    1    0.1446666667E+02    0.5805696766E+00    0.1161139353E+00   -0.1814378607E+00    0.0000000000E+00    0.0000000000E+00    0.0000000000E+00    0.0000000000E+00    0.0000000000E+00    0.0000000000E+00    0.1410834073E-12    0.1410834073E-12    0.1000000000E+01
