    1    0.1033333333E+01    0.4644557413E+00   -0.4644557413E+00    0.6003871631E-01    0.0000000000E+00    0.0000000000E+00    0.0000000000E+00    0.0000000000E+00    0.0000000000E+00    0.0000000000E+00    0.4267602787E-13    0.4267602787E-13    0.1000000000E+01
    1    0.1291666667E+01    0.4644557413E+00   -0.4644557413E+00    0.1820351216E+00    0.0000000000E+00    0.0000000000E+00    0.0000000000E+00    0.0000000000E+00    0.0000000000E+00    0.0000000000E+00    0.1686400806E-16    0.1686400806E-16    0.1000000000E+01
    2    0.1291666667E+01    0.4644557413E+00   -0.4644557413E+00    0.1163531053E+00    0.0000000000E+00    0.0000000000E+00    0.0000000000E+00    0.0000000000E+00    0.0000000000E+00    0.0000000000E+00    0.8918727912E-14    0.8918727912E-14    0.1000000000E+01
    1    0.1550000000E+01    0.4644557413E+00   -0.4644557413E+00    0.2366187026E+00    0.0000000000E+00    0.0000000000E+00    0.0000000000E+00    0.0000000000E+00    0.0000000000E+00    0.0000000000E+00    0.1786470834E-15    0.1786470834E-15    0.1000000000E+01
    2    0.1550000000E+01    0.4644557413E+00   -0.4644557413E+00    0.1622336279E+00    0.0000000000E+00    0.0000000000E+00    0.0000000000E+00    0.0000000000E+00    0.0000000000E+00    0.0000000000E+00    0.1206371599E-14    0.1206371599E-14    0.1000000000E+01
    1    0.1808333333E+01    0.4644557413E+00   -0.4644557413E+00    0.2819036891E+00    0.0000000000E+00    0.0000000000E+00    0.0000000000E+00    0.0000000000E+00    0.0000000000E+00    0.0000000000E+00    0.5812798760E-15    0.5812798760E-15    0.1000000000E+01
    2    0.1808333333E+01    0.4644557413E+00   -0.4644557413E+00    0.2044088208E+00    0.0000000000E+00    0.0000000000E+00    0.0000000000E+00    0.0000000000E+00    0.0000000000E+00    0.0000000000E+00    0.1991965034E-15    0.1991965034E-15    0.1000000000E+01
    1    0.2066666667E+01    0.4644557413E+00   -0.4644557413E+00    0.2118174211E-01    0.0000000000E+00    0.0000000000E+00    0.0000000000E+00    0.0000000000E+00    0.0000000000E+00    0.0000000000E+00    0.3110563238E-12    0.3110563238E-12    0.1000000000E+01
    2    0.2066666667E+01    0.4644557413E+00   -0.4644557413E+00    0.2454266659E+00    0.0000000000E+00    0.0000000000E+00    0.0000000000E+00    0.0000000000E+00    0.0000000000E+00    0.0000000000E+00    0.2586065175E-14    0.2586065175E-14    0.1000000000E+01
    3    0.2066666667E+01    0.4644557413E+00   -0.4644557413E+00    0.3241630500E+00    0.0000000000E+00    0.0000000000E+00    0.0000000000E+00    0.0000000000E+00    0.0000000000E+00    0.0000000000E+00    0.2804853521E-13    0.2804853521E-13    0.1000000000E+01
    1    0.2325000000E+01    0.4644557413E+00   -0.4644557413E+00    0.7543706817E-01    0.0000000000E+00    0.0000000000E+00    0.0000000000E+00    0.0000000000E+00    0.0000000000E+00    0.0000000000E+00    0.1192538814E-13    0.1192538814E-13    0.1000000000E+01
    2    0.2325000000E+01    0.4644557413E+00   -0.4644557413E+00    0.2864675441E+00    0.0000000000E+00    0.0000000000E+00    0.0000000000E+00    0.0000000000E+00    0.0000000000E+00    0.0000000000E+00    0.3548745965E-14    0.3548745965E-14    0.1000000000E+01
    3    0.2325000000E+01    0.4644557413E+00   -0.4644557413E+00    0.3654521273E+00    0.0000000000E+00    0.0000000000E+00    0.0000000000E+00    0.0000000000E+00    0.0000000000E+00    0.0000000000E+00    0.6468081334E-15    0.6468081334E-15    0.1000000000E+01
    1    0.2583333333E+01    0.4644557413E+00   -0.4644557413E+00    0.1114769733E+00    0.0000000000E+00    0.0000000000E+00    0.0000000000E+00    0.0000000000E+00    0.0000000000E+00    0.0000000000E+00    0.5043617720E-14    0.5043617720E-14    0.1000000000E+01
    2    0.2583333333E+01    0.4644557413E+00   -0.4644557413E+00    0.3283685531E+00    0.0000000000E+00    0.0000000000E+00    0.0000000000E+00    0.0000000000E+00    0.0000000000E+00    0.0000000000E+00    0.2129414152E-14    0.2129414152E-14    0.1000000000E+01
    3    0.2583333333E+01    0.4644557413E+00   -0.4644557413E+00    0.4068840813E+00    0.0000000000E+00    0.0000000000E+00    0.0000000000E+00    0.0000000000E+00    0.0000000000E+00    0.0000000000E+00    0.2384063484E-14    0.2384063484E-14    0.1000000000E+01
    1    0.2841666667E+01    0.4644557413E+00   -0.4644557413E+00    0.1433312787E+00    0.0000000000E+00    0.0000000000E+00    0.0000000000E+00    0.0000000000E+00    0.0000000000E+00    0.0000000000E+00    0.4000487396E-14    0.4000487396E-14    0.1000000000E+01
    2    0.2841666667E+01    0.4644557413E+00   -0.4644557413E+00    0.3719418925E+00    0.0000000000E+00    0.0000000000E+00    0.0000000000E+00    0.0000000000E+00    0.0000000000E+00    0.0000000000E+00    0.1460609880E-15    0.1460609880E-15    0.1000000000E+01
    3    0.2841666667E+01    0.4644557413E+00   -0.4644557413E+00    0.4493198587E+00    0.0000000000E+00    0.0000000000E+00    0.0000000000E+00    0.0000000000E+00    0.0000000000E+00    0.0000000000E+00    0.3556500503E-14    0.3556500503E-14    0.1000000000E+01
    1    0.3100000000E+01    0.4644557413E+00   -0.4644557413E+00    0.1731229435E+00    0.0000000000E+00    0.0000000000E+00    0.0000000000E+00    0.0000000000E+00    0.0000000000E+00    0.0000000000E+00    0.8145866406E-15    0.8145866406E-15    0.1000000000E+01
    2    0.3100000000E+01    0.4644557413E+00   -0.4644557413E+00    0.4181859237E+00    0.0000000000E+00    0.0000000000E+00    0.0000000000E+00    0.0000000000E+00    0.0000000000E+00    0.0000000000E+00    0.1298822243E-14    0.1298822243E-14    0.1000000000E+01
    3    0.3100000000E+01    0.4644557413E+00   -0.4644557413E+00    0.4936550163E+00    0.0000000000E+00    0.0000000000E+00    0.0000000000E+00    0.0000000000E+00    0.0000000000E+00    0.0000000000E+00    0.4876482389E-14    0.4876482389E-14    0.1000000000E+01
    1    0.3358333333E+01    0.4644557413E+00   -0.4644557413E+00    0.2016610464E+00    0.0000000000E+00    0.0000000000E+00    0.0000000000E+00    0.0000000000E+00    0.0000000000E+00    0.0000000000E+00    0.2813923468E-16    0.2813934362E-16    0.9999961285E+00
    2    0.3358333333E+01   -0.3483418059E+00   -0.4644557413E+00   -0.2564943987E+00    0.0000000000E+00    0.0000000000E+00    0.0000000000E+00    0.0000000000E+00    0.0000000000E+00    0.0000000000E+00    0.5737258792E-13    0.5737258792E-13    0.1000000000E+01
    3    0.3358333333E+01    0.4644557413E+00    0.3483418059E+00   -0.2565807926E+00    0.0000000000E+00    0.0000000000E+00    0.0000000000E+00    0.0000000000E+00    0.0000000000E+00    0.0000000000E+00    0.3275656909E-13    0.3275656909E-13    0.9999999999E+00
    4    0.3358333333E+01    0.4644557413E+00   -0.4644557413E+00    0.4685788051E+00    0.0000000000E+00    0.0000000000E+00    0.0000000000E+00    0.0000000000E+00    0.0000000000E+00    0.0000000000E+00    0.5377238132E-14    0.5377238143E-14    0.9999999979E+00
    5    0.3358333333E+01    0.4644557413E+00   -0.4644557413E+00    0.5411073227E+00    0.0000000000E+00    0.0000000000E+00    0.0000000000E+00    0.0000000000E+00    0.0000000000E+00    0.0000000000E+00    0.5096875536E-14    0.5096875573E-14    0.9999999927E+00
    6    0.3358333333E+01   -0.3483418059E+00   -0.4644557413E+00   -0.5075047116E+00    0.0000000000E+00    0.0000000000E+00    0.0000000000E+00    0.0000000000E+00    0.0000000000E+00    0.0000000000E+00    0.2289792748E-12    0.2289792748E-12    0.1000000000E+01
    7    0.3358333333E+01    0.4644557413E+00    0.3483418059E+00   -0.5119515280E+00    0.0000000000E+00    0.0000000000E+00    0.0000000000E+00    0.0000000000E+00    0.0000000000E+00    0.0000000000E+00    0.1446426833E-11    0.1446426833E-11    0.1000000000E+01
    1    0.3616666667E+01    0.4644557413E+00   -0.4644557413E+00    0.2293583309E+00    0.0000000000E+00    0.0000000000E+00    0.0000000000E+00    0.0000000000E+00    0.0000000000E+00    0.0000000000E+00    0.2678868327E-14    0.2678868346E-14    0.9999999926E+00
    2    0.3616666667E+01   -0.3483418059E+00   -0.4644557413E+00   -0.8662007997E-01    0.0000000000E+00    0.0000000000E+00    0.0000000000E+00    0.0000000000E+00    0.0000000000E+00    0.0000000000E+00    0.3471715806E-11    0.3471715806E-11    0.1000000000E+01
    3    0.3616666667E+01    0.4644557413E+00    0.3483418059E+00   -0.9444180240E-01    0.0000000000E+00    0.0000000000E+00    0.0000000000E+00    0.0000000000E+00    0.0000000000E+00    0.0000000000E+00    0.2444388661E-11    0.2444388661E-11    0.1000000000E+01
    4    0.3616666667E+01    0.4644557413E+00   -0.4644557413E+00    0.5261576338E+00    0.0000000000E+00    0.0000000000E+00    0.0000000000E+00    0.0000000000E+00    0.0000000000E+00    0.0000000000E+00    0.4863131278E-13    0.4863131281E-13    0.9999999995E+00
    5    0.3616666667E+01   -0.3483418059E+00   -0.4644557413E+00   -0.4007679543E+00    0.0000000000E+00    0.0000000000E+00    0.0000000000E+00    0.0000000000E+00    0.0000000000E+00    0.0000000000E+00    0.3409060445E-13    0.3409060448E-13    0.9999999991E+00
    6    0.3616666667E+01    0.4644557413E+00    0.3483418059E+00   -0.3961451356E+00    0.0000000000E+00    0.0000000000E+00    0.0000000000E+00    0.0000000000E+00    0.0000000000E+00    0.0000000000E+00    0.1694106356E-13    0.1694106356E-13    0.1000000000E+01
    7    0.3616666667E+01   -0.3483418059E+00   -0.4644557413E+00   -0.3723695815E+00    0.0000000000E+00    0.0000000000E+00    0.0000000000E+00    0.0000000000E+00    0.0000000000E+00    0.0000000000E+00    0.2423301659E-12    0.2423301659E-12    0.9999999998E+00
    8    0.3616666667E+01    0.4644557413E+00    0.3483418059E+00   -0.3734388364E+00    0.0000000000E+00    0.0000000000E+00    0.0000000000E+00    0.0000000000E+00    0.0000000000E+00    0.0000000000E+00    0.2184084770E-13    0.2184084771E-13    0.9999999999E+00
    9    0.3616666667E+01    0.4644557413E+00   -0.4644557413E+00   -0.5562265780E+00    0.0000000000E+00    0.0000000000E+00    0.0000000000E+00    0.0000000000E+00    0.0000000000E+00    0.0000000000E+00    0.5125567584E-13    0.5125567585E-13    0.1000000000E+01
   10    0.3616666667E+01    0.4644557413E+00    0.3483418059E+00   -0.5582608339E+00    0.0000000000E+00    0.0000000000E+00    0.0000000000E+00    0.0000000000E+00    0.0000000000E+00    0.0000000000E+00    0.4204341467E-13    0.4204341467E-13    0.1000000000E+01
   11    0.3616666667E+01   -0.3483418059E+00   -0.4644557413E+00   -0.5575966036E+00    0.0000000000E+00    0.0000000000E+00    0.0000000000E+00    0.0000000000E+00    0.0000000000E+00    0.0000000000E+00    0.2685049794E-12    0.2685049801E-12    0.9999999973E+00
    1    0.3875000000E+01    0.4644557413E+00   -0.4644557413E+00    0.2564625888E+00    0.0000000000E+00    0.0000000000E+00    0.0000000000E+00    0.0000000000E+00    0.0000000000E+00    0.0000000000E+00    0.3025627145E-14    0.3025627447E-14    0.9999999001E+00
    2    0.3875000000E+01    0.4644557413E+00   -0.4644557413E+00   -0.5572814987E+00    0.0000000000E+00    0.0000000000E+00    0.0000000000E+00    0.0000000000E+00    0.0000000000E+00    0.0000000000E+00    0.7811155862E-13    0.7811155862E-13    0.1000000000E+01
    3    0.3875000000E+01   -0.3483418059E+00   -0.4644557413E+00   -0.2755291344E+00    0.0000000000E+00    0.0000000000E+00    0.0000000000E+00    0.0000000000E+00    0.0000000000E+00    0.0000000000E+00    0.7808401610E-13    0.7808401615E-13    0.9999999994E+00
    4    0.3875000000E+01    0.4644557413E+00    0.3483418059E+00   -0.2772209839E+00    0.0000000000E+00    0.0000000000E+00    0.0000000000E+00    0.0000000000E+00    0.0000000000E+00    0.0000000000E+00    0.4161299476E-13    0.4161299476E-13    0.9999999999E+00
    5    0.3875000000E+01   -0.3483418059E+00   -0.4644557413E+00   -0.3256771901E+00    0.0000000000E+00    0.0000000000E+00    0.0000000000E+00    0.0000000000E+00    0.0000000000E+00    0.0000000000E+00    0.3235027320E-13    0.3235027324E-13    0.9999999987E+00
    6    0.3875000000E+01    0.4644557413E+00    0.3483418059E+00   -0.3219107215E+00    0.0000000000E+00    0.0000000000E+00    0.0000000000E+00    0.0000000000E+00    0.0000000000E+00    0.0000000000E+00    0.1991894158E-13    0.1991894158E-13    0.9999999998E+00
    7    0.3875000000E+01    0.4644557413E+00   -0.4644557413E+00   -0.4973613633E+00    0.0000000000E+00    0.0000000000E+00    0.0000000000E+00    0.0000000000E+00    0.0000000000E+00    0.0000000000E+00    0.8222063385E-14    0.8222063399E-14    0.9999999984E+00
    8    0.3875000000E+01   -0.3483418059E+00   -0.4644557413E+00   -0.4924391616E+00    0.0000000000E+00    0.0000000000E+00    0.0000000000E+00    0.0000000000E+00    0.0000000000E+00    0.0000000000E+00    0.2203142675E-14    0.2203144420E-14    0.9999992080E+00
    9    0.3875000000E+01    0.4644557413E+00    0.3483418059E+00   -0.4939969559E+00    0.0000000000E+00    0.0000000000E+00    0.0000000000E+00    0.0000000000E+00    0.0000000000E+00    0.0000000000E+00    0.1908036711E-14    0.1908036735E-14    0.9999999872E+00
    1    0.4133333333E+01    0.4644557413E+00   -0.4644557413E+00    0.2831407723E+00    0.0000000000E+00    0.0000000000E+00    0.0000000000E+00    0.0000000000E+00    0.0000000000E+00    0.0000000000E+00    0.2939931203E-14    0.2939931212E-14    0.9999999969E+00
    2    0.4133333333E+01    0.4644557413E+00   -0.4644557413E+00   -0.4635363547E+00    0.0000000000E+00    0.0000000000E+00    0.0000000000E+00    0.0000000000E+00    0.0000000000E+00    0.0000000000E+00    0.1990945076E-13    0.1990945078E-13    0.9999999991E+00
    3    0.4133333333E+01    0.4644557413E+00   -0.4644557413E+00   -0.4229216162E+00    0.0000000000E+00    0.0000000000E+00    0.0000000000E+00    0.0000000000E+00    0.0000000000E+00    0.0000000000E+00    0.1303112387E-13    0.1303112410E-13    0.9999999821E+00
    4    0.4133333333E+01   -0.3483418059E+00   -0.4644557413E+00   -0.4384891777E+00    0.0000000000E+00    0.0000000000E+00    0.0000000000E+00    0.0000000000E+00    0.0000000000E+00    0.0000000000E+00    0.2112828687E-13    0.2112828690E-13    0.9999999986E+00
    5    0.4133333333E+01    0.4644557413E+00    0.3483418059E+00   -0.4398708232E+00    0.0000000000E+00    0.0000000000E+00    0.0000000000E+00    0.0000000000E+00    0.0000000000E+00    0.0000000000E+00    0.8989142306E-14    0.8989143200E-14    0.9999999005E+00
    6    0.4133333333E+01    0.4644557413E+00    0.3483418059E+00   -0.1740539142E+00    0.0000000000E+00    0.0000000000E+00    0.0000000000E+00    0.0000000000E+00    0.0000000000E+00    0.0000000000E+00    0.1747380876E-13    0.1747380883E-13    0.9999999961E+00
    7    0.4133333333E+01   -0.3483418059E+00   -0.4644557413E+00   -0.1703061125E+00    0.0000000000E+00    0.0000000000E+00    0.0000000000E+00    0.0000000000E+00    0.0000000000E+00    0.0000000000E+00    0.3911069760E-13    0.3911069762E-13    0.9999999995E+00
    8    0.4133333333E+01   -0.3483418059E+00   -0.4644557413E+00   -0.2665695564E+00    0.0000000000E+00    0.0000000000E+00    0.0000000000E+00    0.0000000000E+00    0.0000000000E+00    0.0000000000E+00    0.4453056000E-14    0.4453056006E-14    0.9999999985E+00
    9    0.4133333333E+01    0.4644557413E+00    0.3483418059E+00   -0.2631947175E+00    0.0000000000E+00    0.0000000000E+00    0.0000000000E+00    0.0000000000E+00    0.0000000000E+00    0.0000000000E+00    0.3497791785E-14    0.3497791890E-14    0.9999999699E+00
    1    0.4391666667E+01    0.4644557413E+00   -0.4644557413E+00    0.3097693486E+00    0.0000000000E+00    0.0000000000E+00    0.0000000000E+00    0.0000000000E+00    0.0000000000E+00    0.0000000000E+00    0.1348333437E-17    0.1348333437E-17    0.1000000000E+01
    2    0.4391666667E+01   -0.3483418059E+00    0.3483418059E+00    0.9893075570E-01    0.0000000000E+00    0.0000000000E+00    0.0000000000E+00    0.0000000000E+00    0.0000000000E+00    0.0000000000E+00    0.2321276359E-11    0.2321276359E-11    0.1000000000E+01
    3    0.4391666667E+01   -0.3483418059E+00    0.3483418059E+00    0.7636021609E-01    0.0000000000E+00    0.0000000000E+00    0.0000000000E+00    0.0000000000E+00    0.0000000000E+00    0.0000000000E+00    0.2079844684E-11    0.2079844684E-11    0.1000000000E+01
    4    0.4391666667E+01   -0.3483418059E+00   -0.4644557413E+00   -0.3893463510E+00    0.0000000000E+00    0.0000000000E+00    0.0000000000E+00    0.0000000000E+00    0.0000000000E+00    0.0000000000E+00    0.6084634125E-14    0.6084634126E-14    0.9999999998E+00
    5    0.4391666667E+01    0.4644557413E+00    0.3483418059E+00   -0.3902713894E+00    0.0000000000E+00    0.0000000000E+00    0.0000000000E+00    0.0000000000E+00    0.0000000000E+00    0.0000000000E+00    0.7663394191E-14    0.7663394192E-14    0.1000000000E+01
    6    0.4391666667E+01    0.4644557413E+00   -0.4644557413E+00   -0.3097693592E+00    0.0000000000E+00    0.0000000000E+00    0.0000000000E+00    0.0000000000E+00    0.0000000000E+00    0.0000000000E+00    0.3002929931E-17    0.3002929931E-17    0.1000000000E+01
    7    0.4391666667E+01    0.4644557413E+00   -0.4644557413E+00   -0.2697446174E+00    0.0000000000E+00    0.0000000000E+00    0.0000000000E+00    0.0000000000E+00    0.0000000000E+00    0.0000000000E+00    0.2726944811E-15    0.2726944814E-15    0.9999999988E+00
    8    0.4391666667E+01   -0.3483418059E+00   -0.4644557413E+00   -0.2141503307E+00    0.0000000000E+00    0.0000000000E+00    0.0000000000E+00    0.0000000000E+00    0.0000000000E+00    0.0000000000E+00    0.6808887172E-14    0.6808887174E-14    0.9999999998E+00
    9    0.4391666667E+01    0.4644557413E+00    0.3483418059E+00   -0.2113041581E+00    0.0000000000E+00    0.0000000000E+00    0.0000000000E+00    0.0000000000E+00    0.0000000000E+00    0.0000000000E+00    0.8070092662E-14    0.8070092662E-14    0.1000000000E+01
    1    0.4650000000E+01   -0.3483418059E+00    0.3483418059E+00    0.3173694144E+00    0.0000000000E+00    0.0000000000E+00    0.0000000000E+00    0.0000000000E+00    0.0000000000E+00    0.0000000000E+00    0.3837133939E-13    0.3837133939E-13    0.1000000000E+01
    2    0.4650000000E+01    0.4644557413E+00   -0.4644557413E+00    0.3356338749E+00    0.0000000000E+00    0.0000000000E+00    0.0000000000E+00    0.0000000000E+00    0.0000000000E+00    0.0000000000E+00    0.8292518125E-15    0.8292518158E-15    0.9999999960E+00
    3    0.4650000000E+01   -0.3483418059E+00    0.3483418059E+00    0.2063929975E+00    0.0000000000E+00    0.0000000000E+00    0.0000000000E+00    0.0000000000E+00    0.0000000000E+00    0.0000000000E+00    0.2614048948E-13    0.2614048948E-13    0.1000000000E+01
    4    0.4650000000E+01   -0.3483418059E+00    0.3483418059E+00    0.1725152752E+00    0.0000000000E+00    0.0000000000E+00    0.0000000000E+00    0.0000000000E+00    0.0000000000E+00    0.0000000000E+00    0.2517127711E-13    0.2517127711E-13    0.1000000000E+01
    5    0.4650000000E+01   -0.3483418059E+00    0.3483418059E+00    0.2016807975E-01    0.0000000000E+00    0.0000000000E+00    0.0000000000E+00    0.0000000000E+00    0.0000000000E+00    0.0000000000E+00    0.5324287861E-13    0.5324287861E-13    0.1000000000E+01
    6    0.4650000000E+01   -0.3483418059E+00   -0.4644557413E+00   -0.1641199942E+00    0.0000000000E+00    0.0000000000E+00    0.0000000000E+00    0.0000000000E+00    0.0000000000E+00    0.0000000000E+00    0.8812679305E-14    0.8812679306E-14    0.9999999998E+00
    7    0.4650000000E+01    0.4644557413E+00    0.3483418059E+00   -0.1619993950E+00    0.0000000000E+00    0.0000000000E+00    0.0000000000E+00    0.0000000000E+00    0.0000000000E+00    0.0000000000E+00    0.9127308464E-14    0.9127308469E-14    0.9999999995E+00
    8    0.4650000000E+01   -0.3483418059E+00   -0.4644557413E+00   -0.3426360334E+00   -0.3483418059E+00   -0.4644557413E+00   -0.3426360334E+00   -0.4501641884E+01   -0.1290358642E+01   -0.3998492498E+01    0.5036368607E-14    0.5036368607E-14    0.1000000000E+01
    9    0.4650000000E+01    0.4644557413E+00    0.3483418059E+00   -0.3429996586E+00    0.4644557413E+00    0.3483418059E+00   -0.3429996586E+00    0.1298772695E+01    0.4487986063E+01   -0.4002238901E+01    0.6166998990E-14    0.6166998990E-14    0.1000000000E+01
    1    0.4908333333E+01   -0.3483418059E+00    0.3483418059E+00    0.9982306555E-01    0.0000000000E+00    0.0000000000E+00    0.0000000000E+00    0.0000000000E+00    0.0000000000E+00    0.0000000000E+00    0.3905208121E-13    0.3905208121E-13    0.1000000000E+01
    2    0.4908333333E+01   -0.3483418059E+00    0.3483418059E+00    0.2415847710E+00    0.0000000000E+00    0.0000000000E+00    0.0000000000E+00    0.0000000000E+00    0.0000000000E+00    0.0000000000E+00    0.5126991965E-13    0.5126991965E-13    0.1000000000E+01
    3    0.4908333333E+01   -0.3483418059E+00    0.3483418059E+00    0.2811531272E+00    0.0000000000E+00    0.0000000000E+00    0.0000000000E+00    0.0000000000E+00    0.0000000000E+00    0.0000000000E+00    0.4045104565E-13    0.4045104565E-13    0.1000000000E+01
    4    0.4908333333E+01   -0.3483418059E+00    0.3483418059E+00    0.3963676863E+00    0.0000000000E+00    0.0000000000E+00    0.0000000000E+00    0.0000000000E+00    0.0000000000E+00    0.0000000000E+00    0.6050633597E-13    0.6050633597E-13    0.1000000000E+01
    5    0.4908333333E+01    0.4644557413E+00   -0.4644557413E+00    0.3616317683E+00    0.0000000000E+00    0.0000000000E+00    0.0000000000E+00    0.0000000000E+00    0.0000000000E+00    0.0000000000E+00    0.2248154394E-15    0.2248154394E-15    0.9999999998E+00
    6    0.4908333333E+01   -0.3483418059E+00   -0.4644557413E+00   -0.1118425445E+00    0.0000000000E+00    0.0000000000E+00    0.0000000000E+00    0.0000000000E+00    0.0000000000E+00    0.0000000000E+00    0.8914805850E-13    0.8914805850E-13    0.1000000000E+01
    7    0.4908333333E+01    0.4644557413E+00    0.3483418059E+00   -0.1107257469E+00    0.0000000000E+00    0.0000000000E+00    0.0000000000E+00    0.0000000000E+00    0.0000000000E+00    0.0000000000E+00    0.8254917043E-13    0.8254917043E-13    0.1000000000E+01
    8    0.4908333333E+01   -0.3483418059E+00   -0.4644557413E+00   -0.2969239009E+00    0.0000000000E+00    0.0000000000E+00    0.0000000000E+00    0.0000000000E+00    0.0000000000E+00    0.0000000000E+00    0.2149233920E-14    0.2149233920E-14    0.1000000000E+01
    9    0.4908333333E+01    0.4644557413E+00    0.3483418059E+00   -0.2967137160E+00    0.0000000000E+00    0.0000000000E+00    0.0000000000E+00    0.0000000000E+00    0.0000000000E+00    0.0000000000E+00    0.2740324711E-14    0.2740324711E-14    0.1000000000E+01
    1    0.5166666667E+01   -0.3483418059E+00    0.3483418059E+00    0.1666134680E+00    0.0000000000E+00    0.0000000000E+00    0.0000000000E+00    0.0000000000E+00    0.0000000000E+00    0.0000000000E+00    0.4035043791E-13    0.4035043792E-13    0.1000000000E+01
    2    0.5166666667E+01   -0.3483418059E+00    0.3483418059E+00    0.4668517742E+00    0.0000000000E+00    0.0000000000E+00    0.0000000000E+00    0.0000000000E+00    0.0000000000E+00    0.0000000000E+00    0.2948991864E-13    0.2948991864E-13    0.1000000000E+01
    3    0.5166666667E+01   -0.3483418059E+00    0.3483418059E+00    0.3066473512E+00    0.0000000000E+00    0.0000000000E+00    0.0000000000E+00    0.0000000000E+00    0.0000000000E+00    0.0000000000E+00    0.3391308567E-13    0.3391308567E-13    0.1000000000E+01
    4    0.5166666667E+01   -0.3483418059E+00    0.3483418059E+00    0.3452670056E+00    0.0000000000E+00    0.0000000000E+00    0.0000000000E+00    0.0000000000E+00    0.0000000000E+00    0.0000000000E+00    0.2173530591E-13    0.2173530592E-13    0.9999999999E+00
    5    0.5166666667E+01    0.4644557413E+00   -0.4644557413E+00    0.3875381667E+00    0.4644557413E+00   -0.4644557413E+00    0.3875381667E+00    0.1189118023E+01   -0.1164111526E+01    0.4960928394E+01    0.1072260035E-16    0.1072260452E-16    0.9999996106E+00
    6    0.5166666667E+01   -0.3483418059E+00   -0.4644557413E+00   -0.3942825936E-01    0.0000000000E+00    0.0000000000E+00    0.0000000000E+00    0.0000000000E+00    0.0000000000E+00    0.0000000000E+00    0.2463071883E-11    0.2463071883E-11    0.1000000000E+01
    7    0.5166666667E+01    0.4644557413E+00    0.3483418059E+00   -0.4077491107E-01    0.0000000000E+00    0.0000000000E+00    0.0000000000E+00    0.0000000000E+00    0.0000000000E+00    0.0000000000E+00    0.2114547176E-11    0.2114547176E-11    0.1000000000E+01
    8    0.5166666667E+01   -0.3483418059E+00   -0.4644557413E+00   -0.2509696935E+00    0.0000000000E+00    0.0000000000E+00    0.0000000000E+00    0.0000000000E+00    0.0000000000E+00    0.0000000000E+00    0.3913800077E-13    0.3913800077E-13    0.1000000000E+01
    9    0.5166666667E+01    0.4644557413E+00    0.3483418059E+00   -0.2502396368E+00    0.0000000000E+00    0.0000000000E+00    0.0000000000E+00    0.0000000000E+00    0.0000000000E+00    0.0000000000E+00    0.1284977852E-13    0.1284977853E-13    0.9999999999E+00
    1    0.5425000000E+01   -0.3483418059E+00    0.3483418059E+00    0.2295514823E+00    0.0000000000E+00    0.0000000000E+00    0.0000000000E+00    0.0000000000E+00    0.0000000000E+00    0.0000000000E+00    0.2772168416E-13    0.2772168416E-13    0.9999999999E+00
    2    0.5425000000E+01   -0.3483418059E+00    0.3483418059E+00    0.5455067684E+00    0.0000000000E+00    0.0000000000E+00    0.0000000000E+00    0.0000000000E+00    0.0000000000E+00    0.0000000000E+00    0.5322846939E-12    0.5322846941E-12    0.9999999996E+00
    3    0.5425000000E+01   -0.3483418059E+00   -0.4644557413E+00   -0.2032056382E+00    0.0000000000E+00    0.0000000000E+00    0.0000000000E+00    0.0000000000E+00    0.0000000000E+00    0.0000000000E+00    0.6397833324E-15    0.6397834776E-15    0.9999997730E+00
    4    0.5425000000E+01    0.4644557413E+00    0.3483418059E+00   -0.2020643793E+00    0.0000000000E+00    0.0000000000E+00    0.0000000000E+00    0.0000000000E+00    0.0000000000E+00    0.0000000000E+00    0.5483514191E-15    0.5483514195E-15    0.9999999993E+00
    5    0.5425000000E+01   -0.3483418059E+00    0.3483418059E+00    0.3815051649E+00    0.0000000000E+00    0.0000000000E+00    0.0000000000E+00    0.0000000000E+00    0.0000000000E+00    0.0000000000E+00    0.4888745957E-12    0.4888745957E-12    0.1000000000E+01
    6    0.5425000000E+01   -0.3483418059E+00    0.3483418059E+00    0.4060200108E+00    0.0000000000E+00    0.0000000000E+00    0.0000000000E+00    0.0000000000E+00    0.0000000000E+00    0.0000000000E+00    0.2685311168E-13    0.2685311168E-13    0.1000000000E+01
    7    0.5425000000E+01    0.4644557413E+00   -0.4644557413E+00    0.4134051619E+00    0.0000000000E+00    0.0000000000E+00    0.0000000000E+00    0.0000000000E+00    0.0000000000E+00    0.0000000000E+00    0.5151598201E-15    0.5151598203E-15    0.9999999996E+00
    1    0.5683333333E+01   -0.3483418059E+00    0.3483418059E+00    0.2943414265E+00    0.0000000000E+00    0.0000000000E+00    0.0000000000E+00    0.0000000000E+00    0.0000000000E+00    0.0000000000E+00    0.1995227741E-15    0.2030711164E-15    0.9825266028E+00
    2    0.5683333333E+01   -0.3483418059E+00    0.3483418059E+00    0.4687674228E+00    0.0000000000E+00    0.0000000000E+00    0.0000000000E+00    0.0000000000E+00    0.0000000000E+00    0.0000000000E+00    0.1460066838E-13    0.1460067213E-13    0.9999997436E+00
    3    0.5683333333E+01    0.4644557413E+00   -0.4644557413E+00    0.4392776134E+00    0.0000000000E+00    0.0000000000E+00    0.0000000000E+00    0.0000000000E+00    0.0000000000E+00    0.0000000000E+00    0.1561166973E-14    0.1561166977E-14    0.9999999975E+00
    4    0.5683333333E+01   -0.3483418059E+00   -0.4644557413E+00   -0.1506580614E+00    0.0000000000E+00    0.0000000000E+00    0.0000000000E+00    0.0000000000E+00    0.0000000000E+00    0.0000000000E+00    0.2790381139E-13    0.5366738193E-13    0.5199398664E+00
    5    0.5683333333E+01    0.4644557413E+00    0.3483418059E+00   -0.1492607064E+00    0.0000000000E+00    0.0000000000E+00    0.0000000000E+00    0.0000000000E+00    0.0000000000E+00    0.0000000000E+00    0.3105833907E-13    0.3105833907E-13    0.1000000000E+01
    1    0.5941666667E+01   -0.3483418059E+00    0.3483418059E+00    0.3714766795E+00    0.0000000000E+00    0.0000000000E+00    0.0000000000E+00    0.0000000000E+00    0.0000000000E+00    0.0000000000E+00    0.5030184765E-12    0.5030184779E-12    0.9999999973E+00
    2    0.5941666667E+01   -0.3483418059E+00    0.3483418059E+00    0.5439965928E+00    0.0000000000E+00    0.0000000000E+00    0.0000000000E+00    0.0000000000E+00    0.0000000000E+00    0.0000000000E+00    0.5184560026E-12    0.5184560028E-12    0.9999999996E+00
    3    0.5941666667E+01    0.4644557413E+00   -0.4644557413E+00    0.4651959605E+00    0.0000000000E+00    0.0000000000E+00    0.0000000000E+00    0.0000000000E+00    0.0000000000E+00    0.0000000000E+00    0.2522613248E-14    0.2522613275E-14    0.9999999894E+00
    4    0.5941666667E+01   -0.3483418059E+00   -0.4644557413E+00   -0.8326220446E-01    0.0000000000E+00    0.0000000000E+00    0.0000000000E+00    0.0000000000E+00    0.0000000000E+00    0.0000000000E+00    0.8863431379E-12    0.8863431380E-12    0.9999999998E+00
    5    0.5941666667E+01    0.4644557413E+00    0.3483418059E+00   -0.8174000111E-01    0.0000000000E+00    0.0000000000E+00    0.0000000000E+00    0.0000000000E+00    0.0000000000E+00    0.0000000000E+00    0.9304352188E-12    0.9304352202E-12    0.9999999985E+00
    1    0.6200000000E+01    0.4644557413E+00   -0.4644557413E+00    0.4911977576E+00    0.0000000000E+00    0.0000000000E+00    0.0000000000E+00    0.0000000000E+00    0.0000000000E+00    0.0000000000E+00    0.2739971402E-14    0.2739971402E-14    0.1000000000E+01
    1    0.6458333333E+01    0.4644557413E+00   -0.4644557413E+00    0.5173188162E+00    0.0000000000E+00    0.0000000000E+00    0.0000000000E+00    0.0000000000E+00    0.0000000000E+00    0.0000000000E+00    0.2044834465E-14    0.2044834465E-14    0.1000000000E+01
    1    0.6716666667E+01    0.4644557413E+00   -0.4644557413E+00    0.5435941531E+00    0.0000000000E+00    0.0000000000E+00    0.0000000000E+00    0.0000000000E+00    0.0000000000E+00    0.0000000000E+00    0.8286402477E-15    0.8286402477E-15    0.1000000000E+01
    1    0.6975000000E+01    0.4644557413E+00   -0.4644557413E+00    0.5700593761E+00    0.0000000000E+00    0.0000000000E+00    0.0000000000E+00    0.0000000000E+00    0.0000000000E+00    0.0000000000E+00    0.1982202979E-15    0.1982202979E-15    0.1000000000E+01
    1    0.7233333333E+01    0.4644557413E+00   -0.4644557413E+00   -0.5527215051E+00    0.0000000000E+00    0.0000000000E+00    0.0000000000E+00    0.0000000000E+00    0.0000000000E+00    0.0000000000E+00    0.5287182130E-15    0.5287182130E-15    0.1000000000E+01
    1    0.7491666667E+01    0.4644557413E+00   -0.4644557413E+00   -0.5257698408E+00    0.0000000000E+00    0.0000000000E+00    0.0000000000E+00    0.0000000000E+00    0.0000000000E+00    0.0000000000E+00    0.2017913577E-14    0.2017913577E-14    0.9999999998E+00
    2    0.7491666667E+01   -0.3483418059E+00   -0.4644557413E+00    0.4309890782E-01    0.0000000000E+00    0.0000000000E+00    0.0000000000E+00    0.0000000000E+00    0.0000000000E+00    0.0000000000E+00    0.3329916299E-11    0.3329916299E-11    0.1000000000E+01
    3    0.7491666667E+01    0.4644557413E+00    0.3483418059E+00    0.4515779669E-01    0.0000000000E+00    0.0000000000E+00    0.0000000000E+00    0.0000000000E+00    0.0000000000E+00    0.0000000000E+00    0.2812241775E-11    0.2812241775E-11    0.1000000000E+01
    1    0.7750000000E+01    0.4644557413E+00   -0.4644557413E+00   -0.4985168371E+00    0.0000000000E+00    0.0000000000E+00    0.0000000000E+00    0.0000000000E+00    0.0000000000E+00    0.0000000000E+00    0.3625835378E-14    0.3625835378E-14    0.1000000000E+01
    2    0.7750000000E+01   -0.3483418059E+00   -0.4644557413E+00    0.1061384488E+00    0.0000000000E+00    0.0000000000E+00    0.0000000000E+00    0.0000000000E+00    0.0000000000E+00    0.0000000000E+00    0.2236846052E-12    0.2236846052E-12    0.1000000000E+01
    3    0.7750000000E+01    0.4644557413E+00    0.3483418059E+00    0.1059832809E+00    0.0000000000E+00    0.0000000000E+00    0.0000000000E+00    0.0000000000E+00    0.0000000000E+00    0.0000000000E+00    0.2189825135E-12    0.2189825135E-12    0.9999999999E+00
    1    0.8008333333E+01    0.4644557413E+00   -0.4644557413E+00   -0.4709202867E+00    0.0000000000E+00    0.0000000000E+00    0.0000000000E+00    0.0000000000E+00    0.0000000000E+00    0.0000000000E+00    0.4145490614E-14    0.4145490614E-14    0.1000000000E+01
    2    0.8008333333E+01   -0.3483418059E+00   -0.4644557413E+00    0.1508290500E+00    0.0000000000E+00    0.0000000000E+00    0.0000000000E+00    0.0000000000E+00    0.0000000000E+00    0.0000000000E+00    0.2317623177E-13    0.2317623177E-13    0.1000000000E+01
    3    0.8008333333E+01    0.4644557413E+00    0.3483418059E+00    0.1499578490E+00    0.0000000000E+00    0.0000000000E+00    0.0000000000E+00    0.0000000000E+00    0.0000000000E+00    0.0000000000E+00    0.2508782894E-13    0.2508782894E-13    0.1000000000E+01
    1    0.8266666667E+01    0.4644557413E+00   -0.4644557413E+00   -0.4429344159E+00    0.0000000000E+00    0.0000000000E+00    0.0000000000E+00    0.0000000000E+00    0.0000000000E+00    0.0000000000E+00    0.3062659621E-14    0.3062659621E-14    0.1000000000E+01
    2    0.8266666667E+01   -0.3483418059E+00   -0.4644557413E+00    0.1910590781E+00    0.0000000000E+00    0.0000000000E+00    0.0000000000E+00    0.0000000000E+00    0.0000000000E+00    0.0000000000E+00    0.1800960574E-17    0.1800960575E-17    0.9999999992E+00
    3    0.8266666667E+01    0.4644557413E+00    0.3483418059E+00    0.1897579472E+00    0.0000000000E+00    0.0000000000E+00    0.0000000000E+00    0.0000000000E+00    0.0000000000E+00    0.0000000000E+00    0.2503773963E-16    0.2503773963E-16    0.1000000000E+01
    1    0.8525000000E+01    0.4644557413E+00   -0.4644557413E+00   -0.4145090154E+00    0.0000000000E+00    0.0000000000E+00    0.0000000000E+00    0.0000000000E+00    0.0000000000E+00    0.0000000000E+00    0.1132866107E-14    0.1132866109E-14    0.9999999984E+00
    2    0.8525000000E+01   -0.3483418059E+00   -0.4644557413E+00    0.2297724464E+00    0.0000000000E+00    0.0000000000E+00    0.0000000000E+00    0.0000000000E+00    0.0000000000E+00    0.0000000000E+00    0.4247898219E-14    0.4247898219E-14    0.9999999998E+00
    3    0.8525000000E+01    0.4644557413E+00    0.3483418059E+00    0.2281994606E+00    0.0000000000E+00    0.0000000000E+00    0.0000000000E+00    0.0000000000E+00    0.0000000000E+00    0.0000000000E+00    0.5018303345E-14    0.5018303346E-14    0.9999999998E+00
    1    0.8783333333E+01    0.4644557413E+00   -0.4644557413E+00   -0.3855884966E+00    0.0000000000E+00    0.0000000000E+00    0.0000000000E+00    0.0000000000E+00    0.0000000000E+00    0.0000000000E+00    0.7867745815E-17    0.7867745830E-17    0.9999999982E+00
    2    0.8783333333E+01   -0.3483418059E+00   -0.4644557413E+00    0.2683200488E+00    0.0000000000E+00    0.0000000000E+00    0.0000000000E+00    0.0000000000E+00    0.0000000000E+00    0.0000000000E+00    0.6049399597E-14    0.6049399597E-14    0.1000000000E+01
    3    0.8783333333E+01    0.4644557413E+00    0.3483418059E+00    0.2666009458E+00    0.0000000000E+00    0.0000000000E+00    0.0000000000E+00    0.0000000000E+00    0.0000000000E+00    0.0000000000E+00    0.9025417548E-14    0.9025417549E-14    0.9999999999E+00
    1    0.9041666667E+01    0.4644557413E+00   -0.4644557413E+00   -0.3561107960E+00    0.0000000000E+00    0.0000000000E+00    0.0000000000E+00    0.0000000000E+00    0.0000000000E+00    0.0000000000E+00    0.9678073856E-15    0.9678073856E-15    0.1000000000E+01
    2    0.9041666667E+01   -0.3483418059E+00   -0.4644557413E+00    0.8806800564E-01    0.0000000000E+00    0.0000000000E+00    0.0000000000E+00    0.0000000000E+00    0.0000000000E+00    0.0000000000E+00    0.1733418057E-11    0.1733418057E-11    0.1000000000E+01
    3    0.9041666667E+01    0.4644557413E+00    0.3483418059E+00    0.9221680259E-01    0.0000000000E+00    0.0000000000E+00    0.0000000000E+00    0.0000000000E+00    0.0000000000E+00    0.0000000000E+00    0.1500054781E-11    0.1500054781E-11    0.1000000000E+01
    4    0.9041666667E+01   -0.3483418059E+00   -0.4644557413E+00    0.3076203365E+00    0.0000000000E+00    0.0000000000E+00    0.0000000000E+00    0.0000000000E+00    0.0000000000E+00    0.0000000000E+00    0.7898315006E-14    0.7898315006E-14    0.1000000000E+01
    5    0.9041666667E+01    0.4644557413E+00    0.3483418059E+00    0.3058780921E+00    0.0000000000E+00    0.0000000000E+00    0.0000000000E+00    0.0000000000E+00    0.0000000000E+00    0.0000000000E+00    0.6819657229E-14    0.6819657229E-14    0.1000000000E+01
    1    0.9300000000E+01    0.4644557413E+00   -0.4644557413E+00   -0.3260060577E+00    0.0000000000E+00    0.0000000000E+00    0.0000000000E+00    0.0000000000E+00    0.0000000000E+00    0.0000000000E+00    0.3633092964E-14    0.3633092964E-14    0.1000000000E+01
    2    0.9300000000E+01   -0.3483418059E+00   -0.4644557413E+00    0.1575349249E+00    0.0000000000E+00    0.0000000000E+00    0.0000000000E+00    0.0000000000E+00    0.0000000000E+00    0.0000000000E+00    0.3920754391E-13    0.3920754391E-13    0.1000000000E+01
    3    0.9300000000E+01    0.4644557413E+00    0.3483418059E+00    0.1584195902E+00    0.0000000000E+00    0.0000000000E+00    0.0000000000E+00    0.0000000000E+00    0.0000000000E+00    0.0000000000E+00    0.7624007725E-13    0.7624007725E-13    0.1000000000E+01
    4    0.9300000000E+01   -0.3483418059E+00   -0.4644557413E+00    0.3485348503E+00    0.0000000000E+00    0.0000000000E+00    0.0000000000E+00    0.0000000000E+00    0.0000000000E+00    0.0000000000E+00    0.1365674760E-14    0.1365674760E-14    0.1000000000E+01
    5    0.9300000000E+01    0.4644557413E+00    0.3483418059E+00    0.3469078204E+00    0.0000000000E+00    0.0000000000E+00    0.0000000000E+00    0.0000000000E+00    0.0000000000E+00    0.0000000000E+00    0.2513246621E-13    0.2513246621E-13    0.1000000000E+01
    1    0.9558333333E+01    0.4644557413E+00   -0.4644557413E+00   -0.2951950002E+00    0.0000000000E+00    0.0000000000E+00    0.0000000000E+00    0.0000000000E+00    0.0000000000E+00    0.0000000000E+00    0.5877771884E-14    0.5877771885E-14    0.9999999998E+00
    2    0.9558333333E+01   -0.3483418059E+00   -0.4644557413E+00    0.2138988452E+00    0.0000000000E+00    0.0000000000E+00    0.0000000000E+00    0.0000000000E+00    0.0000000000E+00    0.0000000000E+00    0.4129291689E-14    0.4129291689E-14    0.1000000000E+01
    3    0.9558333333E+01    0.4644557413E+00    0.3483418059E+00    0.2133802409E+00    0.0000000000E+00    0.0000000000E+00    0.0000000000E+00    0.0000000000E+00    0.0000000000E+00    0.0000000000E+00    0.5945398605E-13    0.5945398605E-13    0.1000000000E+01
    4    0.9558333333E+01   -0.3483418059E+00   -0.4644557413E+00    0.3921258069E+00    0.0000000000E+00    0.0000000000E+00    0.0000000000E+00    0.0000000000E+00    0.0000000000E+00    0.0000000000E+00    0.9729764308E-15    0.9729764308E-15    0.1000000000E+01
    5    0.9558333333E+01    0.4644557413E+00    0.3483418059E+00    0.3907885875E+00    0.0000000000E+00    0.0000000000E+00    0.0000000000E+00    0.0000000000E+00    0.0000000000E+00    0.0000000000E+00    0.5181804612E-13    0.5181804612E-13    0.1000000000E+01
    1    0.9816666667E+01    0.4644557413E+00   -0.4644557413E+00   -0.2635868294E+00    0.0000000000E+00    0.0000000000E+00    0.0000000000E+00    0.0000000000E+00    0.0000000000E+00    0.0000000000E+00    0.5488256801E-14    0.5488256806E-14    0.9999999992E+00
    2    0.9816666667E+01   -0.3483418059E+00    0.3483418059E+00   -0.3530250345E+00    0.0000000000E+00    0.0000000000E+00    0.0000000000E+00    0.0000000000E+00    0.0000000000E+00    0.0000000000E+00    0.6294776841E-12    0.6294776841E-12    0.1000000000E+01
    3    0.9816666667E+01   -0.3483418059E+00    0.3483418059E+00   -0.5315179713E+00    0.0000000000E+00    0.0000000000E+00    0.0000000000E+00    0.0000000000E+00    0.0000000000E+00    0.0000000000E+00    0.6247835183E-12    0.6247835183E-12    0.1000000000E+01
    4    0.9816666667E+01   -0.3483418059E+00   -0.4644557413E+00    0.2679090621E+00    0.0000000000E+00    0.0000000000E+00    0.0000000000E+00    0.0000000000E+00    0.0000000000E+00    0.0000000000E+00    0.6168654535E-14    0.6168654536E-14    0.9999999999E+00
    5    0.9816666667E+01    0.4644557413E+00    0.3483418059E+00    0.2666066721E+00    0.0000000000E+00    0.0000000000E+00    0.0000000000E+00    0.0000000000E+00    0.0000000000E+00    0.0000000000E+00    0.5352415692E-13    0.5352415692E-13    0.1000000000E+01
    6    0.9816666667E+01   -0.3483418059E+00   -0.4644557413E+00    0.4400595283E+00    0.0000000000E+00    0.0000000000E+00    0.0000000000E+00    0.0000000000E+00    0.0000000000E+00    0.0000000000E+00    0.3300478223E-14    0.3300478223E-14    0.1000000000E+01
    7    0.9816666667E+01    0.4644557413E+00    0.3483418059E+00    0.4392610462E+00    0.0000000000E+00    0.0000000000E+00    0.0000000000E+00    0.0000000000E+00    0.0000000000E+00    0.0000000000E+00    0.2815874154E-13    0.2815874154E-13    0.1000000000E+01
    1    0.1007500000E+02    0.4644557413E+00   -0.4644557413E+00   -0.2310764884E+00    0.0000000000E+00    0.0000000000E+00    0.0000000000E+00    0.0000000000E+00    0.0000000000E+00    0.0000000000E+00    0.2520037550E-14    0.2520037767E-14    0.9999999139E+00
    2    0.1007500000E+02   -0.3483418059E+00    0.3483418059E+00   -0.2774062838E+00    0.0000000000E+00    0.0000000000E+00    0.0000000000E+00    0.0000000000E+00    0.0000000000E+00    0.0000000000E+00    0.1249146972E-12    0.1249146972E-12    0.1000000000E+01
    3    0.1007500000E+02   -0.3483418059E+00    0.3483418059E+00   -0.4623592144E+00    0.0000000000E+00    0.0000000000E+00    0.0000000000E+00    0.0000000000E+00    0.0000000000E+00    0.0000000000E+00    0.1215553945E-13    0.1215553946E-13    0.9999999996E+00
    4    0.1007500000E+02    0.4644557413E+00    0.3483418059E+00    0.3235776216E+00    0.0000000000E+00    0.0000000000E+00    0.0000000000E+00    0.0000000000E+00    0.0000000000E+00    0.0000000000E+00    0.7046853895E-13    0.7046853912E-13    0.9999999977E+00
    5    0.1007500000E+02   -0.3483418059E+00   -0.4644557413E+00    0.3251327178E+00    0.0000000000E+00    0.0000000000E+00    0.0000000000E+00    0.0000000000E+00    0.0000000000E+00    0.0000000000E+00    0.2238054470E-13    0.2238054470E-13    0.1000000000E+01
    6    0.1007500000E+02    0.4644557413E+00    0.3483418059E+00    0.4959325703E+00    0.0000000000E+00    0.0000000000E+00    0.0000000000E+00    0.0000000000E+00    0.0000000000E+00    0.0000000000E+00    0.6510777889E-13    0.6510777898E-13    0.9999999987E+00
    7    0.1007500000E+02   -0.3483418059E+00   -0.4644557413E+00    0.4957655569E+00    0.0000000000E+00    0.0000000000E+00    0.0000000000E+00    0.0000000000E+00    0.0000000000E+00    0.0000000000E+00    0.2451435072E-13    0.2451435072E-13    0.9999999999E+00
    1    0.1033333333E+02   -0.3483418059E+00    0.3483418059E+00   -0.2046956570E+00    0.0000000000E+00    0.0000000000E+00    0.0000000000E+00    0.0000000000E+00    0.0000000000E+00    0.0000000000E+00    0.1116304900E-12    0.1116304903E-12    0.9999999974E+00
    2    0.1033333333E+02    0.4644557413E+00   -0.4644557413E+00   -0.1975409138E+00    0.0000000000E+00    0.0000000000E+00    0.0000000000E+00    0.0000000000E+00    0.0000000000E+00    0.0000000000E+00    0.7165616244E-16    0.7165719339E-16    0.9999856127E+00
    3    0.1033333333E+02   -0.3483418059E+00    0.3483418059E+00   -0.4021650387E+00    0.0000000000E+00    0.0000000000E+00    0.0000000000E+00    0.0000000000E+00    0.0000000000E+00    0.0000000000E+00    0.9665897439E-13    0.9665899495E-13    0.9999997873E+00
    4    0.1033333333E+02    0.4644557413E+00    0.3483418059E+00    0.3970991869E+00    0.0000000000E+00    0.0000000000E+00    0.0000000000E+00    0.0000000000E+00    0.0000000000E+00    0.0000000000E+00    0.4176545945E-11    0.4176545945E-11    0.1000000000E+01
    5    0.1033333333E+02   -0.3483418059E+00   -0.4644557413E+00    0.3976875151E+00    0.0000000000E+00    0.0000000000E+00    0.0000000000E+00    0.0000000000E+00    0.0000000000E+00    0.0000000000E+00    0.2096526018E-11    0.2096526018E-11    0.1000000000E+01
    6    0.1033333333E+02    0.4644557413E+00    0.3483418059E+00    0.5737230365E+00    0.0000000000E+00    0.0000000000E+00    0.0000000000E+00    0.0000000000E+00    0.0000000000E+00    0.0000000000E+00    0.1344441567E-10    0.1344441567E-10    0.1000000000E+01
    7    0.1033333333E+02   -0.3483418059E+00   -0.4644557413E+00    0.5716237798E+00    0.0000000000E+00    0.0000000000E+00    0.0000000000E+00    0.0000000000E+00    0.0000000000E+00    0.0000000000E+00    0.8195716221E-11    0.8195716222E-11    0.9999999999E+00
    1    0.1059166667E+02   -0.3483418059E+00    0.3483418059E+00   -0.1150661318E+00    0.0000000000E+00    0.0000000000E+00    0.0000000000E+00    0.0000000000E+00    0.0000000000E+00    0.0000000000E+00    0.2971662502E-11    0.2971662502E-11    0.1000000000E+01
    2    0.1059166667E+02    0.4644557413E+00   -0.4644557413E+00   -0.1628337507E+00    0.0000000000E+00    0.0000000000E+00    0.0000000000E+00    0.0000000000E+00    0.0000000000E+00    0.0000000000E+00    0.1695016412E-14    0.1695016412E-14    0.1000000000E+01
    3    0.1059166667E+02   -0.3483418059E+00    0.3483418059E+00    0.5360886541E+00    0.0000000000E+00    0.0000000000E+00    0.0000000000E+00    0.0000000000E+00    0.0000000000E+00    0.0000000000E+00    0.2568939033E-10    0.2568939033E-10    0.1000000000E+01
    4    0.1059166667E+02   -0.3483418059E+00    0.3483418059E+00   -0.3434888694E+00    0.0000000000E+00    0.0000000000E+00    0.0000000000E+00    0.0000000000E+00    0.0000000000E+00    0.0000000000E+00    0.2844968629E-12    0.2844968629E-12    0.1000000000E+01
    5    0.1059166667E+02   -0.3483418059E+00    0.3483418059E+00   -0.4332527995E+00    0.0000000000E+00    0.0000000000E+00    0.0000000000E+00    0.0000000000E+00    0.0000000000E+00    0.0000000000E+00    0.2559334050E-10    0.2559334050E-10    0.1000000000E+01
    1    0.1085000000E+02    0.4644557413E+00   -0.4644557413E+00   -0.1267775790E+00    0.0000000000E+00    0.0000000000E+00    0.0000000000E+00    0.0000000000E+00    0.0000000000E+00    0.0000000000E+00    0.6922819947E-14    0.6922819947E-14    0.1000000000E+01
    2    0.1085000000E+02   -0.3483418059E+00    0.3483418059E+00   -0.5128046174E+00    0.0000000000E+00    0.0000000000E+00    0.0000000000E+00    0.0000000000E+00    0.0000000000E+00    0.0000000000E+00    0.2007545068E-12    0.2007545068E-12    0.1000000000E+01
    3    0.1085000000E+02   -0.3483418059E+00    0.3483418059E+00   -0.3227704242E+00    0.0000000000E+00    0.0000000000E+00    0.0000000000E+00    0.0000000000E+00    0.0000000000E+00    0.0000000000E+00    0.2896693451E-12    0.2896693451E-12    0.1000000000E+01
    4    0.1085000000E+02   -0.3483418059E+00    0.3483418059E+00   -0.2823342445E+00    0.0000000000E+00    0.0000000000E+00    0.0000000000E+00    0.0000000000E+00    0.0000000000E+00    0.0000000000E+00    0.8615195871E-13    0.8615195871E-13    0.1000000000E+01
    1    0.1110833333E+02    0.4644557413E+00   -0.4644557413E+00   -0.8915190465E-01    0.0000000000E+00    0.0000000000E+00    0.0000000000E+00    0.0000000000E+00    0.0000000000E+00    0.0000000000E+00    0.1002014868E-13    0.1002014868E-13    0.1000000000E+01
    2    0.1110833333E+02   -0.3483418059E+00    0.3483418059E+00   -0.4489950678E+00    0.0000000000E+00    0.0000000000E+00    0.0000000000E+00    0.0000000000E+00    0.0000000000E+00    0.0000000000E+00    0.7199662808E-13    0.7199662808E-13    0.1000000000E+01
    3    0.1110833333E+02   -0.3483418059E+00    0.3483418059E+00   -0.2427068106E+00    0.0000000000E+00    0.0000000000E+00    0.0000000000E+00    0.0000000000E+00    0.0000000000E+00    0.0000000000E+00    0.1678786733E-12    0.1678786733E-12    0.1000000000E+01
    4    0.1110833333E+02   -0.3483418059E+00    0.3483418059E+00   -0.2140296595E+00    0.0000000000E+00    0.0000000000E+00    0.0000000000E+00    0.0000000000E+00    0.0000000000E+00    0.0000000000E+00    0.1012365499E-12    0.1012365499E-12    0.1000000000E+01
    1    0.1136666667E+02   -0.3483418059E+00    0.3483418059E+00   -0.3930869629E+00    0.0000000000E+00    0.0000000000E+00    0.0000000000E+00    0.0000000000E+00    0.0000000000E+00    0.0000000000E+00    0.1722317631E-12    0.1722317631E-12    0.1000000000E+01
    2    0.1136666667E+02    0.4644557413E+00   -0.4644557413E+00   -0.4967347914E-01    0.0000000000E+00    0.0000000000E+00    0.0000000000E+00    0.0000000000E+00    0.0000000000E+00    0.0000000000E+00    0.6215691158E-14    0.6215691158E-14    0.1000000000E+01
    3    0.1136666667E+02   -0.3483418059E+00    0.3483418059E+00   -0.1541288821E+00    0.0000000000E+00    0.0000000000E+00    0.0000000000E+00    0.0000000000E+00    0.0000000000E+00    0.0000000000E+00    0.1069198417E-11    0.1069198417E-11    0.1000000000E+01
    4    0.1136666667E+02   -0.3483418059E+00    0.3483418059E+00   -0.1271519585E+00    0.0000000000E+00    0.0000000000E+00    0.0000000000E+00    0.0000000000E+00    0.0000000000E+00    0.0000000000E+00    0.1003718271E-11    0.1003718271E-11    0.1000000000E+01
    1    0.1162500000E+02   -0.3483418059E+00    0.3483418059E+00   -0.3395087677E+00    0.0000000000E+00    0.0000000000E+00    0.0000000000E+00    0.0000000000E+00    0.0000000000E+00    0.0000000000E+00    0.4556492791E-14    0.4556492791E-14    0.1000000000E+01
    2    0.1162500000E+02    0.4644557413E+00   -0.4644557413E+00   -0.7961395578E-02    0.0000000000E+00    0.0000000000E+00    0.0000000000E+00    0.0000000000E+00    0.0000000000E+00    0.0000000000E+00    0.8659015970E-15    0.8659015971E-15    0.1000000000E+01
    3    0.1162500000E+02   -0.3483418059E+00   -0.4644557413E+00    0.2881965473E+00    0.0000000000E+00    0.0000000000E+00    0.0000000000E+00    0.0000000000E+00    0.0000000000E+00    0.0000000000E+00    0.1297618354E-11    0.1297618354E-11    0.1000000000E+01
    4    0.1162500000E+02    0.4644557413E+00    0.3483418059E+00    0.2994219358E+00    0.0000000000E+00    0.0000000000E+00    0.0000000000E+00    0.0000000000E+00    0.0000000000E+00    0.0000000000E+00    0.5437576278E-11    0.5437576278E-11    0.1000000000E+01
    1    0.1188333333E+02   -0.3483418059E+00    0.3483418059E+00   -0.2854210444E+00    0.0000000000E+00    0.0000000000E+00    0.0000000000E+00    0.0000000000E+00    0.0000000000E+00    0.0000000000E+00    0.2342205341E-13    0.2342205341E-13    0.1000000000E+01
    2    0.1188333333E+02    0.4644557413E+00   -0.4644557413E+00    0.3652759015E-01    0.0000000000E+00    0.0000000000E+00    0.0000000000E+00    0.0000000000E+00    0.0000000000E+00    0.0000000000E+00    0.5029381544E-14    0.5029381551E-14    0.9999999986E+00
    3    0.1188333333E+02   -0.3483418059E+00   -0.4644557413E+00    0.4942171479E+00   -0.3483418059E+00   -0.4644557413E+00   -0.6552521671E+00    0.3262646379E+01    0.2985607000E+01    0.3918427121E+01    0.3458452559E-13    0.3458452559E-13    0.1000000000E+01
    4    0.1188333333E+02    0.4644557413E+00    0.3483418059E+00    0.4920328572E+00    0.0000000000E+00    0.0000000000E+00    0.0000000000E+00    0.0000000000E+00    0.0000000000E+00    0.0000000000E+00    0.9781964099E-14    0.9781964100E-14    0.1000000000E+01
    1    0.1214166667E+02   -0.3483418059E+00    0.3483418059E+00   -0.2283357532E+00    0.0000000000E+00    0.0000000000E+00    0.0000000000E+00    0.0000000000E+00    0.0000000000E+00    0.0000000000E+00    0.2005221826E-13    0.2005221860E-13    0.9999999830E+00
    2    0.1214166667E+02    0.4644557413E+00   -0.4644557413E+00    0.8464557422E-01    0.0000000000E+00    0.0000000000E+00    0.0000000000E+00    0.0000000000E+00    0.0000000000E+00    0.0000000000E+00    0.1608763859E-13    0.1608764094E-13    0.9999998539E+00
    3    0.1214166667E+02   -0.3483418059E+00   -0.4644557413E+00   -0.5618089804E+00   -0.3483418059E+00   -0.4644557413E+00    0.5876603347E+00    0.3223765315E+01    0.3017108380E+01   -0.4116545171E+01    0.3178249176E-12    0.3178249176E-12    0.1000000000E+01
    4    0.1214166667E+02    0.4644557413E+00    0.3483418059E+00   -0.5633179601E+00    0.0000000000E+00    0.0000000000E+00    0.0000000000E+00    0.0000000000E+00    0.0000000000E+00    0.0000000000E+00    0.1343485281E-14    0.1343485281E-14    0.1000000000E+01
    1    0.1240000000E+02   -0.3483418059E+00    0.3483418059E+00   -0.1645737693E+00    0.0000000000E+00    0.0000000000E+00    0.0000000000E+00    0.0000000000E+00    0.0000000000E+00    0.0000000000E+00    0.4723558083E-13    0.4723558083E-13    0.1000000000E+01
    2    0.1240000000E+02    0.4644557413E+00   -0.4644557413E+00    0.1378959864E+00    0.0000000000E+00    0.0000000000E+00    0.0000000000E+00    0.0000000000E+00    0.0000000000E+00    0.0000000000E+00    0.1091194944E-13    0.1091194944E-13    0.1000000000E+01
    3    0.1240000000E+02   -0.3483418059E+00   -0.4644557413E+00   -0.4721873354E+00    0.0000000000E+00    0.0000000000E+00    0.0000000000E+00    0.0000000000E+00    0.0000000000E+00    0.0000000000E+00    0.1771879824E-14    0.1771879824E-14    0.1000000000E+01
    4    0.1240000000E+02    0.4644557413E+00    0.3483418059E+00   -0.4718892254E+00    0.0000000000E+00    0.0000000000E+00    0.0000000000E+00    0.0000000000E+00    0.0000000000E+00    0.0000000000E+00    0.2508003090E-13    0.2508003090E-13    0.1000000000E+01
    1    0.1265833333E+02    0.4644557413E+00   -0.4644557413E+00    0.1994176450E+00    0.0000000000E+00    0.0000000000E+00    0.0000000000E+00    0.0000000000E+00    0.0000000000E+00    0.0000000000E+00    0.3005734407E-15    0.3005734412E-15    0.9999999983E+00
    2    0.1265833333E+02   -0.3483418059E+00    0.3483418059E+00   -0.8287071841E-01    0.0000000000E+00    0.0000000000E+00    0.0000000000E+00    0.0000000000E+00    0.0000000000E+00    0.0000000000E+00    0.4539801746E-11    0.4539801746E-11    0.1000000000E+01
    3    0.1265833333E+02   -0.3483418059E+00   -0.4644557413E+00   -0.3606698795E+00    0.0000000000E+00    0.0000000000E+00    0.0000000000E+00    0.0000000000E+00    0.0000000000E+00    0.0000000000E+00    0.1080713027E-13    0.1080713027E-13    0.1000000000E+01
    4    0.1265833333E+02    0.4644557413E+00    0.3483418059E+00   -0.3567132562E+00    0.0000000000E+00    0.0000000000E+00    0.0000000000E+00    0.0000000000E+00    0.0000000000E+00    0.0000000000E+00    0.4978736398E-13    0.4978736398E-13    0.1000000000E+01
    1    0.1291666667E+02    0.4644557413E+00   -0.4644557413E+00    0.2768973500E+00    0.0000000000E+00    0.0000000000E+00    0.0000000000E+00    0.0000000000E+00    0.0000000000E+00    0.0000000000E+00    0.8892739504E-14    0.8892739504E-14    0.1000000000E+01
    1    0.1317500000E+02    0.4644557413E+00   -0.4644557413E+00    0.3830302402E+00    0.0000000000E+00    0.0000000000E+00    0.0000000000E+00    0.0000000000E+00    0.0000000000E+00    0.0000000000E+00    0.2528688467E-19    0.2528688467E-19    0.1000000000E+01
    1    0.1343333333E+02   -0.3483418059E+00    0.3483418059E+00    0.5535743206E+00    0.0000000000E+00    0.0000000000E+00    0.0000000000E+00    0.0000000000E+00    0.0000000000E+00    0.0000000000E+00    0.2602020430E-09    0.2602020430E-09    0.1000000000E+01
    2    0.1343333333E+02    0.4644557413E+00   -0.4644557413E+00    0.4981925376E+00    0.0000000000E+00    0.0000000000E+00    0.0000000000E+00    0.0000000000E+00    0.0000000000E+00    0.0000000000E+00    0.7068515660E-12    0.7068515660E-12    0.1000000000E+01
    3    0.1343333333E+02   -0.3483418059E+00    0.3483418059E+00    0.5125924975E-01    0.0000000000E+00    0.0000000000E+00    0.0000000000E+00    0.0000000000E+00    0.0000000000E+00    0.0000000000E+00    0.2907340317E-11    0.2907340317E-11    0.1000000000E+01
    4    0.1343333333E+02    0.4644557413E+00   -0.4644557413E+00    0.3112476354E+00    0.0000000000E+00    0.0000000000E+00    0.0000000000E+00    0.0000000000E+00    0.0000000000E+00    0.0000000000E+00    0.3971762474E-11    0.3971762474E-11    0.1000000000E+01
    5    0.1343333333E+02    0.4644557413E+00   -0.4644557413E+00    0.1641885714E+00    0.4644557413E+00   -0.4644557413E+00   -0.9852807436E+00   -0.3539877314E+00    0.3576666775E+00   -0.1684841336E+00    0.3197183721E-11    0.3197183721E-11    0.1000000000E+01
    6    0.1343333333E+02   -0.3483418059E+00    0.3483418059E+00    0.2023764463E+00    0.0000000000E+00    0.0000000000E+00    0.0000000000E+00    0.0000000000E+00    0.0000000000E+00    0.0000000000E+00    0.1355637457E-11    0.1355637457E-11    0.1000000000E+01
    7    0.1343333333E+02   -0.3483418059E+00    0.3483418059E+00    0.1920365838E+00    0.0000000000E+00    0.0000000000E+00    0.0000000000E+00    0.0000000000E+00    0.0000000000E+00    0.0000000000E+00    0.9121714192E-11    0.9121714192E-11    0.1000000000E+01
    1    0.1369166667E+02   -0.3483418059E+00    0.3483418059E+00   -0.4759709547E+00    0.0000000000E+00    0.0000000000E+00    0.0000000000E+00    0.0000000000E+00    0.0000000000E+00    0.0000000000E+00    0.6782523570E-08    0.6782523570E-08    0.1000000000E+01
    2    0.1369166667E+02    0.4644557413E+00   -0.4644557413E+00   -0.5531333406E+00    0.4644557413E+00   -0.4644557413E+00   -0.5531333406E+00   -0.8077147900E+00    0.8057114077E+00    0.1074683256E+01    0.4837141185E-12    0.4837238800E-12    0.9999798202E+00
    3    0.1369166667E+02    0.4644557413E+00   -0.4644557413E+00    0.5068176724E+00    0.0000000000E+00    0.0000000000E+00    0.0000000000E+00    0.0000000000E+00    0.0000000000E+00    0.0000000000E+00    0.4882156031E-12    0.4882165557E-12    0.9999980488E+00
    4    0.1369166667E+02   -0.3483418059E+00    0.3483418059E+00    0.4003587620E+00    0.0000000000E+00    0.0000000000E+00    0.0000000000E+00    0.0000000000E+00    0.0000000000E+00    0.0000000000E+00    0.6737524081E-08    0.6737524081E-08    0.1000000000E+01
    5    0.1369166667E+02    0.4644557413E+00   -0.4644557413E+00    0.3290194484E+00    0.0000000000E+00    0.0000000000E+00    0.0000000000E+00    0.0000000000E+00    0.0000000000E+00    0.0000000000E+00    0.7046555733E-13    0.7060698188E-13    0.9979970175E+00
    6    0.1369166667E+02    0.4644557413E+00    0.3483418059E+00    0.2035717523E+00    0.0000000000E+00    0.0000000000E+00    0.0000000000E+00    0.0000000000E+00    0.0000000000E+00    0.0000000000E+00    0.1506025693E-12    0.1506025790E-12    0.9999999356E+00
    7    0.1369166667E+02   -0.3483418059E+00   -0.4644557413E+00    0.2019393386E+00    0.0000000000E+00    0.0000000000E+00    0.0000000000E+00    0.0000000000E+00    0.0000000000E+00    0.0000000000E+00    0.1793093641E-12    0.1793093826E-12    0.9999998967E+00
    1    0.1395000000E+02    0.4644557413E+00   -0.4644557413E+00   -0.4656238984E+00    0.0000000000E+00    0.0000000000E+00    0.0000000000E+00    0.0000000000E+00    0.0000000000E+00    0.0000000000E+00    0.2983060110E-12    0.2983060110E-12    0.1000000000E+01
    2    0.1395000000E+02    0.4644557413E+00   -0.4644557413E+00   -0.5204124008E+00    0.0000000000E+00    0.0000000000E+00    0.0000000000E+00    0.0000000000E+00    0.0000000000E+00    0.0000000000E+00    0.4256637783E-12    0.4256637783E-12    0.1000000000E+01
    3    0.1395000000E+02   -0.3483418059E+00   -0.4644557413E+00    0.1350647588E+00    0.0000000000E+00    0.0000000000E+00    0.0000000000E+00    0.0000000000E+00    0.0000000000E+00    0.0000000000E+00    0.8948667272E-10    0.8948667272E-10    0.1000000000E+01
    4    0.1395000000E+02    0.4644557413E+00    0.3483418059E+00    0.1420346323E+00    0.0000000000E+00    0.0000000000E+00    0.0000000000E+00    0.0000000000E+00    0.0000000000E+00    0.0000000000E+00    0.5086485686E-10    0.5086485686E-10    0.1000000000E+01
    5    0.1395000000E+02    0.4644557413E+00   -0.4644557413E+00    0.4330669760E+00    0.0000000000E+00    0.0000000000E+00    0.0000000000E+00    0.0000000000E+00    0.0000000000E+00    0.0000000000E+00    0.2460095388E-12    0.2460095388E-12    0.1000000000E+01
    6    0.1395000000E+02    0.4644557413E+00    0.3483418059E+00    0.3924815186E+00    0.0000000000E+00    0.0000000000E+00    0.0000000000E+00    0.0000000000E+00    0.0000000000E+00    0.0000000000E+00    0.2928192017E-11    0.2928192017E-11    0.1000000000E+01
    7    0.1395000000E+02   -0.3483418059E+00   -0.4644557413E+00    0.3929284705E+00    0.0000000000E+00    0.0000000000E+00    0.0000000000E+00    0.0000000000E+00    0.0000000000E+00    0.0000000000E+00    0.1360728060E-10    0.1360728060E-10    0.1000000000E+01
    1    0.1420833333E+02    0.4644557413E+00   -0.4644557413E+00   -0.3808398721E+00    0.0000000000E+00    0.0000000000E+00    0.0000000000E+00    0.0000000000E+00    0.0000000000E+00    0.0000000000E+00    0.8071190542E-13    0.8071190542E-13    0.1000000000E+01
    2    0.1420833333E+02    0.4644557413E+00   -0.4644557413E+00   -0.4112374762E+00    0.0000000000E+00    0.0000000000E+00    0.0000000000E+00    0.0000000000E+00    0.0000000000E+00    0.0000000000E+00    0.1087573799E-12    0.1087573799E-12    0.1000000000E+01
    3    0.1420833333E+02    0.4644557413E+00   -0.4644557413E+00    0.5368393201E+00    0.0000000000E+00    0.0000000000E+00    0.0000000000E+00    0.0000000000E+00    0.0000000000E+00    0.0000000000E+00    0.1403379068E-12    0.1403379068E-12    0.1000000000E+01
    1    0.1446666667E+02    0.4644557413E+00   -0.4644557413E+00   -0.4927630425E+00    0.0000000000E+00    0.0000000000E+00    0.0000000000E+00    0.0000000000E+00    0.0000000000E+00    0.0000000000E+00    0.4149617815E-12    0.4149617815E-12    0.1000000000E+01
    2    0.1446666667E+02    0.4644557413E+00   -0.4644557413E+00   -0.2899546254E+00    0.0000000000E+00    0.0000000000E+00    0.0000000000E+00    0.0000000000E+00    0.0000000000E+00    0.0000000000E+00    0.6444762247E-12    0.6444762247E-12    0.1000000000E+01
    3    0.1446666667E+02    0.4644557413E+00   -0.4644557413E+00   -0.2958560453E+00    0.0000000000E+00    0.0000000000E+00    0.0000000000E+00    0.0000000000E+00    0.0000000000E+00    0.0000000000E+00    0.1177833138E-11    0.1177833138E-11    0.1000000000E+01
    1    0.1472500000E+02    0.4644557413E+00   -0.4644557413E+00   -0.3335415852E+00    0.0000000000E+00    0.0000000000E+00    0.0000000000E+00    0.0000000000E+00    0.0000000000E+00    0.0000000000E+00    0.1323105291E-11    0.1323105291E-11    0.1000000000E+01
    2    0.1472500000E+02    0.4644557413E+00   -0.4644557413E+00   -0.1748239756E+00    0.0000000000E+00    0.0000000000E+00    0.0000000000E+00    0.0000000000E+00    0.0000000000E+00    0.0000000000E+00    0.5188428767E-12    0.5188428767E-12    0.1000000000E+01
    3    0.1472500000E+02    0.4644557413E+00   -0.4644557413E+00   -0.1342612777E+00    0.0000000000E+00    0.0000000000E+00    0.0000000000E+00    0.0000000000E+00    0.0000000000E+00    0.0000000000E+00    0.1400319324E-10    0.1400319324E-10    0.1000000000E+01
