    1    0.2066666667E+01   -0.4644557413E+00    0.5805696766E+00    0.6552686440E-01    0.0000000000E+00    0.0000000000E+00    0.0000000000E+00    0.0000000000E+00    0.0000000000E+00    0.0000000000E+00    0.9788953899E-12    0.9788953899E-12    0.1000000000E+01
    1    0.2325000000E+01   -0.4644557413E+00    0.5805696766E+00    0.1850110231E+00    0.0000000000E+00    0.0000000000E+00    0.0000000000E+00    0.0000000000E+00    0.0000000000E+00    0.0000000000E+00    0.9801792306E-16    0.9801792306E-16    0.1000000000E+01
    1    0.2583333333E+01   -0.4644557413E+00    0.5805696766E+00   -0.1312833257E+00    0.0000000000E+00    0.0000000000E+00    0.0000000000E+00    0.0000000000E+00    0.0000000000E+00    0.0000000000E+00    0.2138040448E-12    0.2138040448E-12    0.1000000000E+01
    2    0.2583333333E+01   -0.4644557413E+00    0.5805696766E+00    0.2406372932E+00    0.0000000000E+00    0.0000000000E+00    0.0000000000E+00    0.0000000000E+00    0.0000000000E+00    0.0000000000E+00    0.8649624034E-13    0.8649624034E-13    0.1000000000E+01
    3    0.2583333333E+01   -0.4644557413E+00    0.5805696766E+00    0.3426335864E+00    0.0000000000E+00    0.0000000000E+00    0.0000000000E+00    0.0000000000E+00    0.0000000000E+00    0.0000000000E+00    0.1366467351E-12    0.1366467351E-12    0.1000000000E+01
    1    0.2841666667E+01   -0.4644557413E+00    0.5805696766E+00    0.4190064884E+00    0.0000000000E+00    0.0000000000E+00    0.0000000000E+00    0.0000000000E+00    0.0000000000E+00    0.0000000000E+00    0.6664405471E-15    0.6664405471E-15    0.9999999999E+00
    2    0.2841666667E+01   -0.4644557413E+00   -0.2322278706E+00    0.3005790327E+00    0.0000000000E+00    0.0000000000E+00    0.0000000000E+00    0.0000000000E+00    0.0000000000E+00    0.0000000000E+00    0.1544885277E-14    0.1544885277E-14    0.9999999998E+00
    3    0.2841666667E+01   -0.4644557413E+00    0.5805696766E+00    0.3010174253E+00    0.0000000000E+00    0.0000000000E+00    0.0000000000E+00    0.0000000000E+00    0.0000000000E+00    0.0000000000E+00    0.4206921921E-14    0.4206921922E-14    0.9999999997E+00
    1    0.3100000000E+01   -0.4644557413E+00   -0.2322278706E+00   -0.2327841257E+00    0.0000000000E+00    0.0000000000E+00    0.0000000000E+00    0.0000000000E+00    0.0000000000E+00    0.0000000000E+00    0.6206602767E-12    0.6206602767E-12    0.1000000000E+01
    2    0.3100000000E+01   -0.4644557413E+00    0.5805696766E+00    0.4843970255E+00    0.0000000000E+00    0.0000000000E+00    0.0000000000E+00    0.0000000000E+00    0.0000000000E+00    0.0000000000E+00    0.2369510544E-14    0.2369512805E-14    0.9999990461E+00
    3    0.3100000000E+01   -0.4644557413E+00   -0.2322278706E+00    0.4623697829E+00    0.0000000000E+00    0.0000000000E+00    0.0000000000E+00    0.0000000000E+00    0.0000000000E+00    0.0000000000E+00    0.4762916042E-12    0.4762916042E-12    0.1000000000E+01
    4    0.3100000000E+01   -0.4644557413E+00   -0.2322278706E+00    0.3425994475E+00    0.0000000000E+00    0.0000000000E+00    0.0000000000E+00    0.0000000000E+00    0.0000000000E+00    0.0000000000E+00    0.1586024081E-12    0.1586024081E-12    0.1000000000E+01
    5    0.3100000000E+01   -0.4644557413E+00    0.5805696766E+00    0.3517144976E+00    0.0000000000E+00    0.0000000000E+00    0.0000000000E+00    0.0000000000E+00    0.0000000000E+00    0.0000000000E+00    0.9291380885E-15    0.9291415602E-15    0.9999962636E+00
    1    0.3358333333E+01   -0.4644557413E+00   -0.2322278706E+00   -0.1439357072E+00    0.0000000000E+00    0.0000000000E+00    0.0000000000E+00    0.0000000000E+00    0.0000000000E+00    0.0000000000E+00    0.1703140049E-13    0.1703140049E-13    0.1000000000E+01
    2    0.3358333333E+01   -0.4644557413E+00   -0.2322278706E+00    0.5662750301E+00    0.0000000000E+00    0.0000000000E+00    0.0000000000E+00    0.0000000000E+00    0.0000000000E+00    0.0000000000E+00    0.2822633804E-12    0.2822633804E-12    0.1000000000E+01
    3    0.3358333333E+01   -0.4644557413E+00    0.5805696766E+00    0.5494032578E+00    0.0000000000E+00    0.0000000000E+00    0.0000000000E+00    0.0000000000E+00    0.0000000000E+00    0.0000000000E+00    0.2328747464E-13    0.2328747464E-13    0.1000000000E+01
    4    0.3358333333E+01   -0.4644557413E+00   -0.2322278706E+00    0.4185350430E+00   -0.4644557413E+00   -0.2322278706E+00    0.4185350430E+00   -0.2255906954E+01   -0.3584029990E+01    0.9249446555E+00    0.1865893005E-13    0.1865893005E-13    0.1000000000E+01
    5    0.3358333333E+01   -0.4644557413E+00    0.5805696766E+00    0.3978843737E+00    0.0000000000E+00    0.0000000000E+00    0.0000000000E+00    0.0000000000E+00    0.0000000000E+00    0.0000000000E+00    0.3052564746E-14    0.3052564746E-14    0.1000000000E+01
    1    0.3616666667E+01   -0.4644557413E+00   -0.2322278706E+00   -0.6942210525E-01    0.0000000000E+00    0.0000000000E+00    0.0000000000E+00    0.0000000000E+00    0.0000000000E+00    0.0000000000E+00    0.3542553389E-12    0.3542553389E-12    0.1000000000E+01
    2    0.3616666667E+01   -0.4644557413E+00   -0.2322278706E+00   -0.4950056744E+00    0.0000000000E+00    0.0000000000E+00    0.0000000000E+00    0.0000000000E+00    0.0000000000E+00    0.0000000000E+00    0.1201068978E-13    0.1201068978E-13    0.9999999998E+00
    3    0.3616666667E+01   -0.4644557413E+00    0.5805696766E+00   -0.5327467387E+00    0.0000000000E+00    0.0000000000E+00    0.0000000000E+00    0.0000000000E+00    0.0000000000E+00    0.0000000000E+00    0.9676070314E-14    0.9676070314E-14    0.1000000000E+01
    4    0.3616666667E+01   -0.4644557413E+00   -0.2322278706E+00    0.4723087419E+00    0.0000000000E+00    0.0000000000E+00    0.0000000000E+00    0.0000000000E+00    0.0000000000E+00    0.0000000000E+00    0.1206177346E-13    0.1206177346E-13    0.1000000000E+01
    5    0.3616666667E+01   -0.4644557413E+00    0.5805696766E+00    0.4414046313E+00    0.0000000000E+00    0.0000000000E+00    0.0000000000E+00    0.0000000000E+00    0.0000000000E+00    0.0000000000E+00    0.7794879174E-15    0.7794879186E-15    0.9999999984E+00
    1    0.3875000000E+01    0.3483418059E+00    0.5805696766E+00    0.3160683344E+00    0.0000000000E+00    0.0000000000E+00    0.0000000000E+00    0.0000000000E+00    0.0000000000E+00    0.0000000000E+00    0.7413168577E-11    0.7413168577E-11    0.1000000000E+01
    2    0.3875000000E+01    0.3483418059E+00    0.5805696766E+00   -0.2200663645E+00    0.0000000000E+00    0.0000000000E+00    0.0000000000E+00    0.0000000000E+00    0.0000000000E+00    0.0000000000E+00    0.7401321688E-11    0.7401321688E-11    0.1000000000E+01
    3    0.3875000000E+01   -0.4644557413E+00    0.5805696766E+00    0.4834825876E+00    0.0000000000E+00    0.0000000000E+00    0.0000000000E+00    0.0000000000E+00    0.0000000000E+00    0.0000000000E+00    0.1797253683E-14    0.1797253683E-14    0.1000000000E+01
    4    0.3875000000E+01   -0.4644557413E+00   -0.2322278706E+00    0.5192273025E+00    0.0000000000E+00    0.0000000000E+00    0.0000000000E+00    0.0000000000E+00    0.0000000000E+00    0.0000000000E+00    0.1211265043E-14    0.1211265044E-14    0.9999999998E+00
    5    0.3875000000E+01   -0.4644557413E+00    0.5805696766E+00   -0.4550926940E+00    0.0000000000E+00    0.0000000000E+00    0.0000000000E+00    0.0000000000E+00    0.0000000000E+00    0.0000000000E+00    0.1994083749E-14    0.1994083749E-14    0.1000000000E+01
    6    0.3875000000E+01   -0.4644557413E+00   -0.2322278706E+00   -0.4061482844E+00    0.0000000000E+00    0.0000000000E+00    0.0000000000E+00    0.0000000000E+00    0.0000000000E+00    0.0000000000E+00    0.7351149238E-15    0.7351149239E-15    0.1000000000E+01
    1    0.4133333333E+01    0.3483418059E+00    0.5805696766E+00   -0.9893770810E-01    0.0000000000E+00    0.0000000000E+00    0.0000000000E+00    0.0000000000E+00    0.0000000000E+00    0.0000000000E+00    0.5336477509E-13    0.5336477510E-13    0.9999999998E+00
    2    0.4133333333E+01   -0.4644557413E+00    0.5805696766E+00   -0.3599715520E+00    0.0000000000E+00    0.0000000000E+00    0.0000000000E+00    0.0000000000E+00    0.0000000000E+00    0.0000000000E+00    0.1678753078E-14    0.1678753090E-14    0.9999999934E+00
    3    0.4133333333E+01   -0.4644557413E+00   -0.2322278706E+00   -0.3095273107E+00    0.0000000000E+00    0.0000000000E+00    0.0000000000E+00    0.0000000000E+00    0.0000000000E+00    0.0000000000E+00    0.2185527818E-13    0.2185527833E-13    0.9999999933E+00
    4    0.4133333333E+01    0.3483418059E+00    0.5805696766E+00   -0.3304239912E+00    0.0000000000E+00    0.0000000000E+00    0.0000000000E+00    0.0000000000E+00    0.0000000000E+00    0.0000000000E+00    0.9612268445E-13    0.9612268486E-13    0.9999999957E+00
    5    0.4133333333E+01    0.3483418059E+00    0.5805696766E+00    0.4771961898E+00    0.0000000000E+00    0.0000000000E+00    0.0000000000E+00    0.0000000000E+00    0.0000000000E+00    0.0000000000E+00    0.4605255629E-12    0.4605255675E-12    0.9999999900E+00
    6    0.4133333333E+01   -0.4644557413E+00    0.5805696766E+00    0.5252563885E+00    0.0000000000E+00    0.0000000000E+00    0.0000000000E+00    0.0000000000E+00    0.0000000000E+00    0.0000000000E+00    0.1002665624E-14    0.1002665679E-14    0.9999999449E+00
    7    0.4133333333E+01   -0.4644557413E+00   -0.2322278706E+00    0.5632824157E+00    0.0000000000E+00    0.0000000000E+00    0.0000000000E+00    0.0000000000E+00    0.0000000000E+00    0.0000000000E+00    0.1283087954E-13    0.1283088269E-13    0.9999997544E+00
    1    0.4391666667E+01    0.3483418059E+00   -0.2322278706E+00    0.3463907849E+00    0.0000000000E+00    0.0000000000E+00    0.0000000000E+00    0.0000000000E+00    0.0000000000E+00    0.0000000000E+00    0.1999123409E-12    0.1999123441E-12    0.9999999838E+00
    2    0.4391666667E+01    0.3483418059E+00   -0.2322278706E+00    0.4371842006E+00    0.0000000000E+00    0.0000000000E+00    0.0000000000E+00    0.0000000000E+00    0.0000000000E+00    0.0000000000E+00    0.1407118609E-11    0.1407118609E-11    0.9999999997E+00
    3    0.4391666667E+01   -0.4644557413E+00    0.5805696766E+00    0.5678030070E+00    0.0000000000E+00    0.0000000000E+00    0.0000000000E+00    0.0000000000E+00    0.0000000000E+00    0.0000000000E+00    0.1395188341E-13    0.1395188353E-13    0.9999999916E+00
    4    0.4391666667E+01   -0.4644557413E+00   -0.2322278706E+00   -0.5439496557E+00    0.0000000000E+00    0.0000000000E+00    0.0000000000E+00    0.0000000000E+00    0.0000000000E+00    0.0000000000E+00    0.2275320640E-14    0.2275320752E-14    0.9999999509E+00
    5    0.4391666667E+01   -0.4644557413E+00   -0.2322278706E+00   -0.1873856620E+00    0.0000000000E+00    0.0000000000E+00    0.0000000000E+00    0.0000000000E+00    0.0000000000E+00    0.0000000000E+00    0.1517400469E-14    0.1517400477E-14    0.9999999948E+00
    6    0.4391666667E+01   -0.4644557413E+00    0.5805696766E+00   -0.2237824239E+00    0.0000000000E+00    0.0000000000E+00    0.0000000000E+00    0.0000000000E+00    0.0000000000E+00    0.0000000000E+00    0.6272806786E-13    0.6272806787E-13    0.9999999999E+00
    7    0.4391666667E+01    0.3483418059E+00   -0.2322278706E+00   -0.2418490372E+00    0.0000000000E+00    0.0000000000E+00    0.0000000000E+00    0.0000000000E+00    0.0000000000E+00    0.0000000000E+00    0.1487142971E-11    0.1487142972E-11    0.9999999994E+00
    8    0.4391666667E+01    0.3483418059E+00    0.5805696766E+00   -0.2347208229E+00    0.0000000000E+00    0.0000000000E+00    0.0000000000E+00    0.0000000000E+00    0.0000000000E+00    0.0000000000E+00    0.1131690348E-14    0.1131690408E-14    0.9999999469E+00
    9    0.4391666667E+01    0.3483418059E+00   -0.2322278706E+00   -0.1428845475E-01    0.0000000000E+00    0.0000000000E+00    0.0000000000E+00    0.0000000000E+00    0.0000000000E+00    0.0000000000E+00    0.1059782210E-11    0.1059782210E-11    0.9999999999E+00
    1    0.4650000000E+01    0.3483418059E+00   -0.2322278706E+00    0.4460499419E+00    0.0000000000E+00    0.0000000000E+00    0.0000000000E+00    0.0000000000E+00    0.0000000000E+00    0.0000000000E+00    0.9244775743E-12    0.9244775743E-12    0.1000000000E+01
    2    0.4650000000E+01    0.3483418059E+00   -0.2322278706E+00    0.5677413946E+00    0.0000000000E+00    0.0000000000E+00    0.0000000000E+00    0.0000000000E+00    0.0000000000E+00    0.0000000000E+00    0.9521312515E-11    0.9521312515E-11    0.1000000000E+01
    3    0.4650000000E+01   -0.4644557413E+00    0.5805696766E+00   -0.5374346080E+00    0.0000000000E+00    0.0000000000E+00    0.0000000000E+00    0.0000000000E+00    0.0000000000E+00    0.0000000000E+00    0.5492412856E-14    0.5492414707E-14    0.9999996630E+00
    4    0.4650000000E+01   -0.4644557413E+00   -0.2322278706E+00   -0.5013328573E+00    0.0000000000E+00    0.0000000000E+00    0.0000000000E+00    0.0000000000E+00    0.0000000000E+00    0.0000000000E+00    0.1226813124E-14    0.1226813138E-14    0.9999999887E+00
    5    0.4650000000E+01    0.3483418059E+00    0.5805696766E+00   -0.1646831221E+00    0.0000000000E+00    0.0000000000E+00    0.0000000000E+00    0.0000000000E+00    0.0000000000E+00    0.0000000000E+00    0.1217948381E-14    0.1217948382E-14    0.9999999990E+00
    6    0.4650000000E+01    0.3483418059E+00   -0.2322278706E+00   -0.1384266983E+00    0.0000000000E+00    0.0000000000E+00    0.0000000000E+00    0.0000000000E+00    0.0000000000E+00    0.0000000000E+00    0.1113288137E-12    0.1113288137E-12    0.9999999999E+00
    7    0.4650000000E+01    0.3483418059E+00   -0.2322278706E+00    0.5079920667E-01    0.0000000000E+00    0.0000000000E+00    0.0000000000E+00    0.0000000000E+00    0.0000000000E+00    0.0000000000E+00    0.1934984538E-12    0.1934984538E-12    0.1000000000E+01
    8    0.4650000000E+01   -0.4644557413E+00    0.5805696766E+00    0.7121437398E-01    0.0000000000E+00    0.0000000000E+00    0.0000000000E+00    0.0000000000E+00    0.0000000000E+00    0.0000000000E+00    0.3037239786E-12    0.3037239787E-12    0.9999999997E+00
    1    0.4908333333E+01    0.3483418059E+00    0.5805696766E+00   -0.1006052547E+00    0.0000000000E+00    0.0000000000E+00    0.0000000000E+00    0.0000000000E+00    0.0000000000E+00    0.0000000000E+00    0.4080628683E-13    0.4080628687E-13    0.9999999991E+00
    2    0.4908333333E+01    0.3483418059E+00   -0.2322278706E+00   -0.6495706155E-01    0.0000000000E+00    0.0000000000E+00    0.0000000000E+00    0.0000000000E+00    0.0000000000E+00    0.0000000000E+00    0.5789760615E-14    0.5789760688E-14    0.9999999875E+00
    3    0.4908333333E+01    0.3483418059E+00    0.5805696766E+00    0.7157023862E-01    0.0000000000E+00    0.0000000000E+00    0.0000000000E+00    0.0000000000E+00    0.0000000000E+00    0.0000000000E+00    0.1512328433E-12    0.1512328436E-12    0.9999999977E+00
    4    0.4908333333E+01    0.3483418059E+00   -0.2322278706E+00    0.1142998003E+00    0.0000000000E+00    0.0000000000E+00    0.0000000000E+00    0.0000000000E+00    0.0000000000E+00    0.0000000000E+00    0.9314528566E-14    0.9314529011E-14    0.9999999523E+00
    5    0.4908333333E+01   -0.4644557413E+00    0.5805696766E+00    0.1224009606E+00    0.0000000000E+00    0.0000000000E+00    0.0000000000E+00    0.0000000000E+00    0.0000000000E+00    0.0000000000E+00    0.3281658001E-13    0.3281659132E-13    0.9999996555E+00
    6    0.4908333333E+01   -0.4644557413E+00   -0.2322278706E+00   -0.4576248339E+00    0.0000000000E+00    0.0000000000E+00    0.0000000000E+00    0.0000000000E+00    0.0000000000E+00    0.0000000000E+00    0.1932953338E-14    0.4865437258E-14    0.3972825536E+00
    7    0.4908333333E+01   -0.4644557413E+00    0.5805696766E+00   -0.4891808622E+00    0.0000000000E+00    0.0000000000E+00    0.0000000000E+00    0.0000000000E+00    0.0000000000E+00    0.0000000000E+00    0.5196537090E-14    0.5196893305E-14    0.9999314560E+00
    1    0.5166666667E+01    0.3483418059E+00    0.5805696766E+00   -0.2997712311E-01    0.0000000000E+00    0.0000000000E+00    0.0000000000E+00    0.0000000000E+00    0.0000000000E+00    0.0000000000E+00    0.1079121592E-11    0.1079121592E-11    0.1000000000E+01
    2    0.5166666667E+01    0.3483418059E+00   -0.2322278706E+00    0.1770671274E+00    0.0000000000E+00    0.0000000000E+00    0.0000000000E+00    0.0000000000E+00    0.0000000000E+00    0.0000000000E+00    0.3667601391E-16    0.3667601455E-16    0.9999999826E+00
    3    0.5166666667E+01    0.3483418059E+00    0.5805696766E+00    0.1496710374E+00    0.0000000000E+00    0.0000000000E+00    0.0000000000E+00    0.0000000000E+00    0.0000000000E+00    0.0000000000E+00    0.5278095897E-12    0.5278095897E-12    0.1000000000E+01
    4    0.5166666667E+01   -0.4644557413E+00    0.5805696766E+00    0.1644943586E+00    0.0000000000E+00    0.0000000000E+00    0.0000000000E+00    0.0000000000E+00    0.0000000000E+00    0.0000000000E+00    0.9972484159E-14    0.9972484167E-14    0.9999999991E+00
    5    0.5166666667E+01    0.3483418059E+00    0.5805696766E+00   -0.5564017885E+00    0.0000000000E+00    0.0000000000E+00    0.0000000000E+00    0.0000000000E+00    0.0000000000E+00    0.0000000000E+00    0.6247386647E-12    0.6247386647E-12    0.1000000000E+01
    6    0.5166666667E+01    0.3483418059E+00    0.5805696766E+00   -0.3969658159E+00    0.0000000000E+00    0.0000000000E+00    0.0000000000E+00    0.0000000000E+00    0.0000000000E+00    0.0000000000E+00    0.1194695792E-11    0.1194695792E-11    0.1000000000E+01
    7    0.5166666667E+01   -0.4644557413E+00    0.5805696766E+00   -0.4335827784E+00    0.0000000000E+00    0.0000000000E+00    0.0000000000E+00    0.0000000000E+00    0.0000000000E+00    0.0000000000E+00    0.1523354687E-13    0.1523354687E-13    0.9999999999E+00
    8    0.5166666667E+01   -0.4644557413E+00   -0.2322278706E+00   -0.4114096525E+00    0.0000000000E+00    0.0000000000E+00    0.0000000000E+00    0.0000000000E+00    0.0000000000E+00    0.0000000000E+00    0.6026367401E-15    0.6026367599E-15    0.9999999672E+00
    1    0.5425000000E+01    0.3483418059E+00   -0.2322278706E+00    0.6373920815E-01    0.0000000000E+00    0.0000000000E+00    0.0000000000E+00    0.0000000000E+00    0.0000000000E+00    0.0000000000E+00    0.2151259680E-14    0.2151259685E-14    0.9999999980E+00
    2    0.5425000000E+01    0.3483418059E+00   -0.2322278706E+00    0.2507655055E+00    0.0000000000E+00    0.0000000000E+00    0.0000000000E+00    0.0000000000E+00    0.0000000000E+00    0.0000000000E+00    0.1328153141E-14    0.1328153141E-14    0.9999999998E+00
    3    0.5425000000E+01   -0.4644557413E+00    0.5805696766E+00    0.2036073627E+00    0.0000000000E+00    0.0000000000E+00    0.0000000000E+00    0.0000000000E+00    0.0000000000E+00    0.0000000000E+00    0.1524422246E-13    0.1524422246E-13    0.1000000000E+01
    4    0.5425000000E+01    0.3483418059E+00    0.5805696766E+00   -0.4738815128E+00    0.0000000000E+00    0.0000000000E+00    0.0000000000E+00    0.0000000000E+00    0.0000000000E+00    0.0000000000E+00    0.1056364163E-13    0.1056364166E-13    0.9999999975E+00
    5    0.5425000000E+01   -0.4644557413E+00    0.5805696766E+00   -0.3617825218E+00    0.0000000000E+00    0.0000000000E+00    0.0000000000E+00    0.0000000000E+00    0.0000000000E+00    0.0000000000E+00    0.2428333180E-13    0.2428333180E-13    0.1000000000E+01
    6    0.5425000000E+01   -0.4644557413E+00   -0.2322278706E+00   -0.3605458113E+00    0.0000000000E+00    0.0000000000E+00    0.0000000000E+00    0.0000000000E+00    0.0000000000E+00    0.0000000000E+00    0.9900161050E-15    0.9900161055E-15    0.9999999995E+00
    1    0.5683333333E+01    0.3483418059E+00   -0.2322278706E+00    0.5514918031E+00    0.0000000000E+00    0.0000000000E+00    0.0000000000E+00    0.0000000000E+00    0.0000000000E+00    0.0000000000E+00    0.5402933912E-13    0.5402933958E-13    0.9999999915E+00
    2    0.5683333333E+01    0.3483418059E+00    0.5805696766E+00   -0.3897299501E+00    0.0000000000E+00    0.0000000000E+00    0.0000000000E+00    0.0000000000E+00    0.0000000000E+00    0.0000000000E+00    0.1206729850E-12    0.1206729861E-12    0.9999999913E+00
    3    0.5683333333E+01   -0.4644557413E+00   -0.2322278706E+00   -0.3008032534E+00    0.0000000000E+00    0.0000000000E+00    0.0000000000E+00    0.0000000000E+00    0.0000000000E+00    0.0000000000E+00    0.7961714248E-13    0.7961714576E-13    0.9999999588E+00
    4    0.5683333333E+01   -0.4644557413E+00    0.5805696766E+00   -0.2240223445E+00    0.0000000000E+00    0.0000000000E+00    0.0000000000E+00    0.0000000000E+00    0.0000000000E+00    0.0000000000E+00    0.4083640929E-12    0.4087838382E-12    0.9989731852E+00
    5    0.5683333333E+01   -0.4644557413E+00    0.5805696766E+00    0.2416004737E+00    0.0000000000E+00    0.0000000000E+00    0.0000000000E+00    0.0000000000E+00    0.0000000000E+00    0.0000000000E+00    0.2534395489E-13    0.2618120171E-13    0.9680210698E+00
    6    0.5683333333E+01    0.3483418059E+00   -0.2322278706E+00    0.1303230625E+00    0.3483418059E+00   -0.2322278706E+00   -0.1019146253E+01    0.4352491999E+01    0.4115157222E+00   -0.6088571138E+00    0.5366639032E-13    0.5366639060E-13    0.9999999949E+00
    7    0.5683333333E+01    0.3483418059E+00    0.5805696766E+00    0.8690711148E-01    0.0000000000E+00    0.0000000000E+00    0.0000000000E+00    0.0000000000E+00    0.0000000000E+00    0.0000000000E+00    0.2753249042E-12    0.2753249044E-12    0.9999999995E+00
    8    0.5683333333E+01   -0.4644557413E+00   -0.2322278706E+00    0.4778313662E-01    0.0000000000E+00    0.0000000000E+00    0.0000000000E+00    0.0000000000E+00    0.0000000000E+00    0.0000000000E+00    0.1315677024E-11    0.1315677025E-11    0.9999999997E+00
    1    0.5941666667E+01    0.3483418059E+00   -0.2322278706E+00   -0.4939728162E+00    0.0000000000E+00    0.0000000000E+00    0.0000000000E+00    0.0000000000E+00    0.0000000000E+00    0.0000000000E+00    0.2357072331E-12    0.2357072331E-12    0.9999999999E+00
    2    0.5941666667E+01   -0.4644557413E+00   -0.2322278706E+00   -0.2202783861E+00    0.0000000000E+00    0.0000000000E+00    0.0000000000E+00    0.0000000000E+00    0.0000000000E+00    0.0000000000E+00    0.4588147091E-13    0.4588147092E-13    0.9999999998E+00
    3    0.5941666667E+01   -0.4644557413E+00   -0.2322278706E+00    0.1067829750E+00    0.0000000000E+00    0.0000000000E+00    0.0000000000E+00    0.0000000000E+00    0.0000000000E+00    0.0000000000E+00    0.1263705977E-12    0.1263705977E-12    0.9999999999E+00
    4    0.5941666667E+01    0.3483418059E+00   -0.2322278706E+00    0.2092446394E+00    0.0000000000E+00    0.0000000000E+00    0.0000000000E+00    0.0000000000E+00    0.0000000000E+00    0.0000000000E+00    0.2364925055E-12    0.2364925055E-12    0.1000000000E+01
    5    0.5941666667E+01   -0.4644557413E+00    0.5805696766E+00    0.2794295865E+00    0.0000000000E+00    0.0000000000E+00    0.0000000000E+00    0.0000000000E+00    0.0000000000E+00    0.0000000000E+00    0.1308179367E-14    0.1308179387E-14    0.9999999847E+00
    1    0.6200000000E+01   -0.4644557413E+00   -0.2322278706E+00    0.1504771517E+00    0.0000000000E+00    0.0000000000E+00    0.0000000000E+00    0.0000000000E+00    0.0000000000E+00    0.0000000000E+00    0.1331144603E-13    0.1331144605E-13    0.9999999986E+00
    2    0.6200000000E+01   -0.4644557413E+00    0.5805696766E+00    0.3176699608E+00    0.0000000000E+00    0.0000000000E+00    0.0000000000E+00    0.0000000000E+00    0.0000000000E+00    0.0000000000E+00    0.5796607780E-15    0.5796608455E-15    0.9999998837E+00
    1    0.6458333333E+01   -0.4644557413E+00    0.5805696766E+00    0.3568043369E+00    0.0000000000E+00    0.0000000000E+00    0.0000000000E+00    0.0000000000E+00    0.0000000000E+00    0.0000000000E+00    0.7326696804E-16    0.7326696804E-16    0.1000000000E+01
    2    0.6458333333E+01   -0.4644557413E+00   -0.2322278706E+00    0.1903057101E+00    0.0000000000E+00    0.0000000000E+00    0.0000000000E+00    0.0000000000E+00    0.0000000000E+00    0.0000000000E+00    0.6245118164E-17    0.6245118165E-17    0.9999999999E+00
    1    0.6716666667E+01   -0.4644557413E+00   -0.2322278706E+00    0.2288315854E+00    0.0000000000E+00    0.0000000000E+00    0.0000000000E+00    0.0000000000E+00    0.0000000000E+00    0.0000000000E+00    0.2574391416E-14    0.2574391416E-14    0.1000000000E+01
    2    0.6716666667E+01   -0.4644557413E+00    0.5805696766E+00    0.3972576818E+00    0.0000000000E+00    0.0000000000E+00    0.0000000000E+00    0.0000000000E+00    0.0000000000E+00    0.0000000000E+00    0.1140478375E-16    0.1140478376E-16    0.9999999992E+00
    1    0.6975000000E+01   -0.4644557413E+00    0.5805696766E+00    0.4394327275E+00    0.0000000000E+00    0.0000000000E+00    0.0000000000E+00    0.0000000000E+00    0.0000000000E+00    0.0000000000E+00    0.5966680305E-16    0.5966680305E-16    0.1000000000E+01
    2    0.6975000000E+01   -0.4644557413E+00   -0.2322278706E+00    0.2672939571E+00    0.0000000000E+00    0.0000000000E+00    0.0000000000E+00    0.0000000000E+00    0.0000000000E+00    0.0000000000E+00    0.4449157244E-14    0.4449157244E-14    0.1000000000E+01
    1    0.7233333333E+01   -0.4644557413E+00    0.5805696766E+00    0.4836964142E+00    0.0000000000E+00    0.0000000000E+00    0.0000000000E+00    0.0000000000E+00    0.0000000000E+00    0.0000000000E+00    0.2672121265E-16    0.2672161576E-16    0.9999849147E+00
    2    0.7233333333E+01   -0.4644557413E+00   -0.2322278706E+00    0.3065228535E+00    0.0000000000E+00    0.0000000000E+00    0.0000000000E+00    0.0000000000E+00    0.0000000000E+00    0.0000000000E+00    0.3201979261E-14    0.3201979827E-14    0.9999998230E+00
    1    0.7491666667E+01   -0.4644557413E+00    0.5805696766E+00    0.5303096846E+00    0.0000000000E+00    0.0000000000E+00    0.0000000000E+00    0.0000000000E+00    0.0000000000E+00    0.0000000000E+00    0.1371889248E-16    0.1371889248E-16    0.1000000000E+01
    2    0.7491666667E+01   -0.4644557413E+00   -0.2322278706E+00    0.3472620820E+00    0.0000000000E+00    0.0000000000E+00    0.0000000000E+00    0.0000000000E+00    0.0000000000E+00    0.0000000000E+00    0.8597757503E-15    0.8597757504E-15    0.1000000000E+01
    1    0.7750000000E+01   -0.4644557413E+00    0.5805696766E+00   -0.5702016468E+00    0.0000000000E+00    0.0000000000E+00    0.0000000000E+00    0.0000000000E+00    0.0000000000E+00    0.0000000000E+00    0.4261237131E-14    0.4261237131E-14    0.1000000000E+01
    2    0.7750000000E+01   -0.4644557413E+00   -0.2322278706E+00    0.3903418285E+00    0.0000000000E+00    0.0000000000E+00    0.0000000000E+00    0.0000000000E+00    0.0000000000E+00    0.0000000000E+00    0.3352641564E-16    0.3352641564E-16    0.1000000000E+01
    1    0.8008333333E+01   -0.4644557413E+00    0.5805696766E+00   -0.5193282554E+00    0.0000000000E+00    0.0000000000E+00    0.0000000000E+00    0.0000000000E+00    0.0000000000E+00    0.0000000000E+00    0.1242317105E-15    0.1242317105E-15    0.1000000000E+01
    2    0.8008333333E+01   -0.4644557413E+00   -0.2322278706E+00    0.4368511661E+00    0.0000000000E+00    0.0000000000E+00    0.0000000000E+00    0.0000000000E+00    0.0000000000E+00    0.0000000000E+00    0.1403211740E-14    0.1403211740E-14    0.1000000000E+01
    1    0.8266666667E+01   -0.4644557413E+00    0.5805696766E+00   -0.4675633420E+00    0.0000000000E+00    0.0000000000E+00    0.0000000000E+00    0.0000000000E+00    0.0000000000E+00    0.0000000000E+00    0.8223437161E-15    0.8223437161E-15    0.1000000000E+01
    2    0.8266666667E+01   -0.4644557413E+00   -0.2322278706E+00    0.4884075684E+00    0.0000000000E+00    0.0000000000E+00    0.0000000000E+00    0.0000000000E+00    0.0000000000E+00    0.0000000000E+00    0.2680358777E-14    0.2680358777E-14    0.1000000000E+01
    1    0.8525000000E+01    0.3483418059E+00    0.5805696766E+00    0.2442479333E+00    0.0000000000E+00    0.0000000000E+00    0.0000000000E+00    0.0000000000E+00    0.0000000000E+00    0.0000000000E+00    0.1196078755E-12    0.1196078755E-12    0.1000000000E+01
    2    0.8525000000E+01   -0.4644557413E+00    0.5805696766E+00   -0.4161686760E+00    0.0000000000E+00    0.0000000000E+00    0.0000000000E+00    0.0000000000E+00    0.0000000000E+00    0.0000000000E+00    0.4402850917E-15    0.4402850917E-15    0.1000000000E+01
    3    0.8525000000E+01   -0.4644557413E+00   -0.2322278706E+00    0.5476833530E+00    0.0000000000E+00    0.0000000000E+00    0.0000000000E+00    0.0000000000E+00    0.0000000000E+00    0.0000000000E+00    0.2048739637E-14    0.2048739637E-14    0.1000000000E+01
    1    0.8783333333E+01    0.3483418059E+00    0.5805696766E+00    0.3308594960E+00    0.0000000000E+00    0.0000000000E+00    0.0000000000E+00    0.0000000000E+00    0.0000000000E+00    0.0000000000E+00    0.1040611067E-13    0.1040611067E-13    0.1000000000E+01
    2    0.8783333333E+01   -0.4644557413E+00   -0.2322278706E+00   -0.5300083907E+00    0.0000000000E+00    0.0000000000E+00    0.0000000000E+00    0.0000000000E+00    0.0000000000E+00    0.0000000000E+00    0.2983785287E-14    0.2983785287E-14    0.1000000000E+01
    3    0.8783333333E+01   -0.4644557413E+00    0.5805696766E+00   -0.3661325183E+00    0.0000000000E+00    0.0000000000E+00    0.0000000000E+00    0.0000000000E+00    0.0000000000E+00    0.0000000000E+00    0.1955335117E-15    0.1955335117E-15    0.1000000000E+01
    1    0.9041666667E+01    0.3483418059E+00    0.5805696766E+00    0.3972732950E+00    0.0000000000E+00    0.0000000000E+00    0.0000000000E+00    0.0000000000E+00    0.0000000000E+00    0.0000000000E+00    0.1516421990E-15    0.1516421990E-15    0.1000000000E+01
    2    0.9041666667E+01    0.3483418059E+00   -0.2322278706E+00    0.4303975418E+00    0.0000000000E+00    0.0000000000E+00    0.0000000000E+00    0.0000000000E+00    0.0000000000E+00    0.0000000000E+00    0.1618586919E-11    0.1618586919E-11    0.1000000000E+01
    3    0.9041666667E+01    0.3483418059E+00   -0.2322278706E+00   -0.1532386974E+00    0.0000000000E+00    0.0000000000E+00    0.0000000000E+00    0.0000000000E+00    0.0000000000E+00    0.0000000000E+00    0.1883839514E-11    0.1883839514E-11    0.1000000000E+01
    4    0.9041666667E+01   -0.4644557413E+00   -0.2322278706E+00   -0.4378819217E+00    0.0000000000E+00    0.0000000000E+00    0.0000000000E+00    0.0000000000E+00    0.0000000000E+00    0.0000000000E+00    0.1723350813E-14    0.1723350813E-14    0.9999999999E+00
    5    0.9041666667E+01   -0.4644557413E+00    0.5805696766E+00   -0.3178309972E+00    0.0000000000E+00    0.0000000000E+00    0.0000000000E+00    0.0000000000E+00    0.0000000000E+00    0.0000000000E+00    0.2735606537E-14    0.2735606537E-14    0.1000000000E+01
    1    0.9300000000E+01    0.3483418059E+00    0.5805696766E+00    0.1216698507E+00    0.0000000000E+00    0.0000000000E+00    0.0000000000E+00    0.0000000000E+00    0.0000000000E+00    0.0000000000E+00    0.1379405692E-10    0.1379405692E-10    0.1000000000E+01
    2    0.9300000000E+01    0.3483418059E+00    0.5805696766E+00    0.4601452038E+00    0.0000000000E+00    0.0000000000E+00    0.0000000000E+00    0.0000000000E+00    0.0000000000E+00    0.0000000000E+00    0.2201936618E-13    0.2201936618E-13    0.1000000000E+01
    3    0.9300000000E+01    0.3483418059E+00   -0.2322278706E+00    0.5228738436E+00    0.0000000000E+00    0.0000000000E+00    0.0000000000E+00    0.0000000000E+00    0.0000000000E+00    0.0000000000E+00    0.4042313295E-14    0.4042313295E-14    0.9999999999E+00
    4    0.9300000000E+01   -0.4644557413E+00   -0.2322278706E+00   -0.3264168413E+00    0.0000000000E+00    0.0000000000E+00    0.0000000000E+00    0.0000000000E+00    0.0000000000E+00    0.0000000000E+00    0.2086252976E-15    0.2086252977E-15    0.9999999995E+00
    5    0.9300000000E+01   -0.4644557413E+00    0.5805696766E+00   -0.2711110063E+00    0.0000000000E+00    0.0000000000E+00    0.0000000000E+00    0.0000000000E+00    0.0000000000E+00    0.0000000000E+00    0.4318814119E-14    0.4318814120E-14    0.9999999999E+00
    1    0.9558333333E+01    0.3483418059E+00    0.5805696766E+00    0.2937157365E+00    0.0000000000E+00    0.0000000000E+00    0.0000000000E+00    0.0000000000E+00    0.0000000000E+00    0.0000000000E+00    0.1281573096E-12    0.1281573096E-12    0.1000000000E+01
    2    0.9558333333E+01    0.3483418059E+00   -0.2322278706E+00   -0.5301455466E+00    0.0000000000E+00    0.0000000000E+00    0.0000000000E+00    0.0000000000E+00    0.0000000000E+00    0.0000000000E+00    0.1349547264E-13    0.1349547264E-13    0.1000000000E+01
    3    0.9558333333E+01    0.3483418059E+00    0.5805696766E+00    0.5285386148E+00    0.0000000000E+00    0.0000000000E+00    0.0000000000E+00    0.0000000000E+00    0.0000000000E+00    0.0000000000E+00    0.6309194441E-13    0.6309194441E-13    0.1000000000E+01
    4    0.9558333333E+01   -0.4644557413E+00   -0.2322278706E+00   -0.2248852078E+00    0.0000000000E+00    0.0000000000E+00    0.0000000000E+00    0.0000000000E+00    0.0000000000E+00    0.0000000000E+00    0.5535304957E-14    0.5535304957E-14    0.1000000000E+01
    5    0.9558333333E+01   -0.4644557413E+00    0.5805696766E+00   -0.2255373745E+00    0.0000000000E+00    0.0000000000E+00    0.0000000000E+00    0.0000000000E+00    0.0000000000E+00    0.0000000000E+00    0.1700930363E-14    0.1700930364E-14    0.1000000000E+01
    1    0.9816666667E+01    0.3483418059E+00    0.5805696766E+00    0.4313779327E+00    0.0000000000E+00    0.0000000000E+00    0.0000000000E+00    0.0000000000E+00    0.0000000000E+00    0.0000000000E+00    0.3742466669E-10    0.3742466669E-10    0.1000000000E+01
    2    0.9816666667E+01    0.3483418059E+00    0.5805696766E+00   -0.5124861775E+00    0.0000000000E+00    0.0000000000E+00    0.0000000000E+00    0.0000000000E+00    0.0000000000E+00    0.0000000000E+00    0.3725290403E-10    0.3725290403E-10    0.1000000000E+01
    3    0.9816666667E+01   -0.4644557413E+00   -0.2322278706E+00   -0.1414152624E+00    0.0000000000E+00    0.0000000000E+00    0.0000000000E+00    0.0000000000E+00    0.0000000000E+00    0.0000000000E+00    0.7593115927E-13    0.7593115929E-13    0.9999999997E+00
    4    0.9816666667E+01    0.3483418059E+00   -0.2322278706E+00   -0.1566273546E+00    0.3483418059E+00   -0.2322278706E+00    0.9928419605E+00   -0.1653998957E+01    0.1252001793E+01    0.5122773776E+01    0.2671312686E-11    0.2671312686E-11    0.1000000000E+01
    5    0.9816666667E+01   -0.4644557413E+00    0.5805696766E+00   -0.1805749421E+00    0.0000000000E+00    0.0000000000E+00    0.0000000000E+00    0.0000000000E+00    0.0000000000E+00    0.0000000000E+00    0.2765996072E-15    0.2765996075E-15    0.9999999990E+00
    1    0.1007500000E+02   -0.4644557413E+00    0.5805696766E+00   -0.1356603892E+00    0.0000000000E+00    0.0000000000E+00    0.0000000000E+00    0.0000000000E+00    0.0000000000E+00    0.0000000000E+00    0.9284974465E-14    0.9284974465E-14    0.1000000000E+01
    2    0.1007500000E+02   -0.4644557413E+00   -0.2322278706E+00   -0.6114329405E-01    0.0000000000E+00    0.0000000000E+00    0.0000000000E+00    0.0000000000E+00    0.0000000000E+00    0.0000000000E+00    0.2510693203E-11    0.2510693203E-11    0.1000000000E+01
    1    0.1033333333E+02   -0.4644557413E+00    0.5805696766E+00   -0.9016962869E-01    0.0000000000E+00    0.0000000000E+00    0.0000000000E+00    0.0000000000E+00    0.0000000000E+00    0.0000000000E+00    0.4084364769E-13    0.4084364769E-13    0.1000000000E+01
    1    0.1059166667E+02   -0.4644557413E+00    0.5805696766E+00   -0.4300320006E-01    0.0000000000E+00    0.0000000000E+00    0.0000000000E+00    0.0000000000E+00    0.0000000000E+00    0.0000000000E+00    0.2107127614E-12    0.2107127614E-12    0.1000000000E+01
    1    0.1085000000E+02   -0.4644557413E+00   -0.2322278706E+00    0.6470791092E-01    0.0000000000E+00    0.0000000000E+00    0.0000000000E+00    0.0000000000E+00    0.0000000000E+00    0.0000000000E+00    0.2107906658E-11    0.2107906658E-11    0.1000000000E+01
    1    0.1110833333E+02   -0.4644557413E+00    0.5805696766E+00    0.5001131729E-01    0.0000000000E+00    0.0000000000E+00    0.0000000000E+00    0.0000000000E+00    0.0000000000E+00    0.0000000000E+00    0.1964950389E-12    0.1964950389E-12    0.1000000000E+01
    2    0.1110833333E+02   -0.4644557413E+00   -0.2322278706E+00    0.1348105399E+00    0.0000000000E+00    0.0000000000E+00    0.0000000000E+00    0.0000000000E+00    0.0000000000E+00    0.0000000000E+00    0.1055291323E-12    0.1055291323E-12    0.1000000000E+01
    1    0.1136666667E+02   -0.4644557413E+00    0.5805696766E+00    0.1031808628E+00    0.0000000000E+00    0.0000000000E+00    0.0000000000E+00    0.0000000000E+00    0.0000000000E+00    0.0000000000E+00    0.3896840210E-13    0.3896840210E-13    0.1000000000E+01
    2    0.1136666667E+02   -0.4644557413E+00   -0.2322278706E+00    0.1988643093E+00    0.0000000000E+00    0.0000000000E+00    0.0000000000E+00    0.0000000000E+00    0.0000000000E+00    0.0000000000E+00    0.5327968185E-15    0.5327968186E-15    0.9999999998E+00
    3    0.1136666667E+02    0.3483418059E+00   -0.2322278706E+00   -0.2831576611E+00    0.0000000000E+00    0.0000000000E+00    0.0000000000E+00    0.0000000000E+00    0.0000000000E+00    0.0000000000E+00    0.3254965247E-12    0.3254965247E-12    0.1000000000E+01
    4    0.1136666667E+02    0.3483418059E+00   -0.2322278706E+00   -0.5478537471E+00    0.0000000000E+00    0.0000000000E+00    0.0000000000E+00    0.0000000000E+00    0.0000000000E+00    0.0000000000E+00    0.1724263057E-12    0.1724263057E-12    0.1000000000E+01
    1    0.1162500000E+02    0.3483418059E+00   -0.2322278706E+00   -0.4774027744E+00    0.0000000000E+00    0.0000000000E+00    0.0000000000E+00    0.0000000000E+00    0.0000000000E+00    0.0000000000E+00    0.7392323328E-13    0.7392323329E-13    0.1000000000E+01
    2    0.1162500000E+02    0.3483418059E+00    0.5805696766E+00   -0.5694676345E+00    0.0000000000E+00    0.0000000000E+00    0.0000000000E+00    0.0000000000E+00    0.0000000000E+00    0.0000000000E+00    0.2061569524E-11    0.2061569524E-11    0.1000000000E+01
    3    0.1162500000E+02    0.3483418059E+00   -0.2322278706E+00   -0.1212046077E+00    0.0000000000E+00    0.0000000000E+00    0.0000000000E+00    0.0000000000E+00    0.0000000000E+00    0.0000000000E+00    0.1155518396E-10    0.1155518396E-10    0.1000000000E+01
    4    0.1162500000E+02    0.3483418059E+00    0.5805696766E+00   -0.7804026332E-01    0.0000000000E+00    0.0000000000E+00    0.0000000000E+00    0.0000000000E+00    0.0000000000E+00    0.0000000000E+00    0.5419279292E-09    0.5419279292E-09    0.1000000000E+01
    5    0.1162500000E+02   -0.4644557413E+00    0.5805696766E+00    0.1591033479E+00    0.0000000000E+00    0.0000000000E+00    0.0000000000E+00    0.0000000000E+00    0.0000000000E+00    0.0000000000E+00    0.3604502886E-14    0.3604502888E-14    0.9999999994E+00
    6    0.1162500000E+02   -0.4644557413E+00   -0.2322278706E+00    0.2625901651E+00    0.0000000000E+00    0.0000000000E+00    0.0000000000E+00    0.0000000000E+00    0.0000000000E+00    0.0000000000E+00    0.9999166056E-14    0.9999166061E-14    0.9999999996E+00
    1    0.1188333333E+02    0.3483418059E+00   -0.2322278706E+00   -0.4145656895E+00    0.0000000000E+00    0.0000000000E+00    0.0000000000E+00    0.0000000000E+00    0.0000000000E+00    0.0000000000E+00    0.2058198524E-16    0.2058198524E-16    0.1000000000E+01
    2    0.1188333333E+02    0.3483418059E+00    0.5805696766E+00   -0.4908280846E+00    0.0000000000E+00    0.0000000000E+00    0.0000000000E+00    0.0000000000E+00    0.0000000000E+00    0.0000000000E+00    0.2552594266E-14    0.2552594266E-14    0.1000000000E+01
    3    0.1188333333E+02   -0.4644557413E+00   -0.2322278706E+00    0.3270497838E+00    0.0000000000E+00    0.0000000000E+00    0.0000000000E+00    0.0000000000E+00    0.0000000000E+00    0.0000000000E+00    0.2312433497E-14    0.2312433497E-14    0.1000000000E+01
    4    0.1188333333E+02   -0.4644557413E+00    0.5805696766E+00    0.2189284543E+00    0.0000000000E+00    0.0000000000E+00    0.0000000000E+00    0.0000000000E+00    0.0000000000E+00    0.0000000000E+00    0.1230670252E-14    0.1230670252E-14    0.1000000000E+01
    1    0.1214166667E+02    0.3483418059E+00   -0.2322278706E+00   -0.3526165495E+00    0.0000000000E+00    0.0000000000E+00    0.0000000000E+00    0.0000000000E+00    0.0000000000E+00    0.0000000000E+00    0.2766922922E-15    0.2766922959E-15    0.9999999866E+00
    2    0.1214166667E+02    0.3483418059E+00    0.5805696766E+00   -0.4191003803E+00    0.0000000000E+00    0.0000000000E+00    0.0000000000E+00    0.0000000000E+00    0.0000000000E+00    0.0000000000E+00    0.4471922130E-16    0.4471922135E-16    0.9999999987E+00
    3    0.1214166667E+02   -0.4644557413E+00    0.5805696766E+00    0.2831755137E+00    0.0000000000E+00    0.0000000000E+00    0.0000000000E+00    0.0000000000E+00    0.0000000000E+00    0.0000000000E+00    0.2578208124E-14    0.2578208125E-14    0.9999999997E+00
    4    0.1214166667E+02   -0.4644557413E+00   -0.2322278706E+00    0.3923391856E+00    0.0000000000E+00    0.0000000000E+00    0.0000000000E+00    0.0000000000E+00    0.0000000000E+00    0.0000000000E+00    0.1565717770E-16    0.1565717777E-16    0.9999999955E+00
    1    0.1240000000E+02    0.3483418059E+00   -0.2322278706E+00   -0.2876883917E+00    0.0000000000E+00    0.0000000000E+00    0.0000000000E+00    0.0000000000E+00    0.0000000000E+00    0.0000000000E+00    0.7994586520E-14    0.7994586520E-14    0.1000000000E+01
    2    0.1240000000E+02    0.3483418059E+00    0.5805696766E+00   -0.3446507799E+00    0.0000000000E+00    0.0000000000E+00    0.0000000000E+00    0.0000000000E+00    0.0000000000E+00    0.0000000000E+00    0.2055233612E-14    0.2055233612E-14    0.1000000000E+01
    3    0.1240000000E+02   -0.4644557413E+00    0.5805696766E+00    0.3516443901E+00    0.0000000000E+00    0.0000000000E+00    0.0000000000E+00    0.0000000000E+00    0.0000000000E+00    0.0000000000E+00    0.8504252170E-16    0.8504252170E-16    0.1000000000E+01
    4    0.1240000000E+02   -0.4644557413E+00   -0.2322278706E+00    0.4584088552E+00    0.0000000000E+00    0.0000000000E+00    0.0000000000E+00    0.0000000000E+00    0.0000000000E+00    0.0000000000E+00    0.4384119415E-17    0.4384119478E-17    0.9999999855E+00
    1    0.1265833333E+02    0.3483418059E+00   -0.2322278706E+00   -0.2145473602E+00    0.0000000000E+00    0.0000000000E+00    0.0000000000E+00    0.0000000000E+00    0.0000000000E+00    0.0000000000E+00    0.8852337789E-14    0.8852337789E-14    0.1000000000E+01
    2    0.1265833333E+02    0.3483418059E+00    0.5805696766E+00   -0.2581858257E+00    0.0000000000E+00    0.0000000000E+00    0.0000000000E+00    0.0000000000E+00    0.0000000000E+00    0.0000000000E+00    0.7503863106E-13    0.7503863106E-13    0.1000000000E+01
    3    0.1265833333E+02   -0.4644557413E+00    0.5805696766E+00    0.4231868099E+00    0.0000000000E+00    0.0000000000E+00    0.0000000000E+00    0.0000000000E+00    0.0000000000E+00    0.0000000000E+00    0.1221573643E-15    0.1221573644E-15    0.1000000000E+01
    4    0.1265833333E+02   -0.4644557413E+00   -0.2322278706E+00    0.5255639938E+00    0.0000000000E+00    0.0000000000E+00    0.0000000000E+00    0.0000000000E+00    0.0000000000E+00    0.0000000000E+00    0.9795167365E-15    0.9795167365E-15    0.1000000000E+01
    1    0.1291666667E+02   -0.4644557413E+00    0.5805696766E+00    0.4961948650E+00    0.0000000000E+00    0.0000000000E+00    0.0000000000E+00    0.0000000000E+00    0.0000000000E+00    0.0000000000E+00    0.3974522545E-14    0.3974522545E-14    0.1000000000E+01
    2    0.1291666667E+02   -0.4644557413E+00   -0.2322278706E+00   -0.5546841504E+00    0.0000000000E+00    0.0000000000E+00    0.0000000000E+00    0.0000000000E+00    0.0000000000E+00    0.0000000000E+00    0.3550550981E-14    0.3550550981E-14    0.1000000000E+01
    3    0.1291666667E+02    0.3483418059E+00   -0.2322278706E+00   -0.1137780467E+00    0.0000000000E+00    0.0000000000E+00    0.0000000000E+00    0.0000000000E+00    0.0000000000E+00    0.0000000000E+00    0.3250916928E-11    0.3250916928E-11    0.1000000000E+01
    4    0.1291666667E+02    0.3483418059E+00    0.5805696766E+00   -0.1094106460E+00    0.0000000000E+00    0.0000000000E+00    0.0000000000E+00    0.0000000000E+00    0.0000000000E+00    0.0000000000E+00    0.2848719377E-10    0.2848719377E-10    0.1000000000E+01
    1    0.1317500000E+02   -0.4644557413E+00    0.5805696766E+00    0.5697831683E+00    0.0000000000E+00    0.0000000000E+00    0.0000000000E+00    0.0000000000E+00    0.0000000000E+00    0.0000000000E+00    0.1257471470E-12    0.1257471470E-12    0.1000000000E+01
    2    0.1317500000E+02   -0.4644557413E+00   -0.2322278706E+00   -0.4813899304E+00    0.0000000000E+00    0.0000000000E+00    0.0000000000E+00    0.0000000000E+00    0.0000000000E+00    0.0000000000E+00    0.8089681783E-14    0.8089681783E-14    0.1000000000E+01
    1    0.1343333333E+02   -0.4644557413E+00    0.5805696766E+00   -0.5050420877E+00    0.0000000000E+00    0.0000000000E+00    0.0000000000E+00    0.0000000000E+00    0.0000000000E+00    0.0000000000E+00    0.2160310460E-13    0.2160310477E-13    0.9999999921E+00
    2    0.1343333333E+02   -0.4644557413E+00   -0.2322278706E+00   -0.4001158910E+00    0.0000000000E+00    0.0000000000E+00    0.0000000000E+00    0.0000000000E+00    0.0000000000E+00    0.0000000000E+00    0.5755720535E-14    0.5755720540E-14    0.9999999992E+00
    3    0.1343333333E+02    0.3483418059E+00   -0.2322278706E+00    0.3391407596E+00    0.0000000000E+00    0.0000000000E+00    0.0000000000E+00    0.0000000000E+00    0.0000000000E+00    0.0000000000E+00    0.6864228326E-10    0.6864228326E-10    0.1000000000E+01
    4    0.1343333333E+02    0.3483418059E+00   -0.2322278706E+00   -0.1010625780E+00    0.0000000000E+00    0.0000000000E+00    0.0000000000E+00    0.0000000000E+00    0.0000000000E+00    0.0000000000E+00    0.4054045820E-09    0.4054045820E-09    0.1000000000E+01
    5    0.1343333333E+02    0.3483418059E+00   -0.2322278706E+00   -0.6846706628E-01    0.0000000000E+00    0.0000000000E+00    0.0000000000E+00    0.0000000000E+00    0.0000000000E+00    0.0000000000E+00    0.5072222054E-09    0.5072222054E-09    0.1000000000E+01
    6    0.1343333333E+02   -0.4644557413E+00    0.5805696766E+00    0.2241032014E+00    0.0000000000E+00    0.0000000000E+00    0.0000000000E+00    0.0000000000E+00    0.0000000000E+00    0.0000000000E+00    0.1338008180E-11    0.1338008180E-11    0.1000000000E+01
    7    0.1343333333E+02   -0.4644557413E+00   -0.2322278706E+00    0.1680461530E+00    0.0000000000E+00    0.0000000000E+00    0.0000000000E+00    0.0000000000E+00    0.0000000000E+00    0.0000000000E+00    0.1537279704E-11    0.1537279704E-11    0.9999999999E+00
    8    0.1343333333E+02    0.3483418059E+00   -0.2322278706E+00    0.1501008616E+00    0.0000000000E+00    0.0000000000E+00    0.0000000000E+00    0.0000000000E+00    0.0000000000E+00    0.0000000000E+00    0.7569476271E-09    0.7569476271E-09    0.1000000000E+01
    1    0.1369166667E+02   -0.4644557413E+00    0.5805696766E+00   -0.4262807716E+00    0.0000000000E+00    0.0000000000E+00    0.0000000000E+00    0.0000000000E+00    0.0000000000E+00    0.0000000000E+00    0.1220766133E-10    0.1220766133E-10    0.1000000000E+01
    2    0.1369166667E+02   -0.4644557413E+00   -0.2322278706E+00   -0.3009531350E+00    0.0000000000E+00    0.0000000000E+00    0.0000000000E+00    0.0000000000E+00    0.0000000000E+00    0.0000000000E+00    0.2459105268E-12    0.2459105268E-12    0.1000000000E+01
    3    0.1369166667E+02    0.3483418059E+00    0.5805696766E+00    0.4582618608E+00    0.0000000000E+00    0.0000000000E+00    0.0000000000E+00    0.0000000000E+00    0.0000000000E+00    0.0000000000E+00    0.4070148697E-12    0.4070148697E-12    0.1000000000E+01
    4    0.1369166667E+02   -0.4644557413E+00    0.5805696766E+00    0.4222047256E+00    0.0000000000E+00    0.0000000000E+00    0.0000000000E+00    0.0000000000E+00    0.0000000000E+00    0.0000000000E+00    0.1238537535E-10    0.1238537535E-10    0.1000000000E+01
    5    0.1369166667E+02   -0.4644557413E+00   -0.2322278706E+00    0.3648695837E+00    0.0000000000E+00    0.0000000000E+00    0.0000000000E+00    0.0000000000E+00    0.0000000000E+00    0.0000000000E+00    0.1307255039E-12    0.1307255039E-12    0.9999999999E+00
    6    0.1369166667E+02    0.3483418059E+00    0.5805696766E+00    0.3032844895E+00    0.0000000000E+00    0.0000000000E+00    0.0000000000E+00    0.0000000000E+00    0.0000000000E+00    0.0000000000E+00    0.5676432940E-13    0.5676432940E-13    0.1000000000E+01
    7    0.1369166667E+02    0.3483418059E+00   -0.2322278706E+00    0.1472565692E+00    0.0000000000E+00    0.0000000000E+00    0.0000000000E+00    0.0000000000E+00    0.0000000000E+00    0.0000000000E+00    0.5177383770E-12    0.5177383770E-12    0.1000000000E+01
    8    0.1369166667E+02    0.3483418059E+00   -0.2322278706E+00    0.8637740256E-01    0.0000000000E+00    0.0000000000E+00    0.0000000000E+00    0.0000000000E+00    0.0000000000E+00    0.0000000000E+00    0.2731670579E-10    0.2731670579E-10    0.1000000000E+01
    1    0.1395000000E+02   -0.4644557413E+00   -0.2322278706E+00   -0.1019637325E+00    0.0000000000E+00    0.0000000000E+00    0.0000000000E+00    0.0000000000E+00    0.0000000000E+00    0.0000000000E+00    0.1744875424E-09    0.1744875424E-09    0.1000000000E+01
    2    0.1395000000E+02   -0.4644557413E+00    0.5805696766E+00   -0.3392967759E+00    0.0000000000E+00    0.0000000000E+00    0.0000000000E+00    0.0000000000E+00    0.0000000000E+00    0.0000000000E+00    0.1349831998E-11    0.1349831998E-11    0.1000000000E+01
    3    0.1395000000E+02    0.3483418059E+00    0.5805696766E+00    0.2267391815E+00    0.0000000000E+00    0.0000000000E+00    0.0000000000E+00    0.0000000000E+00    0.0000000000E+00    0.0000000000E+00    0.4585193355E-11    0.4585193355E-11    0.1000000000E+01
    4    0.1395000000E+02   -0.4644557413E+00   -0.2322278706E+00    0.2867794407E+00    0.0000000000E+00    0.0000000000E+00    0.0000000000E+00    0.0000000000E+00    0.0000000000E+00    0.0000000000E+00    0.1004765527E-10    0.1004765527E-10    0.1000000000E+01
    5    0.1395000000E+02    0.3483418059E+00    0.5805696766E+00    0.3250540178E+00    0.0000000000E+00    0.0000000000E+00    0.0000000000E+00    0.0000000000E+00    0.0000000000E+00    0.0000000000E+00    0.2807898305E-11    0.2807898305E-11    0.1000000000E+01
    6    0.1395000000E+02   -0.4644557413E+00    0.5805696766E+00    0.4073492289E+00    0.0000000000E+00    0.0000000000E+00    0.0000000000E+00    0.0000000000E+00    0.0000000000E+00    0.0000000000E+00    0.1117608398E-11    0.1117608398E-11    0.1000000000E+01
    7    0.1395000000E+02   -0.4644557413E+00   -0.2322278706E+00    0.5377184630E+00    0.0000000000E+00    0.0000000000E+00    0.0000000000E+00    0.0000000000E+00    0.0000000000E+00    0.0000000000E+00    0.8172486007E-12    0.8172486007E-12    0.1000000000E+01
    1    0.1420833333E+02   -0.4644557413E+00    0.5805696766E+00   -0.2193624541E+00    0.0000000000E+00    0.0000000000E+00    0.0000000000E+00    0.0000000000E+00    0.0000000000E+00    0.0000000000E+00    0.5381760475E-12    0.5381760475E-12    0.1000000000E+01
    2    0.1420833333E+02   -0.4644557413E+00   -0.2322278706E+00   -0.3616281226E+00    0.0000000000E+00    0.0000000000E+00    0.0000000000E+00    0.0000000000E+00    0.0000000000E+00    0.0000000000E+00    0.1927576939E-11    0.1927576939E-11    0.1000000000E+01
    3    0.1420833333E+02   -0.4644557413E+00    0.5805696766E+00   -0.4022536248E+00    0.0000000000E+00    0.0000000000E+00    0.0000000000E+00    0.0000000000E+00    0.0000000000E+00    0.0000000000E+00    0.3957782386E-12    0.3957782386E-12    0.9999999999E+00
    4    0.1420833333E+02   -0.4644557413E+00    0.5805696766E+00   -0.5181336900E+00    0.0000000000E+00    0.0000000000E+00    0.0000000000E+00    0.0000000000E+00    0.0000000000E+00    0.0000000000E+00    0.6160895056E-12    0.6160895056E-12    0.1000000000E+01
    5    0.1420833333E+02   -0.4644557413E+00   -0.2322278706E+00   -0.4586032853E+00    0.0000000000E+00    0.0000000000E+00    0.0000000000E+00    0.0000000000E+00    0.0000000000E+00    0.0000000000E+00    0.1814646904E-11    0.1814646904E-11    0.1000000000E+01
    1    0.1446666667E+02   -0.4644557413E+00    0.5805696766E+00   -0.2604513854E+00    0.0000000000E+00    0.0000000000E+00    0.0000000000E+00    0.0000000000E+00    0.0000000000E+00    0.0000000000E+00    0.4705719387E-12    0.4705719387E-12    0.1000000000E+01
    2    0.1446666667E+02   -0.4644557413E+00    0.5805696766E+00   -0.1368285186E+00    0.0000000000E+00    0.0000000000E+00    0.0000000000E+00    0.0000000000E+00    0.0000000000E+00    0.0000000000E+00    0.6244644889E-11    0.6244644889E-11    0.1000000000E+01
