    1    0.1291666667E+01    0.0000000000E+00    0.1161139353E+00    0.1093537731E+00    0.0000000000E+00    0.0000000000E+00    0.0000000000E+00    0.0000000000E+00    0.0000000000E+00    0.0000000000E+00    0.2672483568E-13    0.2672483568E-13    0.1000000000E+01
    1    0.1550000000E+01    0.0000000000E+00    0.1161139353E+00    0.1761196787E+00    0.0000000000E+00    0.0000000000E+00    0.0000000000E+00    0.0000000000E+00    0.0000000000E+00    0.0000000000E+00    0.5221551029E-15    0.5221551029E-15    0.1000000000E+01
    1    0.1808333333E+01    0.0000000000E+00    0.1161139353E+00    0.2328453075E+00    0.0000000000E+00    0.0000000000E+00    0.0000000000E+00    0.0000000000E+00    0.0000000000E+00    0.0000000000E+00    0.1919180305E-14    0.1919180305E-14    0.1000000000E+01
    2    0.1808333333E+01    0.0000000000E+00    0.1161139353E+00    0.2320852578E+00    0.0000000000E+00    0.0000000000E+00    0.0000000000E+00    0.0000000000E+00    0.0000000000E+00    0.0000000000E+00    0.1452070615E-17    0.1452070615E-17    0.1000000000E+01
    1    0.2066666667E+01    0.0000000000E+00    0.1161139353E+00    0.2863991761E+00    0.0000000000E+00    0.0000000000E+00    0.0000000000E+00    0.0000000000E+00    0.0000000000E+00    0.0000000000E+00    0.3581563409E-14    0.3581563409E-14    0.1000000000E+01
    2    0.2066666667E+01    0.0000000000E+00    0.1161139353E+00    0.2778541959E+00    0.0000000000E+00    0.0000000000E+00    0.0000000000E+00    0.0000000000E+00    0.0000000000E+00    0.0000000000E+00    0.3111547845E-16    0.3111547845E-16    0.1000000000E+01
    1    0.2325000000E+01    0.0000000000E+00    0.1161139353E+00    0.3392947820E+00    0.0000000000E+00    0.1161139353E+00    0.3392947820E+00   -0.7974625444E-10    0.2131630757E+01    0.6701044896E+01    0.1263946740E-14    0.1263946740E-14    0.1000000000E+01
    2    0.2325000000E+01    0.0000000000E+00    0.1161139353E+00    0.3160580285E+00    0.0000000000E+00    0.0000000000E+00    0.0000000000E+00    0.0000000000E+00    0.0000000000E+00    0.0000000000E+00    0.8014120195E-16    0.8014120195E-16    0.1000000000E+01
    1    0.2583333333E+01    0.0000000000E+00    0.1161139353E+00    0.3930805687E+00    0.0000000000E+00    0.0000000000E+00    0.0000000000E+00    0.0000000000E+00    0.0000000000E+00    0.0000000000E+00    0.6838157244E-16    0.6838157244E-16    0.1000000000E+01
    2    0.2583333333E+01    0.0000000000E+00    0.1161139353E+00    0.3513445662E+00    0.0000000000E+00    0.0000000000E+00    0.0000000000E+00    0.0000000000E+00    0.0000000000E+00    0.0000000000E+00    0.4886967342E-16    0.4886967342E-16    0.1000000000E+01
    1    0.2841666667E+01    0.0000000000E+00    0.1161139353E+00    0.4491628152E+00    0.0000000000E+00    0.0000000000E+00    0.0000000000E+00    0.0000000000E+00    0.0000000000E+00    0.0000000000E+00    0.2343958568E-14    0.2343958568E-14    0.1000000000E+01
    2    0.2841666667E+01    0.0000000000E+00    0.1161139353E+00    0.3854669541E+00    0.0000000000E+00    0.0000000000E+00    0.0000000000E+00    0.0000000000E+00    0.0000000000E+00    0.0000000000E+00    0.4797162124E-18    0.4797162124E-18    0.1000000000E+01
    1    0.3100000000E+01    0.0000000000E+00   -0.6966836119E+00    0.5336819780E+00    0.0000000000E+00    0.0000000000E+00    0.0000000000E+00    0.0000000000E+00    0.0000000000E+00    0.0000000000E+00    0.9273378249E-14    0.9273378249E-14    0.1000000000E+01
    2    0.3100000000E+01    0.0000000000E+00    0.1161139353E+00    0.5093527828E+00    0.0000000000E+00    0.0000000000E+00    0.0000000000E+00    0.0000000000E+00    0.0000000000E+00    0.0000000000E+00    0.9048605922E-14    0.9048605922E-14    0.1000000000E+01
    3    0.3100000000E+01    0.0000000000E+00    0.1161139353E+00    0.5558296295E-01    0.0000000000E+00    0.0000000000E+00    0.0000000000E+00    0.0000000000E+00    0.0000000000E+00    0.0000000000E+00    0.1080930807E-12    0.1080930807E-12    0.1000000000E+01
    4    0.3100000000E+01    0.0000000000E+00   -0.6966836119E+00   -0.3195702948E+00    0.0000000000E+00    0.0000000000E+00    0.0000000000E+00    0.0000000000E+00    0.0000000000E+00    0.0000000000E+00    0.5230482203E-12    0.5230482203E-12    0.1000000000E+01
    5    0.3100000000E+01    0.0000000000E+00    0.1161139353E+00    0.4194209304E+00    0.0000000000E+00    0.0000000000E+00    0.0000000000E+00    0.0000000000E+00    0.0000000000E+00    0.0000000000E+00    0.2647950986E-15    0.2647950987E-15    0.9999999998E+00
    6    0.3100000000E+01    0.0000000000E+00   -0.6966836119E+00    0.4545865390E+00    0.0000000000E+00   -0.6966836119E+00    0.4545865390E+00   -0.1380998846E-13   -0.9029068459E+00   -0.1643048215E+00    0.5191692048E-12    0.5191692048E-12    0.1000000000E+01
    1    0.3358333333E+01    0.0000000000E+00   -0.6966836119E+00   -0.4791294244E+00    0.0000000000E+00    0.0000000000E+00    0.0000000000E+00    0.0000000000E+00    0.0000000000E+00    0.0000000000E+00    0.3016842428E-14    0.3016842428E-14    0.1000000000E+01
    2    0.3358333333E+01    0.0000000000E+00   -0.6966836119E+00   -0.2512761836E+00    0.0000000000E+00    0.0000000000E+00    0.0000000000E+00    0.0000000000E+00    0.0000000000E+00    0.0000000000E+00    0.3545763827E-13    0.3545763827E-13    0.1000000000E+01
    3    0.3358333333E+01    0.0000000000E+00    0.1161139353E+00    0.9856404018E-01    0.0000000000E+00    0.0000000000E+00    0.0000000000E+00    0.0000000000E+00    0.0000000000E+00    0.0000000000E+00    0.2588577817E-13    0.2588577817E-13    0.1000000000E+01
    4    0.3358333333E+01    0.0000000000E+00    0.1161139353E+00    0.4539707082E+00    0.0000000000E+00    0.0000000000E+00    0.0000000000E+00    0.0000000000E+00    0.0000000000E+00    0.0000000000E+00    0.2993349354E-14    0.2993349354E-14    0.1000000000E+01
    5    0.3358333333E+01    0.0000000000E+00   -0.6966836119E+00    0.5258314826E+00    0.0000000000E+00    0.0000000000E+00    0.0000000000E+00    0.0000000000E+00    0.0000000000E+00    0.0000000000E+00    0.3615922078E-13    0.3615922078E-13    0.1000000000E+01
    1    0.3616666667E+01    0.0000000000E+00    0.1161139353E+00   -0.4992503721E+00    0.0000000000E+00    0.0000000000E+00    0.0000000000E+00    0.0000000000E+00    0.0000000000E+00    0.0000000000E+00    0.5495591197E-14    0.5495591205E-14    0.9999999986E+00
    2    0.3616666667E+01    0.8127975472E+00    0.1161139353E+00   -0.3905899408E+00    0.8127975472E+00    0.1161139353E+00   -0.3905899408E+00    0.0000000000E+00    0.0000000000E+00    0.0000000000E+00    0.1648519143E-10    0.1648519143E-10    0.1000000000E+01
    3    0.3616666667E+01    0.0000000000E+00   -0.6966836119E+00   -0.3733725322E+00    0.0000000000E+00    0.0000000000E+00    0.0000000000E+00    0.0000000000E+00    0.0000000000E+00    0.0000000000E+00    0.2182816454E-15    0.2182816523E-15    0.9999999685E+00
    4    0.3616666667E+01    0.8127975472E+00    0.1161139353E+00    0.4749765171E+00    0.8127975472E+00    0.1161139353E+00    0.4749765171E+00    0.0000000000E+00    0.0000000000E+00    0.0000000000E+00    0.1415201520E-10    0.1415201520E-10    0.1000000000E+01
    5    0.3616666667E+01    0.0000000000E+00   -0.6966836119E+00   -0.2031687293E+00    0.0000000000E+00    0.0000000000E+00    0.0000000000E+00    0.0000000000E+00    0.0000000000E+00    0.0000000000E+00    0.1389605066E-15    0.1389605103E-15    0.9999999732E+00
    6    0.3616666667E+01    0.0000000000E+00    0.1161139353E+00    0.1342974822E+00    0.0000000000E+00    0.0000000000E+00    0.0000000000E+00    0.0000000000E+00    0.0000000000E+00    0.0000000000E+00    0.9809003603E-14    0.9809003658E-14    0.9999999944E+00
    7    0.3616666667E+01    0.8127975472E+00    0.1161139353E+00   -0.3611357392E+00    0.8127975472E+00    0.1161139353E+00   -0.3611357392E+00    0.0000000000E+00    0.0000000000E+00    0.0000000000E+00    0.2115584037E-11    0.2115584037E-11    0.1000000000E+01
    8    0.3616666667E+01    0.8127975472E+00    0.1161139353E+00    0.5382627126E+00    0.8127975472E+00    0.1161139353E+00    0.5382627126E+00    0.0000000000E+00    0.0000000000E+00    0.0000000000E+00    0.2466084870E-10    0.2466084870E-10    0.1000000000E+01
    9    0.3616666667E+01    0.0000000000E+00    0.1161139353E+00    0.4898772385E+00    0.0000000000E+00    0.0000000000E+00    0.0000000000E+00    0.0000000000E+00    0.0000000000E+00    0.0000000000E+00    0.4141560593E-14    0.4141560609E-14    0.9999999961E+00
    1    0.3875000000E+01    0.0000000000E+00    0.1161139353E+00   -0.4034055271E+00    0.0000000000E+00    0.0000000000E+00    0.0000000000E+00    0.0000000000E+00    0.0000000000E+00    0.0000000000E+00    0.4173377890E-15    0.4173377890E-15    0.1000000000E+01
    2    0.3875000000E+01    0.0000000000E+00   -0.6966836119E+00   -0.2705629851E+00    0.0000000000E+00    0.0000000000E+00    0.0000000000E+00    0.0000000000E+00    0.0000000000E+00    0.0000000000E+00    0.3724293801E-13    0.3724293801E-13    0.1000000000E+01
    3    0.3875000000E+01    0.8127975472E+00    0.1161139353E+00   -0.2554026003E+00    0.8127975472E+00    0.1161139353E+00   -0.2554026003E+00    0.0000000000E+00    0.0000000000E+00    0.0000000000E+00    0.7549477985E-14    0.7549477985E-14    0.1000000000E+01
    4    0.3875000000E+01    0.0000000000E+00    0.1161139353E+00    0.1675427450E+00    0.0000000000E+00    0.0000000000E+00    0.0000000000E+00    0.0000000000E+00    0.0000000000E+00    0.0000000000E+00    0.2607187888E-14    0.2607188061E-14    0.9999999337E+00
    5    0.3875000000E+01    0.0000000000E+00   -0.6966836119E+00   -0.1608022277E+00    0.0000000000E+00    0.0000000000E+00    0.0000000000E+00    0.0000000000E+00    0.0000000000E+00    0.0000000000E+00    0.7675541685E-14    0.7675541686E-14    0.9999999999E+00
    6    0.3875000000E+01    0.8127975472E+00    0.1161139353E+00   -0.2485900949E+00    0.8127975472E+00    0.1161139353E+00   -0.2485900949E+00    0.0000000000E+00    0.0000000000E+00    0.0000000000E+00    0.5978881425E-14    0.5978881425E-14    0.1000000000E+01
    7    0.3875000000E+01    0.0000000000E+00   -0.6966836119E+00   -0.5295623861E+00    0.0000000000E+00    0.0000000000E+00    0.0000000000E+00    0.0000000000E+00    0.0000000000E+00    0.0000000000E+00    0.8273513779E-14    0.8273513780E-14    0.9999999999E+00
    8    0.3875000000E+01    0.0000000000E+00    0.1161139353E+00    0.5280806306E+00    0.0000000000E+00    0.0000000000E+00    0.0000000000E+00    0.0000000000E+00    0.0000000000E+00    0.0000000000E+00    0.2119660351E-14    0.2119660398E-14    0.9999999776E+00
    1    0.4133333333E+01    0.0000000000E+00    0.1161139353E+00   -0.2607987948E+00    0.0000000000E+00    0.0000000000E+00    0.0000000000E+00    0.0000000000E+00    0.0000000000E+00    0.0000000000E+00    0.1410450317E-12    0.1410450317E-12    0.1000000000E+01
    2    0.4133333333E+01    0.0000000000E+00   -0.6966836119E+00   -0.1433410144E+00    0.0000000000E+00    0.0000000000E+00    0.0000000000E+00    0.0000000000E+00    0.0000000000E+00    0.0000000000E+00    0.3036871245E-12    0.3036871245E-12    0.1000000000E+01
    3    0.4133333333E+01    0.8127975472E+00    0.1161139353E+00   -0.1760036638E+00    0.8127975472E+00    0.1161139353E+00   -0.1760036638E+00    0.0000000000E+00    0.0000000000E+00    0.0000000000E+00    0.2300168261E-14    0.2300168261E-14    0.9999999999E+00
    4    0.4133333333E+01    0.0000000000E+00    0.1161139353E+00    0.1996449010E+00    0.0000000000E+00    0.0000000000E+00    0.0000000000E+00    0.0000000000E+00    0.0000000000E+00    0.0000000000E+00    0.9418179965E-17    0.9418246539E-17    0.9999929314E+00
    5    0.4133333333E+01    0.0000000000E+00   -0.6966836119E+00   -0.4881306271E+00    0.0000000000E+00    0.0000000000E+00    0.0000000000E+00    0.0000000000E+00    0.0000000000E+00    0.0000000000E+00    0.1216188948E-13    0.1216192508E-13    0.9999970730E+00
    6    0.4133333333E+01    0.0000000000E+00    0.1161139353E+00    0.5699665268E+00    0.0000000000E+00    0.0000000000E+00    0.0000000000E+00    0.0000000000E+00    0.0000000000E+00    0.0000000000E+00    0.9279150334E-16    0.9279150699E-16    0.9999999606E+00
    7    0.4133333333E+01    0.0000000000E+00   -0.6966836119E+00   -0.1195698036E+00    0.0000000000E+00    0.0000000000E+00    0.0000000000E+00    0.0000000000E+00    0.0000000000E+00    0.0000000000E+00    0.3374578168E-13    0.3374578420E-13    0.9999999253E+00
    8    0.4133333333E+01    0.8127975472E+00    0.1161139353E+00   -0.1718513610E+00    0.8127975472E+00    0.1161139353E+00   -0.1718513610E+00    0.0000000000E+00    0.0000000000E+00    0.0000000000E+00    0.3568030259E-14    0.3568030259E-14    0.1000000000E+01
    1    0.4391666667E+01    0.8127975472E+00    0.1161139353E+00   -0.4782925550E+00    0.8127975472E+00    0.1161139353E+00   -0.4782925550E+00    0.0000000000E+00    0.0000000000E+00    0.0000000000E+00    0.4373091539E-12    0.4373093089E-12    0.9999996455E+00
    2    0.4391666667E+01    0.8127975472E+00   -0.6966836119E+00    0.2262007915E+00    0.8127975472E+00   -0.6966836119E+00    0.2262007915E+00    0.0000000000E+00    0.0000000000E+00    0.0000000000E+00    0.4805440817E-11    0.4805440817E-11    0.9999999999E+00
    3    0.4391666667E+01    0.0000000000E+00    0.1161139353E+00   -0.5315207711E+00    0.0000000000E+00    0.0000000000E+00    0.0000000000E+00    0.0000000000E+00    0.0000000000E+00    0.0000000000E+00    0.4674247502E-14    0.4674272254E-14    0.9999947046E+00
    4    0.4391666667E+01    0.8127975472E+00    0.1161139353E+00   -0.4759585321E+00    0.8127975472E+00    0.1161139353E+00   -0.4759585321E+00    0.0000000000E+00    0.0000000000E+00    0.0000000000E+00    0.4844092043E-12    0.4844093304E-12    0.9999997397E+00
    5    0.4391666667E+01    0.0000000000E+00   -0.6966836119E+00   -0.4481273278E+00    0.0000000000E+00    0.0000000000E+00    0.0000000000E+00    0.0000000000E+00    0.0000000000E+00    0.0000000000E+00    0.8837369831E-14    0.8838591931E-14    0.9998617314E+00
    6    0.4391666667E+01    0.8127975472E+00   -0.6966836119E+00   -0.9586859700E-01    0.8127975472E+00   -0.6966836119E+00   -0.9586859700E-01    0.0000000000E+00    0.0000000000E+00    0.0000000000E+00    0.4812892289E-11    0.4812892290E-11    0.9999999997E+00
    7    0.4391666667E+01    0.8127975472E+00    0.1161139353E+00   -0.9505291381E-01    0.8127975472E+00    0.1161139353E+00   -0.9505291381E-01    0.0000000000E+00    0.0000000000E+00    0.0000000000E+00    0.3780727521E-12    0.3780727867E-12    0.9999999083E+00
    8    0.4391666667E+01    0.0000000000E+00    0.1161139353E+00    0.2311968337E+00    0.0000000000E+00    0.0000000000E+00    0.0000000000E+00    0.0000000000E+00    0.0000000000E+00    0.0000000000E+00    0.3621410392E-14    0.3621412412E-14    0.9999994423E+00
    9    0.4391666667E+01    0.8127975472E+00   -0.6966836119E+00    0.2443110605E+00    0.8127975472E+00   -0.6966836119E+00    0.2443110605E+00    0.0000000000E+00    0.0000000000E+00    0.0000000000E+00    0.2315563242E-11    0.2315563245E-11    0.9999999986E+00
   10    0.4391666667E+01    0.8127975472E+00    0.1161139353E+00   -0.9202068082E-01    0.8127975472E+00    0.1161139353E+00   -0.9202068082E-01    0.0000000000E+00    0.0000000000E+00    0.0000000000E+00    0.3614601012E-12    0.3614601691E-12    0.9999998122E+00
   11    0.4391666667E+01    0.0000000000E+00   -0.6966836119E+00   -0.7425795909E-01    0.0000000000E+00    0.0000000000E+00    0.0000000000E+00    0.0000000000E+00    0.0000000000E+00    0.0000000000E+00    0.1707080251E-12    0.1707094451E-12    0.9999916820E+00
   12    0.4391666667E+01    0.8127975472E+00   -0.6966836119E+00   -0.7816180100E-01    0.8127975472E+00   -0.6966836119E+00   -0.7816180100E-01    0.0000000000E+00    0.0000000000E+00    0.0000000000E+00    0.2289210891E-11    0.2289210891E-11    0.1000000000E+01
    1    0.4650000000E+01    0.8127975472E+00   -0.6966836119E+00    0.3443502778E+00    0.8127975472E+00   -0.6966836119E+00    0.3443502778E+00    0.0000000000E+00    0.0000000000E+00    0.0000000000E+00    0.6853207328E-14    0.6853207332E-14    0.9999999993E+00
    2    0.4650000000E+01    0.8127975472E+00   -0.6966836119E+00    0.1925084546E-01    0.8127975472E+00   -0.6966836119E+00    0.1925084546E-01    0.0000000000E+00    0.0000000000E+00    0.0000000000E+00    0.2269188166E-12    0.2269188166E-12    0.1000000000E+01
    3    0.4650000000E+01    0.8127975472E+00    0.1161139353E+00   -0.4050368120E+00    0.8127975472E+00    0.1161139353E+00   -0.4050368120E+00    0.0000000000E+00    0.0000000000E+00    0.0000000000E+00    0.2641032067E-14    0.2641032082E-14    0.9999999945E+00
    4    0.4650000000E+01    0.8127975472E+00   -0.6966836119E+00    0.3522614119E+00    0.8127975472E+00   -0.6966836119E+00    0.3522614119E+00    0.0000000000E+00    0.0000000000E+00    0.0000000000E+00    0.6541320162E-14    0.6541320162E-14    0.9999999999E+00
    5    0.4650000000E+01    0.0000000000E+00    0.1161139353E+00    0.2625197699E+00    0.0000000000E+00    0.0000000000E+00    0.0000000000E+00    0.0000000000E+00    0.0000000000E+00    0.0000000000E+00    0.3892344366E-14    0.3892344418E-14    0.9999999865E+00
    6    0.4650000000E+01    0.0000000000E+00    0.1161139353E+00   -0.4722300799E+00    0.0000000000E+00    0.0000000000E+00    0.0000000000E+00    0.0000000000E+00    0.0000000000E+00    0.0000000000E+00    0.2982040373E-13    0.2982040381E-13    0.9999999973E+00
    7    0.4650000000E+01    0.8127975472E+00    0.1161139353E+00   -0.4020590163E+00    0.8127975472E+00    0.1161139353E+00   -0.4020590163E+00    0.0000000000E+00    0.0000000000E+00    0.0000000000E+00    0.2199400235E-14    0.2199400235E-14    0.1000000000E+01
    8    0.4650000000E+01    0.0000000000E+00   -0.6966836119E+00   -0.4084623952E+00    0.0000000000E+00    0.0000000000E+00    0.0000000000E+00    0.0000000000E+00    0.0000000000E+00    0.0000000000E+00    0.1663770637E-15    0.1663770638E-15    0.9999999992E+00
    9    0.4650000000E+01    0.8127975472E+00   -0.6966836119E+00    0.2628222155E-01    0.8127975472E+00   -0.6966836119E+00    0.2628222155E-01    0.0000000000E+00    0.0000000000E+00    0.0000000000E+00    0.1278712055E-12    0.1278712055E-12    0.1000000000E+01
    1    0.4908333333E+01    0.8127975472E+00   -0.6966836119E+00    0.4225292799E+00    0.8127975472E+00   -0.6966836119E+00    0.4225292799E+00    0.0000000000E+00    0.0000000000E+00    0.0000000000E+00    0.6919769631E-13    0.6919769631E-13    0.1000000000E+01
    2    0.4908333333E+01    0.8127975472E+00   -0.6966836119E+00    0.9464195158E-01    0.8127975472E+00   -0.6966836119E+00    0.9464195158E-01    0.0000000000E+00    0.0000000000E+00    0.0000000000E+00    0.5992527085E-13    0.5992527085E-13    0.1000000000E+01
    3    0.4908333333E+01    0.8127975472E+00    0.1161139353E+00   -0.3357265912E+00    0.8127975472E+00    0.1161139353E+00   -0.3357265912E+00    0.0000000000E+00    0.0000000000E+00    0.0000000000E+00    0.3117282914E-14    0.3117282914E-14    0.1000000000E+01
    4    0.4908333333E+01    0.8127975472E+00   -0.6966836119E+00    0.4293301611E+00    0.8127975472E+00   -0.6966836119E+00    0.4293301611E+00    0.0000000000E+00    0.0000000000E+00    0.0000000000E+00    0.9171214889E-13    0.9171214890E-13    0.1000000000E+01
    5    0.4908333333E+01    0.0000000000E+00    0.1161139353E+00    0.2938168373E+00    0.0000000000E+00    0.0000000000E+00    0.0000000000E+00    0.0000000000E+00    0.0000000000E+00    0.0000000000E+00    0.1107878560E-13    0.1107878566E-13    0.9999999950E+00
    6    0.4908333333E+01    0.8127975472E+00    0.1161139353E+00   -0.3321782160E+00    0.8127975472E+00    0.1161139353E+00   -0.3321782160E+00    0.0000000000E+00    0.0000000000E+00    0.0000000000E+00    0.4018982796E-14    0.4018983191E-14    0.9999999018E+00
    7    0.4908333333E+01    0.8127975472E+00   -0.6966836119E+00    0.9957707796E-01    0.8127975472E+00   -0.6966836119E+00    0.9957707796E-01    0.0000000000E+00    0.0000000000E+00    0.0000000000E+00    0.5260011507E-13    0.5260011588E-13    0.9999999845E+00
    8    0.4908333333E+01    0.0000000000E+00    0.1161139353E+00   -0.3847001244E+00    0.0000000000E+00    0.0000000000E+00    0.0000000000E+00    0.0000000000E+00    0.0000000000E+00    0.0000000000E+00    0.1077743692E-13    0.1077743780E-13    0.9999999175E+00
    9    0.4908333333E+01    0.0000000000E+00   -0.6966836119E+00   -0.3683136739E+00    0.0000000000E+00    0.0000000000E+00    0.0000000000E+00    0.0000000000E+00    0.0000000000E+00    0.0000000000E+00    0.1013879335E-15    0.1013879342E-15    0.9999999930E+00
    1    0.5166666667E+01    0.8127975472E+00   -0.6966836119E+00    0.5027030868E+00    0.8127975472E+00   -0.6966836119E+00    0.5027030868E+00    0.0000000000E+00    0.0000000000E+00    0.0000000000E+00    0.8578409624E-12    0.8578409624E-12    0.1000000000E+01
    2    0.5166666667E+01    0.8127975472E+00    0.1161139353E+00   -0.2579337188E+00    0.8127975472E+00    0.1161139353E+00   -0.2579337188E+00    0.0000000000E+00    0.0000000000E+00    0.0000000000E+00    0.2767609781E-15    0.2770674882E-15    0.9988937349E+00
    3    0.5166666667E+01    0.8127975472E+00   -0.6966836119E+00    0.1589772675E+00    0.8127975472E+00   -0.6966836119E+00    0.1589772675E+00    0.0000000000E+00    0.0000000000E+00    0.0000000000E+00    0.4974751237E-13    0.4974751240E-13    0.9999999995E+00
    4    0.5166666667E+01    0.0000000000E+00   -0.6966836119E+00   -0.3268491508E+00    0.0000000000E+00    0.0000000000E+00    0.0000000000E+00    0.0000000000E+00    0.0000000000E+00    0.0000000000E+00    0.2186806228E-14    0.2186807654E-14    0.9999993477E+00
    5    0.5166666667E+01    0.0000000000E+00    0.1161139353E+00    0.3251471321E+00    0.0000000000E+00    0.0000000000E+00    0.0000000000E+00    0.0000000000E+00    0.0000000000E+00    0.0000000000E+00    0.1733348104E-15    0.1733348408E-15    0.9999998246E+00
    6    0.5166666667E+01    0.8127975472E+00   -0.6966836119E+00    0.5121491388E+00    0.8127975472E+00   -0.6966836119E+00    0.5121491388E+00    0.0000000000E+00    0.0000000000E+00    0.0000000000E+00    0.1258093136E-11    0.1258093136E-11    0.1000000000E+01
    7    0.5166666667E+01    0.8127975472E+00   -0.6966836119E+00    0.1630702171E+00    0.8127975472E+00   -0.6966836119E+00    0.1630702171E+00    0.0000000000E+00    0.0000000000E+00    0.0000000000E+00    0.6812512077E-13    0.6812512080E-13    0.9999999995E+00
    8    0.5166666667E+01    0.8127975472E+00    0.1161139353E+00   -0.2531279114E+00    0.8127975472E+00    0.1161139353E+00   -0.2531279114E+00    0.0000000000E+00    0.0000000000E+00    0.0000000000E+00    0.3321697122E-15    0.3321697273E-15    0.9999999547E+00
    1    0.5425000000E+01    0.8127975472E+00    0.1161139353E+00   -0.1292190358E+00    0.8127975472E+00    0.1161139353E+00   -0.1292190358E+00    0.0000000000E+00    0.0000000000E+00    0.0000000000E+00    0.7530869397E-12    0.7530869397E-12    0.1000000000E+01
    2    0.5425000000E+01    0.8127975472E+00   -0.6966836119E+00    0.2213676016E+00    0.8127975472E+00   -0.6966836119E+00    0.2213676016E+00    0.0000000000E+00    0.0000000000E+00    0.0000000000E+00    0.6721320683E-15    0.6721320716E-15    0.9999999951E+00
    3    0.5425000000E+01    0.0000000000E+00   -0.6966836119E+00   -0.2829935957E+00    0.0000000000E+00    0.0000000000E+00    0.0000000000E+00    0.0000000000E+00    0.0000000000E+00    0.0000000000E+00    0.7656566631E-14    0.7656566632E-14    0.9999999999E+00
    4    0.5425000000E+01    0.0000000000E+00    0.1161139353E+00    0.3566889230E+00    0.0000000000E+00    0.0000000000E+00    0.0000000000E+00    0.0000000000E+00    0.0000000000E+00    0.0000000000E+00    0.6128624640E-16    0.6128625073E-16    0.9999999294E+00
    5    0.5425000000E+01    0.8127975472E+00   -0.6966836119E+00    0.2250690346E+00    0.8127975472E+00   -0.6966836119E+00    0.2250690346E+00    0.0000000000E+00    0.0000000000E+00    0.0000000000E+00    0.9040589075E-15    0.9040589096E-15    0.9999999977E+00
    6    0.5425000000E+01    0.8127975472E+00    0.1161139353E+00   -0.1091582465E+00    0.8127975472E+00    0.1161139353E+00   -0.1091582465E+00    0.3992542235E+01   -0.2472623226E+00    0.4384467851E+01    0.4071121671E-11    0.4071121671E-11    0.1000000000E+01
    1    0.5683333333E+01    0.8127975472E+00   -0.6966836119E+00    0.2890765275E+00    0.8127975472E+00   -0.6966836119E+00    0.2890765275E+00    0.0000000000E+00    0.0000000000E+00    0.0000000000E+00    0.9727550723E-14    0.9727550723E-14    0.1000000000E+01
    2    0.5683333333E+01    0.0000000000E+00   -0.6966836119E+00   -0.2350037538E+00    0.0000000000E+00    0.0000000000E+00    0.0000000000E+00    0.0000000000E+00    0.0000000000E+00    0.0000000000E+00    0.8810733583E-14    0.8810733583E-14    0.1000000000E+01
    3    0.5683333333E+01    0.0000000000E+00    0.1161139353E+00    0.3884233095E+00    0.0000000000E+00    0.0000000000E+00    0.0000000000E+00    0.0000000000E+00    0.0000000000E+00    0.0000000000E+00    0.3871213606E-17    0.3871213607E-17    0.9999999998E+00
    4    0.5683333333E+01    0.8127975472E+00   -0.6966836119E+00    0.2928563462E+00    0.8127975472E+00   -0.6966836119E+00    0.2928563462E+00    0.0000000000E+00    0.0000000000E+00    0.0000000000E+00    0.1072891777E-13    0.1072891777E-13    0.1000000000E+01
    1    0.5941666667E+01    0.8127975472E+00   -0.6966836119E+00    0.3874583066E+00    0.8127975472E+00   -0.6966836119E+00    0.3874583066E+00    0.0000000000E+00    0.0000000000E+00    0.0000000000E+00    0.1090020195E-14    0.1090020195E-14    0.9999999999E+00
    2    0.5941666667E+01    0.0000000000E+00   -0.6966836119E+00   -0.1792166897E+00    0.0000000000E+00    0.0000000000E+00    0.0000000000E+00    0.0000000000E+00    0.0000000000E+00    0.0000000000E+00    0.3182516194E-14    0.3182516194E-14    0.1000000000E+01
    3    0.5941666667E+01    0.0000000000E+00    0.1161139353E+00    0.4203686825E+00    0.0000000000E+00    0.0000000000E+00    0.0000000000E+00    0.0000000000E+00    0.0000000000E+00    0.0000000000E+00    0.2413837323E-15    0.2413837345E-15    0.9999999911E+00
    4    0.5941666667E+01    0.8127975472E+00   -0.6966836119E+00    0.3942116234E+00    0.8127975472E+00   -0.6966836119E+00    0.3942116234E+00    0.0000000000E+00    0.0000000000E+00    0.0000000000E+00    0.9852881664E-14    0.9852881664E-14    0.1000000000E+01
    1    0.6200000000E+01    0.0000000000E+00   -0.6966836119E+00   -0.1032612245E+00    0.0000000000E+00    0.0000000000E+00    0.0000000000E+00    0.0000000000E+00    0.0000000000E+00    0.0000000000E+00    0.9125096472E-12    0.9125096472E-12    0.1000000000E+01
    2    0.6200000000E+01    0.0000000000E+00    0.1161139353E+00    0.4525102701E+00    0.0000000000E+00    0.0000000000E+00    0.0000000000E+00    0.0000000000E+00    0.0000000000E+00    0.0000000000E+00    0.8096469583E-15    0.8096469583E-15    0.1000000000E+01
    1    0.6458333333E+01    0.0000000000E+00   -0.6966836119E+00    0.1369760079E-01    0.0000000000E+00    0.0000000000E+00    0.0000000000E+00    0.0000000000E+00    0.0000000000E+00    0.0000000000E+00    0.1439282435E-10    0.1439282435E-10    0.1000000000E+01
    2    0.6458333333E+01    0.0000000000E+00    0.1161139353E+00    0.4848109510E+00    0.0000000000E+00    0.0000000000E+00    0.0000000000E+00    0.0000000000E+00    0.0000000000E+00    0.0000000000E+00    0.1244697308E-14    0.1244697315E-14    0.9999999941E+00
    1    0.6716666667E+01    0.0000000000E+00   -0.6966836119E+00    0.8223402265E-01    0.0000000000E+00    0.0000000000E+00    0.0000000000E+00    0.0000000000E+00    0.0000000000E+00    0.0000000000E+00    0.2467838804E-12    0.2467838804E-12    0.1000000000E+01
    2    0.6716666667E+01    0.0000000000E+00    0.1161139353E+00    0.5172185616E+00    0.0000000000E+00    0.0000000000E+00    0.0000000000E+00    0.0000000000E+00    0.0000000000E+00    0.0000000000E+00    0.1006739900E-14    0.1006739900E-14    0.1000000000E+01
    1    0.6975000000E+01    0.0000000000E+00   -0.6966836119E+00    0.1230024675E+00    0.0000000000E+00    0.0000000000E+00    0.0000000000E+00    0.0000000000E+00    0.0000000000E+00    0.0000000000E+00    0.4928423175E-13    0.4928423193E-13    0.9999999963E+00
    2    0.6975000000E+01    0.0000000000E+00    0.1161139353E+00    0.5496754253E+00    0.0000000000E+00    0.0000000000E+00    0.0000000000E+00    0.0000000000E+00    0.0000000000E+00    0.0000000000E+00    0.2686436108E-15    0.2686436147E-15    0.9999999855E+00
    1    0.7233333333E+01    0.0000000000E+00   -0.6966836119E+00    0.1595083156E+00    0.0000000000E+00    0.0000000000E+00    0.0000000000E+00    0.0000000000E+00    0.0000000000E+00    0.0000000000E+00    0.6414883979E-14    0.6414883979E-14    0.1000000000E+01
    2    0.7233333333E+01    0.0000000000E+00    0.1161139353E+00   -0.5673401215E+00    0.0000000000E+00    0.0000000000E+00    0.0000000000E+00    0.0000000000E+00    0.0000000000E+00    0.0000000000E+00    0.4918091837E-17    0.4918091837E-17    0.1000000000E+01
    1    0.7491666667E+01    0.0000000000E+00    0.1161139353E+00   -0.5349253591E+00    0.0000000000E+00    0.0000000000E+00    0.0000000000E+00    0.0000000000E+00    0.0000000000E+00    0.0000000000E+00    0.8920538230E-15    0.8920538230E-15    0.1000000000E+01
    2    0.7491666667E+01    0.0000000000E+00   -0.6966836119E+00    0.1947048289E+00    0.0000000000E+00    0.0000000000E+00    0.0000000000E+00    0.0000000000E+00    0.0000000000E+00    0.0000000000E+00    0.3655635948E-16    0.3655635948E-16    0.1000000000E+01
    1    0.7750000000E+01    0.0000000000E+00   -0.6966836119E+00    0.2298019710E+00    0.0000000000E+00    0.0000000000E+00    0.0000000000E+00    0.0000000000E+00    0.0000000000E+00    0.0000000000E+00    0.3074037315E-14    0.3074037315E-14    0.1000000000E+01
    2    0.7750000000E+01    0.0000000000E+00    0.1161139353E+00   -0.5025625930E+00    0.0000000000E+00    0.1161139353E+00    0.6469067220E+00    0.9095951503E-10   -0.4745787124E+00    0.9906862576E+01    0.2389653780E-14    0.2389653780E-14    0.1000000000E+01
    1    0.8008333333E+01    0.0000000000E+00    0.1161139353E+00   -0.4702373492E+00    0.0000000000E+00    0.0000000000E+00    0.0000000000E+00    0.0000000000E+00    0.0000000000E+00    0.0000000000E+00    0.3029298566E-14    0.3029298566E-14    0.1000000000E+01
    2    0.8008333333E+01    0.0000000000E+00   -0.6966836119E+00    0.2655503270E+00    0.0000000000E+00    0.0000000000E+00    0.0000000000E+00    0.0000000000E+00    0.0000000000E+00    0.0000000000E+00    0.5657820790E-14    0.5657820792E-14    0.9999999997E+00
    1    0.8266666667E+01    0.0000000000E+00   -0.6966836119E+00    0.3025854520E+00    0.0000000000E+00    0.0000000000E+00    0.0000000000E+00    0.0000000000E+00    0.0000000000E+00    0.0000000000E+00    0.4821078076E-14    0.4821078076E-14    0.1000000000E+01
    2    0.8266666667E+01    0.0000000000E+00    0.1161139353E+00   -0.4379084269E+00    0.0000000000E+00    0.0000000000E+00    0.0000000000E+00    0.0000000000E+00    0.0000000000E+00    0.0000000000E+00    0.2063824515E-14    0.2063824515E-14    0.1000000000E+01
    1    0.8525000000E+01    0.8127975472E+00    0.1161139353E+00    0.9996492242E-01    0.8127975472E+00    0.1161139353E+00    0.9996492242E-01    0.0000000000E+00    0.0000000000E+00    0.0000000000E+00    0.1583750140E-11    0.1583750140E-11    0.1000000000E+01
    2    0.8525000000E+01    0.0000000000E+00    0.1161139353E+00   -0.4055107767E+00    0.0000000000E+00    0.0000000000E+00    0.0000000000E+00    0.0000000000E+00    0.0000000000E+00    0.0000000000E+00    0.4686695611E-15    0.4686695611E-15    0.1000000000E+01
    3    0.8525000000E+01    0.0000000000E+00   -0.6966836119E+00    0.3415946534E+00    0.0000000000E+00    0.0000000000E+00    0.0000000000E+00    0.0000000000E+00    0.0000000000E+00    0.0000000000E+00    0.1781834735E-14    0.1781834735E-14    0.1000000000E+01
    4    0.8525000000E+01    0.8127975472E+00    0.1161139353E+00    0.1053509500E+00    0.8127975472E+00    0.1161139353E+00    0.1053509500E+00    0.0000000000E+00    0.0000000000E+00    0.0000000000E+00    0.1224544415E-11    0.1224544415E-11    0.1000000000E+01
    1    0.8783333333E+01    0.8127975472E+00    0.1161139353E+00    0.1744355554E+00    0.8127975472E+00    0.1161139353E+00    0.1744355554E+00    0.0000000000E+00    0.0000000000E+00    0.0000000000E+00    0.1096941830E-13    0.1096941830E-13    0.1000000000E+01
    2    0.8783333333E+01    0.0000000000E+00    0.1161139353E+00   -0.3729594326E+00    0.0000000000E+00    0.0000000000E+00    0.0000000000E+00    0.0000000000E+00    0.0000000000E+00    0.0000000000E+00    0.1086517408E-15    0.1086517415E-15    0.9999999941E+00
    3    0.8783333333E+01    0.0000000000E+00   -0.6966836119E+00    0.3834729372E+00    0.0000000000E+00    0.0000000000E+00    0.0000000000E+00    0.0000000000E+00    0.0000000000E+00    0.0000000000E+00    0.1170612184E-18    0.1170612195E-18    0.9999999909E+00
    4    0.8783333333E+01    0.8127975472E+00    0.1161139353E+00    0.1776376967E+00    0.8127975472E+00    0.1161139353E+00    0.1776376967E+00    0.0000000000E+00    0.0000000000E+00    0.0000000000E+00    0.6618807004E-14    0.6618807005E-14    0.1000000000E+01
    1    0.9041666667E+01    0.8127975472E+00    0.1161139353E+00    0.2315453920E+00    0.8127975472E+00    0.1161139353E+00    0.2315453920E+00    0.0000000000E+00    0.0000000000E+00    0.0000000000E+00    0.1355145688E-13    0.1355145689E-13    0.9999999994E+00
    2    0.9041666667E+01    0.0000000000E+00    0.1161139353E+00   -0.3401530986E+00    0.0000000000E+00    0.0000000000E+00    0.0000000000E+00    0.0000000000E+00    0.0000000000E+00    0.0000000000E+00    0.1766830826E-14    0.1766830826E-14    0.1000000000E+01
    3    0.9041666667E+01    0.0000000000E+00   -0.6966836119E+00    0.4295788090E+00    0.0000000000E+00    0.0000000000E+00    0.0000000000E+00    0.0000000000E+00    0.0000000000E+00    0.0000000000E+00    0.2286617561E-14    0.2286617578E-14    0.9999999926E+00
    4    0.9041666667E+01    0.8127975472E+00    0.1161139353E+00    0.2340449377E+00    0.8127975472E+00    0.1161139353E+00    0.2340449377E+00    0.0000000000E+00    0.0000000000E+00    0.0000000000E+00    0.1394536869E-13    0.1394536869E-13    0.1000000000E+01
    1    0.9300000000E+01    0.8127975472E+00    0.1161139353E+00    0.2832823217E+00    0.8127975472E+00    0.1161139353E+00    0.2832823217E+00    0.0000000000E+00    0.0000000000E+00    0.0000000000E+00    0.1201463061E-13    0.1201463061E-13    0.1000000000E+01
    2    0.9300000000E+01    0.8127975472E+00    0.1161139353E+00    0.2854301913E+00    0.8127975472E+00    0.1161139353E+00    0.2854301913E+00    0.0000000000E+00    0.0000000000E+00    0.0000000000E+00    0.1149240833E-13    0.1149240887E-13    0.9999999536E+00
    3    0.9300000000E+01    0.0000000000E+00   -0.6966836119E+00    0.4823350495E+00    0.0000000000E+00    0.0000000000E+00    0.0000000000E+00    0.0000000000E+00    0.0000000000E+00    0.0000000000E+00    0.6653660339E-14    0.6653660462E-14    0.9999999814E+00
    4    0.9300000000E+01    0.0000000000E+00    0.1161139353E+00   -0.3069765527E+00    0.0000000000E+00    0.0000000000E+00    0.0000000000E+00    0.0000000000E+00    0.0000000000E+00    0.0000000000E+00    0.4063487279E-14    0.4063487281E-14    0.9999999995E+00
    1    0.9558333333E+01    0.8127975472E+00    0.1161139353E+00    0.3337544760E+00    0.8127975472E+00    0.1161139353E+00    0.3337544760E+00    0.0000000000E+00    0.0000000000E+00    0.0000000000E+00    0.4841466990E-14    0.4841466991E-14    0.1000000000E+01
    2    0.9558333333E+01    0.0000000000E+00    0.1161139353E+00   -0.2733014621E+00    0.0000000000E+00    0.0000000000E+00    0.0000000000E+00    0.0000000000E+00    0.0000000000E+00    0.0000000000E+00    0.4613973619E-14    0.4613973657E-14    0.9999999918E+00
    3    0.9558333333E+01    0.8127975472E+00    0.1161139353E+00    0.3357240808E+00    0.8127975472E+00    0.1161139353E+00    0.3357240808E+00    0.0000000000E+00    0.0000000000E+00    0.0000000000E+00    0.4786183240E-14    0.4786183241E-14    0.9999999997E+00
    4    0.9558333333E+01    0.0000000000E+00   -0.6966836119E+00    0.5472066843E+00    0.0000000000E+00    0.0000000000E+00    0.0000000000E+00    0.0000000000E+00    0.0000000000E+00    0.0000000000E+00    0.8306749442E-14    0.8306749451E-14    0.9999999989E+00
    1    0.9816666667E+01    0.8127975472E+00   -0.6966836119E+00   -0.3247507371E+00    0.8127975472E+00   -0.6966836119E+00   -0.3247507371E+00    0.0000000000E+00    0.0000000000E+00    0.0000000000E+00    0.1599709117E-12    0.1599709117E-12    0.1000000000E+01
    2    0.9816666667E+01    0.8127975472E+00    0.1161139353E+00    0.3859660308E+00    0.8127975472E+00    0.1161139353E+00    0.3859660308E+00    0.0000000000E+00    0.0000000000E+00    0.0000000000E+00    0.8162637376E-16    0.8162637387E-16    0.9999999987E+00
    3    0.9816666667E+01    0.0000000000E+00   -0.6966836119E+00    0.2524084571E+00    0.0000000000E+00    0.9289114825E+00    0.2524084571E+00   -0.4762764701E-11    0.2122156096E+01    0.5075320477E+01    0.3856771608E-11    0.3856771608E-11    0.1000000000E+01
    4    0.9816666667E+01    0.0000000000E+00    0.1161139353E+00   -0.2389854344E+00    0.0000000000E+00    0.0000000000E+00    0.0000000000E+00    0.0000000000E+00    0.0000000000E+00    0.0000000000E+00    0.2607154934E-14    0.2607154941E-14    0.9999999973E+00
    5    0.9816666667E+01    0.8127975472E+00    0.1161139353E+00    0.3879111874E+00    0.8127975472E+00    0.1161139353E+00    0.3879111874E+00    0.0000000000E+00    0.0000000000E+00    0.0000000000E+00    0.2534288935E-15    0.2534288936E-15    0.9999999997E+00
    6    0.9816666667E+01    0.0000000000E+00   -0.6966836119E+00   -0.5042160511E+00    0.0000000000E+00    0.0000000000E+00    0.0000000000E+00    0.0000000000E+00    0.0000000000E+00    0.0000000000E+00    0.3796703117E-11    0.3796703117E-11    0.1000000000E+01
    7    0.9816666667E+01    0.8127975472E+00   -0.6966836119E+00   -0.3227096198E+00    0.8127975472E+00   -0.6966836119E+00   -0.3227096198E+00    0.0000000000E+00    0.0000000000E+00    0.0000000000E+00    0.1668539459E-12    0.1668539459E-12    0.1000000000E+01
    1    0.1007500000E+02    0.8127975472E+00    0.1161139353E+00    0.4446200264E+00    0.8127975472E+00    0.1161139353E+00    0.4446200264E+00    0.0000000000E+00    0.0000000000E+00    0.0000000000E+00    0.2159969855E-12    0.2159969855E-12    0.1000000000E+01
    2    0.1007500000E+02    0.8127975472E+00   -0.6966836119E+00   -0.2276453332E+00    0.8127975472E+00   -0.6966836119E+00   -0.2276453332E+00    0.0000000000E+00    0.0000000000E+00    0.0000000000E+00    0.1203189344E-12    0.1203189344E-12    0.9999999999E+00
    3    0.1007500000E+02    0.8127975472E+00    0.1161139353E+00    0.4468398052E+00    0.8127975472E+00    0.1161139353E+00    0.4468398052E+00    0.0000000000E+00    0.0000000000E+00    0.0000000000E+00    0.2480944936E-12    0.2480944936E-12    0.1000000000E+01
    4    0.1007500000E+02    0.0000000000E+00    0.1161139353E+00   -0.2038691288E+00    0.0000000000E+00    0.0000000000E+00    0.0000000000E+00    0.0000000000E+00    0.0000000000E+00    0.0000000000E+00    0.2351971571E-15    0.2351971572E-15    0.9999999996E+00
    5    0.1007500000E+02    0.8127975472E+00   -0.6966836119E+00   -0.2260137684E+00    0.8127975472E+00   -0.6966836119E+00   -0.2260137684E+00    0.0000000000E+00    0.0000000000E+00    0.0000000000E+00    0.1133954898E-12    0.1133954902E-12    0.9999999969E+00
    1    0.1033333333E+02    0.8127975472E+00    0.1161139353E+00    0.5336212170E+00    0.8127975472E+00    0.1161139353E+00    0.5336212170E+00    0.0000000000E+00    0.0000000000E+00    0.0000000000E+00    0.1816605683E-10    0.1816605683E-10    0.1000000000E+01
    2    0.1033333333E+02    0.8127975472E+00   -0.6966836119E+00   -0.1215279489E+00    0.8127975472E+00   -0.6966836119E+00   -0.1215279489E+00    0.0000000000E+00    0.0000000000E+00    0.0000000000E+00    0.2989690636E-11    0.2989690636E-11    0.1000000000E+01
    3    0.1033333333E+02    0.8127975472E+00    0.1161139353E+00    0.5396444846E+00    0.8127975472E+00    0.1161139353E+00    0.5396444846E+00    0.0000000000E+00    0.0000000000E+00    0.0000000000E+00    0.2644014006E-10    0.2644014006E-10    0.1000000000E+01
    4    0.1033333333E+02    0.0000000000E+00    0.1161139353E+00   -0.1677710320E+00    0.0000000000E+00    0.0000000000E+00    0.0000000000E+00    0.0000000000E+00    0.0000000000E+00    0.0000000000E+00    0.9738741642E-15    0.9738741666E-15    0.9999999976E+00
    5    0.1033333333E+02    0.8127975472E+00   -0.6966836119E+00   -0.1193148097E+00    0.8127975472E+00   -0.6966836119E+00   -0.1193148097E+00    0.0000000000E+00    0.0000000000E+00    0.0000000000E+00    0.3304310007E-11    0.3304310009E-11    0.9999999995E+00
    1    0.1059166667E+02    0.0000000000E+00    0.1161139353E+00   -0.1304788858E+00    0.0000000000E+00    0.0000000000E+00    0.0000000000E+00    0.0000000000E+00    0.0000000000E+00    0.0000000000E+00    0.5903026445E-14    0.5903026445E-14    0.1000000000E+01
    1    0.1085000000E+02    0.8127975472E+00   -0.6966836119E+00   -0.5657046660E+00    0.8127975472E+00   -0.6966836119E+00   -0.5657046660E+00    0.0000000000E+00    0.0000000000E+00    0.0000000000E+00    0.6100661216E-09    0.6100661216E-09    0.1000000000E+01
    2    0.1085000000E+02    0.0000000000E+00    0.1161139353E+00   -0.9173472681E-01    0.0000000000E+00    0.0000000000E+00    0.0000000000E+00    0.0000000000E+00    0.0000000000E+00    0.0000000000E+00    0.1261763359E-13    0.1261763359E-13    0.1000000000E+01
    1    0.1110833333E+02    0.8127975472E+00   -0.6966836119E+00   -0.4445919098E+00    0.8127975472E+00   -0.6966836119E+00   -0.4445919098E+00    0.0000000000E+00    0.0000000000E+00    0.0000000000E+00    0.4093180708E-12    0.4093180724E-12    0.9999999959E+00
    2    0.1110833333E+02    0.0000000000E+00   -0.6966836119E+00    0.1370079614E+00    0.0000000000E+00    0.0000000000E+00    0.0000000000E+00    0.0000000000E+00    0.0000000000E+00    0.0000000000E+00    0.1432089379E-11    0.1432089380E-11    0.9999999993E+00
    3    0.1110833333E+02    0.0000000000E+00    0.1161139353E+00   -0.5119698665E-01    0.0000000000E+00    0.0000000000E+00    0.0000000000E+00    0.0000000000E+00    0.0000000000E+00    0.0000000000E+00    0.2308144484E-13    0.2308570476E-13    0.9998154735E+00
    4    0.1110833333E+02    0.8127975472E+00   -0.6966836119E+00   -0.4468946235E+00    0.8127975472E+00   -0.6966836119E+00   -0.4468946235E+00    0.0000000000E+00    0.0000000000E+00    0.0000000000E+00    0.4651210104E-12    0.4651210104E-12    0.9999999999E+00
    1    0.1136666667E+02    0.8127975472E+00   -0.6966836119E+00   -0.3768254406E+00    0.8127975472E+00   -0.6966836119E+00   -0.3768254406E+00    0.0000000000E+00    0.0000000000E+00    0.0000000000E+00    0.9957249373E-15    0.9957249373E-15    0.1000000000E+01
    2    0.1136666667E+02    0.0000000000E+00   -0.6966836119E+00    0.2405581110E+00    0.0000000000E+00    0.0000000000E+00    0.0000000000E+00    0.0000000000E+00    0.0000000000E+00    0.0000000000E+00    0.8376423478E-13    0.8376423478E-13    0.1000000000E+01
    3    0.1136666667E+02    0.8127975472E+00   -0.6966836119E+00   -0.3789302387E+00    0.8127975472E+00   -0.6966836119E+00   -0.3789302387E+00    0.0000000000E+00    0.0000000000E+00    0.0000000000E+00    0.4715387625E-15    0.4715387625E-15    0.1000000000E+01
    4    0.1136666667E+02    0.0000000000E+00    0.1161139353E+00   -0.7727315861E-02    0.0000000000E+00    0.0000000000E+00    0.0000000000E+00    0.0000000000E+00    0.0000000000E+00    0.0000000000E+00    0.5866173348E-12    0.5866173348E-12    0.1000000000E+01
    1    0.1162500000E+02    0.8127975472E+00   -0.6966836119E+00   -0.3135133052E+00    0.8127975472E+00   -0.6966836119E+00   -0.3135133052E+00    0.0000000000E+00    0.0000000000E+00    0.0000000000E+00    0.3288475922E-13    0.3288475922E-13    0.1000000000E+01
    2    0.1162500000E+02    0.8127975472E+00   -0.6966836119E+00   -0.3158033967E+00    0.8127975472E+00   -0.6966836119E+00   -0.3158033967E+00    0.0000000000E+00    0.0000000000E+00    0.0000000000E+00    0.3230600913E-13    0.3230600915E-13    0.9999999994E+00
    3    0.1162500000E+02    0.0000000000E+00   -0.6966836119E+00    0.3207695646E+00    0.0000000000E+00    0.0000000000E+00    0.0000000000E+00    0.0000000000E+00    0.0000000000E+00    0.0000000000E+00    0.1916717992E-13    0.1916717992E-13    0.1000000000E+01
    4    0.1162500000E+02    0.0000000000E+00    0.1161139353E+00    0.3629366783E-01    0.0000000000E+00    0.0000000000E+00    0.0000000000E+00    0.0000000000E+00    0.0000000000E+00    0.0000000000E+00    0.4381433630E-13    0.4381433634E-13    0.9999999991E+00
    1    0.1188333333E+02    0.8127975472E+00    0.1161139353E+00   -0.4401664228E+00    0.8127975472E+00    0.1161139353E+00   -0.4401664228E+00    0.0000000000E+00    0.0000000000E+00    0.0000000000E+00    0.1074944209E-11    0.1074944209E-11    0.1000000000E+01
    2    0.1188333333E+02    0.8127975472E+00   -0.6966836119E+00   -0.2474816602E+00    0.8127975472E+00   -0.6966836119E+00   -0.2474816602E+00    0.0000000000E+00    0.0000000000E+00    0.0000000000E+00    0.5314769104E-13    0.5314769104E-13    0.1000000000E+01
    3    0.1188333333E+02    0.0000000000E+00   -0.6966836119E+00    0.3923524515E+00    0.0000000000E+00    0.0000000000E+00    0.0000000000E+00    0.0000000000E+00    0.0000000000E+00    0.0000000000E+00    0.9037229896E-16    0.9037229902E-16    0.9999999993E+00
    4    0.1188333333E+02    0.0000000000E+00    0.1161139353E+00    0.8511010254E-01    0.0000000000E+00    0.0000000000E+00    0.0000000000E+00    0.0000000000E+00    0.0000000000E+00    0.0000000000E+00    0.1700207745E-13    0.1700207745E-13    0.1000000000E+01
    5    0.1188333333E+02    0.8127975472E+00    0.1161139353E+00   -0.4486854038E+00    0.8127975472E+00    0.1161139353E+00   -0.4486854038E+00    0.0000000000E+00    0.0000000000E+00    0.0000000000E+00    0.1711715834E-11    0.1711715834E-11    0.1000000000E+01
    6    0.1188333333E+02    0.8127975472E+00   -0.6966836119E+00   -0.2502773282E+00    0.8127975472E+00   -0.6966836119E+00   -0.2502773282E+00    0.0000000000E+00    0.0000000000E+00    0.0000000000E+00    0.5339499702E-13    0.5339499702E-13    0.1000000000E+01
    1    0.1214166667E+02    0.8127975472E+00    0.1161139353E+00   -0.2741833754E+00    0.8127975472E+00    0.1161139353E+00   -0.2741833754E+00    0.0000000000E+00    0.0000000000E+00    0.0000000000E+00    0.1052421829E-11    0.1052421829E-11    0.1000000000E+01
    2    0.1214166667E+02    0.8127975472E+00   -0.6966836119E+00   -0.1703702873E+00    0.8127975472E+00   -0.6966836119E+00   -0.1703702873E+00    0.0000000000E+00    0.0000000000E+00    0.0000000000E+00    0.6538015935E-13    0.6538015935E-13    0.1000000000E+01
    3    0.1214166667E+02    0.0000000000E+00   -0.6966836119E+00    0.4605096946E+00    0.0000000000E+00    0.0000000000E+00    0.0000000000E+00    0.0000000000E+00    0.0000000000E+00    0.0000000000E+00    0.8725047501E-16    0.8725047503E-16    0.9999999997E+00
    4    0.1214166667E+02    0.0000000000E+00    0.1161139353E+00    0.1383053538E+00    0.0000000000E+00    0.0000000000E+00    0.0000000000E+00    0.0000000000E+00    0.0000000000E+00    0.0000000000E+00    0.4476011134E-14    0.4476011570E-14    0.9999999024E+00
    5    0.1214166667E+02    0.8127975472E+00    0.1161139353E+00   -0.2900988947E+00    0.8127975472E+00    0.1161139353E+00   -0.2900988947E+00    0.0000000000E+00    0.0000000000E+00    0.0000000000E+00    0.6278208398E-12    0.6278208398E-12    0.1000000000E+01
    6    0.1214166667E+02    0.8127975472E+00   -0.6966836119E+00   -0.1744446856E+00    0.8127975472E+00   -0.6966836119E+00   -0.1744446856E+00    0.0000000000E+00    0.0000000000E+00    0.0000000000E+00    0.3784165432E-13    0.3784165432E-13    0.1000000000E+01
    1    0.1240000000E+02    0.8127975472E+00   -0.6966836119E+00   -0.2492580079E-01    0.8127975472E+00   -0.6966836119E+00   -0.2492580079E-01    0.0000000000E+00    0.0000000000E+00    0.0000000000E+00    0.3394257759E-09    0.3394257759E-09    0.1000000000E+01
    2    0.1240000000E+02    0.0000000000E+00   -0.6966836119E+00    0.5287873739E+00    0.0000000000E+00    0.0000000000E+00    0.0000000000E+00    0.0000000000E+00    0.0000000000E+00    0.0000000000E+00    0.6832964786E-15    0.6832964787E-15    0.9999999999E+00
    3    0.1240000000E+02    0.8127975472E+00   -0.6966836119E+00   -0.4626942206E-01    0.8127975472E+00   -0.6966836119E+00   -0.4626942206E-01    0.0000000000E+00    0.0000000000E+00    0.0000000000E+00    0.8042364134E-10    0.8042364134E-10    0.1000000000E+01
    4    0.1240000000E+02    0.0000000000E+00    0.1161139353E+00    0.1975588251E+00    0.0000000000E+00    0.0000000000E+00    0.0000000000E+00    0.0000000000E+00    0.0000000000E+00    0.0000000000E+00    0.2550523403E-16    0.2550524676E-16    0.9999995009E+00
    1    0.1265833333E+02    0.0000000000E+00    0.1161139353E+00    0.2651918094E+00    0.0000000000E+00    0.0000000000E+00    0.0000000000E+00    0.0000000000E+00    0.0000000000E+00    0.0000000000E+00    0.2154854016E-16    0.2154854045E-16    0.9999999863E+00
    2    0.1265833333E+02    0.0000000000E+00   -0.6966836119E+00   -0.5487191110E+00    0.0000000000E+00    0.0000000000E+00    0.0000000000E+00    0.0000000000E+00    0.0000000000E+00    0.0000000000E+00    0.2093167751E-14    0.2093167752E-14    0.9999999994E+00
    1    0.1291666667E+02    0.0000000000E+00   -0.6966836119E+00   -0.4679048925E+00    0.0000000000E+00    0.0000000000E+00    0.0000000000E+00    0.0000000000E+00    0.0000000000E+00    0.0000000000E+00    0.2057867338E-13    0.2057867338E-13    0.1000000000E+01
    2    0.1291666667E+02    0.0000000000E+00    0.1161139353E+00    0.3435394002E+00    0.0000000000E+00    0.0000000000E+00    0.0000000000E+00    0.0000000000E+00    0.0000000000E+00    0.0000000000E+00    0.3705389706E-14    0.3705389706E-14    0.1000000000E+01
    1    0.1317500000E+02    0.0000000000E+00    0.1161139353E+00    0.4315034553E+00    0.0000000000E+00    0.0000000000E+00    0.0000000000E+00    0.0000000000E+00    0.0000000000E+00    0.0000000000E+00    0.2448783429E-13    0.2448783429E-13    0.1000000000E+01
    2    0.1317500000E+02    0.0000000000E+00   -0.6966836119E+00   -0.3667296734E+00    0.0000000000E+00    0.0000000000E+00    0.0000000000E+00    0.0000000000E+00    0.0000000000E+00    0.0000000000E+00    0.1055892045E-13    0.1055892045E-13    0.1000000000E+01
    1    0.1343333333E+02    0.0000000000E+00   -0.6966836119E+00    0.7473870834E-01    0.0000000000E+00    0.0000000000E+00    0.0000000000E+00    0.0000000000E+00    0.0000000000E+00    0.0000000000E+00    0.1608392534E-09    0.1608392534E-09    0.1000000000E+01
    2    0.1343333333E+02    0.0000000000E+00    0.1161139353E+00    0.3379033996E+00    0.0000000000E+00    0.0000000000E+00    0.0000000000E+00    0.0000000000E+00    0.0000000000E+00    0.0000000000E+00    0.4615756038E-12    0.4615756038E-12    0.1000000000E+01
    3    0.1343333333E+02    0.8127975472E+00   -0.6966836119E+00    0.4105283101E+00    0.8127975472E+00   -0.6966836119E+00    0.4105283101E+00    0.0000000000E+00    0.0000000000E+00    0.0000000000E+00    0.6401739946E-11    0.6401739946E-11    0.1000000000E+01
    4    0.1343333333E+02    0.0000000000E+00   -0.6966836119E+00   -0.1850368009E+00    0.0000000000E+00    0.0000000000E+00    0.0000000000E+00    0.0000000000E+00    0.0000000000E+00    0.0000000000E+00    0.1582482656E-12    0.1582482656E-12    0.1000000000E+01
    5    0.1343333333E+02    0.8127975472E+00   -0.6966836119E+00    0.3854737636E+00    0.8127975472E+00   -0.6966836119E+00    0.3854737636E+00    0.0000000000E+00    0.0000000000E+00    0.0000000000E+00    0.2813167175E-13    0.2813167175E-13    0.1000000000E+01
    6    0.1343333333E+02    0.0000000000E+00    0.1161139353E+00    0.5224261040E+00    0.0000000000E+00    0.0000000000E+00    0.0000000000E+00    0.0000000000E+00    0.0000000000E+00    0.0000000000E+00    0.7053074932E-13    0.7053074932E-13    0.1000000000E+01
    1    0.1369166667E+02    0.0000000000E+00    0.1161139353E+00    0.5133748548E+00    0.0000000000E+00    0.0000000000E+00    0.0000000000E+00    0.0000000000E+00    0.0000000000E+00    0.0000000000E+00    0.1200931467E-12    0.1200931467E-12    0.1000000000E+01
    2    0.1369166667E+02    0.0000000000E+00   -0.6966836119E+00    0.2896672575E+00    0.0000000000E+00    0.0000000000E+00    0.0000000000E+00    0.0000000000E+00    0.0000000000E+00    0.0000000000E+00    0.8895074885E-12    0.8895074885E-12    0.1000000000E+01
    3    0.1369166667E+02    0.8127975472E+00   -0.6966836119E+00    0.2892008621E+00    0.8127975472E+00   -0.6966836119E+00    0.2892008621E+00    0.0000000000E+00    0.0000000000E+00    0.0000000000E+00    0.1274206664E-10    0.1274206664E-10    0.1000000000E+01
    4    0.1369166667E+02    0.0000000000E+00    0.1161139353E+00   -0.5378725112E+00    0.0000000000E+00    0.1161139353E+00    0.6115968038E+00    0.3637335751E-13    0.3483510770E+00   -0.2149124162E+01    0.8635451154E-13    0.8635451154E-13    0.1000000000E+01
    5    0.1369166667E+02    0.8127975472E+00   -0.6966836119E+00    0.2756737394E+00    0.8127975472E+00   -0.6966836119E+00    0.2756737394E+00    0.0000000000E+00    0.0000000000E+00    0.0000000000E+00    0.8646654731E-11    0.8646654731E-11    0.1000000000E+01
    6    0.1369166667E+02    0.0000000000E+00    0.1161139353E+00    0.2553445020E+00    0.0000000000E+00    0.0000000000E+00    0.0000000000E+00    0.0000000000E+00    0.0000000000E+00    0.0000000000E+00    0.2556092634E-11    0.2556092634E-11    0.1000000000E+01
    1    0.1395000000E+02    0.8127975472E+00    0.1161139353E+00    0.1405967354E+00    0.8127975472E+00    0.1161139353E+00    0.1405967354E+00    0.0000000000E+00    0.0000000000E+00    0.0000000000E+00    0.3416640975E-10    0.3416640975E-10    0.1000000000E+01
    2    0.1395000000E+02    0.0000000000E+00    0.1161139353E+00   -0.5141051215E+00    0.0000000000E+00    0.0000000000E+00    0.0000000000E+00    0.0000000000E+00    0.0000000000E+00    0.0000000000E+00    0.2458907260E-12    0.2458907260E-12    0.1000000000E+01
    3    0.1395000000E+02    0.8127975472E+00    0.1161139353E+00    0.4592561750E+00    0.8127975472E+00    0.1161139353E+00    0.4592561750E+00    0.0000000000E+00    0.0000000000E+00    0.0000000000E+00    0.2531378579E-10    0.2531378579E-10    0.1000000000E+01
    4    0.1395000000E+02    0.0000000000E+00   -0.6966836119E+00    0.4558086221E+00    0.0000000000E+00    0.0000000000E+00    0.0000000000E+00    0.0000000000E+00    0.0000000000E+00    0.0000000000E+00    0.9527560464E-13    0.9527560464E-13    0.1000000000E+01
    5    0.1395000000E+02    0.8127975472E+00    0.1161139353E+00    0.1194023058E+00    0.8127975472E+00    0.1161139353E+00    0.1194023058E+00    0.0000000000E+00    0.0000000000E+00    0.0000000000E+00    0.8393836917E-10    0.8393836917E-10    0.1000000000E+01
    6    0.1395000000E+02    0.0000000000E+00    0.1161139353E+00   -0.4486637144E+00    0.0000000000E+00    0.0000000000E+00    0.0000000000E+00    0.0000000000E+00    0.0000000000E+00    0.0000000000E+00    0.1042963422E-11    0.1042963446E-11    0.9999999764E+00
    7    0.1395000000E+02    0.8127975472E+00    0.1161139353E+00    0.4473277725E+00    0.8127975472E+00    0.1161139353E+00    0.4473277725E+00    0.0000000000E+00    0.0000000000E+00    0.0000000000E+00    0.1680232597E-10    0.1680232597E-10    0.1000000000E+01
    8    0.1395000000E+02    0.0000000000E+00    0.1161139353E+00    0.4189096015E+00    0.0000000000E+00    0.0000000000E+00    0.0000000000E+00    0.0000000000E+00    0.0000000000E+00    0.0000000000E+00    0.1058216738E-11    0.1058216742E-11    0.9999999955E+00
    1    0.1420833333E+02    0.0000000000E+00    0.1161139353E+00   -0.4036047859E+00    0.0000000000E+00    0.1161139353E+00   -0.4036047859E+00   -0.2326161829E-10   -0.3266123895E-01    0.2710380500E+01    0.2848248354E-13    0.2848248354E-13    0.1000000000E+01
    2    0.1420833333E+02    0.0000000000E+00    0.1161139353E+00   -0.3543232492E+00    0.0000000000E+00    0.0000000000E+00    0.0000000000E+00    0.0000000000E+00    0.0000000000E+00    0.0000000000E+00    0.4550287498E-12    0.4550287498E-12    0.1000000000E+01
    3    0.1420833333E+02    0.0000000000E+00    0.1161139353E+00    0.5533217299E+00    0.0000000000E+00    0.0000000000E+00    0.0000000000E+00    0.0000000000E+00    0.0000000000E+00    0.0000000000E+00    0.3718786816E-12    0.3718786816E-12    0.1000000000E+01
    1    0.1446666667E+02    0.0000000000E+00    0.1161139353E+00   -0.2867343673E+00    0.0000000000E+00    0.0000000000E+00    0.0000000000E+00    0.0000000000E+00    0.0000000000E+00    0.0000000000E+00    0.9794709174E-12    0.9794709174E-12    0.1000000000E+01
    2    0.1446666667E+02    0.0000000000E+00    0.1161139353E+00   -0.2405383370E+00    0.0000000000E+00    0.0000000000E+00    0.0000000000E+00    0.0000000000E+00    0.0000000000E+00    0.0000000000E+00    0.1028630044E-11    0.1028630044E-11    0.1000000000E+01
    3    0.1446666667E+02    0.0000000000E+00    0.1161139353E+00   -0.4474223769E+00    0.0000000000E+00    0.0000000000E+00    0.0000000000E+00    0.0000000000E+00    0.0000000000E+00    0.0000000000E+00    0.5748876329E-12    0.5748876329E-12    0.1000000000E+01
    1    0.1472500000E+02    0.0000000000E+00    0.1161139353E+00   -0.1195216696E+00    0.0000000000E+00    0.0000000000E+00    0.0000000000E+00    0.0000000000E+00    0.0000000000E+00    0.0000000000E+00    0.2643501128E-10    0.2643501128E-10    0.1000000000E+01
    2    0.1472500000E+02    0.0000000000E+00    0.1161139353E+00   -0.2357765929E+00    0.0000000000E+00    0.0000000000E+00    0.0000000000E+00    0.0000000000E+00    0.0000000000E+00    0.0000000000E+00    0.3754508827E-11    0.3754508827E-11    0.1000000000E+01
