    1    0.1033333333E+01   -0.4644557413E+00    0.4644557413E+00    0.6003871631E-01    0.0000000000E+00    0.0000000000E+00    0.0000000000E+00    0.0000000000E+00    0.0000000000E+00    0.0000000000E+00    0.4267600572E-13    0.4267600572E-13    0.1000000000E+01
    1    0.1291666667E+01   -0.4644557413E+00    0.4644557413E+00    0.1820351216E+00    0.0000000000E+00    0.0000000000E+00    0.0000000000E+00    0.0000000000E+00    0.0000000000E+00    0.0000000000E+00    0.1686397879E-16    0.1686397879E-16    0.1000000000E+01
    2    0.1291666667E+01   -0.4644557413E+00    0.4644557413E+00    0.1163531053E+00    0.0000000000E+00    0.0000000000E+00    0.0000000000E+00    0.0000000000E+00    0.0000000000E+00    0.0000000000E+00    0.8918729332E-14    0.8918729332E-14    0.1000000000E+01
    1    0.1550000000E+01   -0.4644557413E+00    0.4644557413E+00    0.2366187026E+00    0.0000000000E+00    0.0000000000E+00    0.0000000000E+00    0.0000000000E+00    0.0000000000E+00    0.0000000000E+00    0.1786470305E-15    0.1786470305E-15    0.1000000000E+01
    2    0.1550000000E+01   -0.4644557413E+00    0.4644557413E+00    0.1622336279E+00    0.0000000000E+00    0.0000000000E+00    0.0000000000E+00    0.0000000000E+00    0.0000000000E+00    0.0000000000E+00    0.1206370784E-14    0.1206370784E-14    0.1000000000E+01
    1    0.1808333333E+01   -0.4644557413E+00    0.4644557413E+00    0.2819036891E+00    0.0000000000E+00    0.0000000000E+00    0.0000000000E+00    0.0000000000E+00    0.0000000000E+00    0.0000000000E+00    0.5813099962E-15    0.5813099962E-15    0.1000000000E+01
    2    0.1808333333E+01   -0.4644557413E+00    0.4644557413E+00    0.2044088208E+00    0.0000000000E+00    0.0000000000E+00    0.0000000000E+00    0.0000000000E+00    0.0000000000E+00    0.0000000000E+00    0.1991981065E-15    0.1991981065E-15    0.1000000000E+01
    1    0.2066666667E+01   -0.4644557413E+00    0.4644557413E+00    0.2118174211E-01    0.0000000000E+00    0.0000000000E+00    0.0000000000E+00    0.0000000000E+00    0.0000000000E+00    0.0000000000E+00    0.3110563037E-12    0.3110563037E-12    0.1000000000E+01
    2    0.2066666667E+01   -0.4644557413E+00    0.4644557413E+00    0.2454266659E+00    0.0000000000E+00    0.0000000000E+00    0.0000000000E+00    0.0000000000E+00    0.0000000000E+00    0.0000000000E+00    0.2586132054E-14    0.2586132054E-14    0.1000000000E+01
    3    0.2066666667E+01   -0.4644557413E+00    0.4644557413E+00    0.3241630500E+00    0.0000000000E+00    0.0000000000E+00    0.0000000000E+00    0.0000000000E+00    0.0000000000E+00    0.0000000000E+00    0.2804853871E-13    0.2804853871E-13    0.1000000000E+01
    1    0.2325000000E+01   -0.4644557413E+00    0.4644557413E+00    0.7543706817E-01    0.0000000000E+00    0.0000000000E+00    0.0000000000E+00    0.0000000000E+00    0.0000000000E+00    0.0000000000E+00    0.1192546283E-13    0.1192546283E-13    0.1000000000E+01
    2    0.2325000000E+01   -0.4644557413E+00    0.4644557413E+00    0.2864675441E+00    0.0000000000E+00    0.0000000000E+00    0.0000000000E+00    0.0000000000E+00    0.0000000000E+00    0.0000000000E+00    0.3548740406E-14    0.3548740406E-14    0.1000000000E+01
    3    0.2325000000E+01   -0.4644557413E+00    0.4644557413E+00    0.3654521273E+00    0.0000000000E+00    0.0000000000E+00    0.0000000000E+00    0.0000000000E+00    0.0000000000E+00    0.0000000000E+00    0.6468304886E-15    0.6468304886E-15    0.1000000000E+01
    1    0.2583333333E+01   -0.4644557413E+00    0.4644557413E+00    0.1114769733E+00    0.0000000000E+00    0.0000000000E+00    0.0000000000E+00    0.0000000000E+00    0.0000000000E+00    0.0000000000E+00    0.5043592563E-14    0.5043592563E-14    0.1000000000E+01
    2    0.2583333333E+01   -0.4644557413E+00    0.4644557413E+00    0.3283685531E+00    0.0000000000E+00    0.0000000000E+00    0.0000000000E+00    0.0000000000E+00    0.0000000000E+00    0.0000000000E+00    0.2129413897E-14    0.2129413897E-14    0.1000000000E+01
    3    0.2583333333E+01   -0.4644557413E+00    0.4644557413E+00    0.4068840813E+00    0.0000000000E+00    0.0000000000E+00    0.0000000000E+00    0.0000000000E+00    0.0000000000E+00    0.0000000000E+00    0.2384064282E-14    0.2384064282E-14    0.1000000000E+01
    1    0.2841666667E+01   -0.4644557413E+00    0.4644557413E+00    0.1433312787E+00    0.0000000000E+00    0.0000000000E+00    0.0000000000E+00    0.0000000000E+00    0.0000000000E+00    0.0000000000E+00    0.3999393020E-14    0.3999393020E-14    0.1000000000E+01
    2    0.2841666667E+01   -0.4644557413E+00    0.4644557413E+00    0.3719418925E+00    0.0000000000E+00    0.0000000000E+00    0.0000000000E+00    0.0000000000E+00    0.0000000000E+00    0.0000000000E+00    0.1461425184E-15    0.1461425184E-15    0.1000000000E+01
    3    0.2841666667E+01   -0.4644557413E+00    0.4644557413E+00    0.4493198587E+00    0.0000000000E+00    0.0000000000E+00    0.0000000000E+00    0.0000000000E+00    0.0000000000E+00    0.0000000000E+00    0.3556893584E-14    0.3556893584E-14    0.1000000000E+01
    1    0.3100000000E+01   -0.4644557413E+00    0.4644557413E+00    0.1731229435E+00    0.0000000000E+00    0.0000000000E+00    0.0000000000E+00    0.0000000000E+00    0.0000000000E+00    0.0000000000E+00    0.8033683353E-15    0.8033683353E-15    0.1000000000E+01
    2    0.3100000000E+01   -0.4644557413E+00    0.4644557413E+00    0.4181859237E+00    0.0000000000E+00    0.0000000000E+00    0.0000000000E+00    0.0000000000E+00    0.0000000000E+00    0.0000000000E+00    0.1298845942E-14    0.1298845942E-14    0.1000000000E+01
    3    0.3100000000E+01   -0.4644557413E+00    0.4644557413E+00    0.4936550163E+00    0.0000000000E+00    0.0000000000E+00    0.0000000000E+00    0.0000000000E+00    0.0000000000E+00    0.0000000000E+00    0.4870623856E-14    0.4870623856E-14    0.1000000000E+01
    1    0.3358333333E+01   -0.4644557413E+00    0.4644557413E+00    0.2016610464E+00    0.0000000000E+00    0.0000000000E+00    0.0000000000E+00    0.0000000000E+00    0.0000000000E+00    0.0000000000E+00    0.2820709393E-16    0.2820725492E-16    0.9999942926E+00
    2    0.3358333333E+01    0.3483418059E+00    0.4644557413E+00   -0.2564943987E+00    0.0000000000E+00    0.0000000000E+00    0.0000000000E+00    0.0000000000E+00    0.0000000000E+00    0.0000000000E+00    0.5737222226E-13    0.5737222226E-13    0.1000000000E+01
    3    0.3358333333E+01   -0.4644557413E+00   -0.3483418059E+00   -0.2565807926E+00    0.0000000000E+00    0.0000000000E+00    0.0000000000E+00    0.0000000000E+00    0.0000000000E+00    0.0000000000E+00    0.3275661798E-13    0.3275661798E-13    0.1000000000E+01
    4    0.3358333333E+01   -0.4644557413E+00    0.4644557413E+00    0.4685788051E+00    0.0000000000E+00    0.0000000000E+00    0.0000000000E+00    0.0000000000E+00    0.0000000000E+00    0.0000000000E+00    0.5373851862E-14    0.5373851868E-14    0.9999999990E+00
    5    0.3358333333E+01   -0.4644557413E+00    0.4644557413E+00    0.5411073227E+00    0.0000000000E+00    0.0000000000E+00    0.0000000000E+00    0.0000000000E+00    0.0000000000E+00    0.0000000000E+00    0.5096251054E-14    0.5096251109E-14    0.9999999891E+00
    6    0.3358333333E+01    0.3483418059E+00    0.4644557413E+00   -0.5075047116E+00    0.0000000000E+00    0.0000000000E+00    0.0000000000E+00    0.0000000000E+00    0.0000000000E+00    0.0000000000E+00    0.2289795003E-12    0.2289795003E-12    0.1000000000E+01
    7    0.3358333333E+01   -0.4644557413E+00   -0.3483418059E+00   -0.5119515280E+00    0.0000000000E+00    0.0000000000E+00    0.0000000000E+00    0.0000000000E+00    0.0000000000E+00    0.0000000000E+00    0.1446426694E-11    0.1446426694E-11    0.1000000000E+01
    1    0.3616666667E+01   -0.4644557413E+00    0.4644557413E+00    0.2293583309E+00    0.0000000000E+00    0.0000000000E+00    0.0000000000E+00    0.0000000000E+00    0.0000000000E+00    0.0000000000E+00    0.2678802659E-14    0.2678802756E-14    0.9999999641E+00
    2    0.3616666667E+01    0.3483418059E+00    0.4644557413E+00   -0.8662007997E-01    0.0000000000E+00    0.0000000000E+00    0.0000000000E+00    0.0000000000E+00    0.0000000000E+00    0.0000000000E+00    0.3471701204E-11    0.3471701205E-11    0.1000000000E+01
    3    0.3616666667E+01   -0.4644557413E+00   -0.3483418059E+00   -0.9444180240E-01    0.0000000000E+00    0.0000000000E+00    0.0000000000E+00    0.0000000000E+00    0.0000000000E+00    0.0000000000E+00    0.2444388839E-11    0.2444388839E-11    0.1000000000E+01
    4    0.3616666667E+01   -0.4644557413E+00    0.4644557413E+00    0.5261576338E+00    0.0000000000E+00    0.0000000000E+00    0.0000000000E+00    0.0000000000E+00    0.0000000000E+00    0.0000000000E+00    0.4863133508E-13    0.4863133509E-13    0.9999999998E+00
    5    0.3616666667E+01    0.3483418059E+00    0.4644557413E+00   -0.4007679543E+00    0.0000000000E+00    0.0000000000E+00    0.0000000000E+00    0.0000000000E+00    0.0000000000E+00    0.0000000000E+00    0.3409156311E-13    0.3409156313E-13    0.9999999994E+00
    6    0.3616666667E+01   -0.4644557413E+00   -0.3483418059E+00   -0.3961451356E+00    0.0000000000E+00    0.0000000000E+00    0.0000000000E+00    0.0000000000E+00    0.0000000000E+00    0.0000000000E+00    0.1694110731E-13    0.1694110731E-13    0.1000000000E+01
    7    0.3616666667E+01    0.3483418059E+00    0.4644557413E+00   -0.3723695815E+00    0.0000000000E+00    0.0000000000E+00    0.0000000000E+00    0.0000000000E+00    0.0000000000E+00    0.0000000000E+00    0.2423295960E-12    0.2423295966E-12    0.9999999978E+00
    8    0.3616666667E+01   -0.4644557413E+00   -0.3483418059E+00   -0.3734388364E+00    0.0000000000E+00    0.0000000000E+00    0.0000000000E+00    0.0000000000E+00    0.0000000000E+00    0.0000000000E+00    0.2184290446E-13    0.2184290447E-13    0.9999999994E+00
    9    0.3616666667E+01   -0.4644557413E+00    0.4644557413E+00   -0.5562265780E+00    0.0000000000E+00    0.0000000000E+00    0.0000000000E+00    0.0000000000E+00    0.0000000000E+00    0.0000000000E+00    0.5125591031E-13    0.5125591031E-13    0.9999999999E+00
   10    0.3616666667E+01   -0.4644557413E+00   -0.3483418059E+00   -0.5582608339E+00    0.0000000000E+00    0.0000000000E+00    0.0000000000E+00    0.0000000000E+00    0.0000000000E+00    0.0000000000E+00    0.4204469347E-13    0.4204469348E-13    0.9999999996E+00
   11    0.3616666667E+01    0.3483418059E+00    0.4644557413E+00   -0.5575966036E+00    0.0000000000E+00    0.0000000000E+00    0.0000000000E+00    0.0000000000E+00    0.0000000000E+00    0.0000000000E+00    0.2685103254E-12    0.2685103255E-12    0.9999999996E+00
    1    0.3875000000E+01   -0.4644557413E+00    0.4644557413E+00    0.2564625888E+00    0.0000000000E+00    0.0000000000E+00    0.0000000000E+00    0.0000000000E+00    0.0000000000E+00    0.0000000000E+00    0.3025622025E-14    0.3025622812E-14    0.9999997398E+00
    2    0.3875000000E+01   -0.4644557413E+00    0.4644557413E+00   -0.5572814987E+00    0.0000000000E+00    0.0000000000E+00    0.0000000000E+00    0.0000000000E+00    0.0000000000E+00    0.0000000000E+00    0.7811149438E-13    0.7811149438E-13    0.1000000000E+01
    3    0.3875000000E+01    0.3483418059E+00    0.4644557413E+00   -0.2755291344E+00    0.0000000000E+00    0.0000000000E+00    0.0000000000E+00    0.0000000000E+00    0.0000000000E+00    0.0000000000E+00    0.7808428273E-13    0.7808428277E-13    0.9999999995E+00
    4    0.3875000000E+01   -0.4644557413E+00   -0.3483418059E+00   -0.2772209839E+00    0.0000000000E+00    0.0000000000E+00    0.0000000000E+00    0.0000000000E+00    0.0000000000E+00    0.0000000000E+00    0.4163385780E-13    0.4163385781E-13    0.9999999999E+00
    5    0.3875000000E+01    0.3483418059E+00    0.4644557413E+00   -0.3256771901E+00    0.0000000000E+00    0.0000000000E+00    0.0000000000E+00    0.0000000000E+00    0.0000000000E+00    0.0000000000E+00    0.3235013402E-13    0.3235013409E-13    0.9999999977E+00
    6    0.3875000000E+01   -0.4644557413E+00   -0.3483418059E+00   -0.3219107215E+00    0.0000000000E+00    0.0000000000E+00    0.0000000000E+00    0.0000000000E+00    0.0000000000E+00    0.0000000000E+00    0.1992835263E-13    0.1992835264E-13    0.9999999999E+00
    7    0.3875000000E+01   -0.4644557413E+00    0.4644557413E+00   -0.4973613633E+00    0.0000000000E+00    0.0000000000E+00    0.0000000000E+00    0.0000000000E+00    0.0000000000E+00    0.0000000000E+00    0.8222089334E-14    0.8222089364E-14    0.9999999963E+00
    8    0.3875000000E+01    0.3483418059E+00    0.4644557413E+00   -0.4924391616E+00    0.0000000000E+00    0.0000000000E+00    0.0000000000E+00    0.0000000000E+00    0.0000000000E+00    0.0000000000E+00    0.2202815927E-14    0.2202816660E-14    0.9999996672E+00
    9    0.3875000000E+01   -0.4644557413E+00   -0.3483418059E+00   -0.4939969559E+00    0.0000000000E+00    0.0000000000E+00    0.0000000000E+00    0.0000000000E+00    0.0000000000E+00    0.0000000000E+00    0.1908237090E-14    0.1908237135E-14    0.9999999766E+00
    1    0.4133333333E+01   -0.4644557413E+00    0.4644557413E+00    0.2831407723E+00    0.0000000000E+00    0.0000000000E+00    0.0000000000E+00    0.0000000000E+00    0.0000000000E+00    0.0000000000E+00    0.2940271841E-14    0.2940271856E-14    0.9999999949E+00
    2    0.4133333333E+01   -0.4644557413E+00    0.4644557413E+00   -0.4635363547E+00    0.0000000000E+00    0.0000000000E+00    0.0000000000E+00    0.0000000000E+00    0.0000000000E+00    0.0000000000E+00    0.1990873011E-13    0.1990873026E-13    0.9999999921E+00
    3    0.4133333333E+01   -0.4644557413E+00    0.4644557413E+00   -0.4229216162E+00    0.0000000000E+00    0.0000000000E+00    0.0000000000E+00    0.0000000000E+00    0.0000000000E+00    0.0000000000E+00    0.1303179954E-13    0.1303179999E-13    0.9999999651E+00
    4    0.4133333333E+01    0.3483418059E+00    0.4644557413E+00   -0.4384891777E+00    0.0000000000E+00    0.0000000000E+00    0.0000000000E+00    0.0000000000E+00    0.0000000000E+00    0.0000000000E+00    0.2112834045E-13    0.2112834060E-13    0.9999999929E+00
    5    0.4133333333E+01   -0.4644557413E+00   -0.3483418059E+00   -0.4398708232E+00    0.0000000000E+00    0.0000000000E+00    0.0000000000E+00    0.0000000000E+00    0.0000000000E+00    0.0000000000E+00    0.8988542202E-14    0.8988542377E-14    0.9999999806E+00
    6    0.4133333333E+01   -0.4644557413E+00   -0.3483418059E+00   -0.1740539142E+00    0.0000000000E+00    0.0000000000E+00    0.0000000000E+00    0.0000000000E+00    0.0000000000E+00    0.0000000000E+00    0.1747403120E-13    0.1747403122E-13    0.9999999983E+00
    7    0.4133333333E+01    0.3483418059E+00    0.4644557413E+00   -0.1703061125E+00    0.0000000000E+00    0.0000000000E+00    0.0000000000E+00    0.0000000000E+00    0.0000000000E+00    0.0000000000E+00    0.3911078940E-13    0.3911078941E-13    0.9999999998E+00
    8    0.4133333333E+01    0.3483418059E+00    0.4644557413E+00   -0.2665695564E+00    0.0000000000E+00    0.0000000000E+00    0.0000000000E+00    0.0000000000E+00    0.0000000000E+00    0.0000000000E+00    0.4453087818E-14    0.4453087822E-14    0.9999999992E+00
    9    0.4133333333E+01   -0.4644557413E+00   -0.3483418059E+00   -0.2631947175E+00    0.0000000000E+00    0.0000000000E+00    0.0000000000E+00    0.0000000000E+00    0.0000000000E+00    0.0000000000E+00    0.3497144746E-14    0.3497144854E-14    0.9999999692E+00
    1    0.4391666667E+01   -0.4644557413E+00    0.4644557413E+00    0.3097693486E+00    0.0000000000E+00    0.0000000000E+00    0.0000000000E+00    0.0000000000E+00    0.0000000000E+00    0.0000000000E+00    0.1348335665E-17    0.1348335665E-17    0.1000000000E+01
    2    0.4391666667E+01    0.3483418059E+00   -0.3483418059E+00    0.9893075570E-01    0.0000000000E+00    0.0000000000E+00    0.0000000000E+00    0.0000000000E+00    0.0000000000E+00    0.0000000000E+00    0.2321277035E-11    0.2321277035E-11    0.1000000000E+01
    3    0.4391666667E+01    0.3483418059E+00   -0.3483418059E+00    0.7636021609E-01    0.0000000000E+00    0.0000000000E+00    0.0000000000E+00    0.0000000000E+00    0.0000000000E+00    0.0000000000E+00    0.2079843776E-11    0.2079843776E-11    0.1000000000E+01
    4    0.4391666667E+01    0.3483418059E+00    0.4644557413E+00   -0.3893463510E+00    0.0000000000E+00    0.0000000000E+00    0.0000000000E+00    0.0000000000E+00    0.0000000000E+00    0.0000000000E+00    0.6084601872E-14    0.6084601873E-14    0.9999999998E+00
    5    0.4391666667E+01   -0.4644557413E+00   -0.3483418059E+00   -0.3902713894E+00    0.0000000000E+00    0.0000000000E+00    0.0000000000E+00    0.0000000000E+00    0.0000000000E+00    0.0000000000E+00    0.7663379011E-14    0.7663379011E-14    0.1000000000E+01
    6    0.4391666667E+01   -0.4644557413E+00    0.4644557413E+00   -0.3097693592E+00    0.0000000000E+00    0.0000000000E+00    0.0000000000E+00    0.0000000000E+00    0.0000000000E+00    0.0000000000E+00    0.3002930931E-17    0.3002930931E-17    0.1000000000E+01
    7    0.4391666667E+01   -0.4644557413E+00    0.4644557413E+00   -0.2697446174E+00    0.0000000000E+00    0.0000000000E+00    0.0000000000E+00    0.0000000000E+00    0.0000000000E+00    0.0000000000E+00    0.2727009737E-15    0.2727009738E-15    0.9999999996E+00
    8    0.4391666667E+01    0.3483418059E+00    0.4644557413E+00   -0.2141503307E+00    0.0000000000E+00    0.0000000000E+00    0.0000000000E+00    0.0000000000E+00    0.0000000000E+00    0.0000000000E+00    0.6808886702E-14    0.6808886743E-14    0.9999999940E+00
    9    0.4391666667E+01   -0.4644557413E+00   -0.3483418059E+00   -0.2113041581E+00    0.0000000000E+00    0.0000000000E+00    0.0000000000E+00    0.0000000000E+00    0.0000000000E+00    0.0000000000E+00    0.8070064192E-14    0.8070064192E-14    0.1000000000E+01
    1    0.4650000000E+01    0.3483418059E+00   -0.3483418059E+00    0.3173694144E+00    0.0000000000E+00    0.0000000000E+00    0.0000000000E+00    0.0000000000E+00    0.0000000000E+00    0.0000000000E+00    0.3837131776E-13    0.3837131776E-13    0.1000000000E+01
    2    0.4650000000E+01   -0.4644557413E+00    0.4644557413E+00    0.3356338749E+00    0.0000000000E+00    0.0000000000E+00    0.0000000000E+00    0.0000000000E+00    0.0000000000E+00    0.0000000000E+00    0.8292693878E-15    0.8292693915E-15    0.9999999955E+00
    3    0.4650000000E+01    0.3483418059E+00   -0.3483418059E+00    0.2063929975E+00    0.0000000000E+00    0.0000000000E+00    0.0000000000E+00    0.0000000000E+00    0.0000000000E+00    0.0000000000E+00    0.2614036971E-13    0.2614036971E-13    0.1000000000E+01
    4    0.4650000000E+01    0.3483418059E+00   -0.3483418059E+00    0.1725152752E+00    0.0000000000E+00    0.0000000000E+00    0.0000000000E+00    0.0000000000E+00    0.0000000000E+00    0.0000000000E+00    0.2517128524E-13    0.2517128524E-13    0.1000000000E+01
    5    0.4650000000E+01    0.3483418059E+00   -0.3483418059E+00    0.2016807975E-01    0.0000000000E+00    0.0000000000E+00    0.0000000000E+00    0.0000000000E+00    0.0000000000E+00    0.0000000000E+00    0.5324295009E-13    0.5324295009E-13    0.1000000000E+01
    6    0.4650000000E+01    0.3483418059E+00    0.4644557413E+00   -0.1641199942E+00    0.0000000000E+00    0.0000000000E+00    0.0000000000E+00    0.0000000000E+00    0.0000000000E+00    0.0000000000E+00    0.8812679592E-14    0.8812679594E-14    0.9999999997E+00
    7    0.4650000000E+01   -0.4644557413E+00   -0.3483418059E+00   -0.1619993950E+00    0.0000000000E+00    0.0000000000E+00    0.0000000000E+00    0.0000000000E+00    0.0000000000E+00    0.0000000000E+00    0.9127314744E-14    0.9127314745E-14    0.9999999999E+00
    8    0.4650000000E+01    0.3483418059E+00    0.4644557413E+00   -0.3426360334E+00    0.3483418059E+00    0.4644557413E+00   -0.3426360334E+00    0.4501641884E+01    0.1290358642E+01   -0.3998492498E+01    0.5036366911E-14    0.5036366911E-14    0.1000000000E+01
    9    0.4650000000E+01   -0.4644557413E+00   -0.3483418059E+00   -0.3429996586E+00   -0.4644557413E+00   -0.3483418059E+00   -0.3429996586E+00   -0.1298772695E+01   -0.4487986063E+01   -0.4002238901E+01    0.6166969986E-14    0.6166969987E-14    0.1000000000E+01
    1    0.4908333333E+01    0.3483418059E+00   -0.3483418059E+00    0.9982306555E-01    0.0000000000E+00    0.0000000000E+00    0.0000000000E+00    0.0000000000E+00    0.0000000000E+00    0.0000000000E+00    0.3905196186E-13    0.3905196186E-13    0.1000000000E+01
    2    0.4908333333E+01    0.3483418059E+00   -0.3483418059E+00    0.2415847710E+00    0.0000000000E+00    0.0000000000E+00    0.0000000000E+00    0.0000000000E+00    0.0000000000E+00    0.0000000000E+00    0.5127011463E-13    0.5127011463E-13    0.1000000000E+01
    3    0.4908333333E+01    0.3483418059E+00   -0.3483418059E+00    0.2811531272E+00    0.0000000000E+00    0.0000000000E+00    0.0000000000E+00    0.0000000000E+00    0.0000000000E+00    0.0000000000E+00    0.4045103092E-13    0.4045103092E-13    0.1000000000E+01
    4    0.4908333333E+01    0.3483418059E+00   -0.3483418059E+00    0.3963676863E+00    0.0000000000E+00    0.0000000000E+00    0.0000000000E+00    0.0000000000E+00    0.0000000000E+00    0.0000000000E+00    0.6050636137E-13    0.6050636137E-13    0.1000000000E+01
    5    0.4908333333E+01   -0.4644557413E+00    0.4644557413E+00    0.3616317683E+00    0.0000000000E+00    0.0000000000E+00    0.0000000000E+00    0.0000000000E+00    0.0000000000E+00    0.0000000000E+00    0.2248150232E-15    0.2248150232E-15    0.9999999997E+00
    6    0.4908333333E+01    0.3483418059E+00    0.4644557413E+00   -0.1118425445E+00    0.0000000000E+00    0.0000000000E+00    0.0000000000E+00    0.0000000000E+00    0.0000000000E+00    0.0000000000E+00    0.8914803299E-13    0.8914803299E-13    0.1000000000E+01
    7    0.4908333333E+01   -0.4644557413E+00   -0.3483418059E+00   -0.1107257469E+00    0.0000000000E+00    0.0000000000E+00    0.0000000000E+00    0.0000000000E+00    0.0000000000E+00    0.0000000000E+00    0.8254916052E-13    0.8254916052E-13    0.1000000000E+01
    8    0.4908333333E+01    0.3483418059E+00    0.4644557413E+00   -0.2969239009E+00    0.0000000000E+00    0.0000000000E+00    0.0000000000E+00    0.0000000000E+00    0.0000000000E+00    0.0000000000E+00    0.2149234559E-14    0.2149234559E-14    0.1000000000E+01
    9    0.4908333333E+01   -0.4644557413E+00   -0.3483418059E+00   -0.2967137160E+00    0.0000000000E+00    0.0000000000E+00    0.0000000000E+00    0.0000000000E+00    0.0000000000E+00    0.0000000000E+00    0.2740333394E-14    0.2740333394E-14    0.9999999999E+00
    1    0.5166666667E+01    0.3483418059E+00   -0.3483418059E+00    0.1666134680E+00    0.0000000000E+00    0.0000000000E+00    0.0000000000E+00    0.0000000000E+00    0.0000000000E+00    0.0000000000E+00    0.4034877208E-13    0.4034877208E-13    0.1000000000E+01
    2    0.5166666667E+01    0.3483418059E+00   -0.3483418059E+00    0.4668517742E+00    0.0000000000E+00    0.0000000000E+00    0.0000000000E+00    0.0000000000E+00    0.0000000000E+00    0.0000000000E+00    0.2949003790E-13    0.2949003790E-13    0.1000000000E+01
    3    0.5166666667E+01    0.3483418059E+00   -0.3483418059E+00    0.3066473512E+00    0.0000000000E+00    0.0000000000E+00    0.0000000000E+00    0.0000000000E+00    0.0000000000E+00    0.0000000000E+00    0.3391314267E-13    0.3391314267E-13    0.1000000000E+01
    4    0.5166666667E+01    0.3483418059E+00   -0.3483418059E+00    0.3452670056E+00    0.0000000000E+00    0.0000000000E+00    0.0000000000E+00    0.0000000000E+00    0.0000000000E+00    0.0000000000E+00    0.2173580274E-13    0.2173580274E-13    0.9999999999E+00
    5    0.5166666667E+01   -0.4644557413E+00    0.4644557413E+00    0.3875381667E+00   -0.4644557413E+00    0.4644557413E+00    0.3875381667E+00   -0.1189118023E+01    0.1164111526E+01    0.4960928393E+01    0.1072437350E-16    0.1072437593E-16    0.9999997732E+00
    6    0.5166666667E+01    0.3483418059E+00    0.4644557413E+00   -0.3942825936E-01    0.0000000000E+00    0.0000000000E+00    0.0000000000E+00    0.0000000000E+00    0.0000000000E+00    0.0000000000E+00    0.2463067500E-11    0.2463067500E-11    0.1000000000E+01
    7    0.5166666667E+01   -0.4644557413E+00   -0.3483418059E+00   -0.4077491107E-01    0.0000000000E+00    0.0000000000E+00    0.0000000000E+00    0.0000000000E+00    0.0000000000E+00    0.0000000000E+00    0.2114544672E-11    0.2114544672E-11    0.1000000000E+01
    8    0.5166666667E+01    0.3483418059E+00    0.4644557413E+00   -0.2509696935E+00    0.0000000000E+00    0.0000000000E+00    0.0000000000E+00    0.0000000000E+00    0.0000000000E+00    0.0000000000E+00    0.3913820894E-13    0.3913820894E-13    0.1000000000E+01
    9    0.5166666667E+01   -0.4644557413E+00   -0.3483418059E+00   -0.2502396368E+00    0.0000000000E+00    0.0000000000E+00    0.0000000000E+00    0.0000000000E+00    0.0000000000E+00    0.0000000000E+00    0.1284976218E-13    0.1284976218E-13    0.1000000000E+01
    1    0.5425000000E+01    0.3483418059E+00   -0.3483418059E+00    0.2295514823E+00    0.0000000000E+00    0.0000000000E+00    0.0000000000E+00    0.0000000000E+00    0.0000000000E+00    0.0000000000E+00    0.2772075924E-13    0.2772075924E-13    0.9999999998E+00
    2    0.5425000000E+01    0.3483418059E+00   -0.3483418059E+00    0.5455067684E+00    0.0000000000E+00    0.0000000000E+00    0.0000000000E+00    0.0000000000E+00    0.0000000000E+00    0.0000000000E+00    0.5322905488E-12    0.5322905490E-12    0.9999999997E+00
    3    0.5425000000E+01    0.3483418059E+00    0.4644557413E+00   -0.2032056382E+00    0.0000000000E+00    0.0000000000E+00    0.0000000000E+00    0.0000000000E+00    0.0000000000E+00    0.0000000000E+00    0.6397813515E-15    0.6397818463E-15    0.9999992266E+00
    4    0.5425000000E+01   -0.4644557413E+00   -0.3483418059E+00   -0.2020643793E+00    0.0000000000E+00    0.0000000000E+00    0.0000000000E+00    0.0000000000E+00    0.0000000000E+00    0.0000000000E+00    0.5483496986E-15    0.5483496989E-15    0.9999999994E+00
    5    0.5425000000E+01    0.3483418059E+00   -0.3483418059E+00    0.3815051649E+00    0.0000000000E+00    0.0000000000E+00    0.0000000000E+00    0.0000000000E+00    0.0000000000E+00    0.0000000000E+00    0.4888841177E-12    0.4888841177E-12    0.1000000000E+01
    6    0.5425000000E+01    0.3483418059E+00   -0.3483418059E+00    0.4060200108E+00    0.0000000000E+00    0.0000000000E+00    0.0000000000E+00    0.0000000000E+00    0.0000000000E+00    0.0000000000E+00    0.2685287501E-13    0.2685287501E-13    0.1000000000E+01
    7    0.5425000000E+01   -0.4644557413E+00    0.4644557413E+00    0.4134051619E+00    0.0000000000E+00    0.0000000000E+00    0.0000000000E+00    0.0000000000E+00    0.0000000000E+00    0.0000000000E+00    0.5151819637E-15    0.5151819641E-15    0.9999999991E+00
    1    0.5683333333E+01    0.3483418059E+00   -0.3483418059E+00    0.2943414265E+00    0.0000000000E+00    0.0000000000E+00    0.0000000000E+00    0.0000000000E+00    0.0000000000E+00    0.0000000000E+00    0.2000460015E-15    0.2072423536E-15    0.9652756689E+00
    2    0.5683333333E+01    0.3483418059E+00   -0.3483418059E+00    0.4687674228E+00    0.0000000000E+00    0.0000000000E+00    0.0000000000E+00    0.0000000000E+00    0.0000000000E+00    0.0000000000E+00    0.1460084102E-13    0.1460084857E-13    0.9999994827E+00
    3    0.5683333333E+01   -0.4644557413E+00    0.4644557413E+00    0.4392776134E+00    0.0000000000E+00    0.0000000000E+00    0.0000000000E+00    0.0000000000E+00    0.0000000000E+00    0.0000000000E+00    0.1561160274E-14    0.1561160276E-14    0.9999999988E+00
    4    0.5683333333E+01    0.3483418059E+00    0.4644557413E+00   -0.1506580614E+00    0.0000000000E+00    0.0000000000E+00    0.0000000000E+00    0.0000000000E+00    0.0000000000E+00    0.0000000000E+00    0.2790566413E-13    0.4311408122E-13    0.6472517410E+00
    5    0.5683333333E+01   -0.4644557413E+00   -0.3483418059E+00   -0.1492607064E+00    0.0000000000E+00    0.0000000000E+00    0.0000000000E+00    0.0000000000E+00    0.0000000000E+00    0.0000000000E+00    0.3105839064E-13    0.3105839064E-13    0.1000000000E+01
    1    0.5941666667E+01    0.3483418059E+00   -0.3483418059E+00    0.3714766794E+00    0.0000000000E+00    0.0000000000E+00    0.0000000000E+00    0.0000000000E+00    0.0000000000E+00    0.0000000000E+00    0.5029825646E-12    0.5029825654E-12    0.9999999985E+00
    2    0.5941666667E+01    0.3483418059E+00   -0.3483418059E+00    0.5439965928E+00    0.0000000000E+00    0.0000000000E+00    0.0000000000E+00    0.0000000000E+00    0.0000000000E+00    0.0000000000E+00    0.5184609589E-12    0.5184609590E-12    0.9999999998E+00
    3    0.5941666667E+01   -0.4644557413E+00    0.4644557413E+00    0.4651959605E+00    0.0000000000E+00    0.0000000000E+00    0.0000000000E+00    0.0000000000E+00    0.0000000000E+00    0.0000000000E+00    0.2525287058E-14    0.2525287256E-14    0.9999999218E+00
    4    0.5941666667E+01    0.3483418059E+00    0.4644557413E+00   -0.8326220446E-01    0.0000000000E+00    0.0000000000E+00    0.0000000000E+00    0.0000000000E+00    0.0000000000E+00    0.0000000000E+00    0.8863322176E-12    0.8863322176E-12    0.1000000000E+01
    5    0.5941666667E+01   -0.4644557413E+00   -0.3483418059E+00   -0.8174000111E-01    0.0000000000E+00    0.0000000000E+00    0.0000000000E+00    0.0000000000E+00    0.0000000000E+00    0.0000000000E+00    0.9304246691E-12    0.9304246714E-12    0.9999999974E+00
    1    0.6200000000E+01   -0.4644557413E+00    0.4644557413E+00    0.4911977576E+00    0.0000000000E+00    0.0000000000E+00    0.0000000000E+00    0.0000000000E+00    0.0000000000E+00    0.0000000000E+00    0.2739968563E-14    0.2739968563E-14    0.1000000000E+01
    1    0.6458333333E+01   -0.4644557413E+00    0.4644557413E+00    0.5173188163E+00    0.0000000000E+00    0.0000000000E+00    0.0000000000E+00    0.0000000000E+00    0.0000000000E+00    0.0000000000E+00    0.1995018340E-14    0.1995018340E-14    0.1000000000E+01
    1    0.6716666667E+01   -0.4644557413E+00    0.4644557413E+00    0.5435941531E+00    0.0000000000E+00    0.0000000000E+00    0.0000000000E+00    0.0000000000E+00    0.0000000000E+00    0.0000000000E+00    0.8286387415E-15    0.8286387415E-15    0.1000000000E+01
    1    0.6975000000E+01   -0.4644557413E+00    0.4644557413E+00    0.5700593761E+00    0.0000000000E+00    0.0000000000E+00    0.0000000000E+00    0.0000000000E+00    0.0000000000E+00    0.0000000000E+00    0.1982275793E-15    0.1982275793E-15    0.1000000000E+01
    1    0.7233333333E+01   -0.4644557413E+00    0.4644557413E+00   -0.5527215051E+00    0.0000000000E+00    0.0000000000E+00    0.0000000000E+00    0.0000000000E+00    0.0000000000E+00    0.0000000000E+00    0.5287182789E-15    0.5287182789E-15    0.1000000000E+01
    1    0.7491666667E+01   -0.4644557413E+00    0.4644557413E+00   -0.5257698408E+00    0.0000000000E+00    0.0000000000E+00    0.0000000000E+00    0.0000000000E+00    0.0000000000E+00    0.0000000000E+00    0.2018009597E-14    0.2018009598E-14    0.9999999995E+00
    2    0.7491666667E+01    0.3483418059E+00    0.4644557413E+00    0.4309890782E-01    0.0000000000E+00    0.0000000000E+00    0.0000000000E+00    0.0000000000E+00    0.0000000000E+00    0.0000000000E+00    0.3329918717E-11    0.3329918717E-11    0.1000000000E+01
    3    0.7491666667E+01   -0.4644557413E+00   -0.3483418059E+00    0.4515779669E-01    0.0000000000E+00    0.0000000000E+00    0.0000000000E+00    0.0000000000E+00    0.0000000000E+00    0.0000000000E+00    0.2812242683E-11    0.2812242683E-11    0.1000000000E+01
    1    0.7750000000E+01   -0.4644557413E+00    0.4644557413E+00   -0.4985168371E+00    0.0000000000E+00    0.0000000000E+00    0.0000000000E+00    0.0000000000E+00    0.0000000000E+00    0.0000000000E+00    0.3625840183E-14    0.3625840183E-14    0.1000000000E+01
    2    0.7750000000E+01    0.3483418059E+00    0.4644557413E+00    0.1061384488E+00    0.0000000000E+00    0.0000000000E+00    0.0000000000E+00    0.0000000000E+00    0.0000000000E+00    0.0000000000E+00    0.2236845824E-12    0.2236845824E-12    0.1000000000E+01
    3    0.7750000000E+01   -0.4644557413E+00   -0.3483418059E+00    0.1059832809E+00    0.0000000000E+00    0.0000000000E+00    0.0000000000E+00    0.0000000000E+00    0.0000000000E+00    0.0000000000E+00    0.2189822652E-12    0.2189822652E-12    0.9999999997E+00
    1    0.8008333333E+01   -0.4644557413E+00    0.4644557413E+00   -0.4709202867E+00    0.0000000000E+00    0.0000000000E+00    0.0000000000E+00    0.0000000000E+00    0.0000000000E+00    0.0000000000E+00    0.4145492558E-14    0.4145492558E-14    0.1000000000E+01
    2    0.8008333333E+01    0.3483418059E+00    0.4644557413E+00    0.1508290500E+00    0.0000000000E+00    0.0000000000E+00    0.0000000000E+00    0.0000000000E+00    0.0000000000E+00    0.0000000000E+00    0.2317623412E-13    0.2317623412E-13    0.1000000000E+01
    3    0.8008333333E+01   -0.4644557413E+00   -0.3483418059E+00    0.1499578490E+00    0.0000000000E+00    0.0000000000E+00    0.0000000000E+00    0.0000000000E+00    0.0000000000E+00    0.0000000000E+00    0.2508782405E-13    0.2508782405E-13    0.1000000000E+01
    1    0.8266666667E+01   -0.4644557413E+00    0.4644557413E+00   -0.4429344159E+00    0.0000000000E+00    0.0000000000E+00    0.0000000000E+00    0.0000000000E+00    0.0000000000E+00    0.0000000000E+00    0.3062656410E-14    0.3062656410E-14    0.1000000000E+01
    2    0.8266666667E+01    0.3483418059E+00    0.4644557413E+00    0.1910590781E+00    0.0000000000E+00    0.0000000000E+00    0.0000000000E+00    0.0000000000E+00    0.0000000000E+00    0.0000000000E+00    0.1800963330E-17    0.1800963330E-17    0.9999999998E+00
    3    0.8266666667E+01   -0.4644557413E+00   -0.3483418059E+00    0.1897579472E+00    0.0000000000E+00    0.0000000000E+00    0.0000000000E+00    0.0000000000E+00    0.0000000000E+00    0.0000000000E+00    0.2503811054E-16    0.2503811054E-16    0.9999999999E+00
    1    0.8525000000E+01   -0.4644557413E+00    0.4644557413E+00   -0.4145090154E+00    0.0000000000E+00    0.0000000000E+00    0.0000000000E+00    0.0000000000E+00    0.0000000000E+00    0.0000000000E+00    0.1132610641E-14    0.1132610642E-14    0.9999999994E+00
    2    0.8525000000E+01    0.3483418059E+00    0.4644557413E+00    0.2297724464E+00    0.0000000000E+00    0.0000000000E+00    0.0000000000E+00    0.0000000000E+00    0.0000000000E+00    0.0000000000E+00    0.4247899584E-14    0.4247899585E-14    0.1000000000E+01
    3    0.8525000000E+01   -0.4644557413E+00   -0.3483418059E+00    0.2281994606E+00    0.0000000000E+00    0.0000000000E+00    0.0000000000E+00    0.0000000000E+00    0.0000000000E+00    0.0000000000E+00    0.5018321257E-14    0.5018321261E-14    0.9999999992E+00
    1    0.8783333333E+01   -0.4644557413E+00    0.4644557413E+00   -0.3855884966E+00    0.0000000000E+00    0.0000000000E+00    0.0000000000E+00    0.0000000000E+00    0.0000000000E+00    0.0000000000E+00    0.7879961507E-17    0.7879961724E-17    0.9999999725E+00
    2    0.8783333333E+01    0.3483418059E+00    0.4644557413E+00    0.2683200488E+00    0.0000000000E+00    0.0000000000E+00    0.0000000000E+00    0.0000000000E+00    0.0000000000E+00    0.0000000000E+00    0.6049400714E-14    0.6049400714E-14    0.1000000000E+01
    3    0.8783333333E+01   -0.4644557413E+00   -0.3483418059E+00    0.2666009458E+00    0.0000000000E+00    0.0000000000E+00    0.0000000000E+00    0.0000000000E+00    0.0000000000E+00    0.0000000000E+00    0.9025288650E-14    0.9025288655E-14    0.9999999995E+00
    1    0.9041666667E+01   -0.4644557413E+00    0.4644557413E+00   -0.3561107960E+00    0.0000000000E+00    0.0000000000E+00    0.0000000000E+00    0.0000000000E+00    0.0000000000E+00    0.0000000000E+00    0.9678050609E-15    0.9678050609E-15    0.1000000000E+01
    2    0.9041666667E+01    0.3483418059E+00    0.4644557413E+00    0.8806800564E-01    0.0000000000E+00    0.0000000000E+00    0.0000000000E+00    0.0000000000E+00    0.0000000000E+00    0.0000000000E+00    0.1733417878E-11    0.1733417878E-11    0.1000000000E+01
    3    0.9041666667E+01   -0.4644557413E+00   -0.3483418059E+00    0.9221680259E-01    0.0000000000E+00    0.0000000000E+00    0.0000000000E+00    0.0000000000E+00    0.0000000000E+00    0.0000000000E+00    0.1500054822E-11    0.1500054822E-11    0.1000000000E+01
    4    0.9041666667E+01    0.3483418059E+00    0.4644557413E+00    0.3076203365E+00    0.0000000000E+00    0.0000000000E+00    0.0000000000E+00    0.0000000000E+00    0.0000000000E+00    0.0000000000E+00    0.7898329337E-14    0.7898329337E-14    0.1000000000E+01
    5    0.9041666667E+01   -0.4644557413E+00   -0.3483418059E+00    0.3058780921E+00    0.0000000000E+00    0.0000000000E+00    0.0000000000E+00    0.0000000000E+00    0.0000000000E+00    0.0000000000E+00    0.6819777645E-14    0.6819777646E-14    0.9999999999E+00
    1    0.9300000000E+01   -0.4644557413E+00    0.4644557413E+00   -0.3260060577E+00    0.0000000000E+00    0.0000000000E+00    0.0000000000E+00    0.0000000000E+00    0.0000000000E+00    0.0000000000E+00    0.3633089407E-14    0.3633089407E-14    0.1000000000E+01
    2    0.9300000000E+01    0.3483418059E+00    0.4644557413E+00    0.1575349249E+00    0.0000000000E+00    0.0000000000E+00    0.0000000000E+00    0.0000000000E+00    0.0000000000E+00    0.0000000000E+00    0.3920751299E-13    0.3920751299E-13    0.1000000000E+01
    3    0.9300000000E+01   -0.4644557413E+00   -0.3483418059E+00    0.1584195902E+00    0.0000000000E+00    0.0000000000E+00    0.0000000000E+00    0.0000000000E+00    0.0000000000E+00    0.0000000000E+00    0.7624006075E-13    0.7624006075E-13    0.1000000000E+01
    4    0.9300000000E+01    0.3483418059E+00    0.4644557413E+00    0.3485348503E+00    0.0000000000E+00    0.0000000000E+00    0.0000000000E+00    0.0000000000E+00    0.0000000000E+00    0.0000000000E+00    0.1365688656E-14    0.1365688656E-14    0.1000000000E+01
    5    0.9300000000E+01   -0.4644557413E+00   -0.3483418059E+00    0.3469078204E+00    0.0000000000E+00    0.0000000000E+00    0.0000000000E+00    0.0000000000E+00    0.0000000000E+00    0.0000000000E+00    0.2513246394E-13    0.2513246394E-13    0.1000000000E+01
    1    0.9558333333E+01   -0.4644557413E+00    0.4644557413E+00   -0.2951950002E+00    0.0000000000E+00    0.0000000000E+00    0.0000000000E+00    0.0000000000E+00    0.0000000000E+00    0.0000000000E+00    0.5879164842E-14    0.5879164849E-14    0.9999999989E+00
    2    0.9558333333E+01    0.3483418059E+00    0.4644557413E+00    0.2138988452E+00    0.0000000000E+00    0.0000000000E+00    0.0000000000E+00    0.0000000000E+00    0.0000000000E+00    0.0000000000E+00    0.4129298942E-14    0.4129298942E-14    0.1000000000E+01
    3    0.9558333333E+01   -0.4644557413E+00   -0.3483418059E+00    0.2133802409E+00    0.0000000000E+00    0.0000000000E+00    0.0000000000E+00    0.0000000000E+00    0.0000000000E+00    0.0000000000E+00    0.5945397678E-13    0.5945397678E-13    0.1000000000E+01
    4    0.9558333333E+01    0.3483418059E+00    0.4644557413E+00    0.3921258069E+00    0.0000000000E+00    0.0000000000E+00    0.0000000000E+00    0.0000000000E+00    0.0000000000E+00    0.0000000000E+00    0.9729728202E-15    0.9729728202E-15    0.1000000000E+01
    5    0.9558333333E+01   -0.4644557413E+00   -0.3483418059E+00    0.3907885875E+00    0.0000000000E+00    0.0000000000E+00    0.0000000000E+00    0.0000000000E+00    0.0000000000E+00    0.0000000000E+00    0.5181804174E-13    0.5181804174E-13    0.1000000000E+01
    1    0.9816666667E+01   -0.4644557413E+00    0.4644557413E+00   -0.2635868294E+00    0.0000000000E+00    0.0000000000E+00    0.0000000000E+00    0.0000000000E+00    0.0000000000E+00    0.0000000000E+00    0.5488272581E-14    0.5488272584E-14    0.9999999994E+00
    2    0.9816666667E+01    0.3483418059E+00   -0.3483418059E+00   -0.3530250345E+00    0.0000000000E+00    0.0000000000E+00    0.0000000000E+00    0.0000000000E+00    0.0000000000E+00    0.0000000000E+00    0.6294779780E-12    0.6294779780E-12    0.1000000000E+01
    3    0.9816666667E+01    0.3483418059E+00   -0.3483418059E+00   -0.5315179713E+00    0.0000000000E+00    0.0000000000E+00    0.0000000000E+00    0.0000000000E+00    0.0000000000E+00    0.0000000000E+00    0.6247837820E-12    0.6247837820E-12    0.1000000000E+01
    4    0.9816666667E+01    0.3483418059E+00    0.4644557413E+00    0.2679090621E+00    0.0000000000E+00    0.0000000000E+00    0.0000000000E+00    0.0000000000E+00    0.0000000000E+00    0.0000000000E+00    0.6168669267E-14    0.6168669268E-14    0.9999999999E+00
    5    0.9816666667E+01   -0.4644557413E+00   -0.3483418059E+00    0.2666066721E+00    0.0000000000E+00    0.0000000000E+00    0.0000000000E+00    0.0000000000E+00    0.0000000000E+00    0.0000000000E+00    0.5352415148E-13    0.5352415148E-13    0.1000000000E+01
    6    0.9816666667E+01    0.3483418059E+00    0.4644557413E+00    0.4400595283E+00    0.0000000000E+00    0.0000000000E+00    0.0000000000E+00    0.0000000000E+00    0.0000000000E+00    0.0000000000E+00    0.3300469034E-14    0.3300469034E-14    0.1000000000E+01
    7    0.9816666667E+01   -0.4644557413E+00   -0.3483418059E+00    0.4392610462E+00    0.0000000000E+00    0.0000000000E+00    0.0000000000E+00    0.0000000000E+00    0.0000000000E+00    0.0000000000E+00    0.2815873680E-13    0.2815873680E-13    0.1000000000E+01
    1    0.1007500000E+02   -0.4644557413E+00    0.4644557413E+00   -0.2310764884E+00    0.0000000000E+00    0.0000000000E+00    0.0000000000E+00    0.0000000000E+00    0.0000000000E+00    0.0000000000E+00    0.2517706368E-14    0.2517706510E-14    0.9999999436E+00
    2    0.1007500000E+02    0.3483418059E+00   -0.3483418059E+00   -0.2774062838E+00    0.0000000000E+00    0.0000000000E+00    0.0000000000E+00    0.0000000000E+00    0.0000000000E+00    0.0000000000E+00    0.1249129926E-12    0.1249129926E-12    0.1000000000E+01
    3    0.1007500000E+02    0.3483418059E+00   -0.3483418059E+00   -0.4623592144E+00    0.0000000000E+00    0.0000000000E+00    0.0000000000E+00    0.0000000000E+00    0.0000000000E+00    0.0000000000E+00    0.1215547081E-13    0.1215547081E-13    0.9999999999E+00
    4    0.1007500000E+02   -0.4644557413E+00   -0.3483418059E+00    0.3235776216E+00    0.0000000000E+00    0.0000000000E+00    0.0000000000E+00    0.0000000000E+00    0.0000000000E+00    0.0000000000E+00    0.7049729589E-13    0.7049729616E-13    0.9999999963E+00
    5    0.1007500000E+02    0.3483418059E+00    0.4644557413E+00    0.3251327178E+00    0.0000000000E+00    0.0000000000E+00    0.0000000000E+00    0.0000000000E+00    0.0000000000E+00    0.0000000000E+00    0.2238056411E-13    0.2238056411E-13    0.1000000000E+01
    6    0.1007500000E+02   -0.4644557413E+00   -0.3483418059E+00    0.4959325703E+00    0.0000000000E+00    0.0000000000E+00    0.0000000000E+00    0.0000000000E+00    0.0000000000E+00    0.0000000000E+00    0.6510700995E-13    0.6510700998E-13    0.9999999994E+00
    7    0.1007500000E+02    0.3483418059E+00    0.4644557413E+00    0.4957655569E+00    0.0000000000E+00    0.0000000000E+00    0.0000000000E+00    0.0000000000E+00    0.0000000000E+00    0.0000000000E+00    0.2451438303E-13    0.2451438304E-13    0.9999999999E+00
    1    0.1033333333E+02    0.3483418059E+00   -0.3483418059E+00   -0.2046956570E+00    0.0000000000E+00    0.0000000000E+00    0.0000000000E+00    0.0000000000E+00    0.0000000000E+00    0.0000000000E+00    0.1116305233E-12    0.1116305235E-12    0.9999999983E+00
    2    0.1033333333E+02   -0.4644557413E+00    0.4644557413E+00   -0.1975409138E+00    0.0000000000E+00    0.0000000000E+00    0.0000000000E+00    0.0000000000E+00    0.0000000000E+00    0.0000000000E+00    0.7160690759E-16    0.7160796858E-16    0.9999851833E+00
    3    0.1033333333E+02    0.3483418059E+00   -0.3483418059E+00   -0.4021650387E+00    0.0000000000E+00    0.0000000000E+00    0.0000000000E+00    0.0000000000E+00    0.0000000000E+00    0.0000000000E+00    0.9665680897E-13    0.9665682561E-13    0.9999998278E+00
    4    0.1033333333E+02   -0.4644557413E+00   -0.3483418059E+00    0.3970991869E+00    0.0000000000E+00    0.0000000000E+00    0.0000000000E+00    0.0000000000E+00    0.0000000000E+00    0.0000000000E+00    0.4176549370E-11    0.4176549370E-11    0.1000000000E+01
    5    0.1033333333E+02    0.3483418059E+00    0.4644557413E+00    0.3976875151E+00    0.0000000000E+00    0.0000000000E+00    0.0000000000E+00    0.0000000000E+00    0.0000000000E+00    0.0000000000E+00    0.2096522690E-11    0.2096522690E-11    0.1000000000E+01
    6    0.1033333333E+02   -0.4644557413E+00   -0.3483418059E+00    0.5737230365E+00    0.0000000000E+00    0.0000000000E+00    0.0000000000E+00    0.0000000000E+00    0.0000000000E+00    0.0000000000E+00    0.1344441411E-10    0.1344441411E-10    0.1000000000E+01
    7    0.1033333333E+02    0.3483418059E+00    0.4644557413E+00    0.5716237798E+00    0.0000000000E+00    0.0000000000E+00    0.0000000000E+00    0.0000000000E+00    0.0000000000E+00    0.0000000000E+00    0.8195729684E-11    0.8195729684E-11    0.1000000000E+01
    1    0.1059166667E+02    0.3483418059E+00   -0.3483418059E+00   -0.1150661318E+00    0.0000000000E+00    0.0000000000E+00    0.0000000000E+00    0.0000000000E+00    0.0000000000E+00    0.0000000000E+00    0.2971662486E-11    0.2971662486E-11    0.1000000000E+01
    2    0.1059166667E+02   -0.4644557413E+00    0.4644557413E+00   -0.1628337507E+00    0.0000000000E+00    0.0000000000E+00    0.0000000000E+00    0.0000000000E+00    0.0000000000E+00    0.0000000000E+00    0.1695015414E-14    0.1695015414E-14    0.1000000000E+01
    3    0.1059166667E+02    0.3483418059E+00   -0.3483418059E+00    0.5360886541E+00    0.0000000000E+00    0.0000000000E+00    0.0000000000E+00    0.0000000000E+00    0.0000000000E+00    0.0000000000E+00    0.2568938978E-10    0.2568938978E-10    0.1000000000E+01
    4    0.1059166667E+02    0.3483418059E+00   -0.3483418059E+00   -0.3434888694E+00    0.0000000000E+00    0.0000000000E+00    0.0000000000E+00    0.0000000000E+00    0.0000000000E+00    0.0000000000E+00    0.2844970473E-12    0.2844970473E-12    0.1000000000E+01
    5    0.1059166667E+02    0.3483418059E+00   -0.3483418059E+00   -0.4332527995E+00    0.0000000000E+00    0.0000000000E+00    0.0000000000E+00    0.0000000000E+00    0.0000000000E+00    0.0000000000E+00    0.2559334066E-10    0.2559334066E-10    0.1000000000E+01
    1    0.1085000000E+02   -0.4644557413E+00    0.4644557413E+00   -0.1267775790E+00    0.0000000000E+00    0.0000000000E+00    0.0000000000E+00    0.0000000000E+00    0.0000000000E+00    0.0000000000E+00    0.6922822560E-14    0.6922822560E-14    0.1000000000E+01
    2    0.1085000000E+02    0.3483418059E+00   -0.3483418059E+00   -0.5128046174E+00    0.0000000000E+00    0.0000000000E+00    0.0000000000E+00    0.0000000000E+00    0.0000000000E+00    0.0000000000E+00    0.2007545208E-12    0.2007545208E-12    0.1000000000E+01
    3    0.1085000000E+02    0.3483418059E+00   -0.3483418059E+00   -0.3227704242E+00    0.0000000000E+00    0.0000000000E+00    0.0000000000E+00    0.0000000000E+00    0.0000000000E+00    0.0000000000E+00    0.2896693473E-12    0.2896693473E-12    0.1000000000E+01
    4    0.1085000000E+02    0.3483418059E+00   -0.3483418059E+00   -0.2823342445E+00    0.0000000000E+00    0.0000000000E+00    0.0000000000E+00    0.0000000000E+00    0.0000000000E+00    0.0000000000E+00    0.8615191750E-13    0.8615191750E-13    0.1000000000E+01
    1    0.1110833333E+02   -0.4644557413E+00    0.4644557413E+00   -0.8915190465E-01    0.0000000000E+00    0.0000000000E+00    0.0000000000E+00    0.0000000000E+00    0.0000000000E+00    0.0000000000E+00    0.1002016304E-13    0.1002016304E-13    0.1000000000E+01
    2    0.1110833333E+02    0.3483418059E+00   -0.3483418059E+00   -0.4489950678E+00    0.0000000000E+00    0.0000000000E+00    0.0000000000E+00    0.0000000000E+00    0.0000000000E+00    0.0000000000E+00    0.7199571730E-13    0.7199571730E-13    0.1000000000E+01
    3    0.1110833333E+02    0.3483418059E+00   -0.3483418059E+00   -0.2427068106E+00    0.0000000000E+00    0.0000000000E+00    0.0000000000E+00    0.0000000000E+00    0.0000000000E+00    0.0000000000E+00    0.1678776054E-12    0.1678776054E-12    0.1000000000E+01
    4    0.1110833333E+02    0.3483418059E+00   -0.3483418059E+00   -0.2140296595E+00    0.0000000000E+00    0.0000000000E+00    0.0000000000E+00    0.0000000000E+00    0.0000000000E+00    0.0000000000E+00    0.1012368841E-12    0.1012368841E-12    0.1000000000E+01
    1    0.1136666667E+02    0.3483418059E+00   -0.3483418059E+00   -0.3930869629E+00    0.0000000000E+00    0.0000000000E+00    0.0000000000E+00    0.0000000000E+00    0.0000000000E+00    0.0000000000E+00    0.1722317538E-12    0.1722317538E-12    0.1000000000E+01
    2    0.1136666667E+02   -0.4644557413E+00    0.4644557413E+00   -0.4967347914E-01    0.0000000000E+00    0.0000000000E+00    0.0000000000E+00    0.0000000000E+00    0.0000000000E+00    0.0000000000E+00    0.6215682425E-14    0.6215682425E-14    0.1000000000E+01
    3    0.1136666667E+02    0.3483418059E+00   -0.3483418059E+00   -0.1541288821E+00    0.0000000000E+00    0.0000000000E+00    0.0000000000E+00    0.0000000000E+00    0.0000000000E+00    0.0000000000E+00    0.1069198400E-11    0.1069198400E-11    0.1000000000E+01
    4    0.1136666667E+02    0.3483418059E+00   -0.3483418059E+00   -0.1271519585E+00    0.0000000000E+00    0.0000000000E+00    0.0000000000E+00    0.0000000000E+00    0.0000000000E+00    0.0000000000E+00    0.1003718294E-11    0.1003718294E-11    0.1000000000E+01
    1    0.1162500000E+02    0.3483418059E+00   -0.3483418059E+00   -0.3395087677E+00    0.0000000000E+00    0.0000000000E+00    0.0000000000E+00    0.0000000000E+00    0.0000000000E+00    0.0000000000E+00    0.4556488365E-14    0.4556488365E-14    0.1000000000E+01
    2    0.1162500000E+02   -0.4644557413E+00    0.4644557413E+00   -0.7961395578E-02    0.0000000000E+00    0.0000000000E+00    0.0000000000E+00    0.0000000000E+00    0.0000000000E+00    0.0000000000E+00    0.8659016015E-15    0.8659016016E-15    0.9999999999E+00
    3    0.1162500000E+02    0.3483418059E+00    0.4644557413E+00    0.2881965473E+00    0.0000000000E+00    0.0000000000E+00    0.0000000000E+00    0.0000000000E+00    0.0000000000E+00    0.0000000000E+00    0.1297625666E-11    0.1297625666E-11    0.1000000000E+01
    4    0.1162500000E+02   -0.4644557413E+00   -0.3483418059E+00    0.2994219358E+00    0.0000000000E+00    0.0000000000E+00    0.0000000000E+00    0.0000000000E+00    0.0000000000E+00    0.0000000000E+00    0.5437575901E-11    0.5437575901E-11    0.1000000000E+01
    1    0.1188333333E+02    0.3483418059E+00   -0.3483418059E+00   -0.2854210444E+00    0.0000000000E+00    0.0000000000E+00    0.0000000000E+00    0.0000000000E+00    0.0000000000E+00    0.0000000000E+00    0.2342201447E-13    0.2342201447E-13    0.1000000000E+01
    2    0.1188333333E+02   -0.4644557413E+00    0.4644557413E+00    0.3652759015E-01    0.0000000000E+00    0.0000000000E+00    0.0000000000E+00    0.0000000000E+00    0.0000000000E+00    0.0000000000E+00    0.5022213795E-14    0.5022213805E-14    0.9999999979E+00
    3    0.1188333333E+02    0.3483418059E+00    0.4644557413E+00    0.4942171479E+00    0.3483418059E+00    0.4644557413E+00   -0.6552521671E+00   -0.3262646379E+01   -0.2985607000E+01    0.3918427121E+01    0.3458450489E-13    0.3458450489E-13    0.1000000000E+01
    4    0.1188333333E+02   -0.4644557413E+00   -0.3483418059E+00    0.4920328572E+00    0.0000000000E+00    0.0000000000E+00    0.0000000000E+00    0.0000000000E+00    0.0000000000E+00    0.0000000000E+00    0.9781953887E-14    0.9781953887E-14    0.1000000000E+01
    1    0.1214166667E+02    0.3483418059E+00   -0.3483418059E+00   -0.2283357532E+00    0.0000000000E+00    0.0000000000E+00    0.0000000000E+00    0.0000000000E+00    0.0000000000E+00    0.0000000000E+00    0.2005220753E-13    0.2005220973E-13    0.9999998902E+00
    2    0.1214166667E+02   -0.4644557413E+00    0.4644557413E+00    0.8464557422E-01    0.0000000000E+00    0.0000000000E+00    0.0000000000E+00    0.0000000000E+00    0.0000000000E+00    0.0000000000E+00    0.1608765559E-13    0.1608765738E-13    0.9999998889E+00
    3    0.1214166667E+02    0.3483418059E+00    0.4644557413E+00   -0.5618089804E+00    0.3483418059E+00    0.4644557413E+00    0.5876603347E+00   -0.3223765315E+01   -0.3017108380E+01   -0.4116545171E+01    0.3178249084E-12    0.3178249084E-12    0.1000000000E+01
    4    0.1214166667E+02   -0.4644557413E+00   -0.3483418059E+00   -0.5633179601E+00    0.0000000000E+00    0.0000000000E+00    0.0000000000E+00    0.0000000000E+00    0.0000000000E+00    0.0000000000E+00    0.1343484172E-14    0.1343484172E-14    0.1000000000E+01
    1    0.1240000000E+02   -0.4644557413E+00    0.4644557413E+00    0.1378959864E+00    0.0000000000E+00    0.0000000000E+00    0.0000000000E+00    0.0000000000E+00    0.0000000000E+00    0.0000000000E+00    0.1091195304E-13    0.1091195304E-13    0.1000000000E+01
    2    0.1240000000E+02    0.3483418059E+00   -0.3483418059E+00   -0.1645737693E+00    0.0000000000E+00    0.0000000000E+00    0.0000000000E+00    0.0000000000E+00    0.0000000000E+00    0.0000000000E+00    0.4723558275E-13    0.4723558275E-13    0.1000000000E+01
    3    0.1240000000E+02    0.3483418059E+00    0.4644557413E+00   -0.4721873354E+00    0.0000000000E+00    0.0000000000E+00    0.0000000000E+00    0.0000000000E+00    0.0000000000E+00    0.0000000000E+00    0.1771879412E-14    0.1771879412E-14    0.1000000000E+01
    4    0.1240000000E+02   -0.4644557413E+00   -0.3483418059E+00   -0.4718892254E+00    0.0000000000E+00    0.0000000000E+00    0.0000000000E+00    0.0000000000E+00    0.0000000000E+00    0.0000000000E+00    0.2508003740E-13    0.2508003740E-13    0.1000000000E+01
    1    0.1265833333E+02   -0.4644557413E+00    0.4644557413E+00    0.1994176450E+00    0.0000000000E+00    0.0000000000E+00    0.0000000000E+00    0.0000000000E+00    0.0000000000E+00    0.0000000000E+00    0.3005499850E-15    0.3005499856E-15    0.9999999980E+00
    2    0.1265833333E+02    0.3483418059E+00   -0.3483418059E+00   -0.8287071841E-01    0.0000000000E+00    0.0000000000E+00    0.0000000000E+00    0.0000000000E+00    0.0000000000E+00    0.0000000000E+00    0.4539801597E-11    0.4539801597E-11    0.1000000000E+01
    3    0.1265833333E+02    0.3483418059E+00    0.4644557413E+00   -0.3606698795E+00    0.0000000000E+00    0.0000000000E+00    0.0000000000E+00    0.0000000000E+00    0.0000000000E+00    0.0000000000E+00    0.1080714019E-13    0.1080714019E-13    0.1000000000E+01
    4    0.1265833333E+02   -0.4644557413E+00   -0.3483418059E+00   -0.3567132562E+00    0.0000000000E+00    0.0000000000E+00    0.0000000000E+00    0.0000000000E+00    0.0000000000E+00    0.0000000000E+00    0.4978728318E-13    0.4978728318E-13    0.1000000000E+01
    1    0.1291666667E+02   -0.4644557413E+00    0.4644557413E+00    0.2768973500E+00    0.0000000000E+00    0.0000000000E+00    0.0000000000E+00    0.0000000000E+00    0.0000000000E+00    0.0000000000E+00    0.8892753213E-14    0.8892753213E-14    0.1000000000E+01
    1    0.1317500000E+02   -0.4644557413E+00    0.4644557413E+00    0.3830302402E+00    0.0000000000E+00    0.0000000000E+00    0.0000000000E+00    0.0000000000E+00    0.0000000000E+00    0.0000000000E+00    0.2527986641E-19    0.2527986641E-19    0.1000000000E+01
    1    0.1343333333E+02    0.3483418059E+00   -0.3483418059E+00    0.5535743206E+00    0.0000000000E+00    0.0000000000E+00    0.0000000000E+00    0.0000000000E+00    0.0000000000E+00    0.0000000000E+00    0.2602020437E-09    0.2602020437E-09    0.1000000000E+01
    2    0.1343333333E+02   -0.4644557413E+00    0.4644557413E+00    0.4981925376E+00    0.0000000000E+00    0.0000000000E+00    0.0000000000E+00    0.0000000000E+00    0.0000000000E+00    0.0000000000E+00    0.7068514833E-12    0.7068514833E-12    0.1000000000E+01
    3    0.1343333333E+02    0.3483418059E+00   -0.3483418059E+00    0.5125924975E-01    0.0000000000E+00    0.0000000000E+00    0.0000000000E+00    0.0000000000E+00    0.0000000000E+00    0.0000000000E+00    0.2907340353E-11    0.2907340353E-11    0.1000000000E+01
    4    0.1343333333E+02   -0.4644557413E+00    0.4644557413E+00    0.3112476354E+00    0.0000000000E+00    0.0000000000E+00    0.0000000000E+00    0.0000000000E+00    0.0000000000E+00    0.0000000000E+00    0.3971762376E-11    0.3971762376E-11    0.1000000000E+01
    5    0.1343333333E+02   -0.4644557413E+00    0.4644557413E+00    0.1641885714E+00   -0.4644557413E+00    0.4644557413E+00   -0.9852807436E+00    0.3539877314E+00   -0.3576666775E+00   -0.1684841337E+00    0.3197184483E-11    0.3197184483E-11    0.1000000000E+01
    6    0.1343333333E+02    0.3483418059E+00   -0.3483418059E+00    0.2023764463E+00    0.0000000000E+00    0.0000000000E+00    0.0000000000E+00    0.0000000000E+00    0.0000000000E+00    0.0000000000E+00    0.1355637468E-11    0.1355637468E-11    0.1000000000E+01
    7    0.1343333333E+02    0.3483418059E+00   -0.3483418059E+00    0.1920365838E+00    0.0000000000E+00    0.0000000000E+00    0.0000000000E+00    0.0000000000E+00    0.0000000000E+00    0.0000000000E+00    0.9121714442E-11    0.9121714442E-11    0.1000000000E+01
    1    0.1369166667E+02    0.3483418059E+00   -0.3483418059E+00   -0.4759709547E+00    0.0000000000E+00    0.0000000000E+00    0.0000000000E+00    0.0000000000E+00    0.0000000000E+00    0.0000000000E+00    0.6782521283E-08    0.6782521283E-08    0.1000000000E+01
    2    0.1369166667E+02   -0.4644557413E+00    0.4644557413E+00   -0.5531333406E+00   -0.4644557413E+00    0.4644557413E+00   -0.5531333406E+00    0.8077147901E+00   -0.8057114077E+00    0.1074683256E+01    0.4850512371E-12    0.4850603246E-12    0.9999812653E+00
    3    0.1369166667E+02   -0.4644557413E+00    0.4644557413E+00    0.5068176724E+00    0.0000000000E+00    0.0000000000E+00    0.0000000000E+00    0.0000000000E+00    0.0000000000E+00    0.0000000000E+00    0.4893498904E-12    0.4893529135E-12    0.9999938223E+00
    4    0.1369166667E+02    0.3483418059E+00   -0.3483418059E+00    0.4003587620E+00    0.0000000000E+00    0.0000000000E+00    0.0000000000E+00    0.0000000000E+00    0.0000000000E+00    0.0000000000E+00    0.6737524539E-08    0.6737524539E-08    0.1000000000E+01
    5    0.1369166667E+02   -0.4644557413E+00    0.4644557413E+00    0.3290194482E+00    0.0000000000E+00    0.0000000000E+00    0.0000000000E+00    0.0000000000E+00    0.0000000000E+00    0.0000000000E+00    0.7164262313E-13    0.7167319282E-13    0.9995734850E+00
    6    0.1369166667E+02   -0.4644557413E+00   -0.3483418059E+00    0.2035717523E+00    0.0000000000E+00    0.0000000000E+00    0.0000000000E+00    0.0000000000E+00    0.0000000000E+00    0.0000000000E+00    0.1506062180E-12    0.1506062261E-12    0.9999999462E+00
    7    0.1369166667E+02    0.3483418059E+00    0.4644557413E+00    0.2019393386E+00    0.0000000000E+00    0.0000000000E+00    0.0000000000E+00    0.0000000000E+00    0.0000000000E+00    0.0000000000E+00    0.1793123837E-12    0.1793124019E-12    0.9999998984E+00
    1    0.1395000000E+02   -0.4644557413E+00    0.4644557413E+00   -0.4656238984E+00    0.0000000000E+00    0.0000000000E+00    0.0000000000E+00    0.0000000000E+00    0.0000000000E+00    0.0000000000E+00    0.2983056548E-12    0.2983056548E-12    0.1000000000E+01
    2    0.1395000000E+02   -0.4644557413E+00    0.4644557413E+00   -0.5204124008E+00    0.0000000000E+00    0.0000000000E+00    0.0000000000E+00    0.0000000000E+00    0.0000000000E+00    0.0000000000E+00    0.4256636289E-12    0.4256636289E-12    0.1000000000E+01
    3    0.1395000000E+02    0.3483418059E+00    0.4644557413E+00    0.1350647588E+00    0.0000000000E+00    0.0000000000E+00    0.0000000000E+00    0.0000000000E+00    0.0000000000E+00    0.0000000000E+00    0.8948667150E-10    0.8948667150E-10    0.1000000000E+01
    4    0.1395000000E+02   -0.4644557413E+00   -0.3483418059E+00    0.1420346323E+00    0.0000000000E+00    0.0000000000E+00    0.0000000000E+00    0.0000000000E+00    0.0000000000E+00    0.0000000000E+00    0.5086485886E-10    0.5086485886E-10    0.1000000000E+01
    5    0.1395000000E+02   -0.4644557413E+00    0.4644557413E+00    0.4330669760E+00    0.0000000000E+00    0.0000000000E+00    0.0000000000E+00    0.0000000000E+00    0.0000000000E+00    0.0000000000E+00    0.2460093203E-12    0.2460093203E-12    0.1000000000E+01
    6    0.1395000000E+02   -0.4644557413E+00   -0.3483418059E+00    0.3924815186E+00    0.0000000000E+00    0.0000000000E+00    0.0000000000E+00    0.0000000000E+00    0.0000000000E+00    0.0000000000E+00    0.2928191814E-11    0.2928191814E-11    0.1000000000E+01
    7    0.1395000000E+02    0.3483418059E+00    0.4644557413E+00    0.3929284705E+00    0.0000000000E+00    0.0000000000E+00    0.0000000000E+00    0.0000000000E+00    0.0000000000E+00    0.0000000000E+00    0.1360728039E-10    0.1360728039E-10    0.1000000000E+01
    1    0.1420833333E+02   -0.4644557413E+00    0.4644557413E+00   -0.3808398721E+00    0.0000000000E+00    0.0000000000E+00    0.0000000000E+00    0.0000000000E+00    0.0000000000E+00    0.0000000000E+00    0.8071107481E-13    0.8071107481E-13    0.1000000000E+01
    2    0.1420833333E+02   -0.4644557413E+00    0.4644557413E+00   -0.4112374762E+00    0.0000000000E+00    0.0000000000E+00    0.0000000000E+00    0.0000000000E+00    0.0000000000E+00    0.0000000000E+00    0.1087559330E-12    0.1087559330E-12    0.1000000000E+01
    3    0.1420833333E+02   -0.4644557413E+00    0.4644557413E+00    0.5368393201E+00    0.0000000000E+00    0.0000000000E+00    0.0000000000E+00    0.0000000000E+00    0.0000000000E+00    0.0000000000E+00    0.1403397532E-12    0.1403397532E-12    0.1000000000E+01
    1    0.1446666667E+02   -0.4644557413E+00    0.4644557413E+00   -0.4927630425E+00    0.0000000000E+00    0.0000000000E+00    0.0000000000E+00    0.0000000000E+00    0.0000000000E+00    0.0000000000E+00    0.4149589426E-12    0.4149589426E-12    0.1000000000E+01
    2    0.1446666667E+02   -0.4644557413E+00    0.4644557413E+00   -0.2899546254E+00    0.0000000000E+00    0.0000000000E+00    0.0000000000E+00    0.0000000000E+00    0.0000000000E+00    0.0000000000E+00    0.6444806992E-12    0.6444806992E-12    0.1000000000E+01
    3    0.1446666667E+02   -0.4644557413E+00    0.4644557413E+00   -0.2958560453E+00    0.0000000000E+00    0.0000000000E+00    0.0000000000E+00    0.0000000000E+00    0.0000000000E+00    0.0000000000E+00    0.1177830023E-11    0.1177830023E-11    0.1000000000E+01
    1    0.1472500000E+02   -0.4644557413E+00    0.4644557413E+00   -0.3335415852E+00    0.0000000000E+00    0.0000000000E+00    0.0000000000E+00    0.0000000000E+00    0.0000000000E+00    0.0000000000E+00    0.1323105313E-11    0.1323105313E-11    0.1000000000E+01
    2    0.1472500000E+02   -0.4644557413E+00    0.4644557413E+00   -0.1748239756E+00    0.0000000000E+00    0.0000000000E+00    0.0000000000E+00    0.0000000000E+00    0.0000000000E+00    0.0000000000E+00    0.5188428620E-12    0.5188428620E-12    0.1000000000E+01
    3    0.1472500000E+02   -0.4644557413E+00    0.4644557413E+00   -0.1342612777E+00    0.0000000000E+00    0.0000000000E+00    0.0000000000E+00    0.0000000000E+00    0.0000000000E+00    0.0000000000E+00    0.1400319325E-10    0.1400319325E-10    0.1000000000E+01
