    1    0.1291666667E+01    0.0000000000E+00   -0.1161139353E+00    0.1093537731E+00    0.0000000000E+00    0.0000000000E+00    0.0000000000E+00    0.0000000000E+00    0.0000000000E+00    0.0000000000E+00    0.2672483337E-13    0.2672483337E-13    0.9999992975E+00    0.9999992975E+00
    1    0.1550000000E+01    0.0000000000E+00   -0.1161139353E+00    0.1761196787E+00    0.0000000000E+00    0.0000000000E+00    0.0000000000E+00    0.0000000000E+00    0.0000000000E+00    0.0000000000E+00    0.5221574077E-15    0.5221574077E-15    0.9999993667E+00    0.9999993667E+00
    1    0.1808333333E+01    0.0000000000E+00   -0.1161139353E+00    0.2328453075E+00    0.0000000000E+00    0.0000000000E+00    0.0000000000E+00    0.0000000000E+00    0.0000000000E+00    0.0000000000E+00    0.1919180246E-14    0.1919180246E-14    0.9999993330E+00    0.9999993330E+00
    2    0.1808333333E+01    0.0000000000E+00   -0.1161139353E+00    0.2320852578E+00    0.0000000000E+00    0.0000000000E+00    0.0000000000E+00    0.0000000000E+00    0.0000000000E+00    0.0000000000E+00    0.1449477575E-17    0.1449477575E-17    0.9999993450E+00    0.9999993450E+00
    1    0.2066666667E+01    0.0000000000E+00   -0.1161139353E+00    0.2863991761E+00    0.0000000000E+00    0.0000000000E+00    0.0000000000E+00    0.0000000000E+00    0.0000000000E+00    0.0000000000E+00    0.3581563752E-14    0.3581563752E-14    0.9999992657E+00    0.9999992657E+00
    2    0.2066666667E+01    0.0000000000E+00   -0.1161139353E+00    0.2778541959E+00    0.0000000000E+00    0.0000000000E+00    0.0000000000E+00    0.0000000000E+00    0.0000000000E+00    0.0000000000E+00    0.3111531596E-16    0.3111531596E-16    0.9999994353E+00    0.9999994353E+00
    1    0.2325000000E+01    0.0000000000E+00   -0.1161139353E+00    0.3392947820E+00    0.0000000000E+00   -0.1161139353E+00    0.3392947820E+00   -0.5886375652E-11   -0.2131630756E+01    0.6701044897E+01    0.1263940331E-14    0.1263940331E-14    0.9999991750E+00    0.9999991750E+00
    2    0.2325000000E+01    0.0000000000E+00   -0.1161139353E+00    0.3160580285E+00    0.0000000000E+00    0.0000000000E+00    0.0000000000E+00    0.0000000000E+00    0.0000000000E+00    0.0000000000E+00    0.8014144062E-16    0.8014144062E-16    0.9999994355E+00    0.9999994355E+00
    1    0.2583333333E+01    0.0000000000E+00   -0.1161139353E+00    0.3930805687E+00    0.0000000000E+00    0.0000000000E+00    0.0000000000E+00    0.0000000000E+00    0.0000000000E+00    0.0000000000E+00    0.6838148119E-16    0.6838148119E-16    0.9999990594E+00    0.9999990594E+00
    2    0.2583333333E+01    0.0000000000E+00   -0.1161139353E+00    0.3513445662E+00    0.0000000000E+00    0.0000000000E+00    0.0000000000E+00    0.0000000000E+00    0.0000000000E+00    0.0000000000E+00    0.4887070530E-16    0.4887070530E-16    0.9999994066E+00    0.9999994066E+00
    1    0.2841666667E+01    0.0000000000E+00   -0.1161139353E+00    0.4491628152E+00    0.0000000000E+00    0.0000000000E+00    0.0000000000E+00    0.0000000000E+00    0.0000000000E+00    0.0000000000E+00    0.2343958363E-14    0.2343958363E-14    0.9999989100E+00    0.9999989100E+00
    2    0.2841666667E+01    0.0000000000E+00   -0.1161139353E+00    0.3854669541E+00    0.0000000000E+00    0.0000000000E+00    0.0000000000E+00    0.0000000000E+00    0.0000000000E+00    0.0000000000E+00    0.4789960105E-18    0.4789960105E-18    0.9999993603E+00    0.9999993603E+00
    1    0.3100000000E+01    0.0000000000E+00    0.6966836119E+00    0.5336819780E+00    0.0000000000E+00    0.0000000000E+00    0.0000000000E+00    0.0000000000E+00    0.0000000000E+00    0.0000000000E+00    0.9273372486E-14    0.9273372486E-14    0.9999963348E+00    0.9999963348E+00
    2    0.3100000000E+01    0.0000000000E+00   -0.1161139353E+00    0.5093527828E+00    0.0000000000E+00    0.0000000000E+00    0.0000000000E+00    0.0000000000E+00    0.0000000000E+00    0.0000000000E+00    0.9048585945E-14    0.9048585945E-14    0.9999987017E+00    0.9999987017E+00
    3    0.3100000000E+01    0.0000000000E+00   -0.1161139353E+00    0.5558296295E-01    0.0000000000E+00    0.0000000000E+00    0.0000000000E+00    0.0000000000E+00    0.0000000000E+00    0.0000000000E+00    0.1080930154E-12    0.1080930154E-12    0.9999989592E+00    0.9999989592E+00
    4    0.3100000000E+01    0.0000000000E+00    0.6966836119E+00   -0.3195702948E+00    0.0000000000E+00    0.0000000000E+00    0.0000000000E+00    0.0000000000E+00    0.0000000000E+00    0.0000000000E+00    0.5230482266E-12    0.5230482266E-12    0.9999979784E+00    0.9999979784E+00
    5    0.3100000000E+01    0.0000000000E+00   -0.1161139353E+00    0.4194209304E+00    0.0000000000E+00    0.0000000000E+00    0.0000000000E+00    0.0000000000E+00    0.0000000000E+00    0.0000000000E+00    0.2647958561E-15    0.2647958562E-15    0.9999992719E+00    0.9999992719E+00
    6    0.3100000000E+01    0.0000000000E+00    0.6966836119E+00    0.4545865390E+00    0.0000000000E+00    0.6966836119E+00    0.4545865390E+00    0.2530290217E-09    0.9029068462E+00   -0.1643048218E+00    0.5191691881E-12    0.5191691881E-12    0.9999979187E+00    0.9999979187E+00
    1    0.3358333333E+01    0.0000000000E+00    0.6966836119E+00   -0.4791294244E+00    0.0000000000E+00    0.0000000000E+00    0.0000000000E+00    0.0000000000E+00    0.0000000000E+00    0.0000000000E+00    0.3016845226E-14    0.3016845226E-14    0.9999974657E+00    0.9999974657E+00
    2    0.3358333333E+01    0.0000000000E+00   -0.1161139353E+00    0.9856404018E-01    0.0000000000E+00    0.0000000000E+00    0.0000000000E+00    0.0000000000E+00    0.0000000000E+00    0.0000000000E+00    0.2588579106E-13    0.2588579106E-13    0.9999991698E+00    0.9999991698E+00
    3    0.3358333333E+01    0.0000000000E+00    0.6966836119E+00   -0.2512761836E+00    0.0000000000E+00    0.0000000000E+00    0.0000000000E+00    0.0000000000E+00    0.0000000000E+00    0.0000000000E+00    0.3545764925E-13    0.3545764925E-13    0.9999988083E+00    0.9999988083E+00
    4    0.3358333333E+01    0.0000000000E+00   -0.1161139353E+00    0.4539707082E+00    0.0000000000E+00    0.0000000000E+00    0.0000000000E+00    0.0000000000E+00    0.0000000000E+00    0.0000000000E+00    0.2993358693E-14    0.2993358693E-14    0.9999992079E+00    0.9999992079E+00
    5    0.3358333333E+01    0.0000000000E+00    0.6966836119E+00    0.5258314826E+00    0.0000000000E+00    0.0000000000E+00    0.0000000000E+00    0.0000000000E+00    0.0000000000E+00    0.0000000000E+00    0.3615923677E-13    0.3615923677E-13    0.9999987398E+00    0.9999987398E+00
    1    0.3616666667E+01    0.0000000000E+00   -0.1161139353E+00   -0.4992503721E+00    0.0000000000E+00    0.0000000000E+00    0.0000000000E+00    0.0000000000E+00    0.0000000000E+00    0.0000000000E+00    0.5495511800E-14    0.5495511804E-14    0.9999979797E+00    0.9999979797E+00
    2    0.3616666667E+01    0.8127975472E+00   -0.1161139353E+00   -0.3905899408E+00    0.8127975472E+00   -0.1161139353E+00   -0.3905899408E+00    0.0000000000E+00    0.0000000000E+00    0.0000000000E+00    0.1648519172E-10    0.1648519172E-10    0.9999908695E+00    0.9999908695E+00
    3    0.3616666667E+01    0.0000000000E+00    0.6966836119E+00   -0.3733725322E+00    0.0000000000E+00    0.0000000000E+00    0.0000000000E+00    0.0000000000E+00    0.0000000000E+00    0.0000000000E+00    0.2183036718E-15    0.2183036726E-15    0.9999975809E+00    0.9999975809E+00
    4    0.3616666667E+01    0.8127975472E+00   -0.1161139353E+00    0.4749765171E+00    0.8127975472E+00   -0.1161139353E+00    0.4749765171E+00    0.0000000000E+00    0.0000000000E+00    0.0000000000E+00    0.1415201529E-10    0.1415201529E-10    0.9999901851E+00    0.9999901851E+00
    5    0.3616666667E+01    0.0000000000E+00    0.6966836119E+00   -0.2031687293E+00    0.0000000000E+00    0.0000000000E+00    0.0000000000E+00    0.0000000000E+00    0.0000000000E+00    0.0000000000E+00    0.1389667965E-15    0.1389668034E-15    0.9999989423E+00    0.9999989423E+00
    6    0.3616666667E+01    0.0000000000E+00   -0.1161139353E+00    0.1342974822E+00    0.0000000000E+00    0.0000000000E+00    0.0000000000E+00    0.0000000000E+00    0.0000000000E+00    0.0000000000E+00    0.9809023437E-14    0.9809023480E-14    0.9999991900E+00    0.9999991900E+00
    7    0.3616666667E+01    0.8127975472E+00   -0.1161139353E+00   -0.3611357392E+00    0.8127975472E+00   -0.1161139353E+00   -0.3611357392E+00    0.0000000000E+00    0.0000000000E+00    0.0000000000E+00    0.2115583739E-11    0.2115583739E-11    0.9999955266E+00    0.9999955266E+00
    8    0.3616666667E+01    0.8127975472E+00   -0.1161139353E+00    0.5382627126E+00    0.8127975472E+00   -0.1161139353E+00    0.5382627126E+00    0.0000000000E+00    0.0000000000E+00    0.0000000000E+00    0.2466084621E-10    0.2466084621E-10    0.9999883081E+00    0.9999883081E+00
    9    0.3616666667E+01    0.0000000000E+00   -0.1161139353E+00    0.4898772385E+00    0.0000000000E+00    0.0000000000E+00    0.0000000000E+00    0.0000000000E+00    0.0000000000E+00    0.0000000000E+00    0.4141498383E-14    0.4141498407E-14    0.9999991122E+00    0.9999991122E+00
    1    0.3875000000E+01    0.0000000000E+00   -0.1161139353E+00   -0.4034055271E+00    0.0000000000E+00    0.0000000000E+00    0.0000000000E+00    0.0000000000E+00    0.0000000000E+00    0.0000000000E+00    0.4173379368E-15    0.4173379368E-15    0.9999971601E+00    0.9999971601E+00
    2    0.3875000000E+01    0.0000000000E+00    0.6966836119E+00   -0.2705629851E+00    0.0000000000E+00    0.0000000000E+00    0.0000000000E+00    0.0000000000E+00    0.0000000000E+00    0.0000000000E+00    0.3724293168E-13    0.3724293168E-13    0.9999972394E+00    0.9999972394E+00
    3    0.3875000000E+01    0.8127975472E+00   -0.1161139353E+00   -0.2554026003E+00    0.8127975472E+00   -0.1161139353E+00   -0.2554026003E+00    0.0000000000E+00    0.0000000000E+00    0.0000000000E+00    0.7549489498E-14    0.7549489499E-14    0.9999977506E+00    0.9999977506E+00
    4    0.3875000000E+01    0.0000000000E+00   -0.1161139353E+00    0.1675427451E+00    0.0000000000E+00    0.0000000000E+00    0.0000000000E+00    0.0000000000E+00    0.0000000000E+00    0.0000000000E+00    0.2606986552E-14    0.2606986696E-14    0.9999991679E+00    0.9999991679E+00
    5    0.3875000000E+01    0.0000000000E+00    0.6966836119E+00   -0.1608022277E+00    0.0000000000E+00    0.0000000000E+00    0.0000000000E+00    0.0000000000E+00    0.0000000000E+00    0.0000000000E+00    0.7674710211E-14    0.7674710211E-14    0.9999989473E+00    0.9999989473E+00
    6    0.3875000000E+01    0.8127975472E+00   -0.1161139353E+00   -0.2485900949E+00    0.8127975472E+00   -0.1161139353E+00   -0.2485900949E+00    0.0000000000E+00    0.0000000000E+00    0.0000000000E+00    0.5978905478E-14    0.5978905478E-14    0.9999978627E+00    0.9999978627E+00
    7    0.3875000000E+01    0.0000000000E+00   -0.1161139353E+00    0.5280806306E+00    0.0000000000E+00    0.0000000000E+00    0.0000000000E+00    0.0000000000E+00    0.0000000000E+00    0.0000000000E+00    0.2119362085E-14    0.2119362404E-14    0.9999989823E+00    0.9999989823E+00
    8    0.3875000000E+01    0.0000000000E+00    0.6966836119E+00   -0.5295623861E+00    0.0000000000E+00    0.0000000000E+00    0.0000000000E+00    0.0000000000E+00    0.0000000000E+00    0.0000000000E+00    0.8273354074E-14    0.8273354077E-14    0.9999989065E+00    0.9999989065E+00
    1    0.4133333333E+01    0.0000000000E+00   -0.1161139353E+00   -0.2607987948E+00    0.0000000000E+00    0.0000000000E+00    0.0000000000E+00    0.0000000000E+00    0.0000000000E+00    0.0000000000E+00    0.1410450822E-12    0.1410450822E-12    0.9999946991E+00    0.9999946991E+00
    2    0.4133333333E+01    0.0000000000E+00    0.6966836119E+00   -0.1433410144E+00    0.0000000000E+00    0.0000000000E+00    0.0000000000E+00    0.0000000000E+00    0.0000000000E+00    0.0000000000E+00    0.3036868179E-12    0.3036868179E-12    0.9999954670E+00    0.9999954670E+00
    3    0.4133333333E+01    0.8127975472E+00   -0.1161139353E+00   -0.1760036638E+00    0.8127975472E+00   -0.1161139353E+00   -0.1760036638E+00    0.0000000000E+00    0.0000000000E+00    0.0000000000E+00    0.2300165515E-14    0.2300165515E-14    0.9999979380E+00    0.9999979380E+00
    4    0.4133333333E+01    0.0000000000E+00   -0.1161139353E+00    0.1996449010E+00    0.0000000000E+00    0.0000000000E+00    0.0000000000E+00    0.0000000000E+00    0.0000000000E+00    0.0000000000E+00    0.9419563121E-17    0.9419602010E-17    0.9999991196E+00    0.9999991196E+00
    5    0.4133333333E+01    0.0000000000E+00    0.6966836119E+00   -0.1195698036E+00    0.0000000000E+00    0.0000000000E+00    0.0000000000E+00    0.0000000000E+00    0.0000000000E+00    0.0000000000E+00    0.3431432479E-13    0.3431432693E-13    0.9999988549E+00    0.9999988549E+00
    6    0.4133333333E+01    0.8127975472E+00   -0.1161139353E+00   -0.1718513610E+00    0.8127975472E+00   -0.1161139353E+00   -0.1718513610E+00    0.0000000000E+00    0.0000000000E+00    0.0000000000E+00    0.3568032655E-14    0.3568032655E-14    0.9999979832E+00    0.9999979832E+00
    7    0.4133333333E+01    0.0000000000E+00    0.6966836119E+00   -0.4881306271E+00    0.0000000000E+00    0.0000000000E+00    0.0000000000E+00    0.0000000000E+00    0.0000000000E+00    0.0000000000E+00    0.1158726468E-13    0.1158731503E-13    0.9999988949E+00    0.9999988949E+00
    8    0.4133333333E+01    0.0000000000E+00   -0.1161139353E+00    0.5699665268E+00    0.0000000000E+00    0.0000000000E+00    0.0000000000E+00    0.0000000000E+00    0.0000000000E+00    0.0000000000E+00    0.9282291835E-16    0.9282292011E-16    0.9999988036E+00    0.9999988036E+00
    1    0.4391666667E+01    0.8127975472E+00   -0.1161139353E+00   -0.4782925550E+00    0.8127975472E+00   -0.1161139353E+00   -0.4782925550E+00    0.0000000000E+00    0.0000000000E+00    0.0000000000E+00    0.4370845741E-12    0.4370847873E-12    0.9999975343E+00    0.9999975343E+00
    2    0.4391666667E+01    0.8127975472E+00    0.6966836119E+00    0.2262007915E+00    0.8127975472E+00    0.6966836119E+00    0.2262007915E+00    0.0000000000E+00    0.0000000000E+00    0.0000000000E+00    0.4805405132E-11    0.4805405133E-11    0.9999938784E+00    0.9999938784E+00
    3    0.4391666667E+01    0.0000000000E+00   -0.1161139353E+00   -0.5315207711E+00    0.0000000000E+00    0.0000000000E+00    0.0000000000E+00    0.0000000000E+00    0.0000000000E+00    0.0000000000E+00    0.4673467853E-14    0.4673477317E-14    0.9999985028E+00    0.9999985028E+00
    4    0.4391666667E+01    0.8127975472E+00   -0.1161139353E+00   -0.4759585322E+00    0.8127975472E+00   -0.1161139353E+00   -0.4759585322E+00    0.0000000000E+00    0.0000000000E+00    0.0000000000E+00    0.4841793178E-12    0.4841793495E-12    0.9999975097E+00    0.9999975097E+00
    5    0.4391666667E+01    0.0000000000E+00    0.6966836119E+00   -0.4481273278E+00    0.0000000000E+00    0.0000000000E+00    0.0000000000E+00    0.0000000000E+00    0.0000000000E+00    0.0000000000E+00    0.8795701987E-14    0.8796037655E-14    0.9999988490E+00    0.9999988490E+00
    6    0.4391666667E+01    0.8127975472E+00    0.6966836119E+00   -0.9586859700E-01    0.8127975472E+00    0.6966836119E+00   -0.9586859700E-01    0.0000000000E+00    0.0000000000E+00    0.0000000000E+00    0.4812861604E-11    0.4812861605E-11    0.9999938656E+00    0.9999938656E+00
    7    0.4391666667E+01    0.8127975472E+00   -0.1161139353E+00   -0.9505291380E-01    0.8127975472E+00   -0.1161139353E+00   -0.9505291380E-01    0.0000000000E+00    0.0000000000E+00    0.0000000000E+00    0.3781094745E-12    0.3781095073E-12    0.9999973421E+00    0.9999973421E+00
    8    0.4391666667E+01    0.8127975472E+00    0.6966836119E+00    0.2443110605E+00    0.8127975472E+00    0.6966836119E+00    0.2443110605E+00    0.0000000000E+00    0.0000000000E+00    0.0000000000E+00    0.2315567333E-11    0.2315567336E-11    0.9999951818E+00    0.9999951818E+00
    9    0.4391666667E+01    0.0000000000E+00   -0.1161139353E+00    0.2311968337E+00    0.0000000000E+00    0.0000000000E+00    0.0000000000E+00    0.0000000000E+00    0.0000000000E+00    0.0000000000E+00    0.3621860938E-14    0.3621864137E-14    0.9999990722E+00    0.9999990722E+00
   10    0.4391666667E+01    0.8127975472E+00   -0.1161139353E+00   -0.9202068080E-01    0.8127975472E+00   -0.1161139353E+00   -0.9202068080E-01    0.0000000000E+00    0.0000000000E+00    0.0000000000E+00    0.3612961429E-12    0.3612961617E-12    0.9999973525E+00    0.9999973525E+00
   11    0.4391666667E+01    0.0000000000E+00    0.6966836119E+00   -0.7425795911E-01    0.0000000000E+00    0.0000000000E+00    0.0000000000E+00    0.0000000000E+00    0.0000000000E+00    0.0000000000E+00    0.1711468955E-12    0.1711473854E-12    0.9999985195E+00    0.9999985195E+00
   12    0.4391666667E+01    0.8127975472E+00    0.6966836119E+00   -0.7816180100E-01    0.8127975472E+00    0.6966836119E+00   -0.7816180100E-01    0.0000000000E+00    0.0000000000E+00    0.0000000000E+00    0.2289212888E-11    0.2289212888E-11    0.9999951516E+00    0.9999951516E+00
    1    0.4650000000E+01    0.8127975472E+00    0.6966836119E+00    0.3443502778E+00    0.8127975472E+00    0.6966836119E+00    0.3443502778E+00    0.0000000000E+00    0.0000000000E+00    0.0000000000E+00    0.6853195430E-14    0.6853195440E-14    0.9999973758E+00    0.9999973758E+00
    2    0.4650000000E+01    0.8127975472E+00   -0.1161139353E+00   -0.4050368120E+00    0.8127975472E+00   -0.1161139353E+00   -0.4050368120E+00    0.0000000000E+00    0.0000000000E+00    0.0000000000E+00    0.2641052289E-14    0.2641052317E-14    0.9999978862E+00    0.9999978862E+00
    3    0.4650000000E+01    0.8127975472E+00    0.6966836119E+00    0.1925084546E-01    0.8127975472E+00    0.6966836119E+00    0.1925084546E-01    0.0000000000E+00    0.0000000000E+00    0.0000000000E+00    0.2269188346E-12    0.2269188346E-12    0.9999971831E+00    0.9999971831E+00
    4    0.4650000000E+01    0.0000000000E+00   -0.1161139353E+00   -0.4722300799E+00    0.0000000000E+00    0.0000000000E+00    0.0000000000E+00    0.0000000000E+00    0.0000000000E+00    0.0000000000E+00    0.2182606970E-13    0.2182606976E-13    0.9999979443E+00    0.9999979443E+00
    5    0.4650000000E+01    0.8127975472E+00   -0.1161139353E+00   -0.4020590163E+00    0.8127975472E+00   -0.1161139353E+00   -0.4020590163E+00    0.0000000000E+00    0.0000000000E+00    0.0000000000E+00    0.2199401396E-14    0.2199401396E-14    0.9999978707E+00    0.9999978707E+00
    6    0.4650000000E+01    0.0000000000E+00    0.6966836119E+00   -0.4084623952E+00    0.0000000000E+00    0.0000000000E+00    0.0000000000E+00    0.0000000000E+00    0.0000000000E+00    0.0000000000E+00    0.1663761297E-15    0.1663761305E-15    0.9999987812E+00    0.9999987812E+00
    7    0.4650000000E+01    0.8127975472E+00    0.6966836119E+00    0.3522614119E+00    0.8127975472E+00    0.6966836119E+00    0.3522614119E+00    0.0000000000E+00    0.0000000000E+00    0.0000000000E+00    0.6541333622E-14    0.6541333623E-14    0.9999974404E+00    0.9999974404E+00
    8    0.4650000000E+01    0.0000000000E+00   -0.1161139353E+00    0.2625197699E+00    0.0000000000E+00    0.0000000000E+00    0.0000000000E+00    0.0000000000E+00    0.0000000000E+00    0.0000000000E+00    0.1188608956E-13    0.1188608958E-13    0.9999990011E+00    0.9999990011E+00
    9    0.4650000000E+01    0.8127975472E+00    0.6966836119E+00    0.2628222155E-01    0.8127975472E+00    0.6966836119E+00    0.2628222155E-01    0.0000000000E+00    0.0000000000E+00    0.0000000000E+00    0.1278712116E-12    0.1278712116E-12    0.9999973700E+00    0.9999973700E+00
    1    0.4908333333E+01    0.8127975472E+00    0.6966836119E+00    0.4225292799E+00    0.8127975472E+00    0.6966836119E+00    0.4225292799E+00    0.0000000000E+00    0.0000000000E+00    0.0000000000E+00    0.6919768015E-13    0.6919768015E-13    0.9999975869E+00    0.9999975869E+00
    2    0.4908333333E+01    0.8127975472E+00   -0.1161139353E+00   -0.3357265912E+00    0.8127975472E+00   -0.1161139353E+00   -0.3357265912E+00    0.0000000000E+00    0.0000000000E+00    0.0000000000E+00    0.3117282666E-14    0.3117282666E-14    0.9999976941E+00    0.9999976941E+00
    3    0.4908333333E+01    0.8127975472E+00    0.6966836119E+00    0.9464195158E-01    0.8127975472E+00    0.6966836119E+00    0.9464195158E-01    0.0000000000E+00    0.0000000000E+00    0.0000000000E+00    0.5992525882E-13    0.5992525882E-13    0.9999978200E+00    0.9999978200E+00
    4    0.4908333333E+01    0.8127975472E+00   -0.1161139353E+00   -0.3321782160E+00    0.8127975472E+00   -0.1161139353E+00   -0.3321782160E+00    0.0000000000E+00    0.0000000000E+00    0.0000000000E+00    0.4013129091E-14    0.4013130901E-14    0.9999976706E+00    0.9999976706E+00
    5    0.4908333333E+01    0.8127975472E+00    0.6966836119E+00    0.4293301611E+00    0.8127975472E+00    0.6966836119E+00    0.4293301611E+00    0.0000000000E+00    0.0000000000E+00    0.0000000000E+00    0.9171193432E-13    0.9171193433E-13    0.9999975955E+00    0.9999975955E+00
    6    0.4908333333E+01    0.0000000000E+00   -0.1161139353E+00   -0.3847001244E+00    0.0000000000E+00    0.0000000000E+00    0.0000000000E+00    0.0000000000E+00    0.0000000000E+00    0.0000000000E+00    0.1104574699E-13    0.1104574757E-13    0.9999961712E+00    0.9999961712E+00
    7    0.4908333333E+01    0.0000000000E+00    0.6966836119E+00   -0.3683136739E+00    0.0000000000E+00    0.0000000000E+00    0.0000000000E+00    0.0000000000E+00    0.0000000000E+00    0.0000000000E+00    0.1013875915E-15    0.1013875925E-15    0.9999986856E+00    0.9999986856E+00
    8    0.4908333333E+01    0.0000000000E+00   -0.1161139353E+00    0.2938168373E+00    0.0000000000E+00    0.0000000000E+00    0.0000000000E+00    0.0000000000E+00    0.0000000000E+00    0.0000000000E+00    0.1081084770E-13    0.1081084771E-13    0.9999989640E+00    0.9999989640E+00
    9    0.4908333333E+01    0.8127975472E+00    0.6966836119E+00    0.9957707796E-01    0.8127975472E+00    0.6966836119E+00    0.9957707796E-01    0.0000000000E+00    0.0000000000E+00    0.0000000000E+00    0.5260013609E-13    0.5260013637E-13    0.9999978475E+00    0.9999978475E+00
    1    0.5166666667E+01    0.8127975472E+00    0.6966836119E+00    0.5027030868E+00    0.8127975472E+00    0.6966836119E+00    0.5027030868E+00    0.0000000000E+00    0.0000000000E+00    0.0000000000E+00    0.8578179248E-12    0.8578179248E-12    0.9999967243E+00    0.9999967243E+00
    2    0.5166666667E+01    0.8127975472E+00   -0.1161139353E+00   -0.2579337187E+00    0.8127975472E+00   -0.1161139353E+00   -0.2579337187E+00    0.0000000000E+00    0.0000000000E+00    0.0000000000E+00    0.2868349385E-15    0.2876594237E-15    0.9999970060E+00    0.9999970060E+00
    3    0.5166666667E+01    0.8127975472E+00    0.6966836119E+00    0.1589772675E+00    0.8127975472E+00    0.6966836119E+00    0.1589772675E+00    0.0000000000E+00    0.0000000000E+00    0.0000000000E+00    0.4974479740E-13    0.4974479740E-13    0.9999978704E+00    0.9999978704E+00
    4    0.5166666667E+01    0.0000000000E+00    0.6966836119E+00   -0.3268491508E+00    0.0000000000E+00    0.0000000000E+00    0.0000000000E+00    0.0000000000E+00    0.0000000000E+00    0.0000000000E+00    0.2186847143E-14    0.2186848160E-14    0.9999985561E+00    0.9999985561E+00
    5    0.5166666667E+01    0.0000000000E+00   -0.1161139353E+00    0.3251471321E+00    0.0000000000E+00    0.0000000000E+00    0.0000000000E+00    0.0000000000E+00    0.0000000000E+00    0.0000000000E+00    0.1733282153E-15    0.1733282596E-15    0.9999989294E+00    0.9999989294E+00
    6    0.5166666667E+01    0.8127975472E+00    0.6966836119E+00    0.5121491388E+00    0.8127975472E+00    0.6966836119E+00    0.5121491388E+00    0.0000000000E+00    0.0000000000E+00    0.0000000000E+00    0.1258094116E-11    0.1258094116E-11    0.9999963883E+00    0.9999963883E+00
    7    0.5166666667E+01    0.8127975472E+00   -0.1161139353E+00   -0.2531279114E+00    0.8127975472E+00   -0.1161139353E+00   -0.2531279114E+00    0.0000000000E+00    0.0000000000E+00    0.0000000000E+00    0.3321623361E-15    0.3321623471E-15    0.9999969279E+00    0.9999969279E+00
    8    0.5166666667E+01    0.8127975472E+00    0.6966836119E+00    0.1630702171E+00    0.8127975472E+00    0.6966836119E+00    0.1630702171E+00    0.0000000000E+00    0.0000000000E+00    0.0000000000E+00    0.6812519022E-13    0.6812519023E-13    0.9999978871E+00    0.9999978871E+00
    1    0.5425000000E+01    0.8127975472E+00   -0.1161139353E+00   -0.1292190358E+00    0.8127975472E+00   -0.1161139353E+00   -0.1292190358E+00    0.0000000000E+00    0.0000000000E+00    0.0000000000E+00    0.7530536345E-12    0.7530536345E-12    0.9999908214E+00    0.9999908214E+00
    2    0.5425000000E+01    0.8127975472E+00    0.6966836119E+00    0.2213676016E+00    0.8127975472E+00    0.6966836119E+00    0.2213676016E+00    0.0000000000E+00    0.0000000000E+00    0.0000000000E+00    0.6721251157E-15    0.6721251195E-15    0.9999977320E+00    0.9999977320E+00
    3    0.5425000000E+01    0.0000000000E+00    0.6966836119E+00   -0.2829935957E+00    0.0000000000E+00    0.0000000000E+00    0.0000000000E+00    0.0000000000E+00    0.0000000000E+00    0.0000000000E+00    0.7656623561E-14    0.7656623577E-14    0.9999983740E+00    0.9999983740E+00
    4    0.5425000000E+01    0.0000000000E+00   -0.1161139353E+00    0.3566889230E+00    0.0000000000E+00    0.0000000000E+00    0.0000000000E+00    0.0000000000E+00    0.0000000000E+00    0.0000000000E+00    0.6127956563E-16    0.6127957038E-16    0.9999988706E+00    0.9999988706E+00
    5    0.5425000000E+01    0.8127975472E+00    0.6966836119E+00    0.2250690346E+00    0.8127975472E+00    0.6966836119E+00    0.2250690346E+00    0.0000000000E+00    0.0000000000E+00    0.0000000000E+00    0.9042015826E-15    0.9042015887E-15    0.9999977391E+00    0.9999977391E+00
    6    0.5425000000E+01    0.8127975472E+00   -0.1161139353E+00   -0.1091582465E+00    0.8127975472E+00   -0.1161139353E+00   -0.1091582465E+00    0.3992542235E+01    0.2472623225E+00    0.4384467851E+01    0.4071121279E-11    0.4071121279E-11    0.9999865022E+00    0.9999865022E+00
    1    0.5683333333E+01    0.8127975472E+00    0.6966836119E+00    0.2890765275E+00    0.8127975472E+00    0.6966836119E+00    0.2890765275E+00    0.0000000000E+00    0.0000000000E+00    0.0000000000E+00    0.9727548901E-14    0.9727548901E-14    0.9999972143E+00    0.9999972143E+00
    2    0.5683333333E+01    0.0000000000E+00    0.6966836119E+00   -0.2350037538E+00    0.0000000000E+00    0.0000000000E+00    0.0000000000E+00    0.0000000000E+00    0.0000000000E+00    0.0000000000E+00    0.8810735324E-14    0.8810735324E-14    0.9999980934E+00    0.9999980934E+00
    3    0.5683333333E+01    0.0000000000E+00   -0.1161139353E+00    0.3884233095E+00    0.0000000000E+00    0.0000000000E+00    0.0000000000E+00    0.0000000000E+00    0.0000000000E+00    0.0000000000E+00    0.3871392179E-17    0.3871392180E-17    0.9999988093E+00    0.9999988093E+00
    4    0.5683333333E+01    0.8127975472E+00    0.6966836119E+00    0.2928563462E+00    0.8127975472E+00    0.6966836119E+00    0.2928563462E+00    0.0000000000E+00    0.0000000000E+00    0.0000000000E+00    0.1072890748E-13    0.1072890748E-13    0.9999971961E+00    0.9999971961E+00
    1    0.5941666667E+01    0.8127975472E+00    0.6966836119E+00    0.3874583066E+00    0.8127975472E+00    0.6966836119E+00    0.3874583066E+00    0.0000000000E+00    0.0000000000E+00    0.0000000000E+00    0.1090017491E-14    0.1090017491E-14    0.9999937515E+00    0.9999937515E+00
    2    0.5941666667E+01    0.0000000000E+00    0.6966836119E+00   -0.1792166897E+00    0.0000000000E+00    0.0000000000E+00    0.0000000000E+00    0.0000000000E+00    0.0000000000E+00    0.0000000000E+00    0.3182513001E-14    0.3182513001E-14    0.9999975719E+00    0.9999975719E+00
    3    0.5941666667E+01    0.0000000000E+00   -0.1161139353E+00    0.4203686825E+00    0.0000000000E+00    0.0000000000E+00    0.0000000000E+00    0.0000000000E+00    0.0000000000E+00    0.0000000000E+00    0.2412205389E-15    0.2412205471E-15    0.9999987474E+00    0.9999987474E+00
    4    0.5941666667E+01    0.8127975472E+00    0.6966836119E+00    0.3942116234E+00    0.8127975472E+00    0.6966836119E+00    0.3942116234E+00    0.0000000000E+00    0.0000000000E+00    0.0000000000E+00    0.9852873587E-14    0.9852873587E-14    0.9999931948E+00    0.9999931948E+00
    1    0.6200000000E+01    0.0000000000E+00    0.6966836119E+00   -0.1032612245E+00    0.0000000000E+00    0.0000000000E+00    0.0000000000E+00    0.0000000000E+00    0.0000000000E+00    0.0000000000E+00    0.9125097368E-12    0.9125097368E-12    0.9999959221E+00    0.9999959221E+00
    2    0.6200000000E+01    0.0000000000E+00   -0.1161139353E+00    0.4525102701E+00    0.0000000000E+00    0.0000000000E+00    0.0000000000E+00    0.0000000000E+00    0.0000000000E+00    0.0000000000E+00    0.8096417875E-15    0.8096417876E-15    0.9999986859E+00    0.9999986859E+00
    1    0.6458333333E+01    0.0000000000E+00   -0.1161139353E+00    0.4848109510E+00    0.0000000000E+00    0.0000000000E+00    0.0000000000E+00    0.0000000000E+00    0.0000000000E+00    0.0000000000E+00    0.1244861043E-14    0.1244861046E-14    0.9999986257E+00    0.9999986257E+00
    2    0.6458333333E+01    0.0000000000E+00    0.6966836119E+00    0.1369760079E-01    0.0000000000E+00    0.0000000000E+00    0.0000000000E+00    0.0000000000E+00    0.0000000000E+00    0.0000000000E+00    0.1439282501E-10    0.1439282501E-10    0.9999911406E+00    0.9999911406E+00
    1    0.6716666667E+01    0.0000000000E+00    0.6966836119E+00    0.8223402265E-01    0.0000000000E+00    0.0000000000E+00    0.0000000000E+00    0.0000000000E+00    0.0000000000E+00    0.0000000000E+00    0.2467840240E-12    0.2467840240E-12    0.9999980000E+00    0.9999980000E+00
    2    0.6716666667E+01    0.0000000000E+00   -0.1161139353E+00    0.5172185616E+00    0.0000000000E+00    0.0000000000E+00    0.0000000000E+00    0.0000000000E+00    0.0000000000E+00    0.0000000000E+00    0.1006752673E-14    0.1006752673E-14    0.9999985675E+00    0.9999985675E+00
    1    0.6975000000E+01    0.0000000000E+00    0.6966836119E+00    0.1230024675E+00    0.0000000000E+00    0.0000000000E+00    0.0000000000E+00    0.0000000000E+00    0.0000000000E+00    0.0000000000E+00    0.4928367536E-13    0.4928367600E-13    0.9999982649E+00    0.9999982649E+00
    2    0.6975000000E+01    0.0000000000E+00   -0.1161139353E+00    0.5496754253E+00    0.0000000000E+00    0.0000000000E+00    0.0000000000E+00    0.0000000000E+00    0.0000000000E+00    0.0000000000E+00    0.2686487818E-15    0.2686487896E-15    0.9999985117E+00    0.9999985117E+00
    1    0.7233333333E+01    0.0000000000E+00    0.6966836119E+00    0.1595083156E+00    0.0000000000E+00    0.0000000000E+00    0.0000000000E+00    0.0000000000E+00    0.0000000000E+00    0.0000000000E+00    0.6414887033E-14    0.6414887033E-14    0.9999983087E+00    0.9999983087E+00
    2    0.7233333333E+01    0.0000000000E+00   -0.1161139353E+00   -0.5673401215E+00    0.0000000000E+00    0.0000000000E+00    0.0000000000E+00    0.0000000000E+00    0.0000000000E+00    0.0000000000E+00    0.4918167588E-17    0.4918167588E-17    0.9999984579E+00    0.9999984579E+00
    1    0.7491666667E+01    0.0000000000E+00   -0.1161139353E+00   -0.5349253591E+00    0.0000000000E+00    0.0000000000E+00    0.0000000000E+00    0.0000000000E+00    0.0000000000E+00    0.0000000000E+00    0.8920610637E-15    0.8920610637E-15    0.9999984056E+00    0.9999984056E+00
    2    0.7491666667E+01    0.0000000000E+00    0.6966836119E+00    0.1947048289E+00    0.0000000000E+00    0.0000000000E+00    0.0000000000E+00    0.0000000000E+00    0.0000000000E+00    0.0000000000E+00    0.3655625845E-16    0.3655625845E-16    0.9999982770E+00    0.9999982770E+00
    1    0.7750000000E+01    0.0000000000E+00   -0.1161139353E+00   -0.5025625930E+00    0.0000000000E+00   -0.1161139353E+00    0.6469067220E+00    0.1353382755E-09    0.4745787125E+00    0.9906862576E+01    0.2389653551E-14    0.2389653551E-14    0.9999983533E+00    0.9999983533E+00
    2    0.7750000000E+01    0.0000000000E+00    0.6966836119E+00    0.2298019710E+00    0.0000000000E+00    0.0000000000E+00    0.0000000000E+00    0.0000000000E+00    0.0000000000E+00    0.0000000000E+00    0.3074033909E-14    0.3074033909E-14    0.9999982018E+00    0.9999982018E+00
    1    0.8008333333E+01    0.0000000000E+00   -0.1161139353E+00   -0.4702373492E+00    0.0000000000E+00    0.0000000000E+00    0.0000000000E+00    0.0000000000E+00    0.0000000000E+00    0.0000000000E+00    0.3029309750E-14    0.3029309750E-14    0.9999982997E+00    0.9999982997E+00
    2    0.8008333333E+01    0.0000000000E+00    0.6966836119E+00    0.2655503270E+00    0.0000000000E+00    0.0000000000E+00    0.0000000000E+00    0.0000000000E+00    0.0000000000E+00    0.0000000000E+00    0.5655650145E-14    0.5655650155E-14    0.9999980910E+00    0.9999980910E+00
    1    0.8266666667E+01    0.0000000000E+00    0.6966836119E+00    0.3025854520E+00    0.0000000000E+00    0.0000000000E+00    0.0000000000E+00    0.0000000000E+00    0.0000000000E+00    0.0000000000E+00    0.4821077698E-14    0.4821077698E-14    0.9999979421E+00    0.9999979421E+00
    2    0.8266666667E+01    0.0000000000E+00   -0.1161139353E+00   -0.4379084269E+00    0.0000000000E+00    0.0000000000E+00    0.0000000000E+00    0.0000000000E+00    0.0000000000E+00    0.0000000000E+00    0.2063827626E-14    0.2063827626E-14    0.9999982432E+00    0.9999982432E+00
    1    0.8525000000E+01    0.8127975472E+00   -0.1161139353E+00    0.9996492242E-01    0.8127975472E+00   -0.1161139353E+00    0.9996492242E-01    0.0000000000E+00    0.0000000000E+00    0.0000000000E+00    0.1583750153E-11    0.1583750153E-11    0.9999946089E+00    0.9999946089E+00
    2    0.8525000000E+01    0.0000000000E+00   -0.1161139353E+00   -0.4055107767E+00    0.0000000000E+00    0.0000000000E+00    0.0000000000E+00    0.0000000000E+00    0.0000000000E+00    0.0000000000E+00    0.4686683227E-15    0.4686683227E-15    0.9999981824E+00    0.9999981824E+00
    3    0.8525000000E+01    0.0000000000E+00    0.6966836119E+00    0.3415946534E+00    0.0000000000E+00    0.0000000000E+00    0.0000000000E+00    0.0000000000E+00    0.0000000000E+00    0.0000000000E+00    0.1781650856E-14    0.1781650857E-14    0.9999977452E+00    0.9999977452E+00
    4    0.8525000000E+01    0.8127975472E+00   -0.1161139353E+00    0.1053509500E+00    0.8127975472E+00   -0.1161139353E+00    0.1053509500E+00    0.0000000000E+00    0.0000000000E+00    0.0000000000E+00    0.1224544336E-11    0.1224544336E-11    0.9999948806E+00    0.9999948806E+00
    1    0.8783333333E+01    0.8127975472E+00   -0.1161139353E+00    0.1744355554E+00    0.8127975472E+00   -0.1161139353E+00    0.1744355554E+00    0.0000000000E+00    0.0000000000E+00    0.0000000000E+00    0.1096941928E-13    0.1096941928E-13    0.9999964100E+00    0.9999964100E+00
    2    0.8783333333E+01    0.0000000000E+00   -0.1161139353E+00   -0.3729594326E+00    0.0000000000E+00    0.0000000000E+00    0.0000000000E+00    0.0000000000E+00    0.0000000000E+00    0.0000000000E+00    0.1086207225E-15    0.1086207234E-15    0.9999981159E+00    0.9999981159E+00
    3    0.8783333333E+01    0.0000000000E+00    0.6966836119E+00    0.3834729372E+00    0.0000000000E+00    0.0000000000E+00    0.0000000000E+00    0.0000000000E+00    0.0000000000E+00    0.0000000000E+00    0.1170504737E-18    0.1170504739E-18    0.9999974786E+00    0.9999974786E+00
    4    0.8783333333E+01    0.8127975472E+00   -0.1161139353E+00    0.1776376967E+00    0.8127975472E+00   -0.1161139353E+00    0.1776376967E+00    0.0000000000E+00    0.0000000000E+00    0.0000000000E+00    0.6618798435E-14    0.6618798435E-14    0.9999964701E+00    0.9999964701E+00
    1    0.9041666667E+01    0.8127975472E+00   -0.1161139353E+00    0.2315453920E+00    0.8127975472E+00   -0.1161139353E+00    0.2315453920E+00    0.0000000000E+00    0.0000000000E+00    0.0000000000E+00    0.1355144295E-13    0.1355144295E-13    0.9999968234E+00    0.9999968234E+00
    2    0.9041666667E+01    0.0000000000E+00   -0.1161139353E+00   -0.3401530986E+00    0.0000000000E+00    0.0000000000E+00    0.0000000000E+00    0.0000000000E+00    0.0000000000E+00    0.0000000000E+00    0.1766832819E-14    0.1766832819E-14    0.9999980422E+00    0.9999980422E+00
    3    0.9041666667E+01    0.0000000000E+00    0.6966836119E+00    0.4295788091E+00    0.0000000000E+00    0.0000000000E+00    0.0000000000E+00    0.0000000000E+00    0.0000000000E+00    0.0000000000E+00    0.2274624436E-14    0.2274624470E-14    0.9999970975E+00    0.9999970975E+00
    4    0.9041666667E+01    0.8127975472E+00   -0.1161139353E+00    0.2340449377E+00    0.8127975472E+00   -0.1161139353E+00    0.2340449377E+00    0.0000000000E+00    0.0000000000E+00    0.0000000000E+00    0.1394536570E-13    0.1394536570E-13    0.9999968516E+00    0.9999968516E+00
    1    0.9300000000E+01    0.8127975472E+00   -0.1161139353E+00    0.2832823217E+00    0.8127975472E+00   -0.1161139353E+00    0.2832823217E+00    0.0000000000E+00    0.0000000000E+00    0.0000000000E+00    0.1201461933E-13    0.1201461933E-13    0.9999969099E+00    0.9999969099E+00
    2    0.9300000000E+01    0.8127975472E+00   -0.1161139353E+00    0.2854301914E+00    0.8127975472E+00   -0.1161139353E+00    0.2854301914E+00    0.0000000000E+00    0.0000000000E+00    0.0000000000E+00    0.1149809908E-13    0.1149809947E-13    0.9999969253E+00    0.9999969253E+00
    3    0.9300000000E+01    0.0000000000E+00    0.6966836119E+00    0.4823350495E+00    0.0000000000E+00    0.0000000000E+00    0.0000000000E+00    0.0000000000E+00    0.0000000000E+00    0.0000000000E+00    0.6653698211E-14    0.6653698474E-14    0.9999964923E+00    0.9999964923E+00
    4    0.9300000000E+01    0.0000000000E+00   -0.1161139353E+00   -0.3069765527E+00    0.0000000000E+00    0.0000000000E+00    0.0000000000E+00    0.0000000000E+00    0.0000000000E+00    0.0000000000E+00    0.4063670899E-14    0.4063670903E-14    0.9999979600E+00    0.9999979600E+00
    1    0.9558333333E+01    0.8127975472E+00   -0.1161139353E+00    0.3337544760E+00    0.8127975472E+00   -0.1161139353E+00    0.3337544760E+00    0.0000000000E+00    0.0000000000E+00    0.0000000000E+00    0.4841477859E-14    0.4841477859E-14    0.9999968107E+00    0.9999968107E+00
    2    0.9558333333E+01    0.0000000000E+00   -0.1161139353E+00   -0.2733014621E+00    0.0000000000E+00    0.0000000000E+00    0.0000000000E+00    0.0000000000E+00    0.0000000000E+00    0.0000000000E+00    0.4614028447E-14    0.4614028640E-14    0.9999978678E+00    0.9999978678E+00
    3    0.9558333333E+01    0.8127975472E+00   -0.1161139353E+00    0.3357240808E+00    0.8127975472E+00   -0.1161139353E+00    0.3357240808E+00    0.0000000000E+00    0.0000000000E+00    0.0000000000E+00    0.4786186296E-14    0.4786186296E-14    0.9999968174E+00    0.9999968174E+00
    4    0.9558333333E+01    0.0000000000E+00    0.6966836119E+00    0.5472066843E+00    0.0000000000E+00    0.0000000000E+00    0.0000000000E+00    0.0000000000E+00    0.0000000000E+00    0.0000000000E+00    0.8306752972E-14    0.8306753076E-14    0.9999953070E+00    0.9999953070E+00
    1    0.9816666667E+01    0.8127975472E+00   -0.1161139353E+00    0.3859660308E+00    0.8127975472E+00   -0.1161139353E+00    0.3859660308E+00    0.0000000000E+00    0.0000000000E+00    0.0000000000E+00    0.8162582060E-16    0.8162582069E-16    0.9999965005E+00    0.9999965005E+00
    2    0.9816666667E+01    0.8127975472E+00    0.6966836119E+00   -0.3247507371E+00    0.8127975472E+00    0.6966836119E+00   -0.3247507371E+00    0.0000000000E+00    0.0000000000E+00    0.0000000000E+00    0.1599711182E-12    0.1599711182E-12    0.9999929421E+00    0.9999929421E+00
    3    0.9816666667E+01    0.0000000000E+00    0.6966836119E+00    0.2524084571E+00    0.0000000000E+00   -0.9289114825E+00    0.2524084571E+00   -0.6026699130E-11   -0.2122156096E+01    0.5075320477E+01    0.3856772272E-11    0.3856772272E-11    0.9999867723E+00    0.9999867723E+00
    4    0.9816666667E+01    0.8127975472E+00   -0.1161139353E+00    0.3879111874E+00    0.8127975472E+00   -0.1161139353E+00    0.3879111874E+00    0.0000000000E+00    0.0000000000E+00    0.0000000000E+00    0.2534248170E-15    0.2534248171E-15    0.9999964957E+00    0.9999964957E+00
    5    0.9816666667E+01    0.0000000000E+00   -0.1161139353E+00   -0.2389854344E+00    0.0000000000E+00    0.0000000000E+00    0.0000000000E+00    0.0000000000E+00    0.0000000000E+00    0.0000000000E+00    0.2607143124E-14    0.2607143128E-14    0.9999977641E+00    0.9999977641E+00
    6    0.9816666667E+01    0.0000000000E+00    0.6966836119E+00   -0.5042160511E+00    0.0000000000E+00    0.0000000000E+00    0.0000000000E+00    0.0000000000E+00    0.0000000000E+00    0.0000000000E+00    0.3796703897E-11    0.3796703897E-11    0.9999907916E+00    0.9999907916E+00
    7    0.9816666667E+01    0.8127975472E+00    0.6966836119E+00   -0.3227096198E+00    0.8127975472E+00    0.6966836119E+00   -0.3227096198E+00    0.0000000000E+00    0.0000000000E+00    0.0000000000E+00    0.1668538709E-12    0.1668538709E-12    0.9999930150E+00    0.9999930150E+00
    1    0.1007500000E+02    0.8127975472E+00   -0.1161139353E+00    0.4446200264E+00    0.8127975472E+00   -0.1161139353E+00    0.4446200264E+00    0.0000000000E+00    0.0000000000E+00    0.0000000000E+00    0.2159968594E-12    0.2159968594E-12    0.9999956903E+00    0.9999956903E+00
    2    0.1007500000E+02    0.8127975472E+00    0.6966836119E+00   -0.2276453332E+00    0.8127975472E+00    0.6966836119E+00   -0.2276453332E+00    0.0000000000E+00    0.0000000000E+00    0.0000000000E+00    0.1203199460E-12    0.1203199460E-12    0.9999938008E+00    0.9999938008E+00
    3    0.1007500000E+02    0.8127975472E+00   -0.1161139353E+00    0.4468398052E+00    0.8127975472E+00   -0.1161139353E+00    0.4468398052E+00    0.0000000000E+00    0.0000000000E+00    0.0000000000E+00    0.2480944172E-12    0.2480944172E-12    0.9999956503E+00    0.9999956503E+00
    4    0.1007500000E+02    0.0000000000E+00   -0.1161139353E+00   -0.2038691288E+00    0.0000000000E+00    0.0000000000E+00    0.0000000000E+00    0.0000000000E+00    0.0000000000E+00    0.0000000000E+00    0.2351942699E-15    0.2351942699E-15    0.9999976467E+00    0.9999976467E+00
    5    0.1007500000E+02    0.8127975472E+00    0.6966836119E+00   -0.2260137684E+00    0.8127975472E+00    0.6966836119E+00   -0.2260137684E+00    0.0000000000E+00    0.0000000000E+00    0.0000000000E+00    0.1133987029E-12    0.1133987030E-12    0.9999937997E+00    0.9999937997E+00
    1    0.1033333333E+02    0.8127975472E+00   -0.1161139353E+00    0.5336212170E+00    0.8127975472E+00   -0.1161139353E+00    0.5336212170E+00    0.0000000000E+00    0.0000000000E+00    0.0000000000E+00    0.1816605878E-10    0.1816605878E-10    0.9999888450E+00    0.9999888450E+00
    2    0.1033333333E+02    0.8127975472E+00    0.6966836119E+00   -0.1215279489E+00    0.8127975472E+00    0.6966836119E+00   -0.1215279489E+00    0.0000000000E+00    0.0000000000E+00    0.0000000000E+00    0.2989690319E-11    0.2989690319E-11    0.9999908954E+00    0.9999908954E+00
    3    0.1033333333E+02    0.8127975472E+00   -0.1161139353E+00    0.5396444846E+00    0.8127975472E+00   -0.1161139353E+00    0.5396444846E+00    0.0000000000E+00    0.0000000000E+00    0.0000000000E+00    0.2644014722E-10    0.2644014722E-10    0.9999870204E+00    0.9999870204E+00
    4    0.1033333333E+02    0.0000000000E+00   -0.1161139353E+00   -0.1677710320E+00    0.0000000000E+00    0.0000000000E+00    0.0000000000E+00    0.0000000000E+00    0.0000000000E+00    0.0000000000E+00    0.9738730182E-15    0.9738730200E-15    0.9999975131E+00    0.9999975131E+00
    5    0.1033333333E+02    0.8127975472E+00    0.6966836119E+00   -0.1193148097E+00    0.8127975472E+00    0.6966836119E+00   -0.1193148097E+00    0.0000000000E+00    0.0000000000E+00    0.0000000000E+00    0.3304311779E-11    0.3304311787E-11    0.9999907678E+00    0.9999907678E+00
    1    0.1059166667E+02    0.0000000000E+00   -0.1161139353E+00   -0.1304788858E+00    0.0000000000E+00    0.0000000000E+00    0.0000000000E+00    0.0000000000E+00    0.0000000000E+00    0.0000000000E+00    0.5903027493E-14    0.5903027493E-14    0.9999973597E+00    0.9999973597E+00
    1    0.1085000000E+02    0.8127975472E+00    0.6966836119E+00   -0.5657046660E+00    0.8127975472E+00    0.6966836119E+00   -0.5657046660E+00    0.0000000000E+00    0.0000000000E+00    0.0000000000E+00    0.6100658447E-09    0.6100658447E-09    0.9999429484E+00    0.9999429484E+00
    2    0.1085000000E+02    0.0000000000E+00   -0.1161139353E+00   -0.9173472681E-01    0.0000000000E+00    0.0000000000E+00    0.0000000000E+00    0.0000000000E+00    0.0000000000E+00    0.0000000000E+00    0.1261763858E-13    0.1261763858E-13    0.9999971812E+00    0.9999971812E+00
    1    0.1110833333E+02    0.8127975472E+00    0.6966836119E+00   -0.4445919098E+00    0.8127975472E+00    0.6966836119E+00   -0.4445919098E+00    0.0000000000E+00    0.0000000000E+00    0.0000000000E+00    0.4093198138E-12    0.4093198160E-12    0.9999945731E+00    0.9999945731E+00
    2    0.1110833333E+02    0.0000000000E+00   -0.1161139353E+00   -0.5119698670E-01    0.0000000000E+00    0.0000000000E+00    0.0000000000E+00    0.0000000000E+00    0.0000000000E+00    0.0000000000E+00    0.2343312901E-13    0.2343333959E-13    0.9999969678E+00    0.9999969678E+00
    3    0.1110833333E+02    0.0000000000E+00    0.6966836119E+00    0.1370079614E+00    0.0000000000E+00    0.0000000000E+00    0.0000000000E+00    0.0000000000E+00    0.0000000000E+00    0.0000000000E+00    0.1432108158E-11    0.1432108167E-11    0.9999904166E+00    0.9999904166E+00
    4    0.1110833333E+02    0.8127975472E+00    0.6966836119E+00   -0.4468946235E+00    0.8127975472E+00    0.6966836119E+00   -0.4468946235E+00    0.0000000000E+00    0.0000000000E+00    0.0000000000E+00    0.4651208248E-12    0.4651208248E-12    0.9999945300E+00    0.9999945300E+00
    1    0.1136666667E+02    0.8127975472E+00    0.6966836119E+00   -0.3768254406E+00    0.8127975472E+00    0.6966836119E+00   -0.3768254406E+00    0.0000000000E+00    0.0000000000E+00    0.0000000000E+00    0.9957295922E-15    0.9957295922E-15    0.9999952260E+00    0.9999952260E+00
    2    0.1136666667E+02    0.8127975472E+00    0.6966836119E+00   -0.3789302387E+00    0.8127975472E+00    0.6966836119E+00   -0.3789302387E+00    0.0000000000E+00    0.0000000000E+00    0.0000000000E+00    0.4715384195E-15    0.4715384195E-15    0.9999952292E+00    0.9999952292E+00
    3    0.1136666667E+02    0.0000000000E+00    0.6966836119E+00    0.2405581110E+00    0.0000000000E+00    0.0000000000E+00    0.0000000000E+00    0.0000000000E+00    0.0000000000E+00    0.0000000000E+00    0.8376424043E-13    0.8376424043E-13    0.9999934697E+00    0.9999934697E+00
    4    0.1136666667E+02    0.0000000000E+00   -0.1161139353E+00   -0.7727315861E-02    0.0000000000E+00    0.0000000000E+00    0.0000000000E+00    0.0000000000E+00    0.0000000000E+00    0.0000000000E+00    0.5866173276E-12    0.5866173276E-12    0.9999962944E+00    0.9999962944E+00
    1    0.1162500000E+02    0.8127975472E+00    0.6966836119E+00   -0.3135133052E+00    0.8127975472E+00    0.6966836119E+00   -0.3135133052E+00    0.0000000000E+00    0.0000000000E+00    0.0000000000E+00    0.3288474287E-13    0.3288474287E-13    0.9999951409E+00    0.9999951409E+00
    2    0.1162500000E+02    0.0000000000E+00    0.6966836119E+00    0.3207695646E+00    0.0000000000E+00    0.0000000000E+00    0.0000000000E+00    0.0000000000E+00    0.0000000000E+00    0.0000000000E+00    0.1916718437E-13    0.1916718437E-13    0.9999942964E+00    0.9999942964E+00
    3    0.1162500000E+02    0.0000000000E+00   -0.1161139353E+00    0.3629366783E-01    0.0000000000E+00    0.0000000000E+00    0.0000000000E+00    0.0000000000E+00    0.0000000000E+00    0.0000000000E+00    0.4381435370E-13    0.4381435371E-13    0.9999964031E+00    0.9999964031E+00
    4    0.1162500000E+02    0.8127975472E+00    0.6966836119E+00   -0.3158033967E+00    0.8127975472E+00    0.6966836119E+00   -0.3158033967E+00    0.0000000000E+00    0.0000000000E+00    0.0000000000E+00    0.3230601128E-13    0.3230601129E-13    0.9999951657E+00    0.9999951657E+00
    1    0.1188333333E+02    0.8127975472E+00   -0.1161139353E+00   -0.4401664228E+00    0.8127975472E+00   -0.1161139353E+00   -0.4401664228E+00    0.0000000000E+00    0.0000000000E+00    0.0000000000E+00    0.1074944927E-11    0.1074944927E-11    0.9999887370E+00    0.9999887370E+00
    2    0.1188333333E+02    0.8127975472E+00    0.6966836119E+00   -0.2474816602E+00    0.8127975472E+00    0.6966836119E+00   -0.2474816602E+00    0.0000000000E+00    0.0000000000E+00    0.0000000000E+00    0.5314768497E-13    0.5314768497E-13    0.9999945728E+00    0.9999945728E+00
    3    0.1188333333E+02    0.0000000000E+00    0.6966836119E+00    0.3923524515E+00    0.0000000000E+00    0.0000000000E+00    0.0000000000E+00    0.0000000000E+00    0.0000000000E+00    0.0000000000E+00    0.9037397482E-16    0.9037397491E-16    0.9999946007E+00    0.9999946007E+00
    4    0.1188333333E+02    0.0000000000E+00   -0.1161139353E+00    0.8511010254E-01    0.0000000000E+00    0.0000000000E+00    0.0000000000E+00    0.0000000000E+00    0.0000000000E+00    0.0000000000E+00    0.1700207684E-13    0.1700207684E-13    0.9999960402E+00    0.9999960402E+00
    5    0.1188333333E+02    0.8127975472E+00   -0.1161139353E+00   -0.4486854038E+00    0.8127975472E+00   -0.1161139353E+00   -0.4486854038E+00    0.0000000000E+00    0.0000000000E+00    0.0000000000E+00    0.1711715730E-11    0.1711715730E-11    0.9999886453E+00    0.9999886453E+00
    6    0.1188333333E+02    0.8127975472E+00    0.6966836119E+00   -0.2502773282E+00    0.8127975472E+00    0.6966836119E+00   -0.2502773282E+00    0.0000000000E+00    0.0000000000E+00    0.0000000000E+00    0.5339501649E-13    0.5339501649E-13    0.9999946307E+00    0.9999946307E+00
    1    0.1214166667E+02    0.8127975472E+00   -0.1161139353E+00   -0.2741833754E+00    0.8127975472E+00   -0.1161139353E+00   -0.2741833754E+00    0.0000000000E+00    0.0000000000E+00    0.0000000000E+00    0.1052421629E-11    0.1052421629E-11    0.9999810613E+00    0.9999810613E+00
    2    0.1214166667E+02    0.8127975472E+00    0.6966836119E+00   -0.1703702873E+00    0.8127975472E+00    0.6966836119E+00   -0.1703702873E+00    0.0000000000E+00    0.0000000000E+00    0.0000000000E+00    0.6538015307E-13    0.6538015307E-13    0.9999929478E+00    0.9999929478E+00
    3    0.1214166667E+02    0.0000000000E+00   -0.1161139353E+00    0.1383053538E+00    0.0000000000E+00    0.0000000000E+00    0.0000000000E+00    0.0000000000E+00    0.0000000000E+00    0.0000000000E+00    0.4476392950E-14    0.4476395478E-14    0.9999955453E+00    0.9999955453E+00
    4    0.1214166667E+02    0.0000000000E+00    0.6966836119E+00    0.4605096946E+00    0.0000000000E+00    0.0000000000E+00    0.0000000000E+00    0.0000000000E+00    0.0000000000E+00    0.0000000000E+00    0.8724952756E-16    0.8724952757E-16    0.9999946074E+00    0.9999946074E+00
    5    0.1214166667E+02    0.8127975472E+00   -0.1161139353E+00   -0.2900988947E+00    0.8127975472E+00   -0.1161139353E+00   -0.2900988947E+00    0.0000000000E+00    0.0000000000E+00    0.0000000000E+00    0.6278206026E-12    0.6278206026E-12    0.9999831513E+00    0.9999831513E+00
    6    0.1214166667E+02    0.8127975472E+00    0.6966836119E+00   -0.1744446856E+00    0.8127975472E+00    0.6966836119E+00   -0.1744446856E+00    0.0000000000E+00    0.0000000000E+00    0.0000000000E+00    0.3784177350E-13    0.3784177350E-13    0.9999931237E+00    0.9999931237E+00
    1    0.1240000000E+02    0.8127975472E+00    0.6966836119E+00   -0.2492580079E-01    0.8127975472E+00    0.6966836119E+00   -0.2492580079E-01    0.0000000000E+00    0.0000000000E+00    0.0000000000E+00    0.3394257756E-09    0.3394257756E-09    0.9999560759E+00    0.9999560759E+00
    2    0.1240000000E+02    0.0000000000E+00    0.6966836119E+00    0.5287873739E+00    0.0000000000E+00    0.0000000000E+00    0.0000000000E+00    0.0000000000E+00    0.0000000000E+00    0.0000000000E+00    0.6832972488E-15    0.6832972520E-15    0.9999943464E+00    0.9999943464E+00
    3    0.1240000000E+02    0.8127975472E+00    0.6966836119E+00   -0.4626942206E-01    0.8127975472E+00    0.6966836119E+00   -0.4626942206E-01    0.0000000000E+00    0.0000000000E+00    0.0000000000E+00    0.8042364355E-10    0.8042364355E-10    0.9999765281E+00    0.9999765281E+00
    4    0.1240000000E+02    0.0000000000E+00   -0.1161139353E+00    0.1975588251E+00    0.0000000000E+00    0.0000000000E+00    0.0000000000E+00    0.0000000000E+00    0.0000000000E+00    0.0000000000E+00    0.2550534209E-16    0.2550534955E-16    0.9999948723E+00    0.9999948723E+00
    1    0.1265833333E+02    0.0000000000E+00   -0.1161139353E+00    0.2651918094E+00    0.0000000000E+00    0.0000000000E+00    0.0000000000E+00    0.0000000000E+00    0.0000000000E+00    0.0000000000E+00    0.2155971625E-16    0.2155971629E-16    0.9999939589E+00    0.9999939589E+00
    2    0.1265833333E+02    0.0000000000E+00    0.6966836119E+00   -0.5487191110E+00    0.0000000000E+00    0.0000000000E+00    0.0000000000E+00    0.0000000000E+00    0.0000000000E+00    0.0000000000E+00    0.2093297471E-14    0.2093297475E-14    0.9999937463E+00    0.9999937463E+00
    1    0.1291666667E+02    0.0000000000E+00    0.6966836119E+00   -0.4679048925E+00    0.0000000000E+00    0.0000000000E+00    0.0000000000E+00    0.0000000000E+00    0.0000000000E+00    0.0000000000E+00    0.2057871085E-13    0.2057871085E-13    0.9999925392E+00    0.9999925392E+00
    2    0.1291666667E+02    0.0000000000E+00   -0.1161139353E+00    0.3435394002E+00    0.0000000000E+00    0.0000000000E+00    0.0000000000E+00    0.0000000000E+00    0.0000000000E+00    0.0000000000E+00    0.3705433942E-14    0.3705433942E-14    0.9999928883E+00    0.9999928883E+00
    1    0.1317500000E+02    0.0000000000E+00    0.6966836119E+00   -0.3667296734E+00    0.0000000000E+00    0.0000000000E+00    0.0000000000E+00    0.0000000000E+00    0.0000000000E+00    0.0000000000E+00    0.1055888402E-13    0.1055888402E-13    0.9999896142E+00    0.9999896142E+00
    2    0.1317500000E+02    0.0000000000E+00   -0.1161139353E+00    0.4315034553E+00    0.0000000000E+00    0.0000000000E+00    0.0000000000E+00    0.0000000000E+00    0.0000000000E+00    0.0000000000E+00    0.2448765301E-13    0.2448765301E-13    0.9999921542E+00    0.9999921542E+00
    1    0.1343333333E+02    0.0000000000E+00    0.6966836119E+00    0.7473870834E-01    0.0000000000E+00    0.0000000000E+00    0.0000000000E+00    0.0000000000E+00    0.0000000000E+00    0.0000000000E+00    0.1608392543E-09    0.1608392543E-09    0.9999612478E+00    0.9999612478E+00
    2    0.1343333333E+02    0.0000000000E+00   -0.1161139353E+00    0.3379033996E+00    0.0000000000E+00    0.0000000000E+00    0.0000000000E+00    0.0000000000E+00    0.0000000000E+00    0.0000000000E+00    0.4615755975E-12    0.4615755975E-12    0.9999783142E+00    0.9999783142E+00
    3    0.1343333333E+02    0.8127975472E+00    0.6966836119E+00    0.4105283101E+00    0.8127975472E+00    0.6966836119E+00    0.4105283101E+00    0.0000000000E+00    0.0000000000E+00    0.0000000000E+00    0.6401740655E-11    0.6401740655E-11    0.9999564141E+00    0.9999564141E+00
    4    0.1343333333E+02    0.0000000000E+00    0.6966836119E+00   -0.1850368009E+00    0.0000000000E+00    0.0000000000E+00    0.0000000000E+00    0.0000000000E+00    0.0000000000E+00    0.0000000000E+00    0.1582482799E-12    0.1582482799E-12    0.9999699688E+00    0.9999699688E+00
    5    0.1343333333E+02    0.8127975472E+00    0.6966836119E+00    0.3854737636E+00    0.8127975472E+00    0.6966836119E+00    0.3854737636E+00    0.0000000000E+00    0.0000000000E+00    0.0000000000E+00    0.2813167369E-13    0.2813167369E-13    0.9999598071E+00    0.9999598071E+00
    6    0.1343333333E+02    0.0000000000E+00   -0.1161139353E+00    0.5224261040E+00    0.0000000000E+00    0.0000000000E+00    0.0000000000E+00    0.0000000000E+00    0.0000000000E+00    0.0000000000E+00    0.7053070288E-13    0.7053070288E-13    0.9999920420E+00    0.9999920420E+00
    1    0.1369166667E+02    0.0000000000E+00   -0.1161139353E+00    0.5133748548E+00    0.0000000000E+00    0.0000000000E+00    0.0000000000E+00    0.0000000000E+00    0.0000000000E+00    0.0000000000E+00    0.1200931631E-12    0.1200931631E-12    0.9999876530E+00    0.9999876530E+00
    2    0.1369166667E+02    0.0000000000E+00    0.6966836119E+00    0.2896672575E+00    0.0000000000E+00    0.0000000000E+00    0.0000000000E+00    0.0000000000E+00    0.0000000000E+00    0.0000000000E+00    0.8895074383E-12    0.8895074383E-12    0.9999853783E+00    0.9999853783E+00
    3    0.1369166667E+02    0.8127975472E+00    0.6966836119E+00    0.2892008621E+00    0.8127975472E+00    0.6966836119E+00    0.2892008621E+00    0.0000000000E+00    0.0000000000E+00    0.0000000000E+00    0.1274207013E-10    0.1274207013E-10    0.9999557557E+00    0.9999557557E+00
    4    0.1369166667E+02    0.0000000000E+00   -0.1161139353E+00   -0.5378725112E+00    0.0000000000E+00   -0.1161139353E+00    0.6115968038E+00    0.1214940172E-10   -0.3483510770E+00   -0.2149124162E+01    0.8635442576E-13    0.8635442576E-13    0.9999912536E+00    0.9999912536E+00
    5    0.1369166667E+02    0.8127975472E+00    0.6966836119E+00    0.2756737394E+00    0.8127975472E+00    0.6966836119E+00    0.2756737394E+00    0.0000000000E+00    0.0000000000E+00    0.0000000000E+00    0.8646654698E-11    0.8646654698E-11    0.9999601970E+00    0.9999601970E+00
    6    0.1369166667E+02    0.0000000000E+00   -0.1161139353E+00    0.2553445020E+00    0.0000000000E+00    0.0000000000E+00    0.0000000000E+00    0.0000000000E+00    0.0000000000E+00    0.0000000000E+00    0.2556092172E-11    0.2556092172E-11    0.9999812021E+00    0.9999812021E+00
    1    0.1395000000E+02    0.8127975472E+00   -0.1161139353E+00    0.1405967354E+00    0.8127975472E+00   -0.1161139353E+00    0.1405967354E+00    0.0000000000E+00    0.0000000000E+00    0.0000000000E+00    0.3416662725E-10    0.3416662725E-10    0.9999545127E+00    0.9999545127E+00
    2    0.1395000000E+02    0.0000000000E+00   -0.1161139353E+00   -0.5141051215E+00    0.0000000000E+00    0.0000000000E+00    0.0000000000E+00    0.0000000000E+00    0.0000000000E+00    0.0000000000E+00    0.2458907384E-12    0.2458907384E-12    0.9999896167E+00    0.9999896167E+00
    3    0.1395000000E+02    0.8127975472E+00   -0.1161139353E+00    0.4592561750E+00    0.8127975472E+00   -0.1161139353E+00    0.4592561750E+00    0.0000000000E+00    0.0000000000E+00    0.0000000000E+00    0.2531380738E-10    0.2531380738E-10    0.9999699114E+00    0.9999699114E+00
    4    0.1395000000E+02    0.0000000000E+00    0.6966836119E+00    0.4558086221E+00    0.0000000000E+00    0.0000000000E+00    0.0000000000E+00    0.0000000000E+00    0.0000000000E+00    0.0000000000E+00    0.9527561479E-13    0.9527561479E-13    0.9999831123E+00    0.9999831123E+00
    5    0.1395000000E+02    0.8127975472E+00   -0.1161139353E+00    0.1194023058E+00    0.8127975472E+00   -0.1161139353E+00    0.1194023058E+00    0.0000000000E+00    0.0000000000E+00    0.0000000000E+00    0.8393840981E-10    0.8393840981E-10    0.9999490790E+00    0.9999490790E+00
    6    0.1395000000E+02    0.0000000000E+00   -0.1161139353E+00   -0.4486637144E+00    0.0000000000E+00    0.0000000000E+00    0.0000000000E+00    0.0000000000E+00    0.0000000000E+00    0.0000000000E+00    0.1044538297E-11    0.1044538302E-11    0.9999911932E+00    0.9999911932E+00
    7    0.1395000000E+02    0.8127975472E+00   -0.1161139353E+00    0.4473277725E+00    0.8127975472E+00   -0.1161139353E+00    0.4473277725E+00    0.0000000000E+00    0.0000000000E+00    0.0000000000E+00    0.1680178208E-10    0.1680178208E-10    0.9999711396E+00    0.9999711396E+00
    8    0.1395000000E+02    0.0000000000E+00   -0.1161139353E+00    0.4189096015E+00    0.0000000000E+00    0.0000000000E+00    0.0000000000E+00    0.0000000000E+00    0.0000000000E+00    0.0000000000E+00    0.1059255496E-11    0.1059255509E-11    0.9999875194E+00    0.9999875194E+00
    1    0.1420833333E+02    0.0000000000E+00   -0.1161139353E+00   -0.4036047859E+00    0.0000000000E+00   -0.1161139353E+00   -0.4036047859E+00    0.4653610640E-10    0.3266123895E-01    0.2710380500E+01    0.2848202749E-13    0.2848202749E-13    0.9999896993E+00    0.9999896993E+00
    2    0.1420833333E+02    0.0000000000E+00   -0.1161139353E+00   -0.3543232492E+00    0.0000000000E+00    0.0000000000E+00    0.0000000000E+00    0.0000000000E+00    0.0000000000E+00    0.0000000000E+00    0.4550726728E-12    0.4550726728E-12    0.9999905710E+00    0.9999905710E+00
    3    0.1420833333E+02    0.0000000000E+00   -0.1161139353E+00    0.5533217299E+00    0.0000000000E+00    0.0000000000E+00    0.0000000000E+00    0.0000000000E+00    0.0000000000E+00    0.0000000000E+00    0.3718603178E-12    0.3718603178E-12    0.9999872497E+00    0.9999872497E+00
    1    0.1446666667E+02    0.0000000000E+00   -0.1161139353E+00   -0.2867343673E+00    0.0000000000E+00    0.0000000000E+00    0.0000000000E+00    0.0000000000E+00    0.0000000000E+00    0.0000000000E+00    0.9794709847E-12    0.9794709847E-12    0.9999878458E+00    0.9999878458E+00
    2    0.1446666667E+02    0.0000000000E+00   -0.1161139353E+00   -0.2405383370E+00    0.0000000000E+00    0.0000000000E+00    0.0000000000E+00    0.0000000000E+00    0.0000000000E+00    0.0000000000E+00    0.1028636613E-11    0.1028636613E-11    0.9999874040E+00    0.9999874040E+00
    3    0.1446666667E+02    0.0000000000E+00   -0.1161139353E+00   -0.4474223769E+00    0.0000000000E+00    0.0000000000E+00    0.0000000000E+00    0.0000000000E+00    0.0000000000E+00    0.0000000000E+00    0.5748894216E-12    0.5748894216E-12    0.9999840943E+00    0.9999840943E+00
    1    0.1472500000E+02    0.0000000000E+00   -0.1161139353E+00   -0.1195216696E+00    0.0000000000E+00    0.0000000000E+00    0.0000000000E+00    0.0000000000E+00    0.0000000000E+00    0.0000000000E+00    0.2643501146E-10    0.2643501146E-10    0.9999744960E+00    0.9999744960E+00
    2    0.1472500000E+02    0.0000000000E+00   -0.1161139353E+00   -0.2357765929E+00    0.0000000000E+00    0.0000000000E+00    0.0000000000E+00    0.0000000000E+00    0.0000000000E+00    0.0000000000E+00    0.3754508857E-11    0.3754508857E-11    0.9999711545E+00    0.9999711545E+00
