    1    0.2583333333E+01    0.1161139353E+00   -0.5805696766E+00    0.7750008939E-01    0.0000000000E+00    0.0000000000E+00    0.0000000000E+00    0.0000000000E+00    0.0000000000E+00    0.0000000000E+00    0.4263606050E-12    0.4263606050E-12    0.9999976787E+00    0.9999976787E+00
    1    0.2841666667E+01    0.1161139353E+00   -0.5805696766E+00    0.2698483348E+00    0.0000000000E+00    0.0000000000E+00    0.0000000000E+00    0.0000000000E+00    0.0000000000E+00    0.0000000000E+00    0.5883471050E-13    0.5883471050E-13    0.9999919510E+00    0.9999919510E+00
    1    0.3100000000E+01    0.1161139353E+00   -0.5805696766E+00    0.4256330858E+00    0.0000000000E+00    0.0000000000E+00    0.0000000000E+00    0.0000000000E+00    0.0000000000E+00    0.0000000000E+00    0.1371923531E-15    0.1371923533E-15    0.9999983569E+00    0.9999983569E+00
    2    0.3100000000E+01    0.1161139353E+00    0.2322278706E+00    0.1950573833E+00    0.0000000000E+00    0.0000000000E+00    0.0000000000E+00    0.0000000000E+00    0.0000000000E+00    0.0000000000E+00    0.4172141133E-16    0.4172141142E-16    0.9999948691E+00    0.9999948691E+00
    3    0.3100000000E+01    0.1161139353E+00   -0.5805696766E+00    0.1817224814E+00    0.0000000000E+00    0.0000000000E+00    0.0000000000E+00    0.0000000000E+00    0.0000000000E+00    0.0000000000E+00    0.6142759404E-15    0.6142759405E-15    0.9999980392E+00    0.9999980392E+00
    1    0.3358333333E+01    0.1161139353E+00   -0.5805696766E+00    0.2453590543E+00    0.0000000000E+00    0.0000000000E+00    0.0000000000E+00    0.0000000000E+00    0.0000000000E+00    0.0000000000E+00    0.8363021055E-14    0.8363021055E-14    0.9999988615E+00    0.9999988615E+00
    2    0.3358333333E+01    0.1161139353E+00    0.2322278706E+00    0.4260017637E+00    0.0000000000E+00    0.0000000000E+00    0.0000000000E+00    0.0000000000E+00    0.0000000000E+00    0.0000000000E+00    0.6495319631E-16    0.6495319634E-16    0.9999950532E+00    0.9999950532E+00
    3    0.3358333333E+01    0.1161139353E+00   -0.5805696766E+00    0.5002542663E+00    0.0000000000E+00    0.0000000000E+00    0.0000000000E+00    0.0000000000E+00    0.0000000000E+00    0.0000000000E+00    0.1942707833E-14    0.1942707833E-14    0.9999984943E+00    0.9999984943E+00
    1    0.3616666667E+01    0.1161139353E+00   -0.5805696766E+00    0.2962670122E+00    0.0000000000E+00    0.0000000000E+00    0.0000000000E+00    0.0000000000E+00    0.0000000000E+00    0.0000000000E+00    0.1047479026E-13    0.1047479026E-13    0.9999987859E+00    0.9999987859E+00
    2    0.3616666667E+01    0.1161139353E+00   -0.5805696766E+00    0.5611964108E+00    0.0000000000E+00    0.0000000000E+00    0.0000000000E+00    0.0000000000E+00    0.0000000000E+00    0.0000000000E+00    0.4219875899E-13    0.4219875899E-13    0.9999986011E+00    0.9999986011E+00
    3    0.3616666667E+01    0.1161139353E+00    0.2322278706E+00    0.5633883907E+00    0.0000000000E+00    0.0000000000E+00    0.0000000000E+00    0.0000000000E+00    0.0000000000E+00    0.0000000000E+00    0.4215674647E-12    0.4215674647E-12    0.9999972934E+00    0.9999972934E+00
    1    0.3875000000E+01   -0.6966836119E+00   -0.5805696766E+00   -0.2964325386E-01    0.0000000000E+00    0.0000000000E+00    0.0000000000E+00    0.0000000000E+00    0.0000000000E+00    0.0000000000E+00    0.4620170518E-11    0.4620170518E-11    0.9999941837E+00    0.9999941837E+00
    2    0.3875000000E+01    0.1161139353E+00    0.2322278706E+00   -0.5072050513E+00    0.0000000000E+00    0.0000000000E+00    0.0000000000E+00    0.0000000000E+00    0.0000000000E+00    0.0000000000E+00    0.6496484298E-14    0.6496485546E-14    0.9999978762E+00    0.9999978762E+00
    3    0.3875000000E+01    0.1161139353E+00   -0.5805696766E+00   -0.5340542760E+00    0.0000000000E+00    0.0000000000E+00    0.0000000000E+00    0.0000000000E+00    0.0000000000E+00    0.0000000000E+00    0.4989629935E-14    0.5079025416E-14    0.9999985738E+00    0.9999985738E+00
    4    0.3875000000E+01    0.1161139353E+00   -0.5805696766E+00    0.3446895203E+00    0.1161139353E+00   -0.5805696766E+00   -0.8047797948E+00    0.2950896184E+01    0.1489378041E+01   -0.2790058546E+01    0.2388300069E-14    0.2439072179E-14    0.9999987947E+00    0.9999987947E+00
    5    0.3875000000E+01   -0.6966836119E+00   -0.5805696766E+00    0.3056283879E+00    0.0000000000E+00    0.0000000000E+00    0.0000000000E+00    0.0000000000E+00    0.0000000000E+00    0.0000000000E+00    0.7594816021E-12    0.7594816025E-12    0.9999963339E+00    0.9999963339E+00
    6    0.3875000000E+01    0.1161139353E+00    0.2322278706E+00    0.3226354483E+00    0.0000000000E+00    0.0000000000E+00    0.0000000000E+00    0.0000000000E+00    0.0000000000E+00    0.0000000000E+00    0.2590321820E-13    0.2590323817E-13    0.9999971799E+00    0.9999971799E+00
    1    0.4133333333E+01   -0.6966836119E+00    0.2322278706E+00    0.1916375425E+00    0.0000000000E+00    0.0000000000E+00    0.0000000000E+00    0.0000000000E+00    0.0000000000E+00    0.0000000000E+00    0.5238288579E-20    0.5242651352E-20    0.9999964961E+00    0.9999964961E+00
    2    0.4133333333E+01    0.1161139353E+00   -0.5805696766E+00    0.3934377681E+00    0.0000000000E+00    0.0000000000E+00    0.0000000000E+00    0.0000000000E+00    0.0000000000E+00    0.0000000000E+00    0.1589767800E-15    0.1589767810E-15    0.9999986172E+00    0.9999986172E+00
    3    0.4133333333E+01    0.1161139353E+00    0.2322278706E+00    0.4081833714E+00    0.0000000000E+00    0.0000000000E+00    0.0000000000E+00    0.0000000000E+00    0.0000000000E+00    0.0000000000E+00    0.3495440648E-14    0.3495440648E-14    0.9999980233E+00    0.9999980233E+00
    4    0.4133333333E+01    0.1161139353E+00   -0.5805696766E+00   -0.4792255235E+00    0.0000000000E+00    0.0000000000E+00    0.0000000000E+00    0.0000000000E+00    0.0000000000E+00    0.0000000000E+00    0.5059516423E-15    0.5059516460E-15    0.9999985125E+00    0.9999985125E+00
    5    0.4133333333E+01    0.1161139353E+00    0.2322278706E+00   -0.4369936195E+00    0.0000000000E+00    0.0000000000E+00    0.0000000000E+00    0.0000000000E+00    0.0000000000E+00    0.0000000000E+00    0.3831209342E-14    0.3831209344E-14    0.9999982068E+00    0.9999982068E+00
    6    0.4133333333E+01   -0.6966836119E+00   -0.5805696766E+00   -0.4357784939E+00    0.0000000000E+00    0.0000000000E+00    0.0000000000E+00    0.0000000000E+00    0.0000000000E+00    0.0000000000E+00    0.6713848080E-13    0.6713848081E-13    0.9999956531E+00    0.9999956531E+00
    1    0.4391666667E+01   -0.6966836119E+00   -0.5805696766E+00    0.6494079807E-01    0.0000000000E+00    0.0000000000E+00    0.0000000000E+00    0.0000000000E+00    0.0000000000E+00    0.0000000000E+00    0.3433791067E-12    0.3433791067E-12    0.9999972970E+00    0.9999972970E+00
    2    0.4391666667E+01   -0.6966836119E+00    0.2322278706E+00    0.8942324006E-01    0.0000000000E+00    0.0000000000E+00    0.0000000000E+00    0.0000000000E+00    0.0000000000E+00    0.0000000000E+00    0.1614409059E-12    0.1614409059E-12    0.9999974683E+00    0.9999974683E+00
    3    0.4391666667E+01   -0.6966836119E+00    0.2322278706E+00    0.2940164688E+00    0.0000000000E+00    0.0000000000E+00    0.0000000000E+00    0.0000000000E+00    0.0000000000E+00    0.0000000000E+00    0.3028876850E-12    0.3028876850E-12    0.9999971082E+00    0.9999971082E+00
    4    0.4391666667E+01    0.1161139353E+00   -0.5805696766E+00    0.4445912667E+00    0.0000000000E+00    0.0000000000E+00    0.0000000000E+00    0.0000000000E+00    0.0000000000E+00    0.0000000000E+00    0.4321804937E-14    0.4321804937E-14    0.9999984627E+00    0.9999984627E+00
    5    0.4391666667E+01    0.1161139353E+00    0.2322278706E+00    0.4729858363E+00    0.0000000000E+00    0.0000000000E+00    0.0000000000E+00    0.0000000000E+00    0.0000000000E+00    0.0000000000E+00    0.3906469854E-14    0.3906469854E-14    0.9999982141E+00    0.9999982141E+00
    6    0.4391666667E+01   -0.6966836119E+00    0.2322278706E+00    0.5215636384E+00    0.0000000000E+00    0.0000000000E+00    0.0000000000E+00    0.0000000000E+00    0.0000000000E+00    0.0000000000E+00    0.3503649894E-11    0.3503649894E-11    0.9999938275E+00    0.9999938275E+00
    7    0.4391666667E+01    0.1161139353E+00   -0.5805696766E+00   -0.4211880745E+00    0.0000000000E+00    0.0000000000E+00    0.0000000000E+00    0.0000000000E+00    0.0000000000E+00    0.0000000000E+00    0.5669494656E-15    0.5669494659E-15    0.9999982178E+00    0.9999982178E+00
    8    0.4391666667E+01   -0.6966836119E+00   -0.5805696766E+00   -0.3330814079E+00    0.0000000000E+00    0.0000000000E+00    0.0000000000E+00    0.0000000000E+00    0.0000000000E+00    0.0000000000E+00    0.1374737474E-13    0.1374737474E-13    0.9999976842E+00    0.9999976842E+00
    9    0.4391666667E+01    0.1161139353E+00    0.2322278706E+00   -0.3681837030E+00    0.0000000000E+00    0.0000000000E+00    0.0000000000E+00    0.0000000000E+00    0.0000000000E+00    0.0000000000E+00    0.8515311452E-15    0.8515311453E-15    0.9999979430E+00    0.9999979430E+00
   10    0.4391666667E+01   -0.6966836119E+00    0.2322278706E+00   -0.3549252281E+00    0.0000000000E+00    0.0000000000E+00    0.0000000000E+00    0.0000000000E+00    0.0000000000E+00    0.0000000000E+00    0.3569832628E-11    0.3569832628E-11    0.9999945233E+00    0.9999945233E+00
    1    0.4650000000E+01   -0.6966836119E+00   -0.5805696766E+00    0.1517744032E+00    0.0000000000E+00    0.0000000000E+00    0.0000000000E+00    0.0000000000E+00    0.0000000000E+00    0.0000000000E+00    0.6964762148E-14    0.6964762148E-14    0.9999971905E+00    0.9999971905E+00
    2    0.4650000000E+01   -0.6966836119E+00    0.2322278706E+00    0.1651565831E+00    0.0000000000E+00    0.0000000000E+00    0.0000000000E+00    0.0000000000E+00    0.0000000000E+00    0.0000000000E+00    0.4662905790E-14    0.4662905790E-14    0.9999977757E+00    0.9999977757E+00
    3    0.4650000000E+01    0.1161139353E+00   -0.5805696766E+00    0.5007775348E+00    0.0000000000E+00    0.0000000000E+00    0.0000000000E+00    0.0000000000E+00    0.0000000000E+00    0.0000000000E+00    0.5884682291E-14    0.5884682291E-14    0.9999981582E+00    0.9999981582E+00
    4    0.4650000000E+01    0.1161139353E+00    0.2322278706E+00    0.5344198080E+00    0.0000000000E+00    0.0000000000E+00    0.0000000000E+00    0.0000000000E+00    0.0000000000E+00    0.0000000000E+00    0.4666051492E-14    0.4666051492E-14    0.9999981008E+00    0.9999981008E+00
    5    0.4650000000E+01    0.1161139353E+00   -0.5805696766E+00   -0.3531019132E+00    0.0000000000E+00    0.0000000000E+00    0.0000000000E+00    0.0000000000E+00    0.0000000000E+00    0.0000000000E+00    0.1891384822E-14    0.1891384823E-14    0.9999976315E+00    0.9999976315E+00
    6    0.4650000000E+01   -0.6966836119E+00    0.2322278706E+00   -0.2393851128E+00    0.0000000000E+00    0.0000000000E+00    0.0000000000E+00    0.0000000000E+00    0.0000000000E+00    0.0000000000E+00    0.3690002827E-14    0.3690002827E-14    0.9999973288E+00    0.9999973288E+00
    7    0.4650000000E+01   -0.6966836119E+00   -0.5805696766E+00   -0.2601985463E+00    0.0000000000E+00    0.0000000000E+00    0.0000000000E+00    0.0000000000E+00    0.0000000000E+00    0.0000000000E+00    0.5889118056E-14    0.5889118056E-14    0.9999978738E+00    0.9999978738E+00
    8    0.4650000000E+01    0.1161139353E+00    0.2322278706E+00   -0.2926040494E+00    0.0000000000E+00    0.0000000000E+00    0.0000000000E+00    0.0000000000E+00    0.0000000000E+00    0.0000000000E+00    0.1607036371E-13    0.1607036372E-13    0.9999974804E+00    0.9999974804E+00
    1    0.4908333333E+01   -0.6966836119E+00    0.2322278706E+00    0.2390031194E+00    0.0000000000E+00    0.0000000000E+00    0.0000000000E+00    0.0000000000E+00    0.0000000000E+00    0.0000000000E+00    0.6419340420E-14    0.6419340445E-14    0.9999974612E+00    0.9999974612E+00
    2    0.4908333333E+01   -0.6966836119E+00   -0.5805696766E+00    0.3748953642E+00    0.0000000000E+00    0.0000000000E+00    0.0000000000E+00    0.0000000000E+00    0.0000000000E+00    0.0000000000E+00    0.2123416372E-12    0.2123416776E-12    0.9999797809E+00    0.9999797809E+00
    3    0.4908333333E+01    0.1161139353E+00   -0.5805696766E+00    0.5666518938E+00    0.0000000000E+00    0.0000000000E+00    0.0000000000E+00    0.0000000000E+00    0.0000000000E+00    0.0000000000E+00    0.4366989305E-13    0.4366989313E-13    0.9999974838E+00    0.9999974838E+00
    4    0.4908333333E+01    0.1161139353E+00    0.2322278706E+00   -0.5520177859E+00    0.0000000000E+00    0.0000000000E+00    0.0000000000E+00    0.0000000000E+00    0.0000000000E+00    0.0000000000E+00    0.5072284422E-14    0.5073296390E-14    0.9999978209E+00    0.9999978209E+00
    5    0.4908333333E+01    0.1161139353E+00   -0.5805696766E+00   -0.2539135554E+00    0.0000000000E+00    0.0000000000E+00    0.0000000000E+00    0.0000000000E+00    0.0000000000E+00    0.0000000000E+00    0.7827857572E-13    0.7827857637E-13    0.9999957492E+00    0.9999957492E+00
    6    0.4908333333E+01   -0.6966836119E+00    0.2322278706E+00   -0.1610383068E+00    0.0000000000E+00    0.0000000000E+00    0.0000000000E+00    0.0000000000E+00    0.0000000000E+00    0.0000000000E+00    0.5464681938E-14    0.5464681985E-14    0.9999976304E+00    0.9999976304E+00
    7    0.4908333333E+01   -0.6966836119E+00   -0.5805696766E+00   -0.1941112054E+00    0.0000000000E+00    0.0000000000E+00    0.0000000000E+00    0.0000000000E+00    0.0000000000E+00    0.0000000000E+00    0.1650837189E-12    0.1650858721E-12    0.9999975107E+00    0.9999975107E+00
    8    0.4908333333E+01    0.1161139353E+00    0.2322278706E+00   -0.1952604494E+00    0.0000000000E+00    0.0000000000E+00    0.0000000000E+00    0.0000000000E+00    0.0000000000E+00    0.0000000000E+00    0.6526007403E-15    0.6772182433E-15    0.9999961765E+00    0.9999961765E+00
    1    0.5166666667E+01   -0.6966836119E+00   -0.5805696766E+00    0.5224389352E+00    0.0000000000E+00    0.0000000000E+00    0.0000000000E+00    0.0000000000E+00    0.0000000000E+00    0.0000000000E+00    0.6609025300E-14    0.6609027013E-14    0.9999971129E+00    0.9999971129E+00
    2    0.5166666667E+01    0.1161139353E+00   -0.5805696766E+00   -0.4970764109E+00    0.0000000000E+00    0.0000000000E+00    0.0000000000E+00    0.0000000000E+00    0.0000000000E+00    0.0000000000E+00    0.8115912258E-13    0.8115912559E-13    0.9999964567E+00    0.9999964567E+00
    3    0.5166666667E+01    0.1161139353E+00    0.2322278706E+00   -0.4834238771E+00    0.0000000000E+00    0.0000000000E+00    0.0000000000E+00    0.0000000000E+00    0.0000000000E+00    0.0000000000E+00    0.2693543888E-14    0.2693543892E-14    0.9999975298E+00    0.9999975298E+00
    4    0.5166666667E+01   -0.6966836119E+00    0.2322278706E+00    0.3298375131E+00    0.0000000000E+00    0.0000000000E+00    0.0000000000E+00    0.0000000000E+00    0.0000000000E+00    0.0000000000E+00    0.1897179549E-13    0.1897180797E-13    0.9999964489E+00    0.9999964489E+00
    5    0.5166666667E+01   -0.6966836119E+00   -0.5805696766E+00   -0.1265390858E+00    0.0000000000E+00    0.0000000000E+00    0.0000000000E+00    0.0000000000E+00    0.0000000000E+00    0.0000000000E+00    0.3985899339E-13    0.3985899360E-13    0.9999975342E+00    0.9999975342E+00
    6    0.5166666667E+01   -0.6966836119E+00    0.2322278706E+00   -0.9098852642E-01    0.0000000000E+00    0.0000000000E+00    0.0000000000E+00    0.0000000000E+00    0.0000000000E+00    0.0000000000E+00    0.1015096523E-13    0.1015143811E-13    0.9999976657E+00    0.9999976657E+00
    7    0.5166666667E+01    0.1161139353E+00   -0.5805696766E+00    0.5016416246E-01    0.0000000000E+00    0.0000000000E+00    0.0000000000E+00    0.0000000000E+00    0.0000000000E+00    0.0000000000E+00    0.6528051401E-11    0.6528051401E-11    0.9999931435E+00    0.9999931435E+00
    1    0.5425000000E+01   -0.6966836119E+00    0.2322278706E+00    0.4304916869E+00    0.0000000000E+00    0.0000000000E+00    0.0000000000E+00    0.0000000000E+00    0.0000000000E+00    0.0000000000E+00    0.2013347941E-13    0.2013347941E-13    0.9999968331E+00    0.9999968331E+00
    2    0.5425000000E+01   -0.6966836119E+00   -0.5805696766E+00   -0.5463864887E+00    0.0000000000E+00    0.0000000000E+00    0.0000000000E+00    0.0000000000E+00    0.0000000000E+00    0.0000000000E+00    0.9559084302E-13    0.9559084302E-13    0.9999971292E+00    0.9999971292E+00
    3    0.5425000000E+01    0.1161139353E+00    0.2322278706E+00   -0.4051547902E+00    0.0000000000E+00    0.0000000000E+00    0.0000000000E+00    0.0000000000E+00    0.0000000000E+00    0.0000000000E+00    0.8056662139E-15    0.8056662139E-15    0.9999969700E+00    0.9999969700E+00
    4    0.5425000000E+01    0.1161139353E+00   -0.5805696766E+00   -0.3637538980E+00    0.0000000000E+00    0.0000000000E+00    0.0000000000E+00    0.0000000000E+00    0.0000000000E+00    0.0000000000E+00    0.4705173542E-13    0.4705173542E-13    0.9999940762E+00    0.9999940762E+00
    5    0.5425000000E+01    0.1161139353E+00   -0.5805696766E+00    0.1501467970E+00    0.0000000000E+00    0.0000000000E+00    0.0000000000E+00    0.0000000000E+00    0.0000000000E+00    0.0000000000E+00    0.6998628004E-13    0.6998628004E-13    0.9999974494E+00    0.9999974494E+00
    6    0.5425000000E+01   -0.6966836119E+00   -0.5805696766E+00   -0.4309585584E-01    0.0000000000E+00    0.0000000000E+00    0.0000000000E+00    0.0000000000E+00    0.0000000000E+00    0.0000000000E+00    0.1888014782E-11    0.1888014782E-11    0.9999958007E+00    0.9999958007E+00
    7    0.5425000000E+01   -0.6966836119E+00    0.2322278706E+00   -0.2233879431E-01    0.0000000000E+00    0.0000000000E+00    0.0000000000E+00    0.0000000000E+00    0.0000000000E+00    0.0000000000E+00    0.5144809176E-14    0.5144809176E-14    0.9999975364E+00    0.9999975364E+00
    1    0.5683333333E+01   -0.6966836119E+00    0.2322278706E+00    0.5108429429E+00    0.0000000000E+00    0.0000000000E+00    0.0000000000E+00    0.0000000000E+00    0.0000000000E+00    0.0000000000E+00    0.4797634202E-13    0.4797634202E-13    0.9999971040E+00    0.9999971040E+00
    2    0.5683333333E+01   -0.6966836119E+00   -0.5805696766E+00   -0.4616419516E+00    0.0000000000E+00    0.0000000000E+00    0.0000000000E+00    0.0000000000E+00    0.0000000000E+00    0.0000000000E+00    0.1082734640E-13    0.1082734640E-13    0.9999965164E+00    0.9999965164E+00
    3    0.5683333333E+01    0.1161139353E+00   -0.5805696766E+00    0.2115514196E+00    0.0000000000E+00    0.0000000000E+00    0.0000000000E+00    0.0000000000E+00    0.0000000000E+00    0.0000000000E+00    0.8395395735E-13    0.8395395735E-13    0.9999974574E+00    0.9999974574E+00
    4    0.5683333333E+01    0.1161139353E+00    0.2322278706E+00   -0.3112626064E+00    0.0000000000E+00    0.0000000000E+00    0.0000000000E+00    0.0000000000E+00    0.0000000000E+00    0.0000000000E+00    0.3265454742E-13    0.3265454742E-13    0.9999960832E+00    0.9999960832E+00
    5    0.5683333333E+01   -0.6966836119E+00    0.2322278706E+00    0.4956258318E-01    0.0000000000E+00    0.0000000000E+00    0.0000000000E+00    0.0000000000E+00    0.0000000000E+00    0.0000000000E+00    0.4936045752E-13    0.4936045752E-13    0.9999972028E+00    0.9999972028E+00
    6    0.5683333333E+01    0.1161139353E+00   -0.5805696766E+00   -0.1516662727E+00    0.0000000000E+00    0.0000000000E+00    0.0000000000E+00    0.0000000000E+00    0.0000000000E+00    0.0000000000E+00    0.1828107477E-11    0.1828107477E-11    0.9999873055E+00    0.9999873055E+00
    1    0.5941666667E+01   -0.6966836119E+00    0.2322278706E+00   -0.5588844840E+00    0.0000000000E+00    0.0000000000E+00    0.0000000000E+00    0.0000000000E+00    0.0000000000E+00    0.0000000000E+00    0.4911737514E-13    0.4911743459E-13    0.9999965799E+00    0.9999965799E+00
    2    0.5941666667E+01   -0.6966836119E+00   -0.5805696766E+00   -0.3429800531E+00    0.0000000000E+00    0.0000000000E+00    0.0000000000E+00    0.0000000000E+00    0.0000000000E+00    0.0000000000E+00    0.1910900814E-11    0.1910900814E-11    0.9999932595E+00    0.9999932595E+00
    3    0.5941666667E+01    0.1161139353E+00    0.2322278706E+00   -0.1865050689E+00    0.0000000000E+00    0.0000000000E+00    0.0000000000E+00    0.0000000000E+00    0.0000000000E+00    0.0000000000E+00    0.3835655940E-14    0.3839537040E-14    0.9999938402E+00    0.9999938402E+00
    4    0.5941666667E+01    0.1161139353E+00   -0.5805696766E+00    0.2638373434E+00    0.0000000000E+00    0.0000000000E+00    0.0000000000E+00    0.0000000000E+00    0.0000000000E+00    0.0000000000E+00    0.4106697125E-14    0.4106697294E-14    0.9999980562E+00    0.9999980562E+00
    5    0.5941666667E+01   -0.6966836119E+00   -0.5805696766E+00    0.1080777702E+00    0.0000000000E+00    0.0000000000E+00    0.0000000000E+00    0.0000000000E+00    0.0000000000E+00    0.0000000000E+00    0.2647085379E-11    0.2647085379E-11    0.9999925863E+00    0.9999925863E+00
    6    0.5941666667E+01   -0.6966836119E+00    0.2322278706E+00    0.1314587681E+00    0.0000000000E+00    0.0000000000E+00    0.0000000000E+00    0.0000000000E+00    0.0000000000E+00    0.0000000000E+00    0.1626379057E-13    0.1626379215E-13    0.9999964367E+00    0.9999964367E+00
    1    0.6200000000E+01   -0.6966836119E+00    0.2322278706E+00   -0.4488907184E+00    0.0000000000E+00    0.0000000000E+00    0.0000000000E+00    0.0000000000E+00    0.0000000000E+00    0.0000000000E+00    0.2878656224E-11    0.2878656224E-11    0.9999934323E+00    0.9999934323E+00
    2    0.6200000000E+01    0.1161139353E+00    0.2322278706E+00    0.7093541646E-01    0.0000000000E+00    0.0000000000E+00    0.0000000000E+00    0.0000000000E+00    0.0000000000E+00    0.0000000000E+00    0.3254174590E-11    0.3254174590E-11    0.9999943972E+00    0.9999943972E+00
    3    0.6200000000E+01   -0.6966836119E+00    0.2322278706E+00    0.2471080845E+00    0.0000000000E+00    0.0000000000E+00    0.0000000000E+00    0.0000000000E+00    0.0000000000E+00    0.0000000000E+00    0.2886048111E-11    0.2886048111E-11    0.9999931710E+00    0.9999931710E+00
    4    0.6200000000E+01    0.1161139353E+00   -0.5805696766E+00    0.3120238479E+00    0.0000000000E+00    0.0000000000E+00    0.0000000000E+00    0.0000000000E+00    0.0000000000E+00    0.0000000000E+00    0.1247338732E-14    0.1247338732E-14    0.9999980848E+00    0.9999980848E+00
    1    0.6458333333E+01    0.1161139353E+00   -0.5805696766E+00    0.3582794883E+00    0.0000000000E+00    0.0000000000E+00    0.0000000000E+00    0.0000000000E+00    0.0000000000E+00    0.0000000000E+00    0.6513225308E-16    0.6513225516E-16    0.9999980582E+00    0.9999980582E+00
    2    0.6458333333E+01    0.1161139353E+00    0.2322278706E+00    0.1596110136E+00    0.0000000000E+00    0.0000000000E+00    0.0000000000E+00    0.0000000000E+00    0.0000000000E+00    0.0000000000E+00    0.2936961126E-13    0.2936970101E-13    0.9999971423E+00    0.9999971423E+00
    1    0.6716666667E+01    0.1161139353E+00   -0.5805696766E+00    0.4037822997E+00    0.0000000000E+00    0.0000000000E+00    0.0000000000E+00    0.0000000000E+00    0.0000000000E+00    0.0000000000E+00    0.7279457966E-17    0.7279457978E-17    0.9999979954E+00    0.9999979954E+00
    2    0.6716666667E+01    0.1161139353E+00    0.2322278706E+00    0.2194867161E+00    0.0000000000E+00    0.0000000000E+00    0.0000000000E+00    0.0000000000E+00    0.0000000000E+00    0.0000000000E+00    0.5377184993E-14    0.5377184993E-14    0.9999975852E+00    0.9999975852E+00
    1    0.6975000000E+01    0.1161139353E+00   -0.5805696766E+00    0.4492818549E+00    0.0000000000E+00    0.0000000000E+00    0.0000000000E+00    0.0000000000E+00    0.0000000000E+00    0.0000000000E+00    0.1206172300E-17    0.1206172302E-17    0.9999979056E+00    0.9999979056E+00
    2    0.6975000000E+01    0.1161139353E+00    0.2322278706E+00    0.2714500313E+00    0.0000000000E+00    0.0000000000E+00    0.0000000000E+00    0.0000000000E+00    0.0000000000E+00    0.0000000000E+00    0.9920139316E-14    0.9920139316E-14    0.9999977098E+00    0.9999977098E+00
    1    0.7233333333E+01    0.1161139353E+00   -0.5805696766E+00    0.4952849462E+00    0.0000000000E+00    0.0000000000E+00    0.0000000000E+00    0.0000000000E+00    0.0000000000E+00    0.0000000000E+00    0.5566903266E-16    0.5566903380E-16    0.9999977953E+00    0.9999977953E+00
    2    0.7233333333E+01    0.1161139353E+00    0.2322278706E+00    0.3203978754E+00    0.0000000000E+00    0.0000000000E+00    0.0000000000E+00    0.0000000000E+00    0.0000000000E+00    0.0000000000E+00    0.3897589706E-14    0.3897589706E-14    0.9999977036E+00    0.9999977036E+00
    1    0.7491666667E+01    0.1161139353E+00   -0.5805696766E+00    0.5421226140E+00    0.0000000000E+00    0.0000000000E+00    0.0000000000E+00    0.0000000000E+00    0.0000000000E+00    0.0000000000E+00    0.3786066499E-16    0.3786066500E-16    0.9999976702E+00    0.9999976702E+00
    2    0.7491666667E+01    0.1161139353E+00    0.2322278706E+00    0.3686647226E+00    0.0000000000E+00    0.0000000000E+00    0.0000000000E+00    0.0000000000E+00    0.0000000000E+00    0.0000000000E+00    0.1750985100E-15    0.1750985100E-15    0.9999976132E+00    0.9999976132E+00
    1    0.7750000000E+01   -0.6966836119E+00   -0.5805696766E+00    0.1645634852E+00    0.0000000000E+00    0.0000000000E+00    0.0000000000E+00    0.0000000000E+00    0.0000000000E+00    0.0000000000E+00    0.9138137819E-12    0.9138137819E-12    0.9999837614E+00    0.9999837614E+00
    2    0.7750000000E+01    0.1161139353E+00   -0.5805696766E+00   -0.5595127879E+00    0.0000000000E+00    0.0000000000E+00    0.0000000000E+00    0.0000000000E+00    0.0000000000E+00    0.0000000000E+00    0.5472728107E-15    0.5472728107E-15    0.9999975363E+00    0.9999975363E+00
    3    0.7750000000E+01    0.1161139353E+00    0.2322278706E+00    0.4178502927E+00    0.0000000000E+00    0.0000000000E+00    0.0000000000E+00    0.0000000000E+00    0.0000000000E+00    0.0000000000E+00    0.6278654139E-15    0.6278654139E-15    0.9999974476E+00    0.9999974476E+00
    1    0.8008333333E+01   -0.6966836119E+00   -0.5805696766E+00    0.3005641019E+00    0.0000000000E+00    0.0000000000E+00    0.0000000000E+00    0.0000000000E+00    0.0000000000E+00    0.0000000000E+00    0.3488813342E-13    0.3488813342E-13    0.9999955612E+00    0.9999955612E+00
    2    0.8008333333E+01    0.1161139353E+00   -0.5805696766E+00   -0.5106383027E+00    0.0000000000E+00    0.0000000000E+00    0.0000000000E+00    0.0000000000E+00    0.0000000000E+00    0.0000000000E+00    0.7340567681E-15    0.7340567681E-15    0.9999974033E+00    0.9999974033E+00
    3    0.8008333333E+01    0.1161139353E+00    0.2322278706E+00    0.4694136136E+00    0.0000000000E+00    0.0000000000E+00    0.0000000000E+00    0.0000000000E+00    0.0000000000E+00    0.0000000000E+00    0.1662269530E-14    0.1662269530E-14    0.9999971972E+00    0.9999971972E+00
    1    0.8266666667E+01    0.1161139353E+00   -0.5805696766E+00   -0.4608567531E+00    0.0000000000E+00    0.0000000000E+00    0.0000000000E+00    0.0000000000E+00    0.0000000000E+00    0.0000000000E+00    0.1856125389E-14    0.1856125389E-14    0.9999972757E+00    0.9999972757E+00
    2    0.8266666667E+01    0.1161139353E+00    0.2322278706E+00    0.5250094780E+00    0.0000000000E+00    0.0000000000E+00    0.0000000000E+00    0.0000000000E+00    0.0000000000E+00    0.0000000000E+00    0.1050432994E-14    0.1050433008E-14    0.9999968356E+00    0.9999968356E+00
    3    0.8266666667E+01   -0.6966836119E+00   -0.5805696766E+00    0.3731568979E+00    0.0000000000E+00    0.0000000000E+00    0.0000000000E+00    0.0000000000E+00    0.0000000000E+00    0.0000000000E+00    0.1189352621E-15    0.1189360592E-15    0.9999964632E+00    0.9999964632E+00
    1    0.8525000000E+01   -0.6966836119E+00    0.2322278706E+00   -0.8292599222E-01    0.0000000000E+00    0.0000000000E+00    0.0000000000E+00    0.0000000000E+00    0.0000000000E+00    0.0000000000E+00    0.2232329827E-10    0.2232329827E-10    0.9999851356E+00    0.9999851356E+00
    2    0.8525000000E+01    0.1161139353E+00   -0.5805696766E+00   -0.4103899738E+00    0.0000000000E+00    0.0000000000E+00    0.0000000000E+00    0.0000000000E+00    0.0000000000E+00    0.0000000000E+00    0.5959703553E-15    0.5959703553E-15    0.9999971601E+00    0.9999971601E+00
    3    0.8525000000E+01    0.1161139353E+00    0.2322278706E+00   -0.5626915917E+00    0.0000000000E+00    0.0000000000E+00    0.0000000000E+00    0.0000000000E+00    0.0000000000E+00    0.0000000000E+00    0.2092974574E-14    0.2092974574E-14    0.9999963169E+00    0.9999963169E+00
    4    0.8525000000E+01   -0.6966836119E+00   -0.5805696766E+00    0.4352276232E+00    0.0000000000E+00    0.0000000000E+00    0.0000000000E+00    0.0000000000E+00    0.0000000000E+00    0.0000000000E+00    0.2165760125E-15    0.2165760126E-15    0.9999966262E+00    0.9999966262E+00
    5    0.8525000000E+01   -0.6966836119E+00    0.2322278706E+00    0.4443309230E+00    0.0000000000E+00    0.0000000000E+00    0.0000000000E+00    0.0000000000E+00    0.0000000000E+00    0.0000000000E+00    0.3118940222E-12    0.3118940222E-12    0.9999944272E+00    0.9999944272E+00
    1    0.8783333333E+01    0.1161139353E+00   -0.5805696766E+00   -0.3595224051E+00    0.0000000000E+00    0.0000000000E+00    0.0000000000E+00    0.0000000000E+00    0.0000000000E+00    0.0000000000E+00    0.6557638354E-15    0.6557638355E-15    0.9999970596E+00    0.9999970596E+00
    2    0.8783333333E+01    0.1161139353E+00    0.2322278706E+00   -0.4918884354E+00    0.0000000000E+00    0.0000000000E+00    0.0000000000E+00    0.0000000000E+00    0.0000000000E+00    0.0000000000E+00    0.6534949689E-15    0.6534949689E-15    0.9999955929E+00    0.9999955929E+00
    3    0.8783333333E+01   -0.6966836119E+00   -0.5805696766E+00    0.4955024669E+00    0.0000000000E+00    0.0000000000E+00    0.0000000000E+00    0.0000000000E+00    0.0000000000E+00    0.0000000000E+00    0.5369322296E-15    0.5369322297E-15    0.9999964763E+00    0.9999964763E+00
    4    0.8783333333E+01   -0.6966836119E+00    0.2322278706E+00    0.5204175919E+00    0.0000000000E+00    0.0000000000E+00    0.0000000000E+00    0.0000000000E+00    0.0000000000E+00    0.0000000000E+00    0.1081505880E-14    0.1081505880E-14    0.9999960300E+00    0.9999960300E+00
    1    0.9041666667E+01    0.1161139353E+00   -0.5805696766E+00   -0.3085336832E+00    0.0000000000E+00    0.0000000000E+00    0.0000000000E+00    0.0000000000E+00    0.0000000000E+00    0.0000000000E+00    0.5540619933E-14    0.5540619933E-14    0.9999969733E+00    0.9999969733E+00
    2    0.9041666667E+01    0.1161139353E+00    0.2322278706E+00   -0.4090746543E+00    0.0000000000E+00    0.0000000000E+00    0.0000000000E+00    0.0000000000E+00    0.0000000000E+00    0.0000000000E+00    0.1424747918E-17    0.1424747922E-17    0.9999946971E+00    0.9999946971E+00
    3    0.9041666667E+01   -0.6966836119E+00   -0.5805696766E+00    0.5591164359E+00    0.0000000000E+00    0.0000000000E+00    0.0000000000E+00    0.0000000000E+00    0.0000000000E+00    0.0000000000E+00    0.3481433450E-13    0.3481433450E-13    0.9999959951E+00    0.9999959951E+00
    4    0.9041666667E+01   -0.6966836119E+00    0.2322278706E+00   -0.5626854443E+00    0.0000000000E+00    0.0000000000E+00    0.0000000000E+00    0.0000000000E+00    0.0000000000E+00    0.0000000000E+00    0.2970522466E-13    0.2970522466E-13    0.9999960908E+00    0.9999960908E+00
    1    0.9300000000E+01   -0.6966836119E+00   -0.5805696766E+00   -0.5168418802E+00    0.0000000000E+00    0.0000000000E+00    0.0000000000E+00    0.0000000000E+00    0.0000000000E+00    0.0000000000E+00    0.6626820202E-14    0.6626820202E-14    0.9999949342E+00    0.9999949342E+00
    2    0.9300000000E+01   -0.6966836119E+00    0.2322278706E+00   -0.4958776737E+00    0.0000000000E+00    0.0000000000E+00    0.0000000000E+00    0.0000000000E+00    0.0000000000E+00    0.0000000000E+00    0.4036175162E-14    0.4036175162E-14    0.9999957781E+00    0.9999957781E+00
    3    0.9300000000E+01    0.1161139353E+00    0.2322278706E+00   -0.3145563679E+00    0.0000000000E+00    0.0000000000E+00    0.0000000000E+00    0.0000000000E+00    0.0000000000E+00    0.0000000000E+00    0.4295138059E-14    0.4295138136E-14    0.9999939987E+00    0.9999939987E+00
    4    0.9300000000E+01    0.1161139353E+00   -0.5805696766E+00   -0.2576272322E+00    0.0000000000E+00    0.0000000000E+00    0.0000000000E+00    0.0000000000E+00    0.0000000000E+00    0.0000000000E+00    0.6533046854E-14    0.6533050895E-14    0.9999968957E+00    0.9999968957E+00
    1    0.9558333333E+01   -0.6966836119E+00    0.2322278706E+00   -0.4215750052E+00    0.0000000000E+00    0.0000000000E+00    0.0000000000E+00    0.0000000000E+00    0.0000000000E+00    0.0000000000E+00    0.1889614614E-14    0.1889614614E-14    0.9999948826E+00    0.9999948826E+00
    2    0.9558333333E+01   -0.6966836119E+00   -0.5805696766E+00   -0.4106088666E+00    0.0000000000E+00    0.0000000000E+00    0.0000000000E+00    0.0000000000E+00    0.0000000000E+00    0.0000000000E+00    0.1045566102E-13    0.1045566102E-13    0.9999905216E+00    0.9999905216E+00
    3    0.9558333333E+01    0.1161139353E+00    0.2322278706E+00   -0.2161154107E+00    0.0000000000E+00    0.0000000000E+00    0.0000000000E+00    0.0000000000E+00    0.0000000000E+00    0.0000000000E+00    0.8257194527E-14    0.8257194527E-14    0.9999938965E+00    0.9999938965E+00
    4    0.9558333333E+01    0.1161139353E+00   -0.5805696766E+00   -0.2068686175E+00    0.0000000000E+00    0.0000000000E+00    0.0000000000E+00    0.0000000000E+00    0.0000000000E+00    0.0000000000E+00    0.7065160941E-15    0.7065160942E-15    0.9999968174E+00    0.9999968174E+00
    1    0.9816666667E+01   -0.6966836119E+00    0.2322278706E+00   -0.3249350255E+00    0.0000000000E+00    0.0000000000E+00    0.0000000000E+00    0.0000000000E+00    0.0000000000E+00    0.0000000000E+00    0.1497797746E-14    0.1497797746E-14    0.9999922812E+00    0.9999922812E+00
    2    0.9816666667E+01    0.1161139353E+00    0.2322278706E+00   -0.1199036635E+00    0.0000000000E+00    0.0000000000E+00    0.0000000000E+00    0.0000000000E+00    0.0000000000E+00    0.0000000000E+00    0.4938192627E-12    0.4938192627E-12    0.9999937077E+00    0.9999937077E+00
    3    0.9816666667E+01    0.1161139353E+00   -0.5805696766E+00   -0.1561464919E+00    0.0000000000E+00    0.0000000000E+00    0.0000000000E+00    0.0000000000E+00    0.0000000000E+00    0.0000000000E+00    0.5361562692E-14    0.5361562692E-14    0.9999967261E+00    0.9999967261E+00
    1    0.1007500000E+02   -0.6966836119E+00    0.2322278706E+00   -0.1216585084E+00    0.0000000000E+00    0.0000000000E+00    0.0000000000E+00    0.0000000000E+00    0.0000000000E+00    0.0000000000E+00    0.2478382850E-10    0.2478382850E-10    0.9999712049E+00    0.9999712049E+00
    2    0.1007500000E+02    0.1161139353E+00   -0.5805696766E+00   -0.1051344717E+00    0.0000000000E+00    0.0000000000E+00    0.0000000000E+00    0.0000000000E+00    0.0000000000E+00    0.0000000000E+00    0.3905383276E-13    0.3905383276E-13    0.9999966035E+00    0.9999966035E+00
    1    0.1033333333E+02    0.1161139353E+00   -0.5805696766E+00   -0.5302189187E-01    0.0000000000E+00    0.0000000000E+00    0.0000000000E+00    0.0000000000E+00    0.0000000000E+00    0.0000000000E+00    0.1777456477E-12    0.1777456477E-12    0.9999963771E+00    0.9999963771E+00
    1    0.1085000000E+02    0.1161139353E+00   -0.5805696766E+00    0.4924840096E-01    0.0000000000E+00    0.0000000000E+00    0.0000000000E+00    0.0000000000E+00    0.0000000000E+00    0.0000000000E+00    0.2479162347E-12    0.2479162349E-12    0.9999959416E+00    0.9999959416E+00
    2    0.1085000000E+02    0.1161139353E+00    0.2322278706E+00    0.1163631105E+00    0.0000000000E+00    0.0000000000E+00    0.0000000000E+00    0.0000000000E+00    0.0000000000E+00    0.0000000000E+00    0.4912734849E-12    0.4912734849E-12    0.9999943502E+00    0.9999943502E+00
    1    0.1110833333E+02   -0.6966836119E+00    0.2322278706E+00    0.4510082707E+00    0.0000000000E+00    0.0000000000E+00    0.0000000000E+00    0.0000000000E+00    0.0000000000E+00    0.0000000000E+00    0.1042709948E-13    0.1042709949E-13    0.9999927438E+00    0.9999927438E+00
    2    0.1110833333E+02   -0.6966836119E+00   -0.5805696766E+00    0.3064387744E+00    0.9289114825E+00   -0.5805696766E+00    0.3064387744E+00   -0.4829056075E+01    0.2007785282E+01   -0.2841759804E+01    0.4403758791E-14    0.4403758793E-14    0.9999872076E+00    0.9999872076E+00
    3    0.1110833333E+02    0.1161139353E+00   -0.5805696766E+00    0.1063263551E+00    0.0000000000E+00    0.0000000000E+00    0.0000000000E+00    0.0000000000E+00    0.0000000000E+00    0.0000000000E+00    0.5051914036E-13    0.5051914036E-13    0.9999957780E+00    0.9999957780E+00
    4    0.1110833333E+02    0.1161139353E+00    0.2322278706E+00    0.1907523069E+00    0.0000000000E+00    0.0000000000E+00    0.0000000000E+00    0.0000000000E+00    0.0000000000E+00    0.0000000000E+00    0.1607359100E-16    0.1607359102E-16    0.9999947839E+00    0.9999947839E+00
    1    0.1136666667E+02   -0.6966836119E+00    0.2322278706E+00    0.5336922161E+00    0.0000000000E+00    0.0000000000E+00    0.0000000000E+00    0.0000000000E+00    0.0000000000E+00    0.0000000000E+00    0.2553337911E-14    0.2553337911E-14    0.9999946436E+00    0.9999946436E+00
    2    0.1136666667E+02   -0.6966836119E+00   -0.5805696766E+00    0.4280709490E+00    0.0000000000E+00    0.0000000000E+00    0.0000000000E+00    0.0000000000E+00    0.0000000000E+00    0.0000000000E+00    0.6533260677E-14    0.6533260677E-14    0.9999931064E+00    0.9999931064E+00
    3    0.1136666667E+02    0.1161139353E+00   -0.5805696766E+00    0.1656451567E+00    0.0000000000E+00    0.0000000000E+00    0.0000000000E+00    0.0000000000E+00    0.0000000000E+00    0.0000000000E+00    0.3781521954E-14    0.3781521956E-14    0.9999954555E+00    0.9999954555E+00
    4    0.1136666667E+02    0.1161139353E+00    0.2322278706E+00    0.2611957979E+00    0.0000000000E+00    0.0000000000E+00    0.0000000000E+00    0.0000000000E+00    0.0000000000E+00    0.0000000000E+00    0.2262980427E-13    0.2262980427E-13    0.9999947979E+00    0.9999947979E+00
    1    0.1162500000E+02   -0.6966836119E+00    0.2322278706E+00   -0.5494038711E+00    0.0000000000E+00    0.0000000000E+00    0.0000000000E+00    0.0000000000E+00    0.0000000000E+00    0.0000000000E+00    0.4302651323E-14    0.4302651323E-14    0.9999952333E+00    0.9999952333E+00
    2    0.1162500000E+02   -0.6966836119E+00   -0.5805696766E+00    0.5089806985E+00    0.0000000000E+00    0.0000000000E+00    0.0000000000E+00    0.0000000000E+00    0.0000000000E+00    0.0000000000E+00    0.4984035491E-14    0.4984035491E-14    0.9999944409E+00    0.9999944409E+00
    3    0.1162500000E+02    0.1161139353E+00   -0.5805696766E+00    0.2283619683E+00    0.0000000000E+00    0.0000000000E+00    0.0000000000E+00    0.0000000000E+00    0.0000000000E+00    0.0000000000E+00    0.4325650193E-14    0.4325650194E-14    0.9999950713E+00    0.9999950713E+00
    4    0.1162500000E+02    0.1161139353E+00    0.2322278706E+00    0.3304966380E+00    0.0000000000E+00    0.0000000000E+00    0.0000000000E+00    0.0000000000E+00    0.0000000000E+00    0.0000000000E+00    0.5941467477E-14    0.5941467477E-14    0.9999947416E+00    0.9999947416E+00
    1    0.1188333333E+02   -0.6966836119E+00    0.2322278706E+00   -0.4891283878E+00    0.0000000000E+00    0.0000000000E+00    0.0000000000E+00    0.0000000000E+00    0.0000000000E+00    0.0000000000E+00    0.1089469335E-14    0.1089469343E-14    0.9999954193E+00    0.9999954193E+00
    2    0.1188333333E+02   -0.6966836119E+00   -0.5805696766E+00   -0.5722183500E+00    0.0000000000E+00    0.0000000000E+00    0.0000000000E+00    0.0000000000E+00    0.0000000000E+00    0.0000000000E+00    0.1279149057E-11    0.1279149057E-11    0.9999942687E+00    0.9999942687E+00
    3    0.1188333333E+02    0.1161139353E+00   -0.5805696766E+00    0.2948023374E+00    0.0000000000E+00    0.0000000000E+00    0.0000000000E+00    0.0000000000E+00    0.0000000000E+00    0.0000000000E+00    0.8061574681E-14    0.8061574681E-14    0.9999946805E+00    0.9999946805E+00
    4    0.1188333333E+02    0.1161139353E+00    0.2322278706E+00    0.3989527416E+00    0.0000000000E+00    0.0000000000E+00    0.0000000000E+00    0.0000000000E+00    0.0000000000E+00    0.0000000000E+00    0.2377530003E-15    0.2377530003E-15    0.9999946998E+00    0.9999946998E+00
    1    0.1214166667E+02   -0.6966836119E+00    0.2322278706E+00   -0.4309730522E+00    0.0000000000E+00    0.0000000000E+00    0.0000000000E+00    0.0000000000E+00    0.0000000000E+00    0.0000000000E+00    0.4187684563E-15    0.4187684563E-15    0.9999953780E+00    0.9999953780E+00
    2    0.1214166667E+02   -0.6966836119E+00   -0.5805696766E+00   -0.5080128732E+00    0.0000000000E+00    0.0000000000E+00    0.0000000000E+00    0.0000000000E+00    0.0000000000E+00    0.0000000000E+00    0.1455426497E-14    0.1455426498E-14    0.9999949833E+00    0.9999949833E+00
    3    0.1214166667E+02    0.1161139353E+00   -0.5805696766E+00    0.3643592722E+00    0.0000000000E+00    0.0000000000E+00    0.0000000000E+00    0.0000000000E+00    0.0000000000E+00    0.0000000000E+00    0.3557691127E-15    0.3557691140E-15    0.9999943715E+00    0.9999943715E+00
    4    0.1214166667E+02    0.1161139353E+00    0.2322278706E+00    0.4663226201E+00    0.0000000000E+00    0.0000000000E+00    0.0000000000E+00    0.0000000000E+00    0.0000000000E+00    0.0000000000E+00    0.7329359027E-15    0.7329359292E-15    0.9999946772E+00    0.9999946772E+00
    1    0.1240000000E+02   -0.6966836119E+00    0.2322278706E+00   -0.3723645441E+00    0.0000000000E+00    0.0000000000E+00    0.0000000000E+00    0.0000000000E+00    0.0000000000E+00    0.0000000000E+00    0.3184256777E-16    0.3184256777E-16    0.9999951483E+00    0.9999951483E+00
    2    0.1240000000E+02   -0.6966836119E+00   -0.5805696766E+00   -0.4450532709E+00    0.0000000000E+00    0.0000000000E+00    0.0000000000E+00    0.0000000000E+00    0.0000000000E+00    0.0000000000E+00    0.9054338555E-15    0.9054338571E-15    0.9999948376E+00    0.9999948376E+00
    3    0.1240000000E+02    0.1161139353E+00   -0.5805696766E+00    0.4353593180E+00    0.0000000000E+00    0.0000000000E+00    0.0000000000E+00    0.0000000000E+00    0.0000000000E+00    0.0000000000E+00    0.4493628498E-15    0.4493628498E-15    0.9999942192E+00    0.9999942192E+00
    4    0.1240000000E+02    0.1161139353E+00    0.2322278706E+00    0.5326324281E+00    0.0000000000E+00    0.0000000000E+00    0.0000000000E+00    0.0000000000E+00    0.0000000000E+00    0.0000000000E+00    0.3167671566E-15    0.3167671567E-15    0.9999946333E+00    0.9999946333E+00
    1    0.1265833333E+02   -0.6966836119E+00    0.2322278706E+00   -0.3108685064E+00   -0.6966836119E+00    0.2322278706E+00   -0.3108685064E+00    0.4423019799E+01   -0.9830419290E+00    0.2102043093E+01    0.2089757004E-14    0.2089757018E-14    0.9999946901E+00    0.9999946901E+00
    2    0.1265833333E+02   -0.6966836119E+00   -0.5805696766E+00   -0.3801993535E+00    0.0000000000E+00    0.0000000000E+00    0.0000000000E+00    0.0000000000E+00    0.0000000000E+00    0.0000000000E+00    0.1885214515E-17    0.1885214543E-17    0.9999944481E+00    0.9999944481E+00
    3    0.1265833333E+02    0.1161139353E+00   -0.5805696766E+00    0.5058624515E+00    0.0000000000E+00    0.0000000000E+00    0.0000000000E+00    0.0000000000E+00    0.0000000000E+00    0.0000000000E+00    0.4562066667E-15    0.4562066667E-15    0.9999941994E+00    0.9999941994E+00
    4    0.1265833333E+02    0.1161139353E+00    0.2322278706E+00   -0.5509554390E+00    0.0000000000E+00    0.0000000000E+00    0.0000000000E+00    0.0000000000E+00    0.0000000000E+00    0.0000000000E+00    0.2525530507E-14    0.2525532267E-14    0.9999945098E+00    0.9999945098E+00
    1    0.1291666667E+02   -0.6966836119E+00    0.2322278706E+00   -0.2430918165E+00    0.0000000000E+00    0.0000000000E+00    0.0000000000E+00    0.0000000000E+00    0.0000000000E+00    0.0000000000E+00    0.5988612729E-14    0.5988612729E-14    0.9999938375E+00    0.9999938375E+00
    2    0.1291666667E+02   -0.6966836119E+00   -0.5805696766E+00   -0.3099617670E+00    0.0000000000E+00    0.0000000000E+00    0.0000000000E+00    0.0000000000E+00    0.0000000000E+00    0.0000000000E+00    0.2540417316E-15    0.2540417316E-15    0.9999936678E+00    0.9999936678E+00
    3    0.1291666667E+02    0.1161139353E+00   -0.5805696766E+00   -0.5747346539E+00    0.1161139353E+00   -0.5805696766E+00   -0.5747346539E+00    0.0000000000E+00    0.0000000000E+00    0.0000000000E+00    0.2592165509E-20    0.2592165509E-20    0.3854075785E-09    0.3854075785E-09
    4    0.1291666667E+02    0.1161139353E+00    0.2322278706E+00   -0.4841288132E+00    0.0000000000E+00    0.0000000000E+00    0.0000000000E+00    0.0000000000E+00    0.0000000000E+00    0.0000000000E+00    0.9128679576E-15    0.9128679576E-15    0.9999942398E+00    0.9999942398E+00
    1    0.1317500000E+02   -0.6966836119E+00    0.2322278706E+00   -0.1616425721E+00    0.0000000000E+00    0.0000000000E+00    0.0000000000E+00    0.0000000000E+00    0.0000000000E+00    0.0000000000E+00    0.1884725535E-13    0.1884725535E-13    0.9999918633E+00    0.9999918633E+00
    2    0.1317500000E+02   -0.6966836119E+00   -0.5805696766E+00   -0.2268485591E+00    0.0000000000E+00    0.0000000000E+00    0.0000000000E+00    0.0000000000E+00    0.0000000000E+00    0.0000000000E+00    0.1247859916E-14    0.1247859918E-14    0.9999917179E+00    0.9999917179E+00
    3    0.1317500000E+02    0.1161139353E+00   -0.5805696766E+00   -0.5063762729E+00    0.0000000000E+00    0.0000000000E+00    0.0000000000E+00    0.0000000000E+00    0.0000000000E+00    0.0000000000E+00    0.4059222447E-14    0.4059222505E-14    0.9999940965E+00    0.9999940965E+00
    4    0.1317500000E+02    0.1161139353E+00    0.2322278706E+00   -0.4140946363E+00    0.0000000000E+00    0.0000000000E+00    0.0000000000E+00    0.0000000000E+00    0.0000000000E+00    0.0000000000E+00    0.3274647972E-15    0.3274648019E-15    0.9999937074E+00    0.9999937074E+00
    1    0.1343333333E+02   -0.6966836119E+00    0.2322278706E+00    0.3646376845E+00    0.0000000000E+00    0.0000000000E+00    0.0000000000E+00    0.0000000000E+00    0.0000000000E+00    0.0000000000E+00    0.4149787240E-10    0.4149787240E-10    0.9999580123E+00    0.9999580123E+00
    2    0.1343333333E+02    0.1161139353E+00   -0.5805696766E+00   -0.4371594549E+00    0.0000000000E+00    0.0000000000E+00    0.0000000000E+00    0.0000000000E+00    0.0000000000E+00    0.0000000000E+00    0.8283432648E-13    0.8283432649E-13    0.9999937294E+00    0.9999937294E+00
    3    0.1343333333E+02    0.1161139353E+00    0.2322278706E+00   -0.3366097489E+00    0.0000000000E+00    0.0000000000E+00    0.0000000000E+00    0.0000000000E+00    0.0000000000E+00    0.0000000000E+00    0.3005765662E-13    0.3005765782E-13    0.9999926077E+00    0.9999926077E+00
    4    0.1343333333E+02   -0.6966836119E+00    0.2322278706E+00   -0.9592460019E-01    0.0000000000E+00    0.0000000000E+00    0.0000000000E+00    0.0000000000E+00    0.0000000000E+00    0.0000000000E+00    0.4590192329E-10    0.4590192329E-10    0.9999577433E+00    0.9999577433E+00
    5    0.1343333333E+02    0.1161139353E+00   -0.5805696766E+00    0.1146699208E+00    0.0000000000E+00    0.0000000000E+00    0.0000000000E+00    0.0000000000E+00    0.0000000000E+00    0.0000000000E+00    0.8869424249E-10    0.8869424249E-10    0.9999548951E+00    0.9999548951E+00
    6    0.1343333333E+02    0.1161139353E+00    0.2322278706E+00    0.1159801769E+00    0.0000000000E+00    0.0000000000E+00    0.0000000000E+00    0.0000000000E+00    0.0000000000E+00    0.0000000000E+00    0.5845859069E-10    0.5845859069E-10    0.9999621373E+00    0.9999621373E+00
    1    0.1369166667E+02   -0.6966836119E+00    0.2322278706E+00   -0.4687050870E+00    0.0000000000E+00    0.0000000000E+00    0.0000000000E+00    0.0000000000E+00    0.0000000000E+00    0.0000000000E+00    0.2605865236E-10    0.2605865236E-10    0.9999691546E+00    0.9999691546E+00
    2    0.1369166667E+02    0.1161139353E+00   -0.5805696766E+00   -0.3636197581E+00    0.0000000000E+00    0.0000000000E+00    0.0000000000E+00    0.0000000000E+00    0.0000000000E+00    0.0000000000E+00    0.2466462255E-11    0.2466462255E-11    0.9999921169E+00    0.9999921169E+00
    3    0.1369166667E+02    0.1161139353E+00    0.2322278706E+00   -0.2396874678E+00    0.0000000000E+00    0.0000000000E+00    0.0000000000E+00    0.0000000000E+00    0.0000000000E+00    0.0000000000E+00    0.4102499398E-12    0.4102499398E-12    0.9999892623E+00    0.9999892623E+00
    4    0.1369166667E+02   -0.6966836119E+00   -0.5805696766E+00    0.5030450685E+00    0.0000000000E+00    0.0000000000E+00    0.0000000000E+00    0.0000000000E+00    0.0000000000E+00    0.0000000000E+00    0.6104269409E-10    0.6104269409E-10    0.9999721580E+00    0.9999721580E+00
    5    0.1369166667E+02   -0.6966836119E+00   -0.5805696766E+00   -0.5521268923E-01    0.0000000000E+00    0.0000000000E+00    0.0000000000E+00    0.0000000000E+00    0.0000000000E+00    0.0000000000E+00    0.7465472968E-09    0.7465472968E-09    0.9999347739E+00    0.9999347739E+00
    6    0.1369166667E+02    0.1161139353E+00    0.2322278706E+00    0.3798791756E+00    0.0000000000E+00    0.0000000000E+00    0.0000000000E+00    0.0000000000E+00    0.0000000000E+00    0.0000000000E+00    0.4011927497E-12    0.4011927497E-12    0.9999801335E+00    0.9999801335E+00
    7    0.1369166667E+02    0.1161139353E+00   -0.5805696766E+00    0.3812341355E+00    0.0000000000E+00    0.0000000000E+00    0.0000000000E+00    0.0000000000E+00    0.0000000000E+00    0.0000000000E+00    0.2430810863E-11    0.2430810863E-11    0.9999814098E+00    0.9999814098E+00
    8    0.1369166667E+02   -0.6966836119E+00    0.2322278706E+00    0.2892655316E+00    0.0000000000E+00    0.0000000000E+00    0.0000000000E+00    0.0000000000E+00    0.0000000000E+00    0.0000000000E+00    0.2693112613E-10    0.2693112613E-10    0.9999776633E+00    0.9999776633E+00
    9    0.1369166667E+02   -0.6966836119E+00   -0.5805696766E+00    0.9572841419E-01    0.0000000000E+00    0.0000000000E+00    0.0000000000E+00    0.0000000000E+00    0.0000000000E+00    0.0000000000E+00    0.1406028871E-09    0.1406028871E-09    0.9999612750E+00    0.9999612750E+00
   10    0.1369166667E+02    0.1161139353E+00   -0.5805696766E+00    0.2334879376E+00    0.0000000000E+00    0.0000000000E+00    0.0000000000E+00    0.0000000000E+00    0.0000000000E+00    0.0000000000E+00    0.3698037148E-11    0.3698037148E-11    0.9999733319E+00    0.9999733319E+00
   11    0.1369166667E+02   -0.6966836119E+00    0.2322278706E+00    0.1584019879E+00    0.0000000000E+00    0.0000000000E+00    0.0000000000E+00    0.0000000000E+00    0.0000000000E+00    0.0000000000E+00    0.8237344134E-12    0.8237344134E-12    0.9999811225E+00    0.9999811225E+00
   12    0.1369166667E+02   -0.6966836119E+00   -0.5805696766E+00    0.1852756765E+00    0.0000000000E+00    0.0000000000E+00    0.0000000000E+00    0.0000000000E+00    0.0000000000E+00    0.0000000000E+00    0.1015259844E-09    0.1015259844E-09    0.9999683237E+00    0.9999683237E+00
    1    0.1395000000E+02    0.1161139353E+00   -0.5805696766E+00   -0.2762374063E+00    0.0000000000E+00    0.0000000000E+00    0.0000000000E+00    0.0000000000E+00    0.0000000000E+00    0.0000000000E+00    0.1235753325E-11    0.1235753325E-11    0.9999903893E+00    0.9999903893E+00
    2    0.1395000000E+02    0.1161139353E+00    0.2322278706E+00   -0.5560020009E+00    0.0000000000E+00    0.0000000000E+00    0.0000000000E+00    0.0000000000E+00    0.0000000000E+00    0.0000000000E+00    0.7132696074E-11    0.7132696074E-11    0.9999797763E+00    0.9999797763E+00
    3    0.1395000000E+02    0.1161139353E+00   -0.5805696766E+00    0.5663539849E+00    0.0000000000E+00    0.0000000000E+00    0.0000000000E+00    0.0000000000E+00    0.0000000000E+00    0.0000000000E+00    0.1576973817E-10    0.1576973817E-10    0.9999815024E+00    0.9999815024E+00
    4    0.1395000000E+02   -0.6966836119E+00    0.2322278706E+00    0.4746512299E+00    0.0000000000E+00    0.0000000000E+00    0.0000000000E+00    0.0000000000E+00    0.0000000000E+00    0.0000000000E+00    0.2925519724E-10    0.2925519724E-10    0.9999664300E+00    0.9999664300E+00
    5    0.1395000000E+02    0.1161139353E+00   -0.5805696766E+00    0.4621341692E+00    0.0000000000E+00    0.0000000000E+00    0.0000000000E+00    0.0000000000E+00    0.0000000000E+00    0.0000000000E+00    0.1160719504E-11    0.1160719504E-11    0.9999809903E+00    0.9999809903E+00
    6    0.1395000000E+02   -0.6966836119E+00   -0.5805696766E+00    0.3485037530E+00    0.0000000000E+00    0.0000000000E+00    0.0000000000E+00    0.0000000000E+00    0.0000000000E+00    0.0000000000E+00    0.4793853469E-13    0.4793853469E-13    0.9999776905E+00    0.9999776905E+00
    7    0.1395000000E+02   -0.6966836119E+00    0.2322278706E+00    0.3942403304E+00   -0.6966836119E+00    0.2322278706E+00    0.3942403304E+00    0.5113894159E+00   -0.1544719828E+01    0.8067931222E+00    0.1974345579E-10    0.1974345579E-10    0.9999680684E+00    0.9999680684E+00
    8    0.1395000000E+02    0.1161139353E+00    0.2322278706E+00    0.3792707612E+00    0.0000000000E+00    0.0000000000E+00    0.0000000000E+00    0.0000000000E+00    0.0000000000E+00    0.0000000000E+00    0.3278309274E-12    0.3278309274E-12    0.9999770569E+00    0.9999770569E+00
    1    0.1420833333E+02    0.1161139353E+00    0.2322278706E+00   -0.3258482816E+00    0.0000000000E+00    0.0000000000E+00    0.0000000000E+00    0.0000000000E+00    0.0000000000E+00    0.0000000000E+00    0.3550492011E-12    0.3550492011E-12    0.9999715237E+00    0.9999715237E+00
    2    0.1420833333E+02    0.1161139353E+00   -0.5805696766E+00   -0.3642707223E+00    0.1161139353E+00   -0.5805696766E+00   -0.3642707223E+00   -0.4711282943E+00    0.3259540897E+00    0.3263064765E+00    0.3052587687E-11    0.3052587687E-11    0.9999103979E+00    0.9999103979E+00
    3    0.1420833333E+02    0.1161139353E+00   -0.5805696766E+00   -0.4020506184E+00    0.0000000000E+00    0.0000000000E+00    0.0000000000E+00    0.0000000000E+00    0.0000000000E+00    0.0000000000E+00    0.5698873114E-13    0.5698873114E-13    0.9999788449E+00    0.9999788449E+00
    1    0.1446666667E+02    0.1161139353E+00   -0.5805696766E+00   -0.1826939393E+00    0.0000000000E+00    0.0000000000E+00    0.0000000000E+00    0.0000000000E+00    0.0000000000E+00    0.0000000000E+00    0.9294804136E-13    0.9294804136E-13    0.9999770008E+00    0.9999770008E+00
