    1    0.2066666667E+01    0.1161139353E+00   -0.1161139353E+00    0.5677792645E-01    0.0000000000E+00    0.0000000000E+00    0.0000000000E+00    0.0000000000E+00    0.0000000000E+00    0.0000000000E+00    0.2810611248E-12    0.2810611248E-12    0.9999985867E+00    0.9999985867E+00
    1    0.2325000000E+01    0.1161139353E+00   -0.1161139353E+00   -0.9290267675E-01    0.0000000000E+00    0.0000000000E+00    0.0000000000E+00    0.0000000000E+00    0.0000000000E+00    0.0000000000E+00    0.2763251257E-11    0.2763251257E-11    0.9999946137E+00    0.9999946137E+00
    2    0.2325000000E+01    0.1161139353E+00   -0.1161139353E+00    0.1245323153E+00    0.0000000000E+00    0.0000000000E+00    0.0000000000E+00    0.0000000000E+00    0.0000000000E+00    0.0000000000E+00    0.2373026594E-12    0.2373026594E-12    0.9999989556E+00    0.9999989556E+00
    3    0.2325000000E+01    0.1161139353E+00   -0.1161139353E+00    0.2501475686E+00    0.0000000000E+00    0.0000000000E+00    0.0000000000E+00    0.0000000000E+00    0.0000000000E+00    0.0000000000E+00    0.1956263776E-11    0.1956263776E-11    0.9999969219E+00    0.9999969219E+00
    1    0.2583333333E+01    0.1161139353E+00   -0.1161139353E+00    0.3540079615E+00    0.0000000000E+00    0.0000000000E+00    0.0000000000E+00    0.0000000000E+00    0.0000000000E+00    0.0000000000E+00    0.8054048706E-16    0.8054048706E-16    0.9999987600E+00    0.9999987600E+00
    2    0.2583333333E+01    0.1161139353E+00   -0.1161139353E+00    0.1740650174E+00    0.0000000000E+00    0.0000000000E+00    0.0000000000E+00    0.0000000000E+00    0.0000000000E+00    0.0000000000E+00    0.1176146855E-14    0.1176146855E-14    0.9999992219E+00    0.9999992219E+00
    1    0.2841666667E+01    0.1161139353E+00   -0.1161139353E+00    0.4165067728E+00    0.0000000000E+00    0.0000000000E+00    0.0000000000E+00    0.0000000000E+00    0.0000000000E+00    0.0000000000E+00    0.1593664784E-15    0.1593664784E-15    0.9999989465E+00    0.9999989465E+00
    2    0.2841666667E+01    0.1161139353E+00   -0.1161139353E+00    0.2174651451E+00    0.0000000000E+00    0.0000000000E+00    0.0000000000E+00    0.0000000000E+00    0.0000000000E+00    0.0000000000E+00    0.1645856336E-14    0.1645856336E-14    0.9999992056E+00    0.9999992056E+00
    1    0.3100000000E+01    0.1161139353E+00   -0.1161139353E+00    0.4687547896E+00    0.0000000000E+00    0.0000000000E+00    0.0000000000E+00    0.0000000000E+00    0.0000000000E+00    0.0000000000E+00    0.7482231261E-15    0.7482231261E-15    0.9999989824E+00    0.9999989824E+00
    2    0.3100000000E+01    0.1161139353E+00   -0.1161139353E+00    0.2590053633E+00    0.0000000000E+00    0.0000000000E+00    0.0000000000E+00    0.0000000000E+00    0.0000000000E+00    0.0000000000E+00    0.6054670834E-14    0.6054670834E-14    0.9999991523E+00    0.9999991523E+00
    1    0.3358333333E+01    0.1161139353E+00   -0.1161139353E+00    0.5167446598E+00    0.0000000000E+00    0.0000000000E+00    0.0000000000E+00    0.0000000000E+00    0.0000000000E+00    0.0000000000E+00    0.1638545194E-14    0.1638558199E-14    0.9999989581E+00    0.9999989581E+00
    2    0.3358333333E+01    0.1161139353E+00    0.6966836119E+00   -0.2078116864E+00    0.0000000000E+00    0.0000000000E+00    0.0000000000E+00    0.0000000000E+00    0.0000000000E+00    0.0000000000E+00    0.1317157261E-10    0.1317157261E-10    0.9999909854E+00    0.9999909854E+00
    3    0.3358333333E+01    0.1161139353E+00   -0.1161139353E+00    0.3004557589E+00    0.0000000000E+00    0.0000000000E+00    0.0000000000E+00    0.0000000000E+00    0.0000000000E+00    0.0000000000E+00    0.6496280796E-14    0.6496280902E-14    0.9999990698E+00    0.9999990698E+00
    4    0.3358333333E+01    0.1161139353E+00    0.6966836119E+00    0.2836602702E+00    0.0000000000E+00    0.0000000000E+00    0.0000000000E+00    0.0000000000E+00    0.0000000000E+00    0.0000000000E+00    0.1316486044E-10    0.1316486044E-10    0.9999909331E+00    0.9999909331E+00
    1    0.3616666667E+01    0.1161139353E+00   -0.1161139353E+00    0.3431416233E+00    0.0000000000E+00    0.0000000000E+00    0.0000000000E+00    0.0000000000E+00    0.0000000000E+00    0.0000000000E+00    0.2655047325E-14    0.2655047325E-14    0.9999989543E+00    0.9999989543E+00
    2    0.3616666667E+01    0.1161139353E+00    0.6966836119E+00    0.5545612033E+00    0.0000000000E+00    0.0000000000E+00    0.0000000000E+00    0.0000000000E+00    0.0000000000E+00    0.0000000000E+00    0.1534670782E-10    0.1534670782E-10    0.9999875673E+00    0.9999875673E+00
    3    0.3616666667E+01   -0.6966836119E+00   -0.1161139353E+00    0.5574963636E+00   -0.6966836119E+00   -0.1161139353E+00   -0.5919729514E+00    0.2007103223E+01   -0.4833372865E+01   -0.3407372653E+01    0.2370994187E-10    0.2370994187E-10    0.9999853375E+00    0.9999853375E+00
    4    0.3616666667E+01    0.1161139353E+00   -0.1161139353E+00    0.5634643957E+00    0.0000000000E+00    0.0000000000E+00    0.0000000000E+00    0.0000000000E+00    0.0000000000E+00    0.0000000000E+00    0.2138395026E-13    0.2138395026E-13    0.9999988497E+00    0.9999988497E+00
    1    0.3875000000E+01    0.1161139353E+00   -0.1161139353E+00    0.3884683479E+00    0.0000000000E+00    0.0000000000E+00    0.0000000000E+00    0.0000000000E+00    0.0000000000E+00    0.0000000000E+00    0.3710790392E-15    0.3710790393E-15    0.9999987917E+00    0.9999987917E+00
    2    0.3875000000E+01    0.1161139353E+00   -0.1161139353E+00   -0.5401351979E+00    0.0000000000E+00    0.0000000000E+00    0.0000000000E+00    0.0000000000E+00    0.0000000000E+00    0.0000000000E+00    0.4230592876E-14    0.4230592876E-14    0.9999987881E+00    0.9999987881E+00
    3    0.3875000000E+01    0.1161139353E+00    0.6966836119E+00   -0.4536518859E+00    0.0000000000E+00    0.0000000000E+00    0.0000000000E+00    0.0000000000E+00    0.0000000000E+00    0.0000000000E+00    0.1692571932E-14    0.1692571933E-14    0.9999974893E+00    0.9999974893E+00
    4    0.3875000000E+01   -0.6966836119E+00   -0.1161139353E+00   -0.4491982156E+00    0.0000000000E+00    0.0000000000E+00    0.0000000000E+00    0.0000000000E+00    0.0000000000E+00    0.0000000000E+00    0.5030186378E-14    0.5030186378E-14    0.9999975207E+00    0.9999975207E+00
    1    0.4133333333E+01    0.1161139353E+00   -0.1161139353E+00    0.5145892187E-01    0.0000000000E+00    0.0000000000E+00    0.0000000000E+00    0.0000000000E+00    0.0000000000E+00    0.0000000000E+00    0.1560688610E-11    0.1560688610E-11    0.9999965730E+00    0.9999965730E+00
    2    0.4133333333E+01    0.1161139353E+00   -0.1161139353E+00    0.4384230426E+00    0.0000000000E+00    0.0000000000E+00    0.0000000000E+00    0.0000000000E+00    0.0000000000E+00    0.0000000000E+00    0.5426857612E-14    0.5426857615E-14    0.9999985473E+00    0.9999985473E+00
    3    0.4133333333E+01    0.1161139353E+00    0.6966836119E+00    0.4097064878E+00    0.0000000000E+00    0.0000000000E+00    0.0000000000E+00    0.0000000000E+00    0.0000000000E+00    0.0000000000E+00    0.2416248630E-09    0.2416248630E-09    0.9999649092E+00    0.9999649092E+00
    4    0.4133333333E+01    0.1161139353E+00   -0.1161139353E+00   -0.4916447468E+00    0.0000000000E+00    0.0000000000E+00    0.0000000000E+00    0.0000000000E+00    0.0000000000E+00    0.0000000000E+00    0.7445054443E-13    0.7445054444E-13    0.9999984920E+00    0.9999984920E+00
    5    0.4133333333E+01    0.1161139353E+00    0.6966836119E+00   -0.3962874769E+00    0.0000000000E+00    0.0000000000E+00    0.0000000000E+00    0.0000000000E+00    0.0000000000E+00    0.0000000000E+00    0.2496619947E-09    0.2496619947E-09    0.9999630614E+00    0.9999630614E+00
    6    0.4133333333E+01   -0.6966836119E+00   -0.1161139353E+00   -0.3644893006E+00    0.0000000000E+00    0.0000000000E+00    0.0000000000E+00    0.0000000000E+00    0.0000000000E+00    0.0000000000E+00    0.2543206674E-14    0.2543208088E-14    0.9999976532E+00    0.9999976532E+00
    7    0.4133333333E+01    0.1161139353E+00    0.6966836119E+00   -0.3684685459E+00    0.0000000000E+00    0.0000000000E+00    0.0000000000E+00    0.0000000000E+00    0.0000000000E+00    0.0000000000E+00    0.4725948862E-11    0.4725948862E-11    0.9999973237E+00    0.9999973237E+00
    1    0.4391666667E+01    0.1161139353E+00   -0.1161139353E+00   -0.4391325348E+00    0.0000000000E+00    0.0000000000E+00    0.0000000000E+00    0.0000000000E+00    0.0000000000E+00    0.0000000000E+00    0.7156609751E-14    0.7156618725E-14    0.9999984105E+00    0.9999984105E+00
    2    0.4391666667E+01    0.1161139353E+00   -0.1161139353E+00    0.4965532761E+00    0.0000000000E+00    0.0000000000E+00    0.0000000000E+00    0.0000000000E+00    0.0000000000E+00    0.0000000000E+00    0.1189562316E-13    0.1189562772E-13    0.9999981351E+00    0.9999981351E+00
    3    0.4391666667E+01   -0.6966836119E+00   -0.1161139353E+00    0.5370877485E+00    0.0000000000E+00    0.0000000000E+00    0.0000000000E+00    0.0000000000E+00    0.0000000000E+00    0.0000000000E+00    0.5911618984E-13    0.5919435868E-13    0.9999976913E+00    0.9999976913E+00
    4    0.4391666667E+01    0.1161139353E+00    0.6966836119E+00    0.5358639000E+00    0.0000000000E+00    0.0000000000E+00    0.0000000000E+00    0.0000000000E+00    0.0000000000E+00    0.0000000000E+00    0.8761446209E-14    0.8761529838E-14    0.9999977179E+00    0.9999977179E+00
    5    0.4391666667E+01   -0.6966836119E+00    0.6966836119E+00    0.1588158586E+00   -0.6966836119E+00   -0.9289114825E+00    0.1588158586E+00    0.2814475094E+00   -0.2790578925E+00    0.1527733423E+00    0.5162717651E-13    0.5162719320E-13    0.9999973570E+00    0.9999973570E+00
    6    0.4391666667E+01    0.1161139353E+00   -0.1161139353E+00    0.1315351450E+00    0.0000000000E+00    0.0000000000E+00    0.0000000000E+00    0.0000000000E+00    0.0000000000E+00    0.0000000000E+00    0.3415263151E-13    0.3415263206E-13    0.9999982360E+00    0.9999982360E+00
    7    0.4391666667E+01   -0.6966836119E+00    0.6966836119E+00    0.1132586868E+00    0.0000000000E+00    0.0000000000E+00    0.0000000000E+00    0.0000000000E+00    0.0000000000E+00    0.0000000000E+00    0.5069152587E-12    0.5069152596E-12    0.9999968016E+00    0.9999968016E+00
    8    0.4391666667E+01    0.1161139353E+00    0.6966836119E+00   -0.1885973382E+00    0.0000000000E+00    0.0000000000E+00    0.0000000000E+00    0.0000000000E+00    0.0000000000E+00    0.0000000000E+00    0.3408635118E-13    0.3408635344E-13    0.9999924948E+00    0.9999924948E+00
    9    0.4391666667E+01   -0.6966836119E+00   -0.1161139353E+00   -0.1905722912E+00    0.0000000000E+00    0.0000000000E+00    0.0000000000E+00    0.0000000000E+00    0.0000000000E+00    0.0000000000E+00    0.4155204871E-13    0.4155655641E-13    0.9999923786E+00    0.9999923786E+00
   10    0.4391666667E+01   -0.6966836119E+00   -0.1161139353E+00   -0.2927900662E+00    0.0000000000E+00    0.0000000000E+00    0.0000000000E+00    0.0000000000E+00    0.0000000000E+00    0.0000000000E+00    0.7693543805E-13    0.7693972444E-13    0.9999978047E+00    0.9999978047E+00
   11    0.4391666667E+01    0.1161139353E+00    0.6966836119E+00   -0.2952589772E+00    0.0000000000E+00    0.0000000000E+00    0.0000000000E+00    0.0000000000E+00    0.0000000000E+00    0.0000000000E+00    0.3877556589E-13    0.3877557319E-13    0.9999978492E+00    0.9999978492E+00
    1    0.4650000000E+01   -0.6966836119E+00    0.6966836119E+00    0.2356724339E+00    0.0000000000E+00    0.0000000000E+00    0.0000000000E+00    0.0000000000E+00    0.0000000000E+00    0.0000000000E+00    0.5378753837E-13    0.5378753837E-13    0.9999978868E+00    0.9999978868E+00
    2    0.4650000000E+01   -0.6966836119E+00    0.6966836119E+00    0.2026927431E+00    0.0000000000E+00    0.0000000000E+00    0.0000000000E+00    0.0000000000E+00    0.0000000000E+00    0.0000000000E+00    0.1081928788E-12    0.1081928790E-12    0.9999974252E+00    0.9999974252E+00
    3    0.4650000000E+01    0.1161139353E+00   -0.1161139353E+00    0.1850456779E+00    0.0000000000E+00    0.0000000000E+00    0.0000000000E+00    0.0000000000E+00    0.0000000000E+00    0.0000000000E+00    0.1495207882E-13    0.1495207882E-13    0.9999985391E+00    0.9999985391E+00
    4    0.4650000000E+01   -0.6966836119E+00    0.6966836119E+00    0.4876435235E+00    0.0000000000E+00    0.0000000000E+00    0.0000000000E+00    0.0000000000E+00    0.0000000000E+00    0.0000000000E+00    0.1367097925E-12    0.1367097925E-12    0.9999965529E+00    0.9999965529E+00
    5    0.4650000000E+01    0.1161139353E+00   -0.1161139353E+00   -0.3784164954E+00    0.0000000000E+00    0.0000000000E+00    0.0000000000E+00    0.0000000000E+00    0.0000000000E+00    0.0000000000E+00    0.1263445492E-13    0.1263445492E-13    0.9999978976E+00    0.9999978976E+00
    6    0.4650000000E+01    0.1161139353E+00   -0.1161139353E+00    0.5726717157E+00    0.0000000000E+00    0.0000000000E+00    0.0000000000E+00    0.0000000000E+00    0.0000000000E+00    0.0000000000E+00    0.1526799988E-11    0.1526799988E-11    0.9999960436E+00    0.9999960436E+00
    7    0.4650000000E+01   -0.6966836119E+00   -0.1161139353E+00   -0.5439360427E+00    0.0000000000E+00    0.0000000000E+00    0.0000000000E+00    0.0000000000E+00    0.0000000000E+00    0.0000000000E+00    0.2472017245E-14    0.2472017284E-14    0.9999980303E+00    0.9999980303E+00
    8    0.4650000000E+01    0.1161139353E+00    0.6966836119E+00   -0.5451223374E+00    0.0000000000E+00    0.0000000000E+00    0.0000000000E+00    0.0000000000E+00    0.0000000000E+00    0.0000000000E+00    0.1729015930E-14    0.1729015980E-14    0.9999980056E+00    0.9999980056E+00
    9    0.4650000000E+01   -0.6966836119E+00    0.6966836119E+00   -0.1728619014E+00   -0.6966836119E+00    0.6966836119E+00   -0.1728619014E+00   -0.3236152382E-01    0.1753205850E-01   -0.3392519533E+01    0.1859472233E-12    0.1859472233E-12    0.9999966788E+00    0.9999966788E+00
   10    0.4650000000E+01    0.1161139353E+00    0.6966836119E+00   -0.2191494497E+00    0.0000000000E+00    0.0000000000E+00    0.0000000000E+00    0.0000000000E+00    0.0000000000E+00    0.0000000000E+00    0.6710792877E-14    0.6710792886E-14    0.9999975055E+00    0.9999975055E+00
   11    0.4650000000E+01   -0.6966836119E+00   -0.1161139353E+00   -0.2173201910E+00    0.0000000000E+00    0.0000000000E+00    0.0000000000E+00    0.0000000000E+00    0.0000000000E+00    0.0000000000E+00    0.1076295199E-13    0.1076295200E-13    0.9999974940E+00    0.9999974940E+00
    1    0.4908333333E+01    0.1161139353E+00   -0.1161139353E+00    0.2311161482E+00    0.0000000000E+00    0.0000000000E+00    0.0000000000E+00    0.0000000000E+00    0.0000000000E+00    0.0000000000E+00    0.8864285019E-14    0.8864285019E-14    0.9999985210E+00    0.9999985210E+00
    2    0.4908333333E+01   -0.6966836119E+00    0.6966836119E+00    0.2863203666E+00    0.0000000000E+00    0.0000000000E+00    0.0000000000E+00    0.0000000000E+00    0.0000000000E+00    0.0000000000E+00    0.3455728424E-12    0.3455728426E-12    0.9999968918E+00    0.9999968918E+00
    3    0.4908333333E+01   -0.6966836119E+00    0.6966836119E+00    0.2993813841E+00    0.0000000000E+00    0.0000000000E+00    0.0000000000E+00    0.0000000000E+00    0.0000000000E+00    0.0000000000E+00    0.3827923130E-13    0.3827923130E-13    0.9999980481E+00    0.9999980481E+00
    4    0.4908333333E+01   -0.6966836119E+00    0.6966836119E+00   -0.5603926386E+00    0.0000000000E+00    0.0000000000E+00    0.0000000000E+00    0.0000000000E+00    0.0000000000E+00    0.0000000000E+00    0.7570634717E-12    0.7570634718E-12    0.9999963079E+00    0.9999963079E+00
    5    0.4908333333E+01    0.1161139353E+00   -0.1161139353E+00   -0.2987077236E+00    0.0000000000E+00    0.0000000000E+00    0.0000000000E+00    0.0000000000E+00    0.0000000000E+00    0.0000000000E+00    0.6382586272E-14    0.6382586273E-14    0.9999968358E+00    0.9999968358E+00
    6    0.4908333333E+01    0.1161139353E+00   -0.1161139353E+00   -0.4385049269E+00    0.0000000000E+00    0.0000000000E+00    0.0000000000E+00    0.0000000000E+00    0.0000000000E+00    0.0000000000E+00    0.5703961470E-13    0.5703961470E-13    0.9999915885E+00    0.9999915885E+00
    7    0.4908333333E+01   -0.6966836119E+00   -0.1161139353E+00   -0.4796405650E+00    0.0000000000E+00    0.0000000000E+00    0.0000000000E+00    0.0000000000E+00    0.0000000000E+00    0.0000000000E+00    0.1435029153E-12    0.1435029153E-12    0.9999978494E+00    0.9999978494E+00
    8    0.4908333333E+01    0.1161139353E+00    0.6966836119E+00   -0.4807491348E+00    0.0000000000E+00    0.0000000000E+00    0.0000000000E+00    0.0000000000E+00    0.0000000000E+00    0.0000000000E+00    0.5751166530E-13    0.5751166530E-13    0.9999978330E+00    0.9999978330E+00
    9    0.4908333333E+01   -0.6966836119E+00    0.6966836119E+00   -0.8366762785E-01    0.0000000000E+00    0.0000000000E+00    0.0000000000E+00    0.0000000000E+00    0.0000000000E+00    0.0000000000E+00    0.9125545667E-13    0.9125545668E-13    0.9999974665E+00    0.9999974665E+00
   10    0.4908333333E+01   -0.6966836119E+00   -0.1161139353E+00   -0.1214285407E+00    0.0000000000E+00    0.0000000000E+00    0.0000000000E+00    0.0000000000E+00    0.0000000000E+00    0.0000000000E+00    0.5015647310E-12    0.5015647310E-12    0.9999960581E+00    0.9999960581E+00
   11    0.4908333333E+01    0.1161139353E+00    0.6966836119E+00   -0.1224580473E+00    0.0000000000E+00    0.0000000000E+00    0.0000000000E+00    0.0000000000E+00    0.0000000000E+00    0.0000000000E+00    0.4438740002E-12    0.4438740002E-12    0.9999960305E+00    0.9999960305E+00
    1    0.5166666667E+01   -0.6966836119E+00    0.6966836119E+00    0.3577509739E+00    0.0000000000E+00    0.0000000000E+00    0.0000000000E+00    0.0000000000E+00    0.0000000000E+00    0.0000000000E+00    0.3978571507E-14    0.3978571508E-14    0.9999980513E+00    0.9999980513E+00
    2    0.5166666667E+01    0.1161139353E+00   -0.1161139353E+00    0.2733266025E+00    0.0000000000E+00    0.0000000000E+00    0.0000000000E+00    0.0000000000E+00    0.0000000000E+00    0.0000000000E+00    0.1152744252E-15    0.1152744255E-15    0.9999986024E+00    0.9999986024E+00
    3    0.5166666667E+01   -0.6966836119E+00    0.6966836119E+00   -0.1039292477E-01    0.0000000000E+00    0.0000000000E+00    0.0000000000E+00    0.0000000000E+00    0.0000000000E+00    0.0000000000E+00    0.2114766163E-13    0.2114766164E-13    0.9999976034E+00    0.9999976034E+00
    4    0.5166666667E+01   -0.6966836119E+00   -0.1161139353E+00   -0.4142231282E+00    0.0000000000E+00    0.0000000000E+00    0.0000000000E+00    0.0000000000E+00    0.0000000000E+00    0.0000000000E+00    0.1872488716E-15    0.1872488736E-15    0.9999977118E+00    0.9999977118E+00
    5    0.5166666667E+01    0.1161139353E+00    0.6966836119E+00   -0.4148174700E+00    0.0000000000E+00    0.0000000000E+00    0.0000000000E+00    0.0000000000E+00    0.0000000000E+00    0.0000000000E+00    0.1466590496E-15    0.1466590700E-15    0.9999976871E+00    0.9999976871E+00
    1    0.5425000000E+01   -0.6966836119E+00    0.6966836119E+00    0.4148985236E+00    0.0000000000E+00    0.0000000000E+00    0.0000000000E+00    0.0000000000E+00    0.0000000000E+00    0.0000000000E+00    0.1096954599E-13    0.1096956134E-13    0.9999979444E+00    0.9999979444E+00
    2    0.5425000000E+01    0.1161139353E+00   -0.1161139353E+00    0.3134468950E+00    0.0000000000E+00    0.0000000000E+00    0.0000000000E+00    0.0000000000E+00    0.0000000000E+00    0.0000000000E+00    0.4897651039E-16    0.4897651121E-16    0.9999985966E+00    0.9999985966E+00
    3    0.5425000000E+01   -0.6966836119E+00   -0.1161139353E+00   -0.3437136104E+00    0.0000000000E+00    0.0000000000E+00    0.0000000000E+00    0.0000000000E+00    0.0000000000E+00    0.0000000000E+00    0.2129631831E-16    0.2129631964E-16    0.9999973352E+00    0.9999973352E+00
    4    0.5425000000E+01    0.1161139353E+00    0.6966836119E+00   -0.3433822364E+00    0.0000000000E+00    0.0000000000E+00    0.0000000000E+00    0.0000000000E+00    0.0000000000E+00    0.0000000000E+00    0.9897310363E-15    0.9897312870E-15    0.9999972955E+00    0.9999972955E+00
    5    0.5425000000E+01   -0.6966836119E+00    0.6966836119E+00    0.5786071979E-01    0.0000000000E+00    0.0000000000E+00    0.0000000000E+00    0.0000000000E+00    0.0000000000E+00    0.0000000000E+00    0.6910062095E-14    0.6910062453E-14    0.9999975822E+00    0.9999975822E+00
    1    0.5683333333E+01   -0.6966836119E+00    0.6966836119E+00    0.4739596267E+00    0.0000000000E+00    0.0000000000E+00    0.0000000000E+00    0.0000000000E+00    0.0000000000E+00    0.0000000000E+00    0.4560835938E-13    0.4560835938E-13    0.9999977056E+00    0.9999977056E+00
    2    0.5683333333E+01    0.1161139353E+00   -0.1161139353E+00    0.3521449684E+00    0.0000000000E+00    0.0000000000E+00    0.0000000000E+00    0.0000000000E+00    0.0000000000E+00    0.0000000000E+00    0.9379842915E-16    0.9379842918E-16    0.9999985726E+00    0.9999985726E+00
    3    0.5683333333E+01   -0.6966836119E+00    0.6966836119E+00    0.1264227146E+00    0.0000000000E+00    0.0000000000E+00    0.0000000000E+00    0.0000000000E+00    0.0000000000E+00    0.0000000000E+00    0.3053134339E-13    0.3053134339E-13    0.9999973772E+00    0.9999973772E+00
    4    0.5683333333E+01   -0.6966836119E+00   -0.1161139353E+00   -0.2622661742E+00    0.0000000000E+00    0.0000000000E+00    0.0000000000E+00    0.0000000000E+00    0.0000000000E+00    0.0000000000E+00    0.1005285661E-13    0.1005285661E-13    0.9999966169E+00    0.9999966169E+00
    5    0.5683333333E+01    0.1161139353E+00    0.6966836119E+00   -0.2607262718E+00    0.0000000000E+00    0.0000000000E+00    0.0000000000E+00    0.0000000000E+00    0.0000000000E+00    0.0000000000E+00    0.1828987678E-13    0.1828987678E-13    0.9999965716E+00    0.9999965716E+00
    1    0.5941666667E+01   -0.6966836119E+00    0.6966836119E+00    0.5397139365E+00    0.0000000000E+00    0.0000000000E+00    0.0000000000E+00    0.0000000000E+00    0.0000000000E+00    0.0000000000E+00    0.6028435840E-14    0.6028435841E-14    0.9999971803E+00    0.9999971803E+00
    2    0.5941666667E+01    0.1161139353E+00   -0.1161139353E+00    0.3899217470E+00    0.0000000000E+00    0.0000000000E+00    0.0000000000E+00    0.0000000000E+00    0.0000000000E+00    0.0000000000E+00    0.1035306492E-16    0.1035306587E-16    0.9999985369E+00    0.9999985369E+00
    3    0.5941666667E+01   -0.6966836119E+00    0.6966836119E+00    0.2005373783E+00    0.0000000000E+00    0.0000000000E+00    0.0000000000E+00    0.0000000000E+00    0.0000000000E+00    0.0000000000E+00    0.4539144300E-14    0.4539144301E-14    0.9999968828E+00    0.9999968828E+00
    4    0.5941666667E+01   -0.6966836119E+00   -0.1161139353E+00   -0.1523602540E+00    0.0000000000E+00    0.0000000000E+00    0.0000000000E+00    0.0000000000E+00    0.0000000000E+00    0.0000000000E+00    0.1734497175E-12    0.1734497176E-12    0.9999944003E+00    0.9999944003E+00
    5    0.5941666667E+01    0.1161139353E+00    0.6966836119E+00   -0.1500354037E+00    0.0000000000E+00    0.0000000000E+00    0.0000000000E+00    0.0000000000E+00    0.0000000000E+00    0.0000000000E+00    0.2171755208E-12    0.2171755209E-12    0.9999944057E+00    0.9999944057E+00
    1    0.6200000000E+01   -0.6966836119E+00    0.6966836119E+00   -0.5228395217E+00    0.0000000000E+00    0.0000000000E+00    0.0000000000E+00    0.0000000000E+00    0.0000000000E+00    0.0000000000E+00    0.1020350107E-11    0.1020350107E-11    0.9999953383E+00    0.9999953383E+00
    2    0.6200000000E+01    0.1161139353E+00   -0.1161139353E+00    0.4271055889E+00    0.0000000000E+00    0.0000000000E+00    0.0000000000E+00    0.0000000000E+00    0.0000000000E+00    0.0000000000E+00    0.5767865275E-15    0.5767865275E-15    0.9999984925E+00    0.9999984925E+00
    3    0.6200000000E+01   -0.6966836119E+00    0.6966836119E+00    0.2949636925E+00    0.0000000000E+00    0.0000000000E+00    0.0000000000E+00    0.0000000000E+00    0.0000000000E+00    0.0000000000E+00    0.1009348942E-11    0.1009348942E-11    0.9999950639E+00    0.9999950639E+00
    1    0.6458333333E+01    0.1161139353E+00   -0.1161139353E+00    0.4639300154E+00    0.0000000000E+00    0.0000000000E+00    0.0000000000E+00    0.0000000000E+00    0.0000000000E+00    0.0000000000E+00    0.1682278023E-14    0.1682278023E-14    0.9999984413E+00    0.9999984413E+00
    1    0.6716666667E+01    0.1161139353E+00   -0.1161139353E+00    0.5005679884E+00    0.0000000000E+00    0.0000000000E+00    0.0000000000E+00    0.0000000000E+00    0.0000000000E+00    0.0000000000E+00    0.1855183106E-14    0.1855183106E-14    0.9999983844E+00    0.9999983844E+00
    1    0.6975000000E+01    0.1161139353E+00   -0.1161139353E+00    0.5371505714E+00    0.0000000000E+00    0.0000000000E+00    0.0000000000E+00    0.0000000000E+00    0.0000000000E+00    0.0000000000E+00    0.5766405041E-15    0.5766405041E-15    0.9999983225E+00    0.9999983225E+00
    1    0.7233333333E+01    0.1161139353E+00   -0.1161139353E+00    0.5739377493E+00    0.0000000000E+00    0.0000000000E+00    0.0000000000E+00    0.0000000000E+00    0.0000000000E+00    0.0000000000E+00    0.2702870578E-12    0.2702870578E-12    0.9999978864E+00    0.9999978864E+00
    2    0.7233333333E+01   -0.6966836119E+00   -0.1161139353E+00    0.1304169430E+00    0.0000000000E+00    0.0000000000E+00    0.0000000000E+00    0.0000000000E+00    0.0000000000E+00    0.0000000000E+00    0.2419551807E-12    0.2419551807E-12    0.9999964172E+00    0.9999964172E+00
    3    0.7233333333E+01    0.1161139353E+00    0.6966836119E+00    0.1282278796E+00    0.0000000000E+00    0.0000000000E+00    0.0000000000E+00    0.0000000000E+00    0.0000000000E+00    0.0000000000E+00    0.2666405367E-12    0.2666405367E-12    0.9999964205E+00    0.9999964205E+00
    1    0.7491666667E+01    0.1161139353E+00   -0.1161139353E+00   -0.5389699270E+00    0.0000000000E+00    0.0000000000E+00    0.0000000000E+00    0.0000000000E+00    0.0000000000E+00    0.0000000000E+00    0.7329600198E-15    0.7329600198E-15    0.9999981877E+00    0.9999981877E+00
    2    0.7491666667E+01   -0.6966836119E+00   -0.1161139353E+00    0.1940940109E+00    0.0000000000E+00    0.0000000000E+00    0.0000000000E+00    0.0000000000E+00    0.0000000000E+00    0.0000000000E+00    0.9532240022E-16    0.9532240022E-16    0.9999972398E+00    0.9999972398E+00
    3    0.7491666667E+01    0.1161139353E+00    0.6966836119E+00    0.1918863569E+00    0.0000000000E+00    0.0000000000E+00    0.0000000000E+00    0.0000000000E+00    0.0000000000E+00    0.0000000000E+00    0.1593565228E-17    0.1593565228E-17    0.9999972371E+00    0.9999972371E+00
    1    0.7750000000E+01    0.1161139353E+00   -0.1161139353E+00   -0.5020668480E+00    0.0000000000E+00    0.0000000000E+00    0.0000000000E+00    0.0000000000E+00    0.0000000000E+00    0.0000000000E+00    0.3702093113E-14    0.3702093113E-14    0.9999981160E+00    0.9999981160E+00
    2    0.7750000000E+01   -0.6966836119E+00   -0.1161139353E+00    0.2464427814E+00    0.0000000000E+00    0.0000000000E+00    0.0000000000E+00    0.0000000000E+00    0.0000000000E+00    0.0000000000E+00    0.1083231670E-13    0.1083231670E-13    0.9999974731E+00    0.9999974731E+00
    3    0.7750000000E+01    0.1161139353E+00    0.6966836119E+00    0.2443662689E+00    0.0000000000E+00    0.0000000000E+00    0.0000000000E+00    0.0000000000E+00    0.0000000000E+00    0.0000000000E+00    0.1304139170E-13    0.1304139170E-13    0.9999974627E+00    0.9999974627E+00
    1    0.8008333333E+01    0.1161139353E+00   -0.1161139353E+00   -0.4649615762E+00    0.0000000000E+00    0.0000000000E+00    0.0000000000E+00    0.0000000000E+00    0.0000000000E+00    0.0000000000E+00    0.4940595003E-14    0.4940595003E-14    0.9999980419E+00    0.9999980419E+00
    2    0.8008333333E+01   -0.6966836119E+00   -0.1161139353E+00    0.2946468439E+00    0.0000000000E+00    0.0000000000E+00    0.0000000000E+00    0.0000000000E+00    0.0000000000E+00    0.0000000000E+00    0.6758056717E-14    0.6758056717E-14    0.9999975151E+00    0.9999975151E+00
    3    0.8008333333E+01    0.1161139353E+00    0.6966836119E+00    0.2928462756E+00    0.0000000000E+00    0.0000000000E+00    0.0000000000E+00    0.0000000000E+00    0.0000000000E+00    0.0000000000E+00    0.1110662007E-13    0.1110662007E-13    0.9999974968E+00    0.9999974968E+00
    1    0.8266666667E+01    0.1161139353E+00   -0.1161139353E+00   -0.4276230905E+00    0.0000000000E+00    0.0000000000E+00    0.0000000000E+00    0.0000000000E+00    0.0000000000E+00    0.0000000000E+00    0.2635875341E-14    0.2635875341E-14    0.9999979655E+00    0.9999979655E+00
    2    0.8266666667E+01   -0.6966836119E+00   -0.1161139353E+00    0.3416130735E+00    0.0000000000E+00    0.0000000000E+00    0.0000000000E+00    0.0000000000E+00    0.0000000000E+00    0.0000000000E+00    0.1067013397E-14    0.1067013397E-14    0.9999974479E+00    0.9999974479E+00
    3    0.8266666667E+01    0.1161139353E+00    0.6966836119E+00    0.3402363766E+00    0.0000000000E+00    0.0000000000E+00    0.0000000000E+00    0.0000000000E+00    0.0000000000E+00    0.0000000000E+00    0.2873738861E-14    0.2873738861E-14    0.9999974205E+00    0.9999974205E+00
    1    0.8525000000E+01    0.1161139353E+00   -0.1161139353E+00   -0.3900215503E+00    0.0000000000E+00    0.0000000000E+00    0.0000000000E+00    0.0000000000E+00    0.0000000000E+00    0.0000000000E+00    0.8321787589E-16    0.8321787590E-16    0.9999978865E+00    0.9999978865E+00
    2    0.8525000000E+01   -0.6966836119E+00   -0.1161139353E+00    0.3891988941E+00    0.0000000000E+00    0.0000000000E+00    0.0000000000E+00    0.0000000000E+00    0.0000000000E+00    0.0000000000E+00    0.8143476349E-17    0.8143476361E-17    0.9999972868E+00    0.9999972868E+00
    3    0.8525000000E+01    0.1161139353E+00    0.6966836119E+00    0.3884156606E+00    0.0000000000E+00    0.0000000000E+00    0.0000000000E+00    0.0000000000E+00    0.0000000000E+00    0.0000000000E+00    0.3666652100E-16    0.3666652152E-16    0.9999972481E+00    0.9999972481E+00
    1    0.8783333333E+01   -0.6966836119E+00    0.6966836119E+00   -0.3561736955E+00    0.0000000000E+00    0.0000000000E+00    0.0000000000E+00    0.0000000000E+00    0.0000000000E+00    0.0000000000E+00    0.6614727643E-10    0.6614727643E-10    0.9999799799E+00    0.9999799799E+00
    2    0.8783333333E+01    0.1161139353E+00   -0.1161139353E+00   -0.3521192367E+00    0.0000000000E+00    0.0000000000E+00    0.0000000000E+00    0.0000000000E+00    0.0000000000E+00    0.0000000000E+00    0.1711541041E-14    0.1711541041E-14    0.9999978039E+00    0.9999978039E+00
    3    0.8783333333E+01   -0.6966836119E+00    0.6966836119E+00    0.4184063553E+00    0.0000000000E+00    0.0000000000E+00    0.0000000000E+00    0.0000000000E+00    0.0000000000E+00    0.0000000000E+00    0.6571743060E-10    0.6571743060E-10    0.9999808261E+00    0.9999808261E+00
    4    0.8783333333E+01   -0.6966836119E+00   -0.1161139353E+00    0.4391420130E+00    0.0000000000E+00    0.0000000000E+00    0.0000000000E+00    0.0000000000E+00    0.0000000000E+00    0.0000000000E+00    0.7708777992E-16    0.7708778108E-16    0.9999970118E+00    0.9999970118E+00
    5    0.8783333333E+01    0.1161139353E+00    0.6966836119E+00    0.4391655549E+00    0.0000000000E+00    0.0000000000E+00    0.0000000000E+00    0.0000000000E+00    0.0000000000E+00    0.0000000000E+00    0.2654921117E-14    0.2654921118E-14    0.9999969578E+00    0.9999969578E+00
    1    0.9041666667E+01   -0.6966836119E+00    0.6966836119E+00   -0.2155351201E+00    0.0000000000E+00    0.0000000000E+00    0.0000000000E+00    0.0000000000E+00    0.0000000000E+00    0.0000000000E+00    0.1843367690E-12    0.1843367690E-12    0.9999936551E+00    0.9999936551E+00
    2    0.9041666667E+01    0.1161139353E+00   -0.1161139353E+00   -0.3138621178E+00    0.0000000000E+00    0.0000000000E+00    0.0000000000E+00    0.0000000000E+00    0.0000000000E+00    0.0000000000E+00    0.6415520361E-14    0.6415520361E-14    0.9999977163E+00    0.9999977163E+00
    3    0.9041666667E+01   -0.6966836119E+00    0.6966836119E+00    0.5378124814E+00    0.0000000000E+00    0.0000000000E+00    0.0000000000E+00    0.0000000000E+00    0.0000000000E+00    0.0000000000E+00    0.1591100692E-12    0.1591100692E-12    0.9999953555E+00    0.9999953555E+00
    4    0.9041666667E+01   -0.6966836119E+00   -0.1161139353E+00    0.4937573550E+00    0.0000000000E+00    0.0000000000E+00    0.0000000000E+00    0.0000000000E+00    0.0000000000E+00    0.0000000000E+00    0.6234949036E-15    0.6234949036E-15    0.9999965507E+00    0.9999965507E+00
    5    0.9041666667E+01    0.1161139353E+00    0.6966836119E+00    0.4948784736E+00    0.0000000000E+00    0.0000000000E+00    0.0000000000E+00    0.0000000000E+00    0.0000000000E+00    0.0000000000E+00    0.4140554288E-14    0.4140554288E-14    0.9999964747E+00    0.9999964747E+00
    1    0.9300000000E+01   -0.6966836119E+00    0.6966836119E+00   -0.9223621267E-01    0.0000000000E+00    0.0000000000E+00    0.0000000000E+00    0.0000000000E+00    0.0000000000E+00    0.0000000000E+00    0.8625994987E-11    0.8625994987E-11    0.9999895505E+00    0.9999895505E+00
    2    0.9300000000E+01    0.1161139353E+00   -0.1161139353E+00   -0.2751721926E+00    0.0000000000E+00    0.0000000000E+00    0.0000000000E+00    0.0000000000E+00    0.0000000000E+00    0.0000000000E+00    0.8046515610E-14    0.8046515618E-14    0.9999976218E+00    0.9999976218E+00
    3    0.9300000000E+01   -0.6966836119E+00    0.6966836119E+00   -0.5425623918E+00    0.0000000000E+00    0.0000000000E+00    0.0000000000E+00    0.0000000000E+00    0.0000000000E+00    0.0000000000E+00    0.5659475153E-12    0.5659475153E-12    0.9999959599E+00    0.9999959599E+00
    4    0.9300000000E+01   -0.6966836119E+00   -0.1161139353E+00    0.5574405575E+00    0.0000000000E+00    0.0000000000E+00    0.0000000000E+00    0.0000000000E+00    0.0000000000E+00    0.0000000000E+00    0.5003639723E-13    0.5003639723E-13    0.9999956443E+00    0.9999956443E+00
    5    0.9300000000E+01    0.1161139353E+00    0.6966836119E+00    0.5600273784E+00    0.0000000000E+00    0.0000000000E+00    0.0000000000E+00    0.0000000000E+00    0.0000000000E+00    0.0000000000E+00    0.3320686818E-14    0.3320686819E-14    0.9999955616E+00    0.9999955616E+00
    1    0.9558333333E+01    0.1161139353E+00    0.6966836119E+00    0.1186795215E+00    0.0000000000E+00    0.0000000000E+00    0.0000000000E+00    0.0000000000E+00    0.0000000000E+00    0.0000000000E+00    0.1007084716E-10    0.1007084716E-10    0.9999821198E+00    0.9999821198E+00
    2    0.9558333333E+01   -0.6966836119E+00   -0.1161139353E+00    0.1110284701E+00    0.0000000000E+00    0.0000000000E+00    0.0000000000E+00    0.0000000000E+00    0.0000000000E+00    0.0000000000E+00    0.1396839994E-10    0.1396839994E-10    0.9999781195E+00    0.9999781195E+00
    3    0.9558333333E+01    0.1161139353E+00   -0.1161139353E+00   -0.2359408299E+00    0.0000000000E+00    0.0000000000E+00    0.0000000000E+00    0.0000000000E+00    0.0000000000E+00    0.0000000000E+00    0.3968354811E-14    0.3968357756E-14    0.9999975177E+00    0.9999975177E+00
    4    0.9558333333E+01   -0.6966836119E+00    0.6966836119E+00   -0.4808830794E+00    0.0000000000E+00    0.0000000000E+00    0.0000000000E+00    0.0000000000E+00    0.0000000000E+00    0.0000000000E+00    0.2576923171E-14    0.2576923178E-14    0.9999961983E+00    0.9999961983E+00
    5    0.9558333333E+01   -0.6966836119E+00   -0.1161139353E+00   -0.5068916699E+00    0.0000000000E+00    0.0000000000E+00    0.0000000000E+00    0.0000000000E+00    0.0000000000E+00    0.0000000000E+00    0.5500781047E-13    0.5500781047E-13    0.9999931391E+00    0.9999931391E+00
    6    0.9558333333E+01    0.1161139353E+00    0.6966836119E+00   -0.5016600876E+00    0.0000000000E+00    0.0000000000E+00    0.0000000000E+00    0.0000000000E+00    0.0000000000E+00    0.0000000000E+00    0.8850688921E-13    0.8850688922E-13    0.9999929539E+00    0.9999929539E+00
    1    0.9816666667E+01   -0.6966836119E+00    0.6966836119E+00   -0.4199711916E+00    0.0000000000E+00    0.0000000000E+00    0.0000000000E+00    0.0000000000E+00    0.0000000000E+00    0.0000000000E+00    0.1374645863E-14    0.1374645863E-14    0.9999960120E+00    0.9999960120E+00
    2    0.9816666667E+01    0.1161139353E+00   -0.1161139353E+00   -0.1960227068E+00    0.0000000000E+00    0.0000000000E+00    0.0000000000E+00    0.0000000000E+00    0.0000000000E+00    0.0000000000E+00    0.5105976773E-16    0.5105976774E-16    0.9999974010E+00    0.9999974010E+00
    1    0.1007500000E+02   -0.6966836119E+00    0.6966836119E+00   -0.3558783252E+00    0.0000000000E+00    0.0000000000E+00    0.0000000000E+00    0.0000000000E+00    0.0000000000E+00    0.0000000000E+00    0.1338892629E-14    0.1338892629E-14    0.9999955654E+00    0.9999955654E+00
    2    0.1007500000E+02    0.1161139353E+00   -0.1161139353E+00   -0.1552292632E+00    0.0000000000E+00    0.0000000000E+00    0.0000000000E+00    0.0000000000E+00    0.0000000000E+00    0.0000000000E+00    0.3284536352E-14    0.3284536352E-14    0.9999972675E+00    0.9999972675E+00
    1    0.1033333333E+02   -0.6966836119E+00    0.6966836119E+00   -0.2839485746E+00    0.0000000000E+00    0.0000000000E+00    0.0000000000E+00    0.0000000000E+00    0.0000000000E+00    0.0000000000E+00    0.1303609781E-13    0.1303609782E-13    0.9999946925E+00    0.9999946925E+00
    2    0.1033333333E+02    0.1161139353E+00   -0.1161139353E+00   -0.1133199701E+00    0.0000000000E+00    0.0000000000E+00    0.0000000000E+00    0.0000000000E+00    0.0000000000E+00    0.0000000000E+00    0.1063438890E-13    0.1063438890E-13    0.9999971124E+00    0.9999971124E+00
    1    0.1059166667E+02   -0.6966836119E+00    0.6966836119E+00   -0.1943269990E+00    0.0000000000E+00    0.0000000000E+00    0.0000000000E+00    0.0000000000E+00    0.0000000000E+00    0.0000000000E+00    0.6233748285E-16    0.6233748303E-16    0.9999926326E+00    0.9999926326E+00
    2    0.1059166667E+02    0.1161139353E+00   -0.1161139353E+00   -0.6998897422E-01    0.0000000000E+00    0.0000000000E+00    0.0000000000E+00    0.0000000000E+00    0.0000000000E+00    0.0000000000E+00    0.1174451605E-13    0.1174451605E-13    0.9999969290E+00    0.9999969290E+00
    1    0.1085000000E+02   -0.6966836119E+00    0.6966836119E+00    0.4522218577E+00    0.0000000000E+00    0.0000000000E+00    0.0000000000E+00    0.0000000000E+00    0.0000000000E+00    0.0000000000E+00    0.1316211261E-10    0.1316211261E-10    0.9999884553E+00    0.9999884553E+00
    2    0.1085000000E+02   -0.6966836119E+00    0.6966836119E+00   -0.1153879111E+00    0.0000000000E+00    0.0000000000E+00    0.0000000000E+00    0.0000000000E+00    0.0000000000E+00    0.0000000000E+00    0.1130813549E-09    0.1130813549E-09    0.9999653114E+00    0.9999653114E+00
    3    0.1085000000E+02    0.1161139353E+00   -0.1161139353E+00   -0.2484111547E-01    0.0000000000E+00    0.0000000000E+00    0.0000000000E+00    0.0000000000E+00    0.0000000000E+00    0.0000000000E+00    0.7084066744E-14    0.7084066745E-14    0.9999967075E+00    0.9999967075E+00
    4    0.1085000000E+02   -0.6966836119E+00    0.6966836119E+00   -0.2660386849E-01    0.0000000000E+00    0.0000000000E+00    0.0000000000E+00    0.0000000000E+00    0.0000000000E+00    0.0000000000E+00    0.1025094801E-09    0.1025094801E-09    0.9999733169E+00    0.9999733169E+00
    1    0.1110833333E+02   -0.6966836119E+00    0.6966836119E+00    0.5474187456E+00    0.0000000000E+00    0.0000000000E+00    0.0000000000E+00    0.0000000000E+00    0.0000000000E+00    0.0000000000E+00    0.4054214506E-14    0.4054214506E-14    0.9999944993E+00    0.9999944993E+00
    2    0.1110833333E+02    0.1161139353E+00   -0.1161139353E+00    0.2259763912E-01    0.0000000000E+00    0.0000000000E+00    0.0000000000E+00    0.0000000000E+00    0.0000000000E+00    0.0000000000E+00    0.8068650102E-14    0.8068650102E-14    0.9999964376E+00    0.9999964376E+00
    3    0.1110833333E+02   -0.6966836119E+00   -0.1161139353E+00    0.1959524099E+00    0.0000000000E+00    0.0000000000E+00    0.0000000000E+00    0.0000000000E+00    0.0000000000E+00    0.0000000000E+00    0.2520733718E-14    0.2520733718E-14    0.9999883739E+00    0.9999883739E+00
    4    0.1110833333E+02    0.1161139353E+00    0.6966836119E+00    0.1970745904E+00    0.0000000000E+00    0.0000000000E+00    0.0000000000E+00    0.0000000000E+00    0.0000000000E+00    0.0000000000E+00    0.1365122961E-13    0.1365122961E-13    0.9999878957E+00    0.9999878957E+00
    1    0.1136666667E+02   -0.6966836119E+00    0.6966836119E+00   -0.5345214738E+00    0.0000000000E+00    0.0000000000E+00    0.0000000000E+00    0.0000000000E+00    0.0000000000E+00    0.0000000000E+00    0.1312657845E-14    0.1312657845E-14    0.9999953781E+00    0.9999953781E+00
    2    0.1136666667E+02    0.1161139353E+00   -0.1161139353E+00    0.7305652315E-01    0.0000000000E+00    0.0000000000E+00    0.0000000000E+00    0.0000000000E+00    0.0000000000E+00    0.0000000000E+00    0.1551929663E-13    0.1551929663E-13    0.9999961031E+00    0.9999961031E+00
    3    0.1136666667E+02   -0.6966836119E+00   -0.1161139353E+00    0.3213084683E+00    0.0000000000E+00    0.0000000000E+00    0.0000000000E+00    0.0000000000E+00    0.0000000000E+00    0.0000000000E+00    0.3960829575E-14    0.3960829575E-14    0.9999923360E+00    0.9999923360E+00
    4    0.1136666667E+02    0.1161139353E+00    0.6966836119E+00    0.3221766691E+00    0.0000000000E+00    0.0000000000E+00    0.0000000000E+00    0.0000000000E+00    0.0000000000E+00    0.0000000000E+00    0.6739811131E-13    0.6739811131E-13    0.9999925337E+00    0.9999925337E+00
    1    0.1162500000E+02   -0.6966836119E+00    0.6966836119E+00   -0.4755812380E+00    0.0000000000E+00    0.0000000000E+00    0.0000000000E+00    0.0000000000E+00    0.0000000000E+00    0.0000000000E+00    0.1841187358E-15    0.1841187364E-15    0.9999956707E+00    0.9999956707E+00
    2    0.1162500000E+02    0.1161139353E+00   -0.1161139353E+00    0.1273955463E+00    0.0000000000E+00    0.0000000000E+00    0.0000000000E+00    0.0000000000E+00    0.0000000000E+00    0.0000000000E+00    0.1247901065E-13    0.1247901065E-13    0.9999956772E+00    0.9999956772E+00
    3    0.1162500000E+02   -0.6966836119E+00   -0.1161139353E+00    0.4118334540E+00    0.0000000000E+00    0.0000000000E+00    0.0000000000E+00    0.0000000000E+00    0.0000000000E+00    0.0000000000E+00    0.3822595815E-14    0.3822595815E-14    0.9999938034E+00    0.9999938034E+00
    4    0.1162500000E+02    0.1161139353E+00    0.6966836119E+00    0.4104709909E+00    0.0000000000E+00    0.0000000000E+00    0.0000000000E+00    0.0000000000E+00    0.0000000000E+00    0.0000000000E+00    0.2447664503E-14    0.2447664503E-14    0.9999939226E+00    0.9999939226E+00
    1    0.1188333333E+02    0.1161139353E+00   -0.1161139353E+00    0.1867843282E+00    0.0000000000E+00    0.0000000000E+00    0.0000000000E+00    0.0000000000E+00    0.0000000000E+00    0.0000000000E+00    0.9910447876E-16    0.9910447878E-16    0.9999951359E+00    0.9999951359E+00
    2    0.1188333333E+02   -0.6966836119E+00    0.6966836119E+00   -0.4199106200E+00    0.0000000000E+00    0.0000000000E+00    0.0000000000E+00    0.0000000000E+00    0.0000000000E+00    0.0000000000E+00    0.3507962345E-17    0.3507962467E-17    0.9999957066E+00    0.9999957066E+00
    3    0.1188333333E+02   -0.6966836119E+00   -0.1161139353E+00    0.4875811947E+00    0.0000000000E+00    0.0000000000E+00    0.0000000000E+00    0.0000000000E+00    0.0000000000E+00    0.0000000000E+00    0.1081631305E-13    0.1081631305E-13    0.9999944148E+00    0.9999944148E+00
    4    0.1188333333E+02    0.1161139353E+00    0.6966836119E+00    0.4853045762E+00    0.0000000000E+00    0.0000000000E+00    0.0000000000E+00    0.0000000000E+00    0.0000000000E+00    0.0000000000E+00    0.1657792225E-14    0.1657792225E-14    0.9999944425E+00    0.9999944425E+00
    1    0.1214166667E+02    0.1161139353E+00   -0.1161139353E+00    0.2525326406E+00    0.0000000000E+00    0.0000000000E+00    0.0000000000E+00    0.0000000000E+00    0.0000000000E+00    0.0000000000E+00    0.9866119527E-14    0.9866119527E-14    0.9999944779E+00    0.9999944779E+00
    2    0.1214166667E+02   -0.6966836119E+00    0.6966836119E+00   -0.3647529456E+00    0.0000000000E+00    0.0000000000E+00    0.0000000000E+00    0.0000000000E+00    0.0000000000E+00    0.0000000000E+00    0.2536709162E-17    0.2536709165E-17    0.9999955679E+00    0.9999955679E+00
    3    0.1214166667E+02   -0.6966836119E+00   -0.1161139353E+00    0.5570107668E+00    0.0000000000E+00    0.0000000000E+00    0.0000000000E+00    0.0000000000E+00    0.0000000000E+00    0.0000000000E+00    0.3634258228E-13    0.3634258228E-13    0.9999945680E+00    0.9999945680E+00
    4    0.1214166667E+02    0.1161139353E+00    0.6966836119E+00    0.5547361059E+00    0.0000000000E+00    0.0000000000E+00    0.0000000000E+00    0.0000000000E+00    0.0000000000E+00    0.0000000000E+00    0.2625324960E-15    0.2625324960E-15    0.9999945577E+00    0.9999945577E+00
    1    0.1240000000E+02    0.1161139353E+00   -0.1161139353E+00    0.3253566579E+00    0.0000000000E+00    0.0000000000E+00    0.0000000000E+00    0.0000000000E+00    0.0000000000E+00    0.0000000000E+00    0.5635249328E-14    0.5635249330E-14    0.9999938050E+00    0.9999938050E+00
    2    0.1240000000E+02   -0.6966836119E+00    0.6966836119E+00   -0.3079970126E+00    0.0000000000E+00    0.0000000000E+00    0.0000000000E+00    0.0000000000E+00    0.0000000000E+00    0.0000000000E+00    0.1384835269E-16    0.1384835269E-16    0.9999952576E+00    0.9999952576E+00
    3    0.1240000000E+02   -0.6966836119E+00   -0.1161139353E+00   -0.5249155971E+00    0.0000000000E+00    0.0000000000E+00    0.0000000000E+00    0.0000000000E+00    0.0000000000E+00    0.0000000000E+00    0.2601066648E-14    0.2601066648E-14    0.9999944674E+00    0.9999944674E+00
    4    0.1240000000E+02    0.1161139353E+00    0.6966836119E+00   -0.5264473562E+00    0.0000000000E+00    0.0000000000E+00    0.0000000000E+00    0.0000000000E+00    0.0000000000E+00    0.0000000000E+00    0.5240348631E-15    0.5240348631E-15    0.9999943993E+00    0.9999943993E+00
    1    0.1265833333E+02    0.1161139353E+00   -0.1161139353E+00    0.4036632888E+00    0.0000000000E+00    0.0000000000E+00    0.0000000000E+00    0.0000000000E+00    0.0000000000E+00    0.0000000000E+00    0.1920232988E-15    0.1920232988E-15    0.9999933800E+00    0.9999933800E+00
    2    0.1265833333E+02   -0.6966836119E+00    0.6966836119E+00   -0.2473473548E+00    0.0000000000E+00    0.0000000000E+00    0.0000000000E+00    0.0000000000E+00    0.0000000000E+00    0.0000000000E+00    0.1230159597E-15    0.1230159597E-15    0.9999947184E+00    0.9999947184E+00
    3    0.1265833333E+02   -0.6966836119E+00   -0.1161139353E+00   -0.4555224133E+00    0.0000000000E+00    0.0000000000E+00    0.0000000000E+00    0.0000000000E+00    0.0000000000E+00    0.0000000000E+00    0.5102001783E-15    0.5102001783E-15    0.9999940635E+00    0.9999940635E+00
    4    0.1265833333E+02    0.1161139353E+00    0.6966836119E+00   -0.4560098841E+00    0.0000000000E+00    0.0000000000E+00    0.0000000000E+00    0.0000000000E+00    0.0000000000E+00    0.0000000000E+00    0.2865821494E-14    0.2865821494E-14    0.9999939609E+00    0.9999939609E+00
    1    0.1291666667E+02    0.1161139353E+00   -0.1161139353E+00    0.4830150022E+00    0.0000000000E+00    0.0000000000E+00    0.0000000000E+00    0.0000000000E+00    0.0000000000E+00    0.0000000000E+00    0.1430873974E-14    0.1430873974E-14    0.9999933590E+00    0.9999933590E+00
    2    0.1291666667E+02   -0.6966836119E+00    0.6966836119E+00   -0.1793759383E+00    0.0000000000E+00    0.0000000000E+00    0.0000000000E+00    0.0000000000E+00    0.0000000000E+00    0.0000000000E+00    0.3483726186E-15    0.3483726186E-15    0.9999937740E+00    0.9999937740E+00
    3    0.1291666667E+02   -0.6966836119E+00   -0.1161139353E+00   -0.3803474198E+00    0.0000000000E+00    0.0000000000E+00    0.0000000000E+00    0.0000000000E+00    0.0000000000E+00    0.0000000000E+00    0.1518080484E-17    0.1518080487E-17    0.9999932105E+00    0.9999932105E+00
    4    0.1291666667E+02    0.1161139353E+00    0.6966836119E+00   -0.3794054529E+00    0.0000000000E+00    0.0000000000E+00    0.0000000000E+00    0.0000000000E+00    0.0000000000E+00    0.0000000000E+00    0.5320683791E-16    0.5320683791E-16    0.9999930713E+00    0.9999930713E+00
    1    0.1317500000E+02    0.1161139353E+00   -0.1161139353E+00    0.5596595737E+00    0.0000000000E+00    0.0000000000E+00    0.0000000000E+00    0.0000000000E+00    0.0000000000E+00    0.0000000000E+00    0.9419102506E-13    0.9419102506E-13    0.9999934978E+00    0.9999934978E+00
    2    0.1317500000E+02   -0.6966836119E+00    0.6966836119E+00   -0.9659383373E-01    0.0000000000E+00    0.0000000000E+00    0.0000000000E+00    0.0000000000E+00    0.0000000000E+00    0.0000000000E+00    0.4961848449E-12    0.4961848449E-12    0.9999916856E+00    0.9999916856E+00
    3    0.1317500000E+02   -0.6966836119E+00   -0.1161139353E+00   -0.2908762574E+00    0.0000000000E+00    0.0000000000E+00    0.0000000000E+00    0.0000000000E+00    0.0000000000E+00    0.0000000000E+00    0.3976586887E-13    0.3976586887E-13    0.9999910498E+00    0.9999910498E+00
    4    0.1317500000E+02    0.1161139353E+00    0.6966836119E+00   -0.2879798894E+00    0.0000000000E+00    0.0000000000E+00    0.0000000000E+00    0.0000000000E+00    0.0000000000E+00    0.0000000000E+00    0.1074011580E-12    0.1074011580E-12    0.9999908438E+00    0.9999908438E+00
    1    0.1343333333E+02   -0.6966836119E+00    0.6966836119E+00    0.4849421089E+00    0.0000000000E+00    0.0000000000E+00    0.0000000000E+00    0.0000000000E+00    0.0000000000E+00    0.0000000000E+00    0.2816272392E-11    0.2816272392E-11    0.9999699717E+00    0.9999699717E+00
    2    0.1343333333E+02    0.1161139353E+00   -0.1161139353E+00   -0.5165384190E+00    0.0000000000E+00    0.0000000000E+00    0.0000000000E+00    0.0000000000E+00    0.0000000000E+00    0.0000000000E+00    0.2159694470E-13    0.2159694470E-13    0.9999936208E+00    0.9999936208E+00
    3    0.1343333333E+02   -0.6966836119E+00    0.6966836119E+00    0.9066459054E-01    0.0000000000E+00    0.0000000000E+00    0.0000000000E+00    0.0000000000E+00    0.0000000000E+00    0.0000000000E+00    0.1104369908E-09    0.1104369908E-09    0.9999638858E+00    0.9999638858E+00
    4    0.1343333333E+02   -0.6966836119E+00   -0.1161139353E+00   -0.1003717705E+00    0.0000000000E+00    0.0000000000E+00    0.0000000000E+00    0.0000000000E+00    0.0000000000E+00    0.0000000000E+00    0.3149232844E-09    0.3149232844E-09    0.9999234879E+00    0.9999234879E+00
    5    0.1343333333E+02   -0.6966836119E+00    0.6966836119E+00   -0.3853710470E-01    0.0000000000E+00    0.0000000000E+00    0.0000000000E+00    0.0000000000E+00    0.0000000000E+00    0.0000000000E+00    0.4756405937E-11    0.4756405987E-11    0.9999765181E+00    0.9999765181E+00
    6    0.1343333333E+02    0.1161139353E+00    0.6966836119E+00   -0.9582766282E-01    0.0000000000E+00    0.0000000000E+00    0.0000000000E+00    0.0000000000E+00    0.0000000000E+00    0.0000000000E+00    0.3198165910E-09    0.3198165910E-09    0.9999297782E+00    0.9999297782E+00
    1    0.1369166667E+02    0.1161139353E+00   -0.1161139353E+00   -0.4442713416E+00    0.0000000000E+00    0.0000000000E+00    0.0000000000E+00    0.0000000000E+00    0.0000000000E+00    0.0000000000E+00    0.2886655108E-12    0.2886655108E-12    0.9999933112E+00    0.9999933112E+00
    2    0.1369166667E+02   -0.6966836119E+00    0.6966836119E+00    0.1790561012E+00    0.0000000000E+00    0.0000000000E+00    0.0000000000E+00    0.0000000000E+00    0.0000000000E+00    0.0000000000E+00    0.1935777466E-11    0.1935777466E-11    0.9999807674E+00    0.9999807674E+00
    3    0.1369166667E+02    0.1161139353E+00   -0.1161139353E+00    0.3681327227E+00    0.0000000000E+00    0.0000000000E+00    0.0000000000E+00    0.0000000000E+00    0.0000000000E+00    0.0000000000E+00    0.2470842067E-12    0.2470842067E-12    0.9999824421E+00    0.9999824421E+00
    4    0.1369166667E+02   -0.6966836119E+00   -0.1161139353E+00    0.3310379753E+00    0.0000000000E+00    0.0000000000E+00    0.0000000000E+00    0.0000000000E+00    0.0000000000E+00    0.0000000000E+00    0.7482133548E-12    0.7482133548E-12    0.9999784286E+00    0.9999784286E+00
    5    0.1369166667E+02    0.1161139353E+00    0.6966836119E+00    0.3332088639E+00    0.0000000000E+00    0.0000000000E+00    0.0000000000E+00    0.0000000000E+00    0.0000000000E+00    0.0000000000E+00    0.2384900797E-12    0.2384900797E-12    0.9999783455E+00    0.9999783455E+00
    6    0.1369166667E+02    0.1161139353E+00   -0.1161139353E+00    0.3334663489E+00    0.1161139353E+00   -0.1161139353E+00   -0.8160029661E+00    0.1911643608E+00   -0.1980329562E+00    0.2336019321E+01    0.5001460011E-12    0.5001460011E-12    0.9999829904E+00    0.9999829904E+00
    7    0.1369166667E+02   -0.6966836119E+00    0.6966836119E+00    0.3334201512E+00    0.0000000000E+00    0.0000000000E+00    0.0000000000E+00    0.0000000000E+00    0.0000000000E+00    0.0000000000E+00    0.2766262138E-11    0.2766262138E-11    0.9999800374E+00    0.9999800374E+00
    1    0.1395000000E+02    0.1161139353E+00    0.6966836119E+00   -0.6600698220E-01    0.0000000000E+00    0.0000000000E+00    0.0000000000E+00    0.0000000000E+00    0.0000000000E+00    0.0000000000E+00    0.2278369745E-09    0.2278369745E-09    0.9999517817E+00    0.9999517817E+00
    2    0.1395000000E+02   -0.6966836119E+00   -0.1161139353E+00   -0.6876517010E-01    0.0000000000E+00    0.0000000000E+00    0.0000000000E+00    0.0000000000E+00    0.0000000000E+00    0.0000000000E+00    0.2105039920E-09    0.2105039920E-09    0.9999540946E+00    0.9999540946E+00
    3    0.1395000000E+02    0.1161139353E+00   -0.1161139353E+00   -0.3696680106E+00    0.0000000000E+00    0.0000000000E+00    0.0000000000E+00    0.0000000000E+00    0.0000000000E+00    0.0000000000E+00    0.3413234771E-12    0.3413234771E-12    0.9999928584E+00    0.9999928584E+00
    4    0.1395000000E+02    0.1161139353E+00   -0.1161139353E+00    0.5000476170E+00    0.0000000000E+00    0.0000000000E+00    0.0000000000E+00    0.0000000000E+00    0.0000000000E+00    0.0000000000E+00    0.4680283701E-12    0.4680283701E-12    0.9999857294E+00    0.9999857294E+00
    5    0.1395000000E+02    0.1161139353E+00   -0.1161139353E+00    0.5445406003E+00    0.0000000000E+00    0.0000000000E+00    0.0000000000E+00    0.0000000000E+00    0.0000000000E+00    0.0000000000E+00    0.7719278589E-12    0.7719278589E-12    0.9999842858E+00    0.9999842858E+00
    6    0.1395000000E+02    0.1161139353E+00    0.6966836119E+00   -0.5707443523E+00    0.0000000000E+00    0.0000000000E+00    0.0000000000E+00    0.0000000000E+00    0.0000000000E+00    0.0000000000E+00    0.4940892007E-09    0.4940892007E-09    0.9999434948E+00    0.9999434948E+00
    7    0.1395000000E+02   -0.6966836119E+00   -0.1161139353E+00   -0.5725375604E+00    0.0000000000E+00    0.0000000000E+00    0.0000000000E+00    0.0000000000E+00    0.0000000000E+00    0.0000000000E+00    0.1602423029E-08    0.1602423029E-08    0.9999049380E+00    0.9999049380E+00
    8    0.1395000000E+02    0.1161139353E+00    0.6966836119E+00    0.2795164578E+00    0.0000000000E+00    0.0000000000E+00    0.0000000000E+00    0.0000000000E+00    0.0000000000E+00    0.0000000000E+00    0.8064782617E-10    0.8064782617E-10    0.9999643633E+00    0.9999643633E+00
    9    0.1395000000E+02   -0.6966836119E+00   -0.1161139353E+00    0.2838056853E+00    0.0000000000E+00    0.0000000000E+00    0.0000000000E+00    0.0000000000E+00    0.0000000000E+00    0.0000000000E+00    0.9384980459E-10    0.9384980459E-10    0.9999660954E+00    0.9999660954E+00
   10    0.1395000000E+02   -0.6966836119E+00   -0.1161139353E+00    0.2965144067E+00    0.0000000000E+00    0.0000000000E+00    0.0000000000E+00    0.0000000000E+00    0.0000000000E+00    0.0000000000E+00    0.3270046910E-10    0.3270046910E-10    0.9999701105E+00    0.9999701105E+00
   11    0.1395000000E+02    0.1161139353E+00    0.6966836119E+00    0.2941076753E+00    0.0000000000E+00    0.0000000000E+00    0.0000000000E+00    0.0000000000E+00    0.0000000000E+00    0.0000000000E+00    0.2102582146E-10    0.2102582146E-10    0.9999698187E+00    0.9999698187E+00
    1    0.1420833333E+02    0.1161139353E+00   -0.1161139353E+00   -0.2854557251E+00    0.0000000000E+00    0.0000000000E+00    0.0000000000E+00    0.0000000000E+00    0.0000000000E+00    0.0000000000E+00    0.2701995008E-13    0.2701995008E-13    0.9999912958E+00    0.9999912958E+00
    2    0.1420833333E+02    0.1161139353E+00   -0.1161139353E+00   -0.4152593056E+00    0.1161139353E+00   -0.1161139353E+00   -0.4152593056E+00    0.9742316908E-01   -0.7598563848E-01    0.2353694374E+01    0.5174334192E-12    0.5174334192E-12    0.9999788739E+00    0.9999788739E+00
    3    0.1420833333E+02    0.1161139353E+00   -0.1161139353E+00   -0.4896921352E+00    0.0000000000E+00    0.0000000000E+00    0.0000000000E+00    0.0000000000E+00    0.0000000000E+00    0.0000000000E+00    0.1617623413E-12    0.1617623413E-12    0.9999841192E+00    0.9999841192E+00
    1    0.1446666667E+02    0.1161139353E+00   -0.1161139353E+00   -0.2975112373E+00    0.1161139353E+00   -0.1161139353E+00   -0.2975112373E+00   -0.3760938797E+00    0.4600793135E+00    0.2041854598E+01    0.1897560298E-11    0.1897560298E-11    0.9999785066E+00    0.9999785066E+00
    2    0.1446666667E+02    0.1161139353E+00   -0.1161139353E+00   -0.1597752435E+00    0.0000000000E+00    0.0000000000E+00    0.0000000000E+00    0.0000000000E+00    0.0000000000E+00    0.0000000000E+00    0.2723322176E-11    0.2723322176E-11    0.9999811738E+00    0.9999811738E+00
    1    0.1472500000E+02    0.1161139353E+00   -0.1161139353E+00   -0.3680619825E-01    0.0000000000E+00    0.0000000000E+00    0.0000000000E+00    0.0000000000E+00    0.0000000000E+00    0.0000000000E+00    0.8145578063E-09    0.8145578063E-09    0.9999295321E+00    0.9999295321E+00
