    1    0.2066666667E+01    0.4644557413E+00   -0.5805696766E+00    0.6552686440E-01    0.0000000000E+00    0.0000000000E+00    0.0000000000E+00    0.0000000000E+00    0.0000000000E+00    0.0000000000E+00    0.9788956482E-12    0.9788956482E-12    0.9999971185E+00    0.9999971185E+00
    1    0.2325000000E+01    0.4644557413E+00   -0.5805696766E+00    0.1850110231E+00    0.0000000000E+00    0.0000000000E+00    0.0000000000E+00    0.0000000000E+00    0.0000000000E+00    0.0000000000E+00    0.9801825084E-16    0.9801825084E-16    0.9999984467E+00    0.9999984467E+00
    1    0.2583333333E+01    0.4644557413E+00   -0.5805696766E+00   -0.1312833257E+00    0.0000000000E+00    0.0000000000E+00    0.0000000000E+00    0.0000000000E+00    0.0000000000E+00    0.0000000000E+00    0.2138040337E-12    0.2138040337E-12    0.9999981137E+00    0.9999981137E+00
    2    0.2583333333E+01    0.4644557413E+00   -0.5805696766E+00    0.2406372932E+00    0.0000000000E+00    0.0000000000E+00    0.0000000000E+00    0.0000000000E+00    0.0000000000E+00    0.0000000000E+00    0.8649624284E-13    0.8649624284E-13    0.9999986086E+00    0.9999986086E+00
    3    0.2583333333E+01    0.4644557413E+00   -0.5805696766E+00    0.3426335864E+00    0.0000000000E+00    0.0000000000E+00    0.0000000000E+00    0.0000000000E+00    0.0000000000E+00    0.0000000000E+00    0.1366467207E-12    0.1366467207E-12    0.9999985535E+00    0.9999985535E+00
    1    0.2841666667E+01    0.4644557413E+00   -0.5805696766E+00    0.4190064884E+00    0.0000000000E+00    0.0000000000E+00    0.0000000000E+00    0.0000000000E+00    0.0000000000E+00    0.0000000000E+00    0.6664395494E-15    0.6664395494E-15    0.9999986783E+00    0.9999986783E+00
    2    0.2841666667E+01    0.4644557413E+00    0.2322278706E+00    0.3005790327E+00    0.0000000000E+00    0.0000000000E+00    0.0000000000E+00    0.0000000000E+00    0.0000000000E+00    0.0000000000E+00    0.1544902419E-14    0.1544902419E-14    0.9999966605E+00    0.9999966605E+00
    3    0.2841666667E+01    0.4644557413E+00   -0.5805696766E+00    0.3010174253E+00    0.0000000000E+00    0.0000000000E+00    0.0000000000E+00    0.0000000000E+00    0.0000000000E+00    0.0000000000E+00    0.4206914246E-14    0.4206914247E-14    0.9999990187E+00    0.9999990187E+00
    1    0.3100000000E+01    0.4644557413E+00    0.2322278706E+00   -0.2327841257E+00    0.0000000000E+00    0.0000000000E+00    0.0000000000E+00    0.0000000000E+00    0.0000000000E+00    0.0000000000E+00    0.6206602263E-12    0.6206602263E-12    0.9999972355E+00    0.9999972355E+00
    2    0.3100000000E+01    0.4644557413E+00   -0.5805696766E+00    0.4843970255E+00    0.0000000000E+00    0.0000000000E+00    0.0000000000E+00    0.0000000000E+00    0.0000000000E+00    0.0000000000E+00    0.2373802226E-14    0.2373808198E-14    0.9999987604E+00    0.9999987604E+00
    3    0.3100000000E+01    0.4644557413E+00    0.2322278706E+00    0.4623697829E+00    0.0000000000E+00    0.0000000000E+00    0.0000000000E+00    0.0000000000E+00    0.0000000000E+00    0.0000000000E+00    0.4762919835E-12    0.4762919835E-12    0.9999969413E+00    0.9999969413E+00
    4    0.3100000000E+01    0.4644557413E+00    0.2322278706E+00    0.3425994475E+00    0.0000000000E+00    0.0000000000E+00    0.0000000000E+00    0.0000000000E+00    0.0000000000E+00    0.0000000000E+00    0.1586023670E-12    0.1586023670E-12    0.9999982897E+00    0.9999982897E+00
    5    0.3100000000E+01    0.4644557413E+00   -0.5805696766E+00    0.3517144976E+00    0.0000000000E+00    0.0000000000E+00    0.0000000000E+00    0.0000000000E+00    0.0000000000E+00    0.0000000000E+00    0.9309187678E-15    0.9309209742E-15    0.9999989356E+00    0.9999989356E+00
    1    0.3358333333E+01    0.4644557413E+00    0.2322278706E+00   -0.1439357072E+00    0.0000000000E+00    0.0000000000E+00    0.0000000000E+00    0.0000000000E+00    0.0000000000E+00    0.0000000000E+00    0.1703148716E-13    0.1703148716E-13    0.9999984261E+00    0.9999984261E+00
    2    0.3358333333E+01    0.4644557413E+00    0.2322278706E+00    0.5662750301E+00    0.0000000000E+00    0.0000000000E+00    0.0000000000E+00    0.0000000000E+00    0.0000000000E+00    0.0000000000E+00    0.2822632069E-12    0.2822632069E-12    0.9999976099E+00    0.9999976099E+00
    3    0.3358333333E+01    0.4644557413E+00   -0.5805696766E+00    0.5494032578E+00    0.0000000000E+00    0.0000000000E+00    0.0000000000E+00    0.0000000000E+00    0.0000000000E+00    0.0000000000E+00    0.2328747365E-13    0.2328747365E-13    0.9999985708E+00    0.9999985708E+00
    4    0.3358333333E+01    0.4644557413E+00    0.2322278706E+00    0.4185350430E+00    0.4644557413E+00    0.2322278706E+00    0.4185350430E+00    0.2255906954E+01    0.3584029991E+01    0.9249446554E+00    0.1865892383E-13    0.1865892383E-13    0.9999986272E+00    0.9999986272E+00
    5    0.3358333333E+01    0.4644557413E+00   -0.5805696766E+00    0.3978843737E+00    0.0000000000E+00    0.0000000000E+00    0.0000000000E+00    0.0000000000E+00    0.0000000000E+00    0.0000000000E+00    0.3052569059E-14    0.3052569059E-14    0.9999989351E+00    0.9999989351E+00
    1    0.3616666667E+01    0.4644557413E+00    0.2322278706E+00   -0.6942210525E-01    0.0000000000E+00    0.0000000000E+00    0.0000000000E+00    0.0000000000E+00    0.0000000000E+00    0.0000000000E+00    0.3542553969E-12    0.3542553969E-12    0.9999979579E+00    0.9999979579E+00
    2    0.3616666667E+01    0.4644557413E+00    0.2322278706E+00   -0.4950056744E+00    0.0000000000E+00    0.0000000000E+00    0.0000000000E+00    0.0000000000E+00    0.0000000000E+00    0.0000000000E+00    0.1201070801E-13    0.1201070801E-13    0.9999979383E+00    0.9999979383E+00
    3    0.3616666667E+01    0.4644557413E+00   -0.5805696766E+00   -0.5327467387E+00    0.0000000000E+00    0.0000000000E+00    0.0000000000E+00    0.0000000000E+00    0.0000000000E+00    0.0000000000E+00    0.9676064577E-14    0.9676064577E-14    0.9999982328E+00    0.9999982328E+00
    4    0.3616666667E+01    0.4644557413E+00    0.2322278706E+00    0.4723087419E+00    0.0000000000E+00    0.0000000000E+00    0.0000000000E+00    0.0000000000E+00    0.0000000000E+00    0.0000000000E+00    0.1206176982E-13    0.1206176982E-13    0.9999987128E+00    0.9999987128E+00
    5    0.3616666667E+01    0.4644557413E+00   -0.5805696766E+00    0.4414046313E+00    0.0000000000E+00    0.0000000000E+00    0.0000000000E+00    0.0000000000E+00    0.0000000000E+00    0.0000000000E+00    0.7794872949E-15    0.7794872968E-15    0.9999990100E+00    0.9999990100E+00
    1    0.3875000000E+01   -0.3483418059E+00   -0.5805696766E+00    0.3160683344E+00    0.0000000000E+00    0.0000000000E+00    0.0000000000E+00    0.0000000000E+00    0.0000000000E+00    0.0000000000E+00    0.7413168673E-11    0.7413168673E-11    0.9999927674E+00    0.9999927674E+00
    2    0.3875000000E+01   -0.3483418059E+00   -0.5805696766E+00   -0.2200663645E+00    0.0000000000E+00    0.0000000000E+00    0.0000000000E+00    0.0000000000E+00    0.0000000000E+00    0.0000000000E+00    0.7401321874E-11    0.7401321874E-11    0.9999932726E+00    0.9999932726E+00
    3    0.3875000000E+01    0.4644557413E+00   -0.5805696766E+00    0.4834825876E+00    0.0000000000E+00    0.0000000000E+00    0.0000000000E+00    0.0000000000E+00    0.0000000000E+00    0.0000000000E+00    0.1797272557E-14    0.1797272557E-14    0.9999988341E+00    0.9999988341E+00
    4    0.3875000000E+01    0.4644557413E+00    0.2322278706E+00    0.5192273025E+00    0.0000000000E+00    0.0000000000E+00    0.0000000000E+00    0.0000000000E+00    0.0000000000E+00    0.0000000000E+00    0.1211266681E-14    0.1211266681E-14    0.9999988107E+00    0.9999988107E+00
    5    0.3875000000E+01    0.4644557413E+00   -0.5805696766E+00   -0.4550926940E+00    0.0000000000E+00    0.0000000000E+00    0.0000000000E+00    0.0000000000E+00    0.0000000000E+00    0.0000000000E+00    0.1993999803E-14    0.1993999803E-14    0.9999979346E+00    0.9999979346E+00
    6    0.3875000000E+01    0.4644557413E+00    0.2322278706E+00   -0.4061482844E+00    0.0000000000E+00    0.0000000000E+00    0.0000000000E+00    0.0000000000E+00    0.0000000000E+00    0.0000000000E+00    0.7351158533E-15    0.7351158534E-15    0.9999977044E+00    0.9999977044E+00
    1    0.4133333333E+01   -0.3483418059E+00   -0.5805696766E+00   -0.9893770810E-01    0.0000000000E+00    0.0000000000E+00    0.0000000000E+00    0.0000000000E+00    0.0000000000E+00    0.0000000000E+00    0.5336424047E-13    0.5336424048E-13    0.9999976344E+00    0.9999976344E+00
    2    0.4133333333E+01    0.4644557413E+00   -0.5805696766E+00   -0.3599715520E+00    0.0000000000E+00    0.0000000000E+00    0.0000000000E+00    0.0000000000E+00    0.0000000000E+00    0.0000000000E+00    0.1678791234E-14    0.1678791237E-14    0.9999970543E+00    0.9999970543E+00
    3    0.4133333333E+01    0.4644557413E+00    0.2322278706E+00   -0.3095273107E+00    0.0000000000E+00    0.0000000000E+00    0.0000000000E+00    0.0000000000E+00    0.0000000000E+00    0.0000000000E+00    0.2189005869E-13    0.2189006119E-13    0.9999971382E+00    0.9999971382E+00
    4    0.4133333333E+01   -0.3483418059E+00   -0.5805696766E+00   -0.3304239912E+00    0.0000000000E+00    0.0000000000E+00    0.0000000000E+00    0.0000000000E+00    0.0000000000E+00    0.0000000000E+00    0.9613622814E-13    0.9613622847E-13    0.9999963959E+00    0.9999963959E+00
    5    0.4133333333E+01   -0.3483418059E+00   -0.5805696766E+00    0.4771961898E+00    0.0000000000E+00    0.0000000000E+00    0.0000000000E+00    0.0000000000E+00    0.0000000000E+00    0.0000000000E+00    0.4605395388E-12    0.4605395422E-12    0.9999941369E+00    0.9999941369E+00
    6    0.4133333333E+01    0.4644557413E+00   -0.5805696766E+00    0.5252563885E+00    0.0000000000E+00    0.0000000000E+00    0.0000000000E+00    0.0000000000E+00    0.0000000000E+00    0.0000000000E+00    0.1002820380E-14    0.1002820437E-14    0.9999988265E+00    0.9999988265E+00
    7    0.4133333333E+01    0.4644557413E+00    0.2322278706E+00    0.5632824157E+00    0.0000000000E+00    0.0000000000E+00    0.0000000000E+00    0.0000000000E+00    0.0000000000E+00    0.0000000000E+00    0.1283501438E-13    0.1283501708E-13    0.9999988150E+00    0.9999988150E+00
    1    0.4391666667E+01   -0.3483418059E+00    0.2322278706E+00    0.3463907849E+00    0.0000000000E+00    0.0000000000E+00    0.0000000000E+00    0.0000000000E+00    0.0000000000E+00    0.0000000000E+00    0.1998692695E-12    0.1998692713E-12    0.9999971368E+00    0.9999971368E+00
    2    0.4391666667E+01   -0.3483418059E+00    0.2322278706E+00    0.4371842006E+00    0.0000000000E+00    0.0000000000E+00    0.0000000000E+00    0.0000000000E+00    0.0000000000E+00    0.0000000000E+00    0.1406676912E-11    0.1406676912E-11    0.9999954454E+00    0.9999954454E+00
    3    0.4391666667E+01    0.4644557413E+00   -0.5805696766E+00    0.5678030070E+00    0.0000000000E+00    0.0000000000E+00    0.0000000000E+00    0.0000000000E+00    0.0000000000E+00    0.0000000000E+00    0.1395172768E-13    0.1395172776E-13    0.9999985714E+00    0.9999985714E+00
    4    0.4391666667E+01    0.4644557413E+00    0.2322278706E+00   -0.5439496557E+00    0.0000000000E+00    0.0000000000E+00    0.0000000000E+00    0.0000000000E+00    0.0000000000E+00    0.0000000000E+00    0.2275340714E-14    0.2275340963E-14    0.9999986873E+00    0.9999986873E+00
    5    0.4391666667E+01    0.4644557413E+00    0.2322278706E+00   -0.1873856620E+00    0.0000000000E+00    0.0000000000E+00    0.0000000000E+00    0.0000000000E+00    0.0000000000E+00    0.0000000000E+00    0.1517404535E-14    0.1517404563E-14    0.9999956899E+00    0.9999956899E+00
    6    0.4391666667E+01    0.4644557413E+00   -0.5805696766E+00   -0.2237824239E+00    0.0000000000E+00    0.0000000000E+00    0.0000000000E+00    0.0000000000E+00    0.0000000000E+00    0.0000000000E+00    0.6272822119E-13    0.6272822119E-13    0.9999949994E+00    0.9999949994E+00
    7    0.4391666667E+01   -0.3483418059E+00    0.2322278706E+00   -0.2418490372E+00    0.0000000000E+00    0.0000000000E+00    0.0000000000E+00    0.0000000000E+00    0.0000000000E+00    0.0000000000E+00    0.1486629451E-11    0.1486629451E-11    0.9999956193E+00    0.9999956193E+00
    8    0.4391666667E+01   -0.3483418059E+00   -0.5805696766E+00   -0.2347208229E+00    0.0000000000E+00    0.0000000000E+00    0.0000000000E+00    0.0000000000E+00    0.0000000000E+00    0.0000000000E+00    0.1131382788E-14    0.1131382835E-14    0.9999977731E+00    0.9999977731E+00
    9    0.4391666667E+01   -0.3483418059E+00    0.2322278706E+00   -0.1428845475E-01    0.0000000000E+00    0.0000000000E+00    0.0000000000E+00    0.0000000000E+00    0.0000000000E+00    0.0000000000E+00    0.1059784436E-11    0.1059784436E-11    0.9999966428E+00    0.9999966428E+00
    1    0.4650000000E+01   -0.3483418059E+00    0.2322278706E+00    0.4460499419E+00    0.0000000000E+00    0.0000000000E+00    0.0000000000E+00    0.0000000000E+00    0.0000000000E+00    0.0000000000E+00    0.9244779111E-12    0.9244779111E-12    0.9999966813E+00    0.9999966813E+00
    2    0.4650000000E+01   -0.3483418059E+00    0.2322278706E+00    0.5677413946E+00    0.0000000000E+00    0.0000000000E+00    0.0000000000E+00    0.0000000000E+00    0.0000000000E+00    0.0000000000E+00    0.9521311758E-11    0.9521311758E-11    0.9999923657E+00    0.9999923657E+00
    3    0.4650000000E+01    0.4644557413E+00   -0.5805696766E+00   -0.5374346080E+00    0.0000000000E+00    0.0000000000E+00    0.0000000000E+00    0.0000000000E+00    0.0000000000E+00    0.0000000000E+00    0.5491792025E-14    0.5491792216E-14    0.9999986258E+00    0.9999986258E+00
    4    0.4650000000E+01    0.4644557413E+00    0.2322278706E+00   -0.5013328573E+00    0.0000000000E+00    0.0000000000E+00    0.0000000000E+00    0.0000000000E+00    0.0000000000E+00    0.0000000000E+00    0.1226809074E-14    0.1226809081E-14    0.9999986839E+00    0.9999986839E+00
    5    0.4650000000E+01   -0.3483418059E+00   -0.5805696766E+00   -0.1646831221E+00    0.0000000000E+00    0.0000000000E+00    0.0000000000E+00    0.0000000000E+00    0.0000000000E+00    0.0000000000E+00    0.1217948398E-14    0.1217948409E-14    0.9999979934E+00    0.9999979934E+00
    6    0.4650000000E+01   -0.3483418059E+00    0.2322278706E+00   -0.1384266983E+00    0.0000000000E+00    0.0000000000E+00    0.0000000000E+00    0.0000000000E+00    0.0000000000E+00    0.0000000000E+00    0.1113288848E-12    0.1113288848E-12    0.9999973825E+00    0.9999973825E+00
    7    0.4650000000E+01   -0.3483418059E+00    0.2322278706E+00    0.5079920667E-01    0.0000000000E+00    0.0000000000E+00    0.0000000000E+00    0.0000000000E+00    0.0000000000E+00    0.0000000000E+00    0.1934987095E-12    0.1934987095E-12    0.9999979028E+00    0.9999979028E+00
    8    0.4650000000E+01    0.4644557413E+00   -0.5805696766E+00    0.7121437398E-01    0.0000000000E+00    0.0000000000E+00    0.0000000000E+00    0.0000000000E+00    0.0000000000E+00    0.0000000000E+00    0.3037196738E-12    0.3037196740E-12    0.9999980528E+00    0.9999980528E+00
    1    0.4908333333E+01   -0.3483418059E+00   -0.5805696766E+00   -0.1006052547E+00    0.0000000000E+00    0.0000000000E+00    0.0000000000E+00    0.0000000000E+00    0.0000000000E+00    0.0000000000E+00    0.4080564788E-13    0.4080564795E-13    0.9999979087E+00    0.9999979087E+00
    2    0.4908333333E+01   -0.3483418059E+00    0.2322278706E+00   -0.6495706155E-01    0.0000000000E+00    0.0000000000E+00    0.0000000000E+00    0.0000000000E+00    0.0000000000E+00    0.0000000000E+00    0.5791993302E-14    0.5791993471E-14    0.9999978005E+00    0.9999978005E+00
    3    0.4908333333E+01   -0.3483418059E+00   -0.5805696766E+00    0.7157023862E-01    0.0000000000E+00    0.0000000000E+00    0.0000000000E+00    0.0000000000E+00    0.0000000000E+00    0.0000000000E+00    0.1512287946E-12    0.1512287966E-12    0.9999976342E+00    0.9999976342E+00
    4    0.4908333333E+01   -0.3483418059E+00    0.2322278706E+00    0.1142998003E+00    0.0000000000E+00    0.0000000000E+00    0.0000000000E+00    0.0000000000E+00    0.0000000000E+00    0.0000000000E+00    0.9317419135E-14    0.9317420255E-14    0.9999979882E+00    0.9999979882E+00
    5    0.4908333333E+01    0.4644557413E+00   -0.5805696766E+00    0.1224009606E+00    0.0000000000E+00    0.0000000000E+00    0.0000000000E+00    0.0000000000E+00    0.0000000000E+00    0.0000000000E+00    0.3283850963E-13    0.3283852414E-13    0.9999985948E+00    0.9999985948E+00
    6    0.4908333333E+01    0.4644557413E+00    0.2322278706E+00   -0.4576248357E+00    0.0000000000E+00    0.0000000000E+00    0.0000000000E+00    0.0000000000E+00    0.0000000000E+00    0.0000000000E+00    0.1824834757E-14    0.3206807757E-14    0.9999985463E+00    0.9999985463E+00
    7    0.4908333333E+01    0.4644557413E+00   -0.5805696766E+00   -0.4891808622E+00    0.0000000000E+00    0.0000000000E+00    0.0000000000E+00    0.0000000000E+00    0.0000000000E+00    0.0000000000E+00    0.5195350693E-14    0.5195557272E-14    0.9999983042E+00    0.9999983042E+00
    1    0.5166666667E+01   -0.3483418059E+00   -0.5805696766E+00   -0.2997712311E-01    0.0000000000E+00    0.0000000000E+00    0.0000000000E+00    0.0000000000E+00    0.0000000000E+00    0.0000000000E+00    0.1079121748E-11    0.1079121748E-11    0.9999966491E+00    0.9999966491E+00
    2    0.5166666667E+01   -0.3483418059E+00    0.2322278706E+00    0.1770671274E+00    0.0000000000E+00    0.0000000000E+00    0.0000000000E+00    0.0000000000E+00    0.0000000000E+00    0.0000000000E+00    0.3667268652E-16    0.3667268707E-16    0.9999977762E+00    0.9999977762E+00
    3    0.5166666667E+01   -0.3483418059E+00   -0.5805696766E+00    0.1496710374E+00    0.0000000000E+00    0.0000000000E+00    0.0000000000E+00    0.0000000000E+00    0.0000000000E+00    0.0000000000E+00    0.5278095798E-12    0.5278095798E-12    0.9999969342E+00    0.9999969342E+00
    4    0.5166666667E+01    0.4644557413E+00   -0.5805696766E+00    0.1644943586E+00    0.0000000000E+00    0.0000000000E+00    0.0000000000E+00    0.0000000000E+00    0.0000000000E+00    0.0000000000E+00    0.9974314135E-14    0.9974314142E-14    0.9999986736E+00    0.9999986736E+00
    5    0.5166666667E+01   -0.3483418059E+00   -0.5805696766E+00   -0.5564017885E+00    0.0000000000E+00    0.0000000000E+00    0.0000000000E+00    0.0000000000E+00    0.0000000000E+00    0.0000000000E+00    0.6247402261E-12    0.6247402261E-12    0.9999967577E+00    0.9999967577E+00
    6    0.5166666667E+01   -0.3483418059E+00   -0.5805696766E+00   -0.3969658159E+00    0.0000000000E+00    0.0000000000E+00    0.0000000000E+00    0.0000000000E+00    0.0000000000E+00    0.0000000000E+00    0.1194695452E-11    0.1194695452E-11    0.9999955781E+00    0.9999955781E+00
    7    0.5166666667E+01    0.4644557413E+00   -0.5805696766E+00   -0.4335827784E+00    0.0000000000E+00    0.0000000000E+00    0.0000000000E+00    0.0000000000E+00    0.0000000000E+00    0.0000000000E+00    0.1523368636E-13    0.1523368636E-13    0.9999978739E+00    0.9999978739E+00
    8    0.5166666667E+01    0.4644557413E+00    0.2322278706E+00   -0.4114096525E+00    0.0000000000E+00    0.0000000000E+00    0.0000000000E+00    0.0000000000E+00    0.0000000000E+00    0.0000000000E+00    0.6026478533E-15    0.6026478612E-15    0.9999983645E+00    0.9999983645E+00
    1    0.5425000000E+01   -0.3483418059E+00    0.2322278706E+00    0.6373920815E-01    0.0000000000E+00    0.0000000000E+00    0.0000000000E+00    0.0000000000E+00    0.0000000000E+00    0.0000000000E+00    0.2151203992E-14    0.2151203999E-14    0.9999977403E+00    0.9999977403E+00
    2    0.5425000000E+01   -0.3483418059E+00    0.2322278706E+00    0.2507655055E+00    0.0000000000E+00    0.0000000000E+00    0.0000000000E+00    0.0000000000E+00    0.0000000000E+00    0.0000000000E+00    0.1328296131E-14    0.1328296139E-14    0.9999968146E+00    0.9999968146E+00
    3    0.5425000000E+01    0.4644557413E+00   -0.5805696766E+00    0.2036073627E+00    0.0000000000E+00    0.0000000000E+00    0.0000000000E+00    0.0000000000E+00    0.0000000000E+00    0.0000000000E+00    0.1524430887E-13    0.1524430887E-13    0.9999984608E+00    0.9999984608E+00
    4    0.5425000000E+01   -0.3483418059E+00   -0.5805696766E+00   -0.4738815128E+00    0.0000000000E+00    0.0000000000E+00    0.0000000000E+00    0.0000000000E+00    0.0000000000E+00    0.0000000000E+00    0.1056583456E-13    0.1056583460E-13    0.9999971988E+00    0.9999971988E+00
    5    0.5425000000E+01    0.4644557413E+00   -0.5805696766E+00   -0.3617825218E+00    0.0000000000E+00    0.0000000000E+00    0.0000000000E+00    0.0000000000E+00    0.0000000000E+00    0.0000000000E+00    0.2428336549E-13    0.2428336549E-13    0.9999970677E+00    0.9999970677E+00
    6    0.5425000000E+01    0.4644557413E+00    0.2322278706E+00   -0.3605458113E+00    0.0000000000E+00    0.0000000000E+00    0.0000000000E+00    0.0000000000E+00    0.0000000000E+00    0.0000000000E+00    0.9900485077E-15    0.9900485094E-15    0.9999980614E+00    0.9999980614E+00
    1    0.5683333333E+01   -0.3483418059E+00    0.2322278706E+00    0.5514918031E+00    0.0000000000E+00    0.0000000000E+00    0.0000000000E+00    0.0000000000E+00    0.0000000000E+00    0.0000000000E+00    0.5403684195E-13    0.5403684213E-13    0.9999951114E+00    0.9999951114E+00
    2    0.5683333333E+01   -0.3483418059E+00   -0.5805696766E+00   -0.3897299501E+00    0.0000000000E+00    0.0000000000E+00    0.0000000000E+00    0.0000000000E+00    0.0000000000E+00    0.0000000000E+00    0.1206737758E-12    0.1206737762E-12    0.9999964221E+00    0.9999964221E+00
    3    0.5683333333E+01    0.4644557413E+00    0.2322278706E+00   -0.3008032534E+00    0.0000000000E+00    0.0000000000E+00    0.0000000000E+00    0.0000000000E+00    0.0000000000E+00    0.0000000000E+00    0.7961017924E-13    0.7961017945E-13    0.9999974778E+00    0.9999974778E+00
    4    0.5683333333E+01    0.4644557413E+00   -0.5805696766E+00   -0.2240223421E+00    0.0000000000E+00    0.0000000000E+00    0.0000000000E+00    0.0000000000E+00    0.0000000000E+00    0.0000000000E+00    0.3995243338E-12    0.3998157492E-12    0.9999897006E+00    0.9999897006E+00
    5    0.5683333333E+01    0.4644557413E+00   -0.5805696766E+00    0.2416004738E+00    0.0000000000E+00    0.0000000000E+00    0.0000000000E+00    0.0000000000E+00    0.0000000000E+00    0.0000000000E+00    0.2407357560E-13    0.2446338219E-13    0.9999984699E+00    0.9999984699E+00
    6    0.5683333333E+01   -0.3483418059E+00    0.2322278706E+00    0.1303230625E+00   -0.3483418059E+00    0.2322278706E+00   -0.1019146253E+01   -0.4352492000E+01   -0.4115157222E+00   -0.6088571140E+00    0.5365891845E-13    0.5365891863E-13    0.9999973136E+00    0.9999973136E+00
    7    0.5683333333E+01   -0.3483418059E+00   -0.5805696766E+00    0.8690711148E-01    0.0000000000E+00    0.0000000000E+00    0.0000000000E+00    0.0000000000E+00    0.0000000000E+00    0.0000000000E+00    0.2753250832E-12    0.2753250834E-12    0.9999963963E+00    0.9999963963E+00
    8    0.5683333333E+01    0.4644557413E+00    0.2322278706E+00    0.4778313662E-01    0.0000000000E+00    0.0000000000E+00    0.0000000000E+00    0.0000000000E+00    0.0000000000E+00    0.0000000000E+00    0.1315683887E-11    0.1315683892E-11    0.9999968545E+00    0.9999968545E+00
    1    0.5941666667E+01   -0.3483418059E+00    0.2322278706E+00   -0.4939728162E+00    0.0000000000E+00    0.0000000000E+00    0.0000000000E+00    0.0000000000E+00    0.0000000000E+00    0.0000000000E+00    0.2357067654E-12    0.2357067654E-12    0.9999959383E+00    0.9999959383E+00
    2    0.5941666667E+01    0.4644557413E+00    0.2322278706E+00   -0.2202783861E+00    0.0000000000E+00    0.0000000000E+00    0.0000000000E+00    0.0000000000E+00    0.0000000000E+00    0.0000000000E+00    0.4588094163E-13    0.4588094164E-13    0.9999960832E+00    0.9999960832E+00
    3    0.5941666667E+01    0.4644557413E+00    0.2322278706E+00    0.1067829750E+00    0.0000000000E+00    0.0000000000E+00    0.0000000000E+00    0.0000000000E+00    0.0000000000E+00    0.0000000000E+00    0.1263678315E-12    0.1263678315E-12    0.9999980967E+00    0.9999980967E+00
    4    0.5941666667E+01   -0.3483418059E+00    0.2322278706E+00    0.2092446394E+00    0.0000000000E+00    0.0000000000E+00    0.0000000000E+00    0.0000000000E+00    0.0000000000E+00    0.0000000000E+00    0.2364924046E-12    0.2364924046E-12    0.9999963739E+00    0.9999963739E+00
    5    0.5941666667E+01    0.4644557413E+00   -0.5805696766E+00    0.2794295865E+00    0.0000000000E+00    0.0000000000E+00    0.0000000000E+00    0.0000000000E+00    0.0000000000E+00    0.0000000000E+00    0.1308179862E-14    0.1308179894E-14    0.9999985170E+00    0.9999985170E+00
    1    0.6200000000E+01    0.4644557413E+00    0.2322278706E+00    0.1504771517E+00    0.0000000000E+00    0.0000000000E+00    0.0000000000E+00    0.0000000000E+00    0.0000000000E+00    0.0000000000E+00    0.1331135326E-13    0.1331135327E-13    0.9999983216E+00    0.9999983216E+00
    2    0.6200000000E+01    0.4644557413E+00   -0.5805696766E+00    0.3176699608E+00    0.0000000000E+00    0.0000000000E+00    0.0000000000E+00    0.0000000000E+00    0.0000000000E+00    0.0000000000E+00    0.5797456780E-15    0.5797459654E-15    0.9999984256E+00    0.9999984256E+00
    1    0.6458333333E+01    0.4644557413E+00   -0.5805696766E+00    0.3568043369E+00    0.0000000000E+00    0.0000000000E+00    0.0000000000E+00    0.0000000000E+00    0.0000000000E+00    0.0000000000E+00    0.7326674404E-16    0.7326674404E-16    0.9999983131E+00    0.9999983131E+00
    2    0.6458333333E+01    0.4644557413E+00    0.2322278706E+00    0.1903057101E+00    0.0000000000E+00    0.0000000000E+00    0.0000000000E+00    0.0000000000E+00    0.0000000000E+00    0.0000000000E+00    0.6245148173E-17    0.6245148174E-17    0.9999983478E+00    0.9999983478E+00
    1    0.6716666667E+01    0.4644557413E+00    0.2322278706E+00    0.2288315854E+00    0.0000000000E+00    0.0000000000E+00    0.0000000000E+00    0.0000000000E+00    0.0000000000E+00    0.0000000000E+00    0.2574396126E-14    0.2574396126E-14    0.9999983072E+00    0.9999983072E+00
    2    0.6716666667E+01    0.4644557413E+00   -0.5805696766E+00    0.3972576818E+00    0.0000000000E+00    0.0000000000E+00    0.0000000000E+00    0.0000000000E+00    0.0000000000E+00    0.0000000000E+00    0.1140490218E-16    0.1140490219E-16    0.9999981787E+00    0.9999981787E+00
    1    0.6975000000E+01    0.4644557413E+00   -0.5805696766E+00    0.4394327275E+00    0.0000000000E+00    0.0000000000E+00    0.0000000000E+00    0.0000000000E+00    0.0000000000E+00    0.0000000000E+00    0.5966739131E-16    0.5966739131E-16    0.9999980211E+00    0.9999980211E+00
    2    0.6975000000E+01    0.4644557413E+00    0.2322278706E+00    0.2672939571E+00    0.0000000000E+00    0.0000000000E+00    0.0000000000E+00    0.0000000000E+00    0.0000000000E+00    0.0000000000E+00    0.4449161740E-14    0.4449161740E-14    0.9999982248E+00    0.9999982248E+00
    1    0.7233333333E+01    0.4644557413E+00   -0.5805696766E+00    0.4836964142E+00    0.0000000000E+00    0.0000000000E+00    0.0000000000E+00    0.0000000000E+00    0.0000000000E+00    0.0000000000E+00    0.2679399948E-16    0.2679432745E-16    0.9999978414E+00    0.9999978414E+00
    2    0.7233333333E+01    0.4644557413E+00    0.2322278706E+00    0.3065228535E+00    0.0000000000E+00    0.0000000000E+00    0.0000000000E+00    0.0000000000E+00    0.0000000000E+00    0.0000000000E+00    0.3202093857E-14    0.3202094136E-14    0.9999981053E+00    0.9999981053E+00
    1    0.7491666667E+01    0.4644557413E+00   -0.5805696766E+00    0.5303096846E+00    0.0000000000E+00    0.0000000000E+00    0.0000000000E+00    0.0000000000E+00    0.0000000000E+00    0.0000000000E+00    0.1371928188E-16    0.1371928189E-16    0.9999976458E+00    0.9999976458E+00
    2    0.7491666667E+01    0.4644557413E+00    0.2322278706E+00    0.3472620820E+00    0.0000000000E+00    0.0000000000E+00    0.0000000000E+00    0.0000000000E+00    0.0000000000E+00    0.0000000000E+00    0.8597761764E-15    0.8597761764E-15    0.9999979444E+00    0.9999979444E+00
    1    0.7750000000E+01    0.4644557413E+00   -0.5805696766E+00   -0.5702016468E+00    0.0000000000E+00    0.0000000000E+00    0.0000000000E+00    0.0000000000E+00    0.0000000000E+00    0.0000000000E+00    0.4261297569E-14    0.4261297569E-14    0.9999974475E+00    0.9999974475E+00
    2    0.7750000000E+01    0.4644557413E+00    0.2322278706E+00    0.3903418285E+00    0.0000000000E+00    0.0000000000E+00    0.0000000000E+00    0.0000000000E+00    0.0000000000E+00    0.0000000000E+00    0.3352536000E-16    0.3352536000E-16    0.9999977300E+00    0.9999977300E+00
    1    0.8008333333E+01    0.4644557413E+00   -0.5805696766E+00   -0.5193282554E+00    0.0000000000E+00    0.0000000000E+00    0.0000000000E+00    0.0000000000E+00    0.0000000000E+00    0.0000000000E+00    0.1242308351E-15    0.1242308351E-15    0.9999972894E+00    0.9999972894E+00
    2    0.8008333333E+01    0.4644557413E+00    0.2322278706E+00    0.4368511661E+00    0.0000000000E+00    0.0000000000E+00    0.0000000000E+00    0.0000000000E+00    0.0000000000E+00    0.0000000000E+00    0.1403212111E-14    0.1403212111E-14    0.9999974378E+00    0.9999974378E+00
    1    0.8266666667E+01    0.4644557413E+00   -0.5805696766E+00   -0.4675633420E+00    0.0000000000E+00    0.0000000000E+00    0.0000000000E+00    0.0000000000E+00    0.0000000000E+00    0.0000000000E+00    0.8223441542E-15    0.8223441542E-15    0.9999971878E+00    0.9999971878E+00
    2    0.8266666667E+01    0.4644557413E+00    0.2322278706E+00    0.4884075684E+00    0.0000000000E+00    0.0000000000E+00    0.0000000000E+00    0.0000000000E+00    0.0000000000E+00    0.0000000000E+00    0.2680358564E-14    0.2680358564E-14    0.9999970219E+00    0.9999970219E+00
    1    0.8525000000E+01   -0.3483418059E+00   -0.5805696766E+00    0.2442479333E+00    0.0000000000E+00    0.0000000000E+00    0.0000000000E+00    0.0000000000E+00    0.0000000000E+00    0.0000000000E+00    0.1196078744E-12    0.1196078744E-12    0.9999936489E+00    0.9999936489E+00
    2    0.8525000000E+01    0.4644557413E+00   -0.5805696766E+00   -0.4161686760E+00    0.0000000000E+00    0.0000000000E+00    0.0000000000E+00    0.0000000000E+00    0.0000000000E+00    0.0000000000E+00    0.4402819232E-15    0.4402819232E-15    0.9999971536E+00    0.9999971536E+00
    3    0.8525000000E+01    0.4644557413E+00    0.2322278706E+00    0.5476833530E+00    0.0000000000E+00    0.0000000000E+00    0.0000000000E+00    0.0000000000E+00    0.0000000000E+00    0.0000000000E+00    0.2048738015E-14    0.2048738015E-14    0.9999963893E+00    0.9999963893E+00
    1    0.8783333333E+01   -0.3483418059E+00   -0.5805696766E+00    0.3308594960E+00    0.0000000000E+00    0.0000000000E+00    0.0000000000E+00    0.0000000000E+00    0.0000000000E+00    0.0000000000E+00    0.1040611324E-13    0.1040611324E-13    0.9999958575E+00    0.9999958575E+00
    2    0.8783333333E+01    0.4644557413E+00    0.2322278706E+00   -0.5300083907E+00    0.0000000000E+00    0.0000000000E+00    0.0000000000E+00    0.0000000000E+00    0.0000000000E+00    0.0000000000E+00    0.2983778705E-14    0.2983778705E-14    0.9999953573E+00    0.9999953573E+00
    3    0.8783333333E+01    0.4644557413E+00   -0.5805696766E+00   -0.3661325183E+00    0.0000000000E+00    0.0000000000E+00    0.0000000000E+00    0.0000000000E+00    0.0000000000E+00    0.0000000000E+00    0.1955334335E-15    0.1955334335E-15    0.9999971629E+00    0.9999971629E+00
    1    0.9041666667E+01   -0.3483418059E+00   -0.5805696766E+00    0.3972732950E+00    0.0000000000E+00    0.0000000000E+00    0.0000000000E+00    0.0000000000E+00    0.0000000000E+00    0.0000000000E+00    0.1516425828E-15    0.1516425828E-15    0.9999962501E+00    0.9999962501E+00
    2    0.9041666667E+01   -0.3483418059E+00    0.2322278706E+00    0.4303975418E+00    0.0000000000E+00    0.0000000000E+00    0.0000000000E+00    0.0000000000E+00    0.0000000000E+00    0.0000000000E+00    0.1618586947E-11    0.1618586947E-11    0.9999935861E+00    0.9999935861E+00
    3    0.9041666667E+01   -0.3483418059E+00    0.2322278706E+00   -0.1532386974E+00    0.0000000000E+00    0.0000000000E+00    0.0000000000E+00    0.0000000000E+00    0.0000000000E+00    0.0000000000E+00    0.1883839556E-11    0.1883839556E-11    0.9999888538E+00    0.9999888538E+00
    4    0.9041666667E+01    0.4644557413E+00    0.2322278706E+00   -0.4378819217E+00    0.0000000000E+00    0.0000000000E+00    0.0000000000E+00    0.0000000000E+00    0.0000000000E+00    0.0000000000E+00    0.1723351795E-14    0.1723351795E-14    0.9999937927E+00    0.9999937927E+00
    5    0.9041666667E+01    0.4644557413E+00   -0.5805696766E+00   -0.3178309972E+00    0.0000000000E+00    0.0000000000E+00    0.0000000000E+00    0.0000000000E+00    0.0000000000E+00    0.0000000000E+00    0.2735605710E-14    0.2735605710E-14    0.9999971822E+00    0.9999971822E+00
    1    0.9300000000E+01   -0.3483418059E+00   -0.5805696766E+00    0.1216698507E+00    0.0000000000E+00    0.0000000000E+00    0.0000000000E+00    0.0000000000E+00    0.0000000000E+00    0.0000000000E+00    0.1379405691E-10    0.1379405691E-10    0.9999790311E+00    0.9999790311E+00
    2    0.9300000000E+01   -0.3483418059E+00   -0.5805696766E+00    0.4601452038E+00    0.0000000000E+00    0.0000000000E+00    0.0000000000E+00    0.0000000000E+00    0.0000000000E+00    0.0000000000E+00    0.2201937767E-13    0.2201937767E-13    0.9999960944E+00    0.9999960944E+00
    3    0.9300000000E+01   -0.3483418059E+00    0.2322278706E+00    0.5228738436E+00    0.0000000000E+00    0.0000000000E+00    0.0000000000E+00    0.0000000000E+00    0.0000000000E+00    0.0000000000E+00    0.4042296827E-14    0.4042296828E-14    0.9999947319E+00    0.9999947319E+00
    4    0.9300000000E+01    0.4644557413E+00    0.2322278706E+00   -0.3264168413E+00    0.0000000000E+00    0.0000000000E+00    0.0000000000E+00    0.0000000000E+00    0.0000000000E+00    0.0000000000E+00    0.2086593590E-15    0.2086593591E-15    0.9999931870E+00    0.9999931870E+00
    5    0.9300000000E+01    0.4644557413E+00   -0.5805696766E+00   -0.2711110063E+00    0.0000000000E+00    0.0000000000E+00    0.0000000000E+00    0.0000000000E+00    0.0000000000E+00    0.0000000000E+00    0.4318810382E-14    0.4318810382E-14    0.9999971869E+00    0.9999971869E+00
    1    0.9558333333E+01   -0.3483418059E+00   -0.5805696766E+00    0.2937157365E+00    0.0000000000E+00    0.0000000000E+00    0.0000000000E+00    0.0000000000E+00    0.0000000000E+00    0.0000000000E+00    0.1281573887E-12    0.1281573887E-12    0.9999924081E+00    0.9999924081E+00
    2    0.9558333333E+01   -0.3483418059E+00    0.2322278706E+00   -0.5301455466E+00    0.0000000000E+00    0.0000000000E+00    0.0000000000E+00    0.0000000000E+00    0.0000000000E+00    0.0000000000E+00    0.1349545914E-13    0.1349545914E-13    0.9999923008E+00    0.9999923008E+00
    3    0.9558333333E+01   -0.3483418059E+00   -0.5805696766E+00    0.5285386148E+00    0.0000000000E+00    0.0000000000E+00    0.0000000000E+00    0.0000000000E+00    0.0000000000E+00    0.0000000000E+00    0.6309179128E-13    0.6309179128E-13    0.9999952456E+00    0.9999952456E+00
    4    0.9558333333E+01    0.4644557413E+00    0.2322278706E+00   -0.2248852078E+00    0.0000000000E+00    0.0000000000E+00    0.0000000000E+00    0.0000000000E+00    0.0000000000E+00    0.0000000000E+00    0.5535302729E-14    0.5535302729E-14    0.9999942945E+00    0.9999942945E+00
    5    0.9558333333E+01    0.4644557413E+00   -0.5805696766E+00   -0.2255373745E+00    0.0000000000E+00    0.0000000000E+00    0.0000000000E+00    0.0000000000E+00    0.0000000000E+00    0.0000000000E+00    0.1700929582E-14    0.1700929582E-14    0.9999971645E+00    0.9999971645E+00
    1    0.9816666667E+01   -0.3483418059E+00   -0.5805696766E+00    0.4313779327E+00    0.0000000000E+00    0.0000000000E+00    0.0000000000E+00    0.0000000000E+00    0.0000000000E+00    0.0000000000E+00    0.3742465851E-10    0.3742465851E-10    0.9999836433E+00    0.9999836433E+00
    2    0.9816666667E+01   -0.3483418059E+00   -0.5805696766E+00   -0.5124861775E+00    0.0000000000E+00    0.0000000000E+00    0.0000000000E+00    0.0000000000E+00    0.0000000000E+00    0.0000000000E+00    0.3725290756E-10    0.3725290756E-10    0.9999848482E+00    0.9999848482E+00
    3    0.9816666667E+01    0.4644557413E+00    0.2322278706E+00   -0.1414152624E+00    0.0000000000E+00    0.0000000000E+00    0.0000000000E+00    0.0000000000E+00    0.0000000000E+00    0.0000000000E+00    0.7593213080E-13    0.7593213082E-13    0.9999949490E+00    0.9999949490E+00
    4    0.9816666667E+01   -0.3483418059E+00    0.2322278706E+00   -0.1566273546E+00   -0.3483418059E+00    0.2322278706E+00    0.9928419605E+00    0.1653998956E+01   -0.1252001793E+01    0.5122773776E+01    0.2671308315E-11    0.2671308315E-11    0.9999801119E+00    0.9999801119E+00
    5    0.9816666667E+01    0.4644557413E+00   -0.5805696766E+00   -0.1805749421E+00    0.0000000000E+00    0.0000000000E+00    0.0000000000E+00    0.0000000000E+00    0.0000000000E+00    0.0000000000E+00    0.2766753330E-15    0.2766753346E-15    0.9999971095E+00    0.9999971095E+00
    1    0.1007500000E+02    0.4644557413E+00   -0.5805696766E+00   -0.1356603892E+00    0.0000000000E+00    0.0000000000E+00    0.0000000000E+00    0.0000000000E+00    0.0000000000E+00    0.0000000000E+00    0.9284983209E-14    0.9284983209E-14    0.9999970174E+00    0.9999970174E+00
    2    0.1007500000E+02    0.4644557413E+00    0.2322278706E+00   -0.6114329405E-01    0.0000000000E+00    0.0000000000E+00    0.0000000000E+00    0.0000000000E+00    0.0000000000E+00    0.0000000000E+00    0.2510693124E-11    0.2510693124E-11    0.9999939782E+00    0.9999939782E+00
    1    0.1033333333E+02    0.4644557413E+00   -0.5805696766E+00   -0.9016962869E-01    0.0000000000E+00    0.0000000000E+00    0.0000000000E+00    0.0000000000E+00    0.0000000000E+00    0.0000000000E+00    0.4084358324E-13    0.4084358324E-13    0.9999968764E+00    0.9999968764E+00
    1    0.1059166667E+02    0.4644557413E+00   -0.5805696766E+00   -0.4300320006E-01    0.0000000000E+00    0.0000000000E+00    0.0000000000E+00    0.0000000000E+00    0.0000000000E+00    0.0000000000E+00    0.2107125253E-12    0.2107125253E-12    0.9999965902E+00    0.9999965902E+00
    1    0.1085000000E+02    0.4644557413E+00    0.2322278706E+00    0.6470791092E-01    0.0000000000E+00    0.0000000000E+00    0.0000000000E+00    0.0000000000E+00    0.0000000000E+00    0.0000000000E+00    0.2107906931E-11    0.2107906931E-11    0.9999942295E+00    0.9999942295E+00
    1    0.1110833333E+02    0.4644557413E+00   -0.5805696766E+00    0.5001131729E-01    0.0000000000E+00    0.0000000000E+00    0.0000000000E+00    0.0000000000E+00    0.0000000000E+00    0.0000000000E+00    0.1964950235E-12    0.1964950235E-12    0.9999961596E+00    0.9999961596E+00
    2    0.1110833333E+02    0.4644557413E+00    0.2322278706E+00    0.1348105399E+00    0.0000000000E+00    0.0000000000E+00    0.0000000000E+00    0.0000000000E+00    0.0000000000E+00    0.0000000000E+00    0.1055300029E-12    0.1055300029E-12    0.9999952462E+00    0.9999952462E+00
    1    0.1136666667E+02    0.4644557413E+00   -0.5805696766E+00    0.1031808628E+00    0.0000000000E+00    0.0000000000E+00    0.0000000000E+00    0.0000000000E+00    0.0000000000E+00    0.0000000000E+00    0.3896838558E-13    0.3896838558E-13    0.9999959506E+00    0.9999959506E+00
    2    0.1136666667E+02    0.4644557413E+00    0.2322278706E+00    0.1988643093E+00    0.0000000000E+00    0.0000000000E+00    0.0000000000E+00    0.0000000000E+00    0.0000000000E+00    0.0000000000E+00    0.5327929316E-15    0.5327929316E-15    0.9999952571E+00    0.9999952571E+00
    3    0.1136666667E+02   -0.3483418059E+00    0.2322278706E+00   -0.2831576611E+00    0.0000000000E+00    0.0000000000E+00    0.0000000000E+00    0.0000000000E+00    0.0000000000E+00    0.0000000000E+00    0.3254967294E-12    0.3254967294E-12    0.9999902735E+00    0.9999902735E+00
    4    0.1136666667E+02   -0.3483418059E+00    0.2322278706E+00   -0.5478537471E+00    0.0000000000E+00    0.0000000000E+00    0.0000000000E+00    0.0000000000E+00    0.0000000000E+00    0.0000000000E+00    0.1724262975E-12    0.1724262975E-12    0.9999940628E+00    0.9999940628E+00
    1    0.1162500000E+02   -0.3483418059E+00    0.2322278706E+00   -0.4774027744E+00    0.0000000000E+00    0.0000000000E+00    0.0000000000E+00    0.0000000000E+00    0.0000000000E+00    0.0000000000E+00    0.7392312227E-13    0.7392312227E-13    0.9999950273E+00    0.9999950273E+00
    2    0.1162500000E+02   -0.3483418059E+00   -0.5805696766E+00   -0.5694676345E+00    0.0000000000E+00    0.0000000000E+00    0.0000000000E+00    0.0000000000E+00    0.0000000000E+00    0.0000000000E+00    0.2061528372E-11    0.2061528372E-11    0.9999927360E+00    0.9999927360E+00
    3    0.1162500000E+02   -0.3483418059E+00    0.2322278706E+00   -0.1212046077E+00    0.0000000000E+00    0.0000000000E+00    0.0000000000E+00    0.0000000000E+00    0.0000000000E+00    0.0000000000E+00    0.1155518172E-10    0.1155518172E-10    0.9999809271E+00    0.9999809271E+00
    4    0.1162500000E+02   -0.3483418059E+00   -0.5805696766E+00   -0.7804026332E-01    0.0000000000E+00    0.0000000000E+00    0.0000000000E+00    0.0000000000E+00    0.0000000000E+00    0.0000000000E+00    0.5419279355E-09    0.5419279355E-09    0.9999253438E+00    0.9999253438E+00
    5    0.1162500000E+02    0.4644557413E+00   -0.5805696766E+00    0.1591033479E+00    0.0000000000E+00    0.0000000000E+00    0.0000000000E+00    0.0000000000E+00    0.0000000000E+00    0.0000000000E+00    0.3604514160E-14    0.3604514162E-14    0.9999955936E+00    0.9999955936E+00
    6    0.1162500000E+02    0.4644557413E+00    0.2322278706E+00    0.2625901651E+00    0.0000000000E+00    0.0000000000E+00    0.0000000000E+00    0.0000000000E+00    0.0000000000E+00    0.0000000000E+00    0.9999185569E-14    0.9999185585E-14    0.9999951137E+00    0.9999951137E+00
    1    0.1188333333E+02   -0.3483418059E+00    0.2322278706E+00   -0.4145656895E+00    0.0000000000E+00    0.0000000000E+00    0.0000000000E+00    0.0000000000E+00    0.0000000000E+00    0.0000000000E+00    0.2058198955E-16    0.2058198955E-16    0.9999951880E+00    0.9999951880E+00
    2    0.1188333333E+02   -0.3483418059E+00   -0.5805696766E+00   -0.4908280846E+00    0.0000000000E+00    0.0000000000E+00    0.0000000000E+00    0.0000000000E+00    0.0000000000E+00    0.0000000000E+00    0.2552593168E-14    0.2552593168E-14    0.9999943182E+00    0.9999943182E+00
    3    0.1188333333E+02    0.4644557413E+00    0.2322278706E+00    0.3270497838E+00    0.0000000000E+00    0.0000000000E+00    0.0000000000E+00    0.0000000000E+00    0.0000000000E+00    0.0000000000E+00    0.2312450948E-14    0.2312450948E-14    0.9999949384E+00    0.9999949384E+00
    4    0.1188333333E+02    0.4644557413E+00   -0.5805696766E+00    0.2189284543E+00    0.0000000000E+00    0.0000000000E+00    0.0000000000E+00    0.0000000000E+00    0.0000000000E+00    0.0000000000E+00    0.1230668078E-14    0.1230668078E-14    0.9999951641E+00    0.9999951641E+00
    1    0.1214166667E+02   -0.3483418059E+00    0.2322278706E+00   -0.3526165495E+00    0.0000000000E+00    0.0000000000E+00    0.0000000000E+00    0.0000000000E+00    0.0000000000E+00    0.0000000000E+00    0.2766839283E-15    0.2766839291E-15    0.9999949947E+00    0.9999949947E+00
    2    0.1214166667E+02   -0.3483418059E+00   -0.5805696766E+00   -0.4191003803E+00    0.0000000000E+00    0.0000000000E+00    0.0000000000E+00    0.0000000000E+00    0.0000000000E+00    0.0000000000E+00    0.4471919069E-16    0.4471919072E-16    0.9999942682E+00    0.9999942682E+00
    3    0.1214166667E+02    0.4644557413E+00   -0.5805696766E+00    0.2831755137E+00    0.0000000000E+00    0.0000000000E+00    0.0000000000E+00    0.0000000000E+00    0.0000000000E+00    0.0000000000E+00    0.2577840860E-14    0.2577840860E-14    0.9999947026E+00    0.9999947026E+00
    4    0.1214166667E+02    0.4644557413E+00    0.2322278706E+00    0.3923391856E+00    0.0000000000E+00    0.0000000000E+00    0.0000000000E+00    0.0000000000E+00    0.0000000000E+00    0.0000000000E+00    0.1565916499E-16    0.1565916503E-16    0.9999947662E+00    0.9999947662E+00
    1    0.1240000000E+02   -0.3483418059E+00    0.2322278706E+00   -0.2876883917E+00    0.0000000000E+00    0.0000000000E+00    0.0000000000E+00    0.0000000000E+00    0.0000000000E+00    0.0000000000E+00    0.7994594968E-14    0.7994594968E-14    0.9999944798E+00    0.9999944798E+00
    2    0.1240000000E+02   -0.3483418059E+00   -0.5805696766E+00   -0.3446507799E+00    0.0000000000E+00    0.0000000000E+00    0.0000000000E+00    0.0000000000E+00    0.0000000000E+00    0.0000000000E+00    0.2055232560E-14    0.2055232560E-14    0.9999936274E+00    0.9999936274E+00
    3    0.1240000000E+02    0.4644557413E+00   -0.5805696766E+00    0.3516443901E+00    0.0000000000E+00    0.0000000000E+00    0.0000000000E+00    0.0000000000E+00    0.0000000000E+00    0.0000000000E+00    0.8504323461E-16    0.8504323461E-16    0.9999942809E+00    0.9999942809E+00
    4    0.1240000000E+02    0.4644557413E+00    0.2322278706E+00    0.4584088552E+00    0.0000000000E+00    0.0000000000E+00    0.0000000000E+00    0.0000000000E+00    0.0000000000E+00    0.0000000000E+00    0.4384087665E-17    0.4384087677E-17    0.9999945865E+00    0.9999945865E+00
    1    0.1265833333E+02   -0.3483418059E+00    0.2322278706E+00   -0.2145473602E+00    0.0000000000E+00    0.0000000000E+00    0.0000000000E+00    0.0000000000E+00    0.0000000000E+00    0.0000000000E+00    0.8852340880E-14    0.8852340880E-14    0.9999933058E+00    0.9999933058E+00
    2    0.1265833333E+02   -0.3483418059E+00   -0.5805696766E+00   -0.2581858257E+00    0.0000000000E+00    0.0000000000E+00    0.0000000000E+00    0.0000000000E+00    0.0000000000E+00    0.0000000000E+00    0.7503866835E-13    0.7503866835E-13    0.9999917937E+00    0.9999917937E+00
    3    0.1265833333E+02    0.4644557413E+00   -0.5805696766E+00    0.4231868099E+00    0.0000000000E+00    0.0000000000E+00    0.0000000000E+00    0.0000000000E+00    0.0000000000E+00    0.0000000000E+00    0.1221571025E-15    0.1221571025E-15    0.9999939744E+00    0.9999939744E+00
    4    0.1265833333E+02    0.4644557413E+00    0.2322278706E+00    0.5255639938E+00    0.0000000000E+00    0.0000000000E+00    0.0000000000E+00    0.0000000000E+00    0.0000000000E+00    0.0000000000E+00    0.9795210075E-15    0.9795210075E-15    0.9999943539E+00    0.9999943539E+00
    1    0.1291666667E+02    0.4644557413E+00   -0.5805696766E+00    0.4961948650E+00    0.0000000000E+00    0.0000000000E+00    0.0000000000E+00    0.0000000000E+00    0.0000000000E+00    0.0000000000E+00    0.3974514127E-14    0.3974514127E-14    0.9999937839E+00    0.9999937839E+00
    2    0.1291666667E+02    0.4644557413E+00    0.2322278706E+00   -0.5546841504E+00    0.0000000000E+00    0.0000000000E+00    0.0000000000E+00    0.0000000000E+00    0.0000000000E+00    0.0000000000E+00    0.3550584464E-14    0.3550584464E-14    0.9999939956E+00    0.9999939956E+00
    3    0.1291666667E+02   -0.3483418059E+00    0.2322278706E+00   -0.1137780467E+00    0.0000000000E+00    0.0000000000E+00    0.0000000000E+00    0.0000000000E+00    0.0000000000E+00    0.0000000000E+00    0.3250917225E-11    0.3250917225E-11    0.9999878239E+00    0.9999878239E+00
    4    0.1291666667E+02   -0.3483418059E+00   -0.5805696766E+00   -0.1094106460E+00    0.0000000000E+00    0.0000000000E+00    0.0000000000E+00    0.0000000000E+00    0.0000000000E+00    0.0000000000E+00    0.2848719452E-10    0.2848719452E-10    0.9999733798E+00    0.9999733798E+00
    1    0.1317500000E+02    0.4644557413E+00   -0.5805696766E+00    0.5697831683E+00    0.0000000000E+00    0.0000000000E+00    0.0000000000E+00    0.0000000000E+00    0.0000000000E+00    0.0000000000E+00    0.1257471514E-12    0.1257471514E-12    0.9999935620E+00    0.9999935620E+00
    2    0.1317500000E+02    0.4644557413E+00    0.2322278706E+00   -0.4813899304E+00    0.0000000000E+00    0.0000000000E+00    0.0000000000E+00    0.0000000000E+00    0.0000000000E+00    0.0000000000E+00    0.8089665856E-14    0.8089665856E-14    0.9999933958E+00    0.9999933958E+00
    1    0.1343333333E+02    0.4644557413E+00   -0.5805696766E+00   -0.5050420877E+00    0.0000000000E+00    0.0000000000E+00    0.0000000000E+00    0.0000000000E+00    0.0000000000E+00    0.0000000000E+00    0.2160434971E-13    0.2160434983E-13    0.9999932590E+00    0.9999932590E+00
    2    0.1343333333E+02    0.4644557413E+00    0.2322278706E+00   -0.4001158910E+00    0.0000000000E+00    0.0000000000E+00    0.0000000000E+00    0.0000000000E+00    0.0000000000E+00    0.0000000000E+00    0.5755833386E-14    0.5755833396E-14    0.9999922786E+00    0.9999922786E+00
    3    0.1343333333E+02   -0.3483418059E+00    0.2322278706E+00    0.3391407596E+00    0.0000000000E+00    0.0000000000E+00    0.0000000000E+00    0.0000000000E+00    0.0000000000E+00    0.0000000000E+00    0.6864228323E-10    0.6864228323E-10    0.9999586381E+00    0.9999586381E+00
    4    0.1343333333E+02   -0.3483418059E+00    0.2322278706E+00   -0.1010625780E+00    0.0000000000E+00    0.0000000000E+00    0.0000000000E+00    0.0000000000E+00    0.0000000000E+00    0.0000000000E+00    0.4054045853E-09    0.4054045853E-09    0.9999475751E+00    0.9999475751E+00
    5    0.1343333333E+02   -0.3483418059E+00    0.2322278706E+00   -0.6846706628E-01    0.0000000000E+00    0.0000000000E+00    0.0000000000E+00    0.0000000000E+00    0.0000000000E+00    0.0000000000E+00    0.5072222006E-09    0.5072222006E-09    0.9999458450E+00    0.9999458450E+00
    6    0.1343333333E+02    0.4644557413E+00   -0.5805696766E+00    0.2241032014E+00    0.0000000000E+00    0.0000000000E+00    0.0000000000E+00    0.0000000000E+00    0.0000000000E+00    0.0000000000E+00    0.1338008434E-11    0.1338008434E-11    0.9999765632E+00    0.9999765632E+00
    7    0.1343333333E+02    0.4644557413E+00    0.2322278706E+00    0.1680461530E+00    0.0000000000E+00    0.0000000000E+00    0.0000000000E+00    0.0000000000E+00    0.0000000000E+00    0.0000000000E+00    0.1537273331E-11    0.1537273331E-11    0.9999767098E+00    0.9999767098E+00
    8    0.1343333333E+02   -0.3483418059E+00    0.2322278706E+00    0.1501008616E+00    0.0000000000E+00    0.0000000000E+00    0.0000000000E+00    0.0000000000E+00    0.0000000000E+00    0.0000000000E+00    0.7569476291E-09    0.7569476291E-09    0.9999335041E+00    0.9999335041E+00
    1    0.1369166667E+02    0.4644557413E+00   -0.5805696766E+00   -0.4262807716E+00    0.0000000000E+00    0.0000000000E+00    0.0000000000E+00    0.0000000000E+00    0.0000000000E+00    0.0000000000E+00    0.1220766297E-10    0.1220766297E-10    0.9999900547E+00    0.9999900547E+00
    2    0.1369166667E+02    0.4644557413E+00    0.2322278706E+00   -0.3009531350E+00    0.0000000000E+00    0.0000000000E+00    0.0000000000E+00    0.0000000000E+00    0.0000000000E+00    0.0000000000E+00    0.2459106144E-12    0.2459106144E-12    0.9999895235E+00    0.9999895235E+00
    3    0.1369166667E+02   -0.3483418059E+00   -0.5805696766E+00    0.4582618608E+00    0.0000000000E+00    0.0000000000E+00    0.0000000000E+00    0.0000000000E+00    0.0000000000E+00    0.0000000000E+00    0.4070157599E-12    0.4070157599E-12    0.9999724286E+00    0.9999724286E+00
    4    0.1369166667E+02    0.4644557413E+00   -0.5805696766E+00    0.4222047256E+00    0.0000000000E+00    0.0000000000E+00    0.0000000000E+00    0.0000000000E+00    0.0000000000E+00    0.0000000000E+00    0.1238537397E-10    0.1238537397E-10    0.9999826395E+00    0.9999826395E+00
    5    0.1369166667E+02    0.4644557413E+00    0.2322278706E+00    0.3648695837E+00    0.0000000000E+00    0.0000000000E+00    0.0000000000E+00    0.0000000000E+00    0.0000000000E+00    0.0000000000E+00    0.1307289127E-12    0.1307289127E-12    0.9999846301E+00    0.9999846301E+00
    6    0.1369166667E+02   -0.3483418059E+00   -0.5805696766E+00    0.3032844895E+00    0.0000000000E+00    0.0000000000E+00    0.0000000000E+00    0.0000000000E+00    0.0000000000E+00    0.0000000000E+00    0.5676427736E-13    0.5676427736E-13    0.9999759052E+00    0.9999759052E+00
    7    0.1369166667E+02   -0.3483418059E+00    0.2322278706E+00    0.1472565692E+00    0.0000000000E+00    0.0000000000E+00    0.0000000000E+00    0.0000000000E+00    0.0000000000E+00    0.0000000000E+00    0.5177363777E-12    0.5177363777E-12    0.9999807031E+00    0.9999807031E+00
    8    0.1369166667E+02   -0.3483418059E+00    0.2322278706E+00    0.8637740256E-01    0.0000000000E+00    0.0000000000E+00    0.0000000000E+00    0.0000000000E+00    0.0000000000E+00    0.0000000000E+00    0.2731672984E-10    0.2731672984E-10    0.9999741220E+00    0.9999741220E+00
    1    0.1395000000E+02    0.4644557413E+00    0.2322278706E+00   -0.1019637325E+00    0.0000000000E+00    0.0000000000E+00    0.0000000000E+00    0.0000000000E+00    0.0000000000E+00    0.0000000000E+00    0.1744875431E-09    0.1744875431E-09    0.9999481134E+00    0.9999481134E+00
    2    0.1395000000E+02    0.4644557413E+00   -0.5805696766E+00   -0.3392967759E+00    0.0000000000E+00    0.0000000000E+00    0.0000000000E+00    0.0000000000E+00    0.0000000000E+00    0.0000000000E+00    0.1349830558E-11    0.1349830558E-11    0.9999908247E+00    0.9999908247E+00
    3    0.1395000000E+02   -0.3483418059E+00   -0.5805696766E+00    0.2267391815E+00    0.0000000000E+00    0.0000000000E+00    0.0000000000E+00    0.0000000000E+00    0.0000000000E+00    0.0000000000E+00    0.4585193759E-11    0.4585193759E-11    0.9999527613E+00    0.9999527613E+00
    4    0.1395000000E+02    0.4644557413E+00    0.2322278706E+00    0.2867794407E+00    0.0000000000E+00    0.0000000000E+00    0.0000000000E+00    0.0000000000E+00    0.0000000000E+00    0.0000000000E+00    0.1004765501E-10    0.1004765501E-10    0.9999628987E+00    0.9999628987E+00
    5    0.1395000000E+02   -0.3483418059E+00   -0.5805696766E+00    0.3250540178E+00    0.0000000000E+00    0.0000000000E+00    0.0000000000E+00    0.0000000000E+00    0.0000000000E+00    0.0000000000E+00    0.2807897568E-11    0.2807897568E-11    0.9999713774E+00    0.9999713774E+00
    6    0.1395000000E+02    0.4644557413E+00   -0.5805696766E+00    0.4073492289E+00    0.0000000000E+00    0.0000000000E+00    0.0000000000E+00    0.0000000000E+00    0.0000000000E+00    0.0000000000E+00    0.1117608939E-11    0.1117608939E-11    0.9999791149E+00    0.9999791149E+00
    7    0.1395000000E+02    0.4644557413E+00    0.2322278706E+00    0.5377184630E+00    0.0000000000E+00    0.0000000000E+00    0.0000000000E+00    0.0000000000E+00    0.0000000000E+00    0.0000000000E+00    0.8172484918E-12    0.8172484918E-12    0.9999830273E+00    0.9999830273E+00
    1    0.1420833333E+02    0.4644557413E+00   -0.5805696766E+00   -0.2193624541E+00    0.0000000000E+00    0.0000000000E+00    0.0000000000E+00    0.0000000000E+00    0.0000000000E+00    0.0000000000E+00    0.5381760519E-12    0.5381760519E-12    0.9999843744E+00    0.9999843744E+00
    2    0.1420833333E+02    0.4644557413E+00    0.2322278706E+00   -0.3616281226E+00    0.0000000000E+00    0.0000000000E+00    0.0000000000E+00    0.0000000000E+00    0.0000000000E+00    0.0000000000E+00    0.1927577036E-11    0.1927577036E-11    0.9999022992E+00    0.9999022992E+00
    3    0.1420833333E+02    0.4644557413E+00   -0.5805696766E+00   -0.4022536248E+00    0.0000000000E+00    0.0000000000E+00    0.0000000000E+00    0.0000000000E+00    0.0000000000E+00    0.0000000000E+00    0.3957783823E-12    0.3957783823E-12    0.9999821976E+00    0.9999821976E+00
    4    0.1420833333E+02    0.4644557413E+00   -0.5805696766E+00   -0.5181336900E+00    0.0000000000E+00    0.0000000000E+00    0.0000000000E+00    0.0000000000E+00    0.0000000000E+00    0.0000000000E+00    0.6160895441E-12    0.6160895441E-12    0.9999777711E+00    0.9999777711E+00
    5    0.1420833333E+02    0.4644557413E+00    0.2322278706E+00   -0.4586032853E+00    0.0000000000E+00    0.0000000000E+00    0.0000000000E+00    0.0000000000E+00    0.0000000000E+00    0.0000000000E+00    0.1814646856E-11    0.1814646856E-11    0.9999612766E+00    0.9999612766E+00
    1    0.1446666667E+02    0.4644557413E+00   -0.5805696766E+00   -0.2604513854E+00    0.0000000000E+00    0.0000000000E+00    0.0000000000E+00    0.0000000000E+00    0.0000000000E+00    0.0000000000E+00    0.4705685257E-12    0.4705685257E-12    0.9999708521E+00    0.9999708521E+00
    2    0.1446666667E+02    0.4644557413E+00   -0.5805696766E+00   -0.1368285186E+00    0.0000000000E+00    0.0000000000E+00    0.0000000000E+00    0.0000000000E+00    0.0000000000E+00    0.0000000000E+00    0.6244646308E-11    0.6244646308E-11    0.9999657740E+00    0.9999657740E+00
