    1    0.1033333333E+01   -0.4644557413E+00   -0.4644557413E+00    0.6003871631E-01    0.0000000000E+00    0.0000000000E+00    0.0000000000E+00    0.0000000000E+00    0.0000000000E+00    0.0000000000E+00    0.4267600901E-13    0.4267600901E-13    0.9999994124E+00    0.9999994124E+00
    1    0.1291666667E+01   -0.4644557413E+00   -0.4644557413E+00    0.1820351216E+00    0.0000000000E+00    0.0000000000E+00    0.0000000000E+00    0.0000000000E+00    0.0000000000E+00    0.0000000000E+00    0.1686404725E-16    0.1686404725E-16    0.9999994099E+00    0.9999994099E+00
    2    0.1291666667E+01   -0.4644557413E+00   -0.4644557413E+00    0.1163531053E+00    0.0000000000E+00    0.0000000000E+00    0.0000000000E+00    0.0000000000E+00    0.0000000000E+00    0.0000000000E+00    0.8918730216E-14    0.8918730216E-14    0.9999995545E+00    0.9999995545E+00
    1    0.1550000000E+01   -0.4644557413E+00   -0.4644557413E+00    0.2366187026E+00    0.0000000000E+00    0.0000000000E+00    0.0000000000E+00    0.0000000000E+00    0.0000000000E+00    0.0000000000E+00    0.1786484509E-15    0.1786484509E-15    0.9999994913E+00    0.9999994913E+00
    2    0.1550000000E+01   -0.4644557413E+00   -0.4644557413E+00    0.1622336279E+00    0.0000000000E+00    0.0000000000E+00    0.0000000000E+00    0.0000000000E+00    0.0000000000E+00    0.0000000000E+00    0.1206369677E-14    0.1206369677E-14    0.9999995400E+00    0.9999995400E+00
    1    0.1808333333E+01   -0.4644557413E+00   -0.4644557413E+00    0.2819036891E+00    0.0000000000E+00    0.0000000000E+00    0.0000000000E+00    0.0000000000E+00    0.0000000000E+00    0.0000000000E+00    0.5813010096E-15    0.5813010096E-15    0.9999994709E+00    0.9999994709E+00
    2    0.1808333333E+01   -0.4644557413E+00   -0.4644557413E+00    0.2044088208E+00    0.0000000000E+00    0.0000000000E+00    0.0000000000E+00    0.0000000000E+00    0.0000000000E+00    0.0000000000E+00    0.1991948089E-15    0.1991948089E-15    0.9999994946E+00    0.9999994946E+00
    1    0.2066666667E+01   -0.4644557413E+00   -0.4644557413E+00    0.2118174211E-01    0.0000000000E+00    0.0000000000E+00    0.0000000000E+00    0.0000000000E+00    0.0000000000E+00    0.0000000000E+00    0.3110562230E-12    0.3110562230E-12    0.9999986495E+00    0.9999986495E+00
    2    0.2066666667E+01   -0.4644557413E+00   -0.4644557413E+00    0.2454266659E+00    0.0000000000E+00    0.0000000000E+00    0.0000000000E+00    0.0000000000E+00    0.0000000000E+00    0.0000000000E+00    0.2586248901E-14    0.2586248901E-14    0.9999994316E+00    0.9999994316E+00
    3    0.2066666667E+01   -0.4644557413E+00   -0.4644557413E+00    0.3241630500E+00    0.0000000000E+00    0.0000000000E+00    0.0000000000E+00    0.0000000000E+00    0.0000000000E+00    0.0000000000E+00    0.2804852917E-13    0.2804852917E-13    0.9999993218E+00    0.9999993218E+00
    1    0.2325000000E+01   -0.4644557413E+00   -0.4644557413E+00    0.7543706817E-01    0.0000000000E+00    0.0000000000E+00    0.0000000000E+00    0.0000000000E+00    0.0000000000E+00    0.0000000000E+00    0.1192494195E-13    0.1192494195E-13    0.9999994138E+00    0.9999994138E+00
    2    0.2325000000E+01   -0.4644557413E+00   -0.4644557413E+00    0.2864675441E+00    0.0000000000E+00    0.0000000000E+00    0.0000000000E+00    0.0000000000E+00    0.0000000000E+00    0.0000000000E+00    0.3548739671E-14    0.3548739671E-14    0.9999993577E+00    0.9999993577E+00
    3    0.2325000000E+01   -0.4644557413E+00   -0.4644557413E+00    0.3654521273E+00    0.0000000000E+00    0.0000000000E+00    0.0000000000E+00    0.0000000000E+00    0.0000000000E+00    0.0000000000E+00    0.6467741016E-15    0.6467741016E-15    0.9999993272E+00    0.9999993272E+00
    1    0.2583333333E+01   -0.4644557413E+00   -0.4644557413E+00    0.1114769733E+00    0.0000000000E+00    0.0000000000E+00    0.0000000000E+00    0.0000000000E+00    0.0000000000E+00    0.0000000000E+00    0.5043604430E-14    0.5043604430E-14    0.9999994508E+00    0.9999994508E+00
    2    0.2583333333E+01   -0.4644557413E+00   -0.4644557413E+00    0.3283685531E+00    0.0000000000E+00    0.0000000000E+00    0.0000000000E+00    0.0000000000E+00    0.0000000000E+00    0.0000000000E+00    0.2129415282E-14    0.2129415282E-14    0.9999992673E+00    0.9999992673E+00
    3    0.2583333333E+01   -0.4644557413E+00   -0.4644557413E+00    0.4068840813E+00    0.0000000000E+00    0.0000000000E+00    0.0000000000E+00    0.0000000000E+00    0.0000000000E+00    0.0000000000E+00    0.2384065408E-14    0.2384065408E-14    0.9999992565E+00    0.9999992565E+00
    1    0.2841666667E+01   -0.4644557413E+00   -0.4644557413E+00    0.1433312787E+00    0.0000000000E+00    0.0000000000E+00    0.0000000000E+00    0.0000000000E+00    0.0000000000E+00    0.0000000000E+00    0.3999998672E-14    0.3999998672E-14    0.9999994349E+00    0.9999994349E+00
    2    0.2841666667E+01   -0.4644557413E+00   -0.4644557413E+00    0.3719418925E+00    0.0000000000E+00    0.0000000000E+00    0.0000000000E+00    0.0000000000E+00    0.0000000000E+00    0.0000000000E+00    0.1461681013E-15    0.1461681013E-15    0.9999991561E+00    0.9999991561E+00
    3    0.2841666667E+01   -0.4644557413E+00   -0.4644557413E+00    0.4493198587E+00    0.0000000000E+00    0.0000000000E+00    0.0000000000E+00    0.0000000000E+00    0.0000000000E+00    0.0000000000E+00    0.3556890054E-14    0.3556890054E-14    0.9999991714E+00    0.9999991714E+00
    1    0.3100000000E+01   -0.4644557413E+00   -0.4644557413E+00    0.1731229435E+00    0.0000000000E+00    0.0000000000E+00    0.0000000000E+00    0.0000000000E+00    0.0000000000E+00    0.0000000000E+00    0.8118739375E-15    0.8118739375E-15    0.9999993715E+00    0.9999993715E+00
    2    0.3100000000E+01   -0.4644557413E+00   -0.4644557413E+00    0.4181859237E+00    0.0000000000E+00    0.0000000000E+00    0.0000000000E+00    0.0000000000E+00    0.0000000000E+00    0.0000000000E+00    0.1298824570E-14    0.1298824570E-14    0.9999990136E+00    0.9999990136E+00
    3    0.3100000000E+01   -0.4644557413E+00   -0.4644557413E+00    0.4936550162E+00    0.0000000000E+00    0.0000000000E+00    0.0000000000E+00    0.0000000000E+00    0.0000000000E+00    0.0000000000E+00    0.4866747258E-14    0.4866747258E-14    0.9999990938E+00    0.9999990938E+00
    1    0.3358333333E+01   -0.4644557413E+00   -0.4644557413E+00    0.2016610464E+00    0.0000000000E+00    0.0000000000E+00    0.0000000000E+00    0.0000000000E+00    0.0000000000E+00    0.0000000000E+00    0.2807727015E-16    0.2807736039E-16    0.9999993471E+00    0.9999993471E+00
    2    0.3358333333E+01    0.3483418059E+00   -0.4644557413E+00   -0.2564943987E+00    0.0000000000E+00    0.0000000000E+00    0.0000000000E+00    0.0000000000E+00    0.0000000000E+00    0.0000000000E+00    0.5737229230E-13    0.5737229230E-13    0.9999964930E+00    0.9999964930E+00
    3    0.3358333333E+01   -0.4644557413E+00    0.3483418059E+00   -0.2565807926E+00    0.0000000000E+00    0.0000000000E+00    0.0000000000E+00    0.0000000000E+00    0.0000000000E+00    0.0000000000E+00    0.3275664678E-13    0.3275664678E-13    0.9999967108E+00    0.9999967108E+00
    4    0.3358333333E+01   -0.4644557413E+00   -0.4644557413E+00    0.4685788051E+00    0.0000000000E+00    0.0000000000E+00    0.0000000000E+00    0.0000000000E+00    0.0000000000E+00    0.0000000000E+00    0.5373524677E-14    0.5373524945E-14    0.9999988178E+00    0.9999988178E+00
    5    0.3358333333E+01   -0.4644557413E+00   -0.4644557413E+00    0.5411073227E+00    0.0000000000E+00    0.0000000000E+00    0.0000000000E+00    0.0000000000E+00    0.0000000000E+00    0.0000000000E+00    0.5097057764E-14    0.5097057872E-14    0.9999989256E+00    0.9999989256E+00
    6    0.3358333333E+01    0.3483418059E+00   -0.4644557413E+00   -0.5075047116E+00    0.0000000000E+00    0.0000000000E+00    0.0000000000E+00    0.0000000000E+00    0.0000000000E+00    0.0000000000E+00    0.2289796134E-12    0.2289796134E-12    0.9999946851E+00    0.9999946851E+00
    7    0.3358333333E+01   -0.4644557413E+00    0.3483418059E+00   -0.5119515280E+00    0.0000000000E+00    0.0000000000E+00    0.0000000000E+00    0.0000000000E+00    0.0000000000E+00    0.0000000000E+00    0.1446426997E-11    0.1446426997E-11    0.9999942086E+00    0.9999942086E+00
    1    0.3616666667E+01   -0.4644557413E+00   -0.4644557413E+00    0.2293583309E+00    0.0000000000E+00    0.0000000000E+00    0.0000000000E+00    0.0000000000E+00    0.0000000000E+00    0.0000000000E+00    0.2678769209E-14    0.2678769264E-14    0.9999993280E+00    0.9999993280E+00
    2    0.3616666667E+01    0.3483418059E+00   -0.4644557413E+00   -0.8662007997E-01    0.0000000000E+00    0.0000000000E+00    0.0000000000E+00    0.0000000000E+00    0.0000000000E+00    0.0000000000E+00    0.3471710338E-11    0.3471710338E-11    0.9999940075E+00    0.9999940075E+00
    3    0.3616666667E+01   -0.4644557413E+00    0.3483418059E+00   -0.9444180240E-01    0.0000000000E+00    0.0000000000E+00    0.0000000000E+00    0.0000000000E+00    0.0000000000E+00    0.0000000000E+00    0.2444388099E-11    0.2444388099E-11    0.9999944886E+00    0.9999944886E+00
    4    0.3616666667E+01   -0.4644557413E+00   -0.4644557413E+00    0.5261576338E+00    0.0000000000E+00    0.0000000000E+00    0.0000000000E+00    0.0000000000E+00    0.0000000000E+00    0.0000000000E+00    0.4863125309E-13    0.4863125309E-13    0.9999984489E+00    0.9999984489E+00
    5    0.3616666667E+01    0.3483418059E+00   -0.4644557413E+00   -0.4007679543E+00    0.0000000000E+00    0.0000000000E+00    0.0000000000E+00    0.0000000000E+00    0.0000000000E+00    0.0000000000E+00    0.3409289786E-13    0.3409289788E-13    0.9999975717E+00    0.9999975717E+00
    6    0.3616666667E+01   -0.4644557413E+00    0.3483418059E+00   -0.3961451356E+00    0.0000000000E+00    0.0000000000E+00    0.0000000000E+00    0.0000000000E+00    0.0000000000E+00    0.0000000000E+00    0.1694111000E-13    0.1694111000E-13    0.9999976210E+00    0.9999976210E+00
    7    0.3616666667E+01    0.3483418059E+00   -0.4644557413E+00   -0.3723695815E+00    0.0000000000E+00    0.0000000000E+00    0.0000000000E+00    0.0000000000E+00    0.0000000000E+00    0.0000000000E+00    0.2423308581E-12    0.2423308582E-12    0.9999975495E+00    0.9999975495E+00
    8    0.3616666667E+01   -0.4644557413E+00    0.3483418059E+00   -0.3734388364E+00    0.0000000000E+00    0.0000000000E+00    0.0000000000E+00    0.0000000000E+00    0.0000000000E+00    0.0000000000E+00    0.2184040095E-13    0.2184040095E-13    0.9999976287E+00    0.9999976287E+00
    9    0.3616666667E+01   -0.4644557413E+00   -0.4644557413E+00   -0.5562265780E+00    0.0000000000E+00    0.0000000000E+00    0.0000000000E+00    0.0000000000E+00    0.0000000000E+00    0.0000000000E+00    0.5125563006E-13    0.5125563006E-13    0.9999985982E+00    0.9999985982E+00
   10    0.3616666667E+01   -0.4644557413E+00    0.3483418059E+00   -0.5582608339E+00    0.0000000000E+00    0.0000000000E+00    0.0000000000E+00    0.0000000000E+00    0.0000000000E+00    0.0000000000E+00    0.4204361564E-13    0.4204361566E-13    0.9999981309E+00    0.9999981309E+00
   11    0.3616666667E+01    0.3483418059E+00   -0.4644557413E+00   -0.5575966036E+00    0.0000000000E+00    0.0000000000E+00    0.0000000000E+00    0.0000000000E+00    0.0000000000E+00    0.0000000000E+00    0.2685065191E-12    0.2685065193E-12    0.9999980017E+00    0.9999980017E+00
    1    0.3875000000E+01   -0.4644557413E+00   -0.4644557413E+00    0.2564625888E+00    0.0000000000E+00    0.0000000000E+00    0.0000000000E+00    0.0000000000E+00    0.0000000000E+00    0.0000000000E+00    0.3025630262E-14    0.3025632198E-14    0.9999992745E+00    0.9999992745E+00
    2    0.3875000000E+01   -0.4644557413E+00   -0.4644557413E+00   -0.5572814987E+00    0.0000000000E+00    0.0000000000E+00    0.0000000000E+00    0.0000000000E+00    0.0000000000E+00    0.0000000000E+00    0.7811144669E-13    0.7811144669E-13    0.9999979319E+00    0.9999979319E+00
    3    0.3875000000E+01    0.3483418059E+00   -0.4644557413E+00   -0.2755291344E+00    0.0000000000E+00    0.0000000000E+00    0.0000000000E+00    0.0000000000E+00    0.0000000000E+00    0.0000000000E+00    0.7808456408E-13    0.7808456414E-13    0.9999974999E+00    0.9999974999E+00
    4    0.3875000000E+01   -0.4644557413E+00    0.3483418059E+00   -0.2772209839E+00    0.0000000000E+00    0.0000000000E+00    0.0000000000E+00    0.0000000000E+00    0.0000000000E+00    0.0000000000E+00    0.4163109734E-13    0.4163109734E-13    0.9999975561E+00    0.9999975561E+00
    5    0.3875000000E+01    0.3483418059E+00   -0.4644557413E+00   -0.3256771901E+00    0.0000000000E+00    0.0000000000E+00    0.0000000000E+00    0.0000000000E+00    0.0000000000E+00    0.0000000000E+00    0.3235011117E-13    0.3235011122E-13    0.9999983393E+00    0.9999983393E+00
    6    0.3875000000E+01   -0.4644557413E+00    0.3483418059E+00   -0.3219107215E+00    0.0000000000E+00    0.0000000000E+00    0.0000000000E+00    0.0000000000E+00    0.0000000000E+00    0.0000000000E+00    0.1992707140E-13    0.1992707140E-13    0.9999983631E+00    0.9999983631E+00
    7    0.3875000000E+01   -0.4644557413E+00   -0.4644557413E+00   -0.4973613633E+00    0.0000000000E+00    0.0000000000E+00    0.0000000000E+00    0.0000000000E+00    0.0000000000E+00    0.0000000000E+00    0.8222073778E-14    0.8222073844E-14    0.9999983561E+00    0.9999983561E+00
    8    0.3875000000E+01    0.3483418059E+00   -0.4644557413E+00   -0.4924391616E+00    0.0000000000E+00    0.0000000000E+00    0.0000000000E+00    0.0000000000E+00    0.0000000000E+00    0.0000000000E+00    0.2202840025E-14    0.2202842795E-14    0.9999985731E+00    0.9999985731E+00
    9    0.3875000000E+01   -0.4644557413E+00    0.3483418059E+00   -0.4939969559E+00    0.0000000000E+00    0.0000000000E+00    0.0000000000E+00    0.0000000000E+00    0.0000000000E+00    0.0000000000E+00    0.1908255774E-14    0.1908255777E-14    0.9999985359E+00    0.9999985359E+00
    1    0.4133333333E+01   -0.4644557413E+00   -0.4644557413E+00    0.2831407723E+00    0.0000000000E+00    0.0000000000E+00    0.0000000000E+00    0.0000000000E+00    0.0000000000E+00    0.0000000000E+00    0.2940015322E-14    0.2940015396E-14    0.9999992319E+00    0.9999992319E+00
    2    0.4133333333E+01   -0.4644557413E+00   -0.4644557413E+00   -0.4635363547E+00    0.0000000000E+00    0.0000000000E+00    0.0000000000E+00    0.0000000000E+00    0.0000000000E+00    0.0000000000E+00    0.1990751752E-13    0.1990751770E-13    0.9999968256E+00    0.9999968256E+00
    3    0.4133333333E+01   -0.4644557413E+00   -0.4644557413E+00   -0.4229216162E+00    0.0000000000E+00    0.0000000000E+00    0.0000000000E+00    0.0000000000E+00    0.0000000000E+00    0.0000000000E+00    0.1303156367E-13    0.1303156597E-13    0.9999976928E+00    0.9999976928E+00
    4    0.4133333333E+01    0.3483418059E+00   -0.4644557413E+00   -0.4384891777E+00    0.0000000000E+00    0.0000000000E+00    0.0000000000E+00    0.0000000000E+00    0.0000000000E+00    0.0000000000E+00    0.2112817400E-13    0.2112817403E-13    0.9999986240E+00    0.9999986240E+00
    5    0.4133333333E+01   -0.4644557413E+00    0.3483418059E+00   -0.4398708232E+00    0.0000000000E+00    0.0000000000E+00    0.0000000000E+00    0.0000000000E+00    0.0000000000E+00    0.0000000000E+00    0.8987946511E-14    0.8987946653E-14    0.9999986139E+00    0.9999986139E+00
    6    0.4133333333E+01   -0.4644557413E+00    0.3483418059E+00   -0.1740539142E+00    0.0000000000E+00    0.0000000000E+00    0.0000000000E+00    0.0000000000E+00    0.0000000000E+00    0.0000000000E+00    0.1747375102E-13    0.1747375105E-13    0.9999967307E+00    0.9999967307E+00
    7    0.4133333333E+01    0.3483418059E+00   -0.4644557413E+00   -0.1703061125E+00    0.0000000000E+00    0.0000000000E+00    0.0000000000E+00    0.0000000000E+00    0.0000000000E+00    0.0000000000E+00    0.3911061585E-13    0.3911061585E-13    0.9999966351E+00    0.9999966351E+00
    8    0.4133333333E+01    0.3483418059E+00   -0.4644557413E+00   -0.2665695564E+00    0.0000000000E+00    0.0000000000E+00    0.0000000000E+00    0.0000000000E+00    0.0000000000E+00    0.0000000000E+00    0.4452965867E-14    0.4452965875E-14    0.9999984954E+00    0.9999984954E+00
    9    0.4133333333E+01   -0.4644557413E+00    0.3483418059E+00   -0.2631947175E+00    0.0000000000E+00    0.0000000000E+00    0.0000000000E+00    0.0000000000E+00    0.0000000000E+00    0.0000000000E+00    0.3497824332E-14    0.3497824344E-14    0.9999985119E+00    0.9999985119E+00
    1    0.4391666667E+01   -0.4644557413E+00   -0.4644557413E+00    0.3097693486E+00    0.0000000000E+00    0.0000000000E+00    0.0000000000E+00    0.0000000000E+00    0.0000000000E+00    0.0000000000E+00    0.1348337501E-17    0.1348337501E-17    0.2050985456E-04    0.2050985456E-04
    2    0.4391666667E+01    0.3483418059E+00    0.3483418059E+00    0.9893075570E-01    0.0000000000E+00    0.0000000000E+00    0.0000000000E+00    0.0000000000E+00    0.0000000000E+00    0.0000000000E+00    0.2321277300E-11    0.2321277300E-11    0.9999934205E+00    0.9999934205E+00
    3    0.4391666667E+01    0.3483418059E+00    0.3483418059E+00    0.7636021609E-01    0.0000000000E+00    0.0000000000E+00    0.0000000000E+00    0.0000000000E+00    0.0000000000E+00    0.0000000000E+00    0.2079842435E-11    0.2079842435E-11    0.9999953748E+00    0.9999953748E+00
    4    0.4391666667E+01    0.3483418059E+00   -0.4644557413E+00   -0.3893463510E+00    0.0000000000E+00    0.0000000000E+00    0.0000000000E+00    0.0000000000E+00    0.0000000000E+00    0.0000000000E+00    0.6084610537E-14    0.6084610548E-14    0.9999986288E+00    0.9999986288E+00
    5    0.4391666667E+01   -0.4644557413E+00    0.3483418059E+00   -0.3902713894E+00    0.0000000000E+00    0.0000000000E+00    0.0000000000E+00    0.0000000000E+00    0.0000000000E+00    0.0000000000E+00    0.7663376287E-14    0.7663376287E-14    0.9999986074E+00    0.9999986074E+00
    6    0.4391666667E+01   -0.4644557413E+00   -0.4644557413E+00   -0.3097693592E+00    0.0000000000E+00    0.0000000000E+00    0.0000000000E+00    0.0000000000E+00    0.0000000000E+00    0.0000000000E+00    0.3002926994E-17    0.3002926994E-17    0.6312136914E-05    0.6312136914E-05
    7    0.4391666667E+01   -0.4644557413E+00   -0.4644557413E+00   -0.2697446173E+00    0.0000000000E+00    0.0000000000E+00    0.0000000000E+00    0.0000000000E+00    0.0000000000E+00    0.0000000000E+00    0.2727038850E-15    0.2727038856E-15    0.9999622797E+00    0.9999622797E+00
    8    0.4391666667E+01    0.3483418059E+00   -0.4644557413E+00   -0.2141503307E+00    0.0000000000E+00    0.0000000000E+00    0.0000000000E+00    0.0000000000E+00    0.0000000000E+00    0.0000000000E+00    0.6808866074E-14    0.6808866083E-14    0.9999985264E+00    0.9999985264E+00
    9    0.4391666667E+01   -0.4644557413E+00    0.3483418059E+00   -0.2113041581E+00    0.0000000000E+00    0.0000000000E+00    0.0000000000E+00    0.0000000000E+00    0.0000000000E+00    0.0000000000E+00    0.8070079698E-14    0.8070079698E-14    0.9999985505E+00    0.9999985505E+00
    1    0.4650000000E+01    0.3483418059E+00    0.3483418059E+00    0.3173694144E+00    0.0000000000E+00    0.0000000000E+00    0.0000000000E+00    0.0000000000E+00    0.0000000000E+00    0.0000000000E+00    0.3837137626E-13    0.3837137626E-13    0.9999972362E+00    0.9999972362E+00
    2    0.4650000000E+01   -0.4644557413E+00   -0.4644557413E+00    0.3356338749E+00    0.0000000000E+00    0.0000000000E+00    0.0000000000E+00    0.0000000000E+00    0.0000000000E+00    0.0000000000E+00    0.8292115364E-15    0.8292115399E-15    0.9999992013E+00    0.9999992013E+00
    3    0.4650000000E+01    0.3483418059E+00    0.3483418059E+00    0.2063929975E+00    0.0000000000E+00    0.0000000000E+00    0.0000000000E+00    0.0000000000E+00    0.0000000000E+00    0.0000000000E+00    0.2614050088E-13    0.2614050088E-13    0.9999974048E+00    0.9999974048E+00
    4    0.4650000000E+01    0.3483418059E+00    0.3483418059E+00    0.1725152752E+00    0.0000000000E+00    0.0000000000E+00    0.0000000000E+00    0.0000000000E+00    0.0000000000E+00    0.0000000000E+00    0.2517128809E-13    0.2517128809E-13    0.9999976584E+00    0.9999976584E+00
    5    0.4650000000E+01    0.3483418059E+00    0.3483418059E+00    0.2016807975E-01    0.0000000000E+00    0.0000000000E+00    0.0000000000E+00    0.0000000000E+00    0.0000000000E+00    0.0000000000E+00    0.5324285198E-13    0.5324285198E-13    0.9999971543E+00    0.9999971543E+00
    6    0.4650000000E+01    0.3483418059E+00   -0.4644557413E+00   -0.1641199942E+00    0.0000000000E+00    0.0000000000E+00    0.0000000000E+00    0.0000000000E+00    0.0000000000E+00    0.0000000000E+00    0.8812684516E-14    0.8812684519E-14    0.9999984747E+00    0.9999984747E+00
    7    0.4650000000E+01   -0.4644557413E+00    0.3483418059E+00   -0.1619993950E+00    0.0000000000E+00    0.0000000000E+00    0.0000000000E+00    0.0000000000E+00    0.0000000000E+00    0.0000000000E+00    0.9127317068E-14    0.9127317070E-14    0.9999984909E+00    0.9999984909E+00
    8    0.4650000000E+01    0.3483418059E+00   -0.4644557413E+00   -0.3426360334E+00    0.3483418059E+00   -0.4644557413E+00   -0.3426360334E+00    0.4501641884E+01   -0.1290358642E+01   -0.3998492498E+01    0.5036375358E-14    0.5036375358E-14    0.9999985790E+00    0.9999985790E+00
    9    0.4650000000E+01   -0.4644557413E+00    0.3483418059E+00   -0.3429996586E+00   -0.4644557413E+00    0.3483418059E+00   -0.3429996586E+00   -0.1298772695E+01    0.4487986063E+01   -0.4002238901E+01    0.6166999397E-14    0.6166999397E-14    0.9999985707E+00    0.9999985707E+00
    1    0.4908333333E+01    0.3483418059E+00    0.3483418059E+00    0.9982306555E-01    0.0000000000E+00    0.0000000000E+00    0.0000000000E+00    0.0000000000E+00    0.0000000000E+00    0.0000000000E+00    0.3905201998E-13    0.3905201998E-13    0.9999977019E+00    0.9999977019E+00
    2    0.4908333333E+01    0.3483418059E+00    0.3483418059E+00    0.2415847710E+00    0.0000000000E+00    0.0000000000E+00    0.0000000000E+00    0.0000000000E+00    0.0000000000E+00    0.0000000000E+00    0.5127002994E-13    0.5127002994E-13    0.9999978933E+00    0.9999978933E+00
    3    0.4908333333E+01    0.3483418059E+00    0.3483418059E+00    0.2811531272E+00    0.0000000000E+00    0.0000000000E+00    0.0000000000E+00    0.0000000000E+00    0.0000000000E+00    0.0000000000E+00    0.4045101000E-13    0.4045101000E-13    0.9999978095E+00    0.9999978095E+00
    4    0.4908333333E+01    0.3483418059E+00    0.3483418059E+00    0.3963676863E+00    0.0000000000E+00    0.0000000000E+00    0.0000000000E+00    0.0000000000E+00    0.0000000000E+00    0.0000000000E+00    0.6050651825E-13    0.6050651825E-13    0.9999976779E+00    0.9999976779E+00
    5    0.4908333333E+01   -0.4644557413E+00   -0.4644557413E+00    0.3616317683E+00    0.0000000000E+00    0.0000000000E+00    0.0000000000E+00    0.0000000000E+00    0.0000000000E+00    0.0000000000E+00    0.2248135604E-15    0.2248135604E-15    0.9999991613E+00    0.9999991613E+00
    6    0.4908333333E+01    0.3483418059E+00   -0.4644557413E+00   -0.1118425445E+00    0.0000000000E+00    0.0000000000E+00    0.0000000000E+00    0.0000000000E+00    0.0000000000E+00    0.0000000000E+00    0.8914804478E-13    0.8914804478E-13    0.9999982013E+00    0.9999982013E+00
    7    0.4908333333E+01   -0.4644557413E+00    0.3483418059E+00   -0.1107257469E+00    0.0000000000E+00    0.0000000000E+00    0.0000000000E+00    0.0000000000E+00    0.0000000000E+00    0.0000000000E+00    0.8254915054E-13    0.8254915054E-13    0.9999982267E+00    0.9999982267E+00
    8    0.4908333333E+01    0.3483418059E+00   -0.4644557413E+00   -0.2969239009E+00    0.0000000000E+00    0.0000000000E+00    0.0000000000E+00    0.0000000000E+00    0.0000000000E+00    0.0000000000E+00    0.2149232232E-14    0.2149232232E-14    0.9999985087E+00    0.9999985087E+00
    9    0.4908333333E+01   -0.4644557413E+00    0.3483418059E+00   -0.2967137160E+00    0.0000000000E+00    0.0000000000E+00    0.0000000000E+00    0.0000000000E+00    0.0000000000E+00    0.0000000000E+00    0.2740321762E-14    0.2740321762E-14    0.9999985055E+00    0.9999985055E+00
    1    0.5166666667E+01    0.3483418059E+00    0.3483418059E+00    0.1666134680E+00    0.0000000000E+00    0.0000000000E+00    0.0000000000E+00    0.0000000000E+00    0.0000000000E+00    0.0000000000E+00    0.4035055582E-13    0.4035055582E-13    0.9999978189E+00    0.9999978189E+00
    2    0.5166666667E+01    0.3483418059E+00    0.3483418059E+00    0.4668517742E+00    0.0000000000E+00    0.0000000000E+00    0.0000000000E+00    0.0000000000E+00    0.0000000000E+00    0.0000000000E+00    0.2948993994E-13    0.2948993994E-13    0.9999975666E+00    0.9999975666E+00
    3    0.5166666667E+01    0.3483418059E+00    0.3483418059E+00    0.3066473512E+00    0.0000000000E+00    0.0000000000E+00    0.0000000000E+00    0.0000000000E+00    0.0000000000E+00    0.0000000000E+00    0.3391309676E-13    0.3391309676E-13    0.9999977414E+00    0.9999977414E+00
    4    0.5166666667E+01    0.3483418059E+00    0.3483418059E+00    0.3452670056E+00    0.0000000000E+00    0.0000000000E+00    0.0000000000E+00    0.0000000000E+00    0.0000000000E+00    0.0000000000E+00    0.2173687980E-13    0.2173687980E-13    0.9999979098E+00    0.9999979098E+00
    5    0.5166666667E+01   -0.4644557413E+00   -0.4644557413E+00    0.3875381667E+00   -0.4644557413E+00   -0.4644557413E+00    0.3875381667E+00   -0.1189118023E+01   -0.1164111526E+01    0.4960928393E+01    0.1072198145E-16    0.1072198455E-16    0.9999991197E+00    0.9999991197E+00
    6    0.5166666667E+01    0.3483418059E+00   -0.4644557413E+00   -0.3942825936E-01    0.0000000000E+00    0.0000000000E+00    0.0000000000E+00    0.0000000000E+00    0.0000000000E+00    0.0000000000E+00    0.2463069233E-11    0.2463069233E-11    0.9999959603E+00    0.9999959603E+00
    7    0.5166666667E+01   -0.4644557413E+00    0.3483418059E+00   -0.4077491107E-01    0.0000000000E+00    0.0000000000E+00    0.0000000000E+00    0.0000000000E+00    0.0000000000E+00    0.0000000000E+00    0.2114546846E-11    0.2114546846E-11    0.9999961913E+00    0.9999961913E+00
    8    0.5166666667E+01    0.3483418059E+00   -0.4644557413E+00   -0.2509696935E+00    0.0000000000E+00    0.0000000000E+00    0.0000000000E+00    0.0000000000E+00    0.0000000000E+00    0.0000000000E+00    0.3913820528E-13    0.3913820528E-13    0.9999983788E+00    0.9999983788E+00
    9    0.5166666667E+01   -0.4644557413E+00    0.3483418059E+00   -0.2502396368E+00    0.0000000000E+00    0.0000000000E+00    0.0000000000E+00    0.0000000000E+00    0.0000000000E+00    0.0000000000E+00    0.1284973761E-13    0.1284973761E-13    0.9999983967E+00    0.9999983967E+00
    1    0.5425000000E+01    0.3483418059E+00    0.3483418059E+00    0.2295514823E+00    0.0000000000E+00    0.0000000000E+00    0.0000000000E+00    0.0000000000E+00    0.0000000000E+00    0.0000000000E+00    0.2772049153E-13    0.2772049154E-13    0.9999977368E+00    0.9999977368E+00
    2    0.5425000000E+01    0.3483418059E+00    0.3483418059E+00    0.5455067684E+00    0.0000000000E+00    0.0000000000E+00    0.0000000000E+00    0.0000000000E+00    0.0000000000E+00    0.0000000000E+00    0.5322892271E-12    0.5322892274E-12    0.9999966466E+00    0.9999966466E+00
    3    0.5425000000E+01    0.3483418059E+00   -0.4644557413E+00   -0.2032056382E+00    0.0000000000E+00    0.0000000000E+00    0.0000000000E+00    0.0000000000E+00    0.0000000000E+00    0.0000000000E+00    0.6397877588E-15    0.6397880770E-15    0.9999982349E+00    0.9999982349E+00
    4    0.5425000000E+01   -0.4644557413E+00    0.3483418059E+00   -0.2020643793E+00    0.0000000000E+00    0.0000000000E+00    0.0000000000E+00    0.0000000000E+00    0.0000000000E+00    0.0000000000E+00    0.5483550165E-15    0.5483550169E-15    0.9999982227E+00    0.9999982227E+00
    5    0.5425000000E+01    0.3483418059E+00    0.3483418059E+00    0.3815051649E+00    0.0000000000E+00    0.0000000000E+00    0.0000000000E+00    0.0000000000E+00    0.0000000000E+00    0.0000000000E+00    0.4888780611E-12    0.4888780611E-12    0.9999968162E+00    0.9999968162E+00
    6    0.5425000000E+01    0.3483418059E+00    0.3483418059E+00    0.4060200108E+00    0.0000000000E+00    0.0000000000E+00    0.0000000000E+00    0.0000000000E+00    0.0000000000E+00    0.0000000000E+00    0.2685293385E-13    0.2685293385E-13    0.9999978317E+00    0.9999978317E+00
    7    0.5425000000E+01   -0.4644557413E+00   -0.4644557413E+00    0.4134051619E+00    0.0000000000E+00    0.0000000000E+00    0.0000000000E+00    0.0000000000E+00    0.0000000000E+00    0.0000000000E+00    0.5151512952E-15    0.5151512955E-15    0.9999990766E+00    0.9999990766E+00
    1    0.5683333333E+01    0.3483418059E+00    0.3483418059E+00    0.2943414265E+00    0.0000000000E+00    0.0000000000E+00    0.0000000000E+00    0.0000000000E+00    0.0000000000E+00    0.0000000000E+00    0.2001055504E-15    0.2415047855E-15    0.9999974462E+00    0.9999974462E+00
    2    0.5683333333E+01    0.3483418059E+00    0.3483418059E+00    0.4687674228E+00    0.0000000000E+00    0.0000000000E+00    0.0000000000E+00    0.0000000000E+00    0.0000000000E+00    0.0000000000E+00    0.1460088376E-13    0.1460092767E-13    0.9999975312E+00    0.9999975312E+00
    3    0.5683333333E+01   -0.4644557413E+00   -0.4644557413E+00    0.4392776134E+00    0.0000000000E+00    0.0000000000E+00    0.0000000000E+00    0.0000000000E+00    0.0000000000E+00    0.0000000000E+00    0.1561158713E-14    0.1561158714E-14    0.9999990319E+00    0.9999990319E+00
    4    0.5683333333E+01    0.3483418059E+00   -0.4644557413E+00   -0.1506580614E+00    0.0000000000E+00    0.0000000000E+00    0.0000000000E+00    0.0000000000E+00    0.0000000000E+00    0.0000000000E+00    0.2790113427E-13    0.4853249221E-13    0.9999978725E+00    0.9999978725E+00
    5    0.5683333333E+01   -0.4644557413E+00    0.3483418059E+00   -0.1492607064E+00    0.0000000000E+00    0.0000000000E+00    0.0000000000E+00    0.0000000000E+00    0.0000000000E+00    0.0000000000E+00    0.3105832686E-13    0.3105832686E-13    0.9999978663E+00    0.9999978663E+00
    1    0.5941666667E+01    0.3483418059E+00    0.3483418059E+00    0.3714766794E+00    0.0000000000E+00    0.0000000000E+00    0.0000000000E+00    0.0000000000E+00    0.0000000000E+00    0.0000000000E+00    0.5029813614E-12    0.5029813670E-12    0.9999963702E+00    0.9999963702E+00
    2    0.5941666667E+01    0.3483418059E+00    0.3483418059E+00    0.5439965928E+00    0.0000000000E+00    0.0000000000E+00    0.0000000000E+00    0.0000000000E+00    0.0000000000E+00    0.0000000000E+00    0.5184587467E-12    0.5184587468E-12    0.9999964491E+00    0.9999964491E+00
    3    0.5941666667E+01   -0.4644557413E+00   -0.4644557413E+00    0.4651959605E+00    0.0000000000E+00    0.0000000000E+00    0.0000000000E+00    0.0000000000E+00    0.0000000000E+00    0.0000000000E+00    0.2523758035E-14    0.2523758090E-14    0.9999989856E+00    0.9999989856E+00
    4    0.5941666667E+01    0.3483418059E+00   -0.4644557413E+00   -0.8326220446E-01    0.0000000000E+00    0.0000000000E+00    0.0000000000E+00    0.0000000000E+00    0.0000000000E+00    0.0000000000E+00    0.8863290108E-12    0.8863290108E-12    0.9999966157E+00    0.9999966157E+00
    5    0.5941666667E+01   -0.4644557413E+00    0.3483418059E+00   -0.8174000111E-01    0.0000000000E+00    0.0000000000E+00    0.0000000000E+00    0.0000000000E+00    0.0000000000E+00    0.0000000000E+00    0.9304410697E-12    0.9304410704E-12    0.9999966061E+00    0.9999966061E+00
    1    0.6200000000E+01   -0.4644557413E+00   -0.4644557413E+00    0.4911977576E+00    0.0000000000E+00    0.0000000000E+00    0.0000000000E+00    0.0000000000E+00    0.0000000000E+00    0.0000000000E+00    0.2739965765E-14    0.2739965765E-14    0.9999989376E+00    0.9999989376E+00
    1    0.6458333333E+01   -0.4644557413E+00   -0.4644557413E+00    0.5173188163E+00    0.0000000000E+00    0.0000000000E+00    0.0000000000E+00    0.0000000000E+00    0.0000000000E+00    0.0000000000E+00    0.1995782395E-14    0.1995782395E-14    0.9999988880E+00    0.9999988880E+00
    1    0.6716666667E+01   -0.4644557413E+00   -0.4644557413E+00    0.5435941531E+00    0.0000000000E+00    0.0000000000E+00    0.0000000000E+00    0.0000000000E+00    0.0000000000E+00    0.0000000000E+00    0.8286423081E-15    0.8286423081E-15    0.9999988359E+00    0.9999988359E+00
    1    0.6975000000E+01   -0.4644557413E+00   -0.4644557413E+00    0.5700593761E+00    0.0000000000E+00    0.0000000000E+00    0.0000000000E+00    0.0000000000E+00    0.0000000000E+00    0.0000000000E+00    0.1982247830E-15    0.1982247830E-15    0.9999987816E+00    0.9999987816E+00
    1    0.7233333333E+01   -0.4644557413E+00   -0.4644557413E+00   -0.5527215051E+00    0.0000000000E+00    0.0000000000E+00    0.0000000000E+00    0.0000000000E+00    0.0000000000E+00    0.0000000000E+00    0.5287182415E-15    0.5287182415E-15    0.9999987253E+00    0.9999987253E+00
    1    0.7491666667E+01   -0.4644557413E+00   -0.4644557413E+00   -0.5257698408E+00    0.0000000000E+00    0.0000000000E+00    0.0000000000E+00    0.0000000000E+00    0.0000000000E+00    0.0000000000E+00    0.2017928794E-14    0.2017928794E-14    0.9999986661E+00    0.9999986661E+00
    2    0.7491666667E+01    0.3483418059E+00   -0.4644557413E+00    0.4309890782E-01    0.0000000000E+00    0.0000000000E+00    0.0000000000E+00    0.0000000000E+00    0.0000000000E+00    0.0000000000E+00    0.3329915066E-11    0.3329915066E-11    0.9999951914E+00    0.9999951914E+00
    3    0.7491666667E+01   -0.4644557413E+00    0.3483418059E+00    0.4515779669E-01    0.0000000000E+00    0.0000000000E+00    0.0000000000E+00    0.0000000000E+00    0.0000000000E+00    0.0000000000E+00    0.2812242112E-11    0.2812242112E-11    0.9999955220E+00    0.9999955220E+00
    1    0.7750000000E+01   -0.4644557413E+00   -0.4644557413E+00   -0.4985168371E+00    0.0000000000E+00    0.0000000000E+00    0.0000000000E+00    0.0000000000E+00    0.0000000000E+00    0.0000000000E+00    0.3625857676E-14    0.3625857676E-14    0.9999986039E+00    0.9999986039E+00
    2    0.7750000000E+01    0.3483418059E+00   -0.4644557413E+00    0.1061384488E+00    0.0000000000E+00    0.0000000000E+00    0.0000000000E+00    0.0000000000E+00    0.0000000000E+00    0.0000000000E+00    0.2236845937E-12    0.2236845937E-12    0.9999975008E+00    0.9999975008E+00
    3    0.7750000000E+01   -0.4644557413E+00    0.3483418059E+00    0.1059832809E+00    0.0000000000E+00    0.0000000000E+00    0.0000000000E+00    0.0000000000E+00    0.0000000000E+00    0.0000000000E+00    0.2189826630E-12    0.2189826631E-12    0.9999975508E+00    0.9999975508E+00
    1    0.8008333333E+01   -0.4644557413E+00   -0.4644557413E+00   -0.4709202867E+00    0.0000000000E+00    0.0000000000E+00    0.0000000000E+00    0.0000000000E+00    0.0000000000E+00    0.0000000000E+00    0.4145490517E-14    0.4145490517E-14    0.9999985383E+00    0.9999985383E+00
    2    0.8008333333E+01    0.3483418059E+00   -0.4644557413E+00    0.1508290500E+00    0.0000000000E+00    0.0000000000E+00    0.0000000000E+00    0.0000000000E+00    0.0000000000E+00    0.0000000000E+00    0.2317623257E-13    0.2317623257E-13    0.9999978057E+00    0.9999978057E+00
    3    0.8008333333E+01   -0.4644557413E+00    0.3483418059E+00    0.1499578490E+00    0.0000000000E+00    0.0000000000E+00    0.0000000000E+00    0.0000000000E+00    0.0000000000E+00    0.0000000000E+00    0.2508782902E-13    0.2508782902E-13    0.9999978339E+00    0.9999978339E+00
    1    0.8266666667E+01   -0.4644557413E+00   -0.4644557413E+00   -0.4429344159E+00    0.0000000000E+00    0.0000000000E+00    0.0000000000E+00    0.0000000000E+00    0.0000000000E+00    0.0000000000E+00    0.3062654916E-14    0.3062654916E-14    0.9999984688E+00    0.9999984688E+00
    2    0.8266666667E+01    0.3483418059E+00   -0.4644557413E+00    0.1910590781E+00    0.0000000000E+00    0.0000000000E+00    0.0000000000E+00    0.0000000000E+00    0.0000000000E+00    0.0000000000E+00    0.1800952994E-17    0.1800952995E-17    0.9999978724E+00    0.9999978724E+00
    3    0.8266666667E+01   -0.4644557413E+00    0.3483418059E+00    0.1897579472E+00    0.0000000000E+00    0.0000000000E+00    0.0000000000E+00    0.0000000000E+00    0.0000000000E+00    0.0000000000E+00    0.2503795332E-16    0.2503795332E-16    0.9999978910E+00    0.9999978910E+00
    1    0.8525000000E+01   -0.4644557413E+00   -0.4644557413E+00   -0.4145090154E+00    0.0000000000E+00    0.0000000000E+00    0.0000000000E+00    0.0000000000E+00    0.0000000000E+00    0.0000000000E+00    0.1132926322E-14    0.1132926323E-14    0.9999983950E+00    0.9999983950E+00
    2    0.8525000000E+01    0.3483418059E+00   -0.4644557413E+00    0.2297724464E+00    0.0000000000E+00    0.0000000000E+00    0.0000000000E+00    0.0000000000E+00    0.0000000000E+00    0.0000000000E+00    0.4247870784E-14    0.4247870784E-14    0.9999978465E+00    0.9999978465E+00
    3    0.8525000000E+01   -0.4644557413E+00    0.3483418059E+00    0.2281994606E+00    0.0000000000E+00    0.0000000000E+00    0.0000000000E+00    0.0000000000E+00    0.0000000000E+00    0.0000000000E+00    0.5018313627E-14    0.5018313628E-14    0.9999978581E+00    0.9999978581E+00
    1    0.8783333333E+01   -0.4644557413E+00   -0.4644557413E+00   -0.3855884966E+00    0.0000000000E+00    0.0000000000E+00    0.0000000000E+00    0.0000000000E+00    0.0000000000E+00    0.0000000000E+00    0.7890442877E-17    0.7890442952E-17    0.9999983162E+00    0.9999983162E+00
    2    0.8783333333E+01    0.3483418059E+00   -0.4644557413E+00    0.2683200488E+00    0.0000000000E+00    0.0000000000E+00    0.0000000000E+00    0.0000000000E+00    0.0000000000E+00    0.0000000000E+00    0.6049403549E-14    0.6049403549E-14    0.9999977626E+00    0.9999977626E+00
    3    0.8783333333E+01   -0.4644557413E+00    0.3483418059E+00    0.2666009458E+00    0.0000000000E+00    0.0000000000E+00    0.0000000000E+00    0.0000000000E+00    0.0000000000E+00    0.0000000000E+00    0.9025096385E-14    0.9025096386E-14    0.9999977676E+00    0.9999977676E+00
    1    0.9041666667E+01   -0.4644557413E+00   -0.4644557413E+00   -0.3561107960E+00    0.0000000000E+00    0.0000000000E+00    0.0000000000E+00    0.0000000000E+00    0.0000000000E+00    0.0000000000E+00    0.9678041039E-15    0.9678041041E-15    0.9999982317E+00    0.9999982317E+00
    2    0.9041666667E+01    0.3483418059E+00   -0.4644557413E+00    0.8806800564E-01    0.0000000000E+00    0.0000000000E+00    0.0000000000E+00    0.0000000000E+00    0.0000000000E+00    0.0000000000E+00    0.1733418513E-11    0.1733418513E-11    0.9999948114E+00    0.9999948114E+00
    3    0.9041666667E+01   -0.4644557413E+00    0.3483418059E+00    0.9221680259E-01    0.0000000000E+00    0.0000000000E+00    0.0000000000E+00    0.0000000000E+00    0.0000000000E+00    0.0000000000E+00    0.1500054794E-11    0.1500054794E-11    0.9999952004E+00    0.9999952004E+00
    4    0.9041666667E+01    0.3483418059E+00   -0.4644557413E+00    0.3076203365E+00    0.0000000000E+00    0.0000000000E+00    0.0000000000E+00    0.0000000000E+00    0.0000000000E+00    0.0000000000E+00    0.7898543468E-14    0.7898543468E-14    0.9999976364E+00    0.9999976364E+00
    5    0.9041666667E+01   -0.4644557413E+00    0.3483418059E+00    0.3058780921E+00    0.0000000000E+00    0.0000000000E+00    0.0000000000E+00    0.0000000000E+00    0.0000000000E+00    0.0000000000E+00    0.6819786575E-14    0.6819786576E-14    0.9999976192E+00    0.9999976192E+00
    1    0.9300000000E+01   -0.4644557413E+00   -0.4644557413E+00   -0.3260060577E+00    0.0000000000E+00    0.0000000000E+00    0.0000000000E+00    0.0000000000E+00    0.0000000000E+00    0.0000000000E+00    0.3633086933E-14    0.3633086933E-14    0.9999981407E+00    0.9999981407E+00
    2    0.9300000000E+01    0.3483418059E+00   -0.4644557413E+00    0.1575349249E+00    0.0000000000E+00    0.0000000000E+00    0.0000000000E+00    0.0000000000E+00    0.0000000000E+00    0.0000000000E+00    0.3920750464E-13    0.3920750464E-13    0.9999963288E+00    0.9999963288E+00
    3    0.9300000000E+01   -0.4644557413E+00    0.3483418059E+00    0.1584195902E+00    0.0000000000E+00    0.0000000000E+00    0.0000000000E+00    0.0000000000E+00    0.0000000000E+00    0.0000000000E+00    0.7624007768E-13    0.7624007768E-13    0.9999964608E+00    0.9999964608E+00
    4    0.9300000000E+01    0.3483418059E+00   -0.4644557413E+00    0.3485348503E+00    0.0000000000E+00    0.0000000000E+00    0.0000000000E+00    0.0000000000E+00    0.0000000000E+00    0.0000000000E+00    0.1365680010E-14    0.1365680010E-14    0.9999974476E+00    0.9999974476E+00
    5    0.9300000000E+01   -0.4644557413E+00    0.3483418059E+00    0.3469078204E+00    0.0000000000E+00    0.0000000000E+00    0.0000000000E+00    0.0000000000E+00    0.0000000000E+00    0.0000000000E+00    0.2513246952E-13    0.2513246952E-13    0.9999974190E+00    0.9999974190E+00
    1    0.9558333333E+01   -0.4644557413E+00   -0.4644557413E+00   -0.2951950002E+00    0.0000000000E+00    0.0000000000E+00    0.0000000000E+00    0.0000000000E+00    0.0000000000E+00    0.0000000000E+00    0.5878730284E-14    0.5878730290E-14    0.9999980421E+00    0.9999980421E+00
    2    0.9558333333E+01    0.3483418059E+00   -0.4644557413E+00    0.2138988452E+00    0.0000000000E+00    0.0000000000E+00    0.0000000000E+00    0.0000000000E+00    0.0000000000E+00    0.0000000000E+00    0.4129295548E-14    0.4129295548E-14    0.9999965831E+00    0.9999965831E+00
    3    0.9558333333E+01   -0.4644557413E+00    0.3483418059E+00    0.2133802409E+00    0.0000000000E+00    0.0000000000E+00    0.0000000000E+00    0.0000000000E+00    0.0000000000E+00    0.0000000000E+00    0.5945396901E-13    0.5945396901E-13    0.9999966620E+00    0.9999966620E+00
    4    0.9558333333E+01    0.3483418059E+00   -0.4644557413E+00    0.3921258069E+00    0.0000000000E+00    0.0000000000E+00    0.0000000000E+00    0.0000000000E+00    0.0000000000E+00    0.0000000000E+00    0.9729763088E-15    0.9729763088E-15    0.9999971634E+00    0.9999971634E+00
    5    0.9558333333E+01   -0.4644557413E+00    0.3483418059E+00    0.3907885875E+00    0.0000000000E+00    0.0000000000E+00    0.0000000000E+00    0.0000000000E+00    0.0000000000E+00    0.0000000000E+00    0.5181803422E-13    0.5181803422E-13    0.9999971250E+00    0.9999971250E+00
    1    0.9816666667E+01   -0.4644557413E+00   -0.4644557413E+00   -0.2635868294E+00    0.0000000000E+00    0.0000000000E+00    0.0000000000E+00    0.0000000000E+00    0.0000000000E+00    0.0000000000E+00    0.5488291182E-14    0.5488291183E-14    0.9999979347E+00    0.9999979347E+00
    2    0.9816666667E+01    0.3483418059E+00    0.3483418059E+00   -0.3530250345E+00    0.0000000000E+00    0.0000000000E+00    0.0000000000E+00    0.0000000000E+00    0.0000000000E+00    0.0000000000E+00    0.6294778225E-12    0.6294778225E-12    0.9999945588E+00    0.9999945588E+00
    3    0.9816666667E+01    0.3483418059E+00    0.3483418059E+00   -0.5315179713E+00    0.0000000000E+00    0.0000000000E+00    0.0000000000E+00    0.0000000000E+00    0.0000000000E+00    0.0000000000E+00    0.6247833946E-12    0.6247833946E-12    0.9999948799E+00    0.9999948799E+00
    4    0.9816666667E+01    0.3483418059E+00   -0.4644557413E+00    0.2679090621E+00    0.0000000000E+00    0.0000000000E+00    0.0000000000E+00    0.0000000000E+00    0.0000000000E+00    0.0000000000E+00    0.6168660140E-14    0.6168660140E-14    0.9999964715E+00    0.9999964715E+00
    5    0.9816666667E+01   -0.4644557413E+00    0.3483418059E+00    0.2666066721E+00    0.0000000000E+00    0.0000000000E+00    0.0000000000E+00    0.0000000000E+00    0.0000000000E+00    0.0000000000E+00    0.5352416483E-13    0.5352416483E-13    0.9999965147E+00    0.9999965147E+00
    6    0.9816666667E+01    0.3483418059E+00   -0.4644557413E+00    0.4400595283E+00    0.0000000000E+00    0.0000000000E+00    0.0000000000E+00    0.0000000000E+00    0.0000000000E+00    0.0000000000E+00    0.3300467179E-14    0.3300467179E-14    0.9999967223E+00    0.9999967223E+00
    7    0.9816666667E+01   -0.4644557413E+00    0.3483418059E+00    0.4392610462E+00    0.0000000000E+00    0.0000000000E+00    0.0000000000E+00    0.0000000000E+00    0.0000000000E+00    0.0000000000E+00    0.2815873988E-13    0.2815873988E-13    0.9999966682E+00    0.9999966682E+00
    1    0.1007500000E+02   -0.4644557413E+00   -0.4644557413E+00   -0.2310764884E+00    0.0000000000E+00    0.0000000000E+00    0.0000000000E+00    0.0000000000E+00    0.0000000000E+00    0.0000000000E+00    0.2520298436E-14    0.2520298692E-14    0.9999978170E+00    0.9999978170E+00
    2    0.1007500000E+02    0.3483418059E+00    0.3483418059E+00   -0.2774062838E+00    0.0000000000E+00    0.0000000000E+00    0.0000000000E+00    0.0000000000E+00    0.0000000000E+00    0.0000000000E+00    0.1249144003E-12    0.1249144003E-12    0.9999952659E+00    0.9999952659E+00
    3    0.1007500000E+02    0.3483418059E+00    0.3483418059E+00   -0.4623592144E+00    0.0000000000E+00    0.0000000000E+00    0.0000000000E+00    0.0000000000E+00    0.0000000000E+00    0.0000000000E+00    0.1215561481E-13    0.1215561482E-13    0.9999958593E+00    0.9999958593E+00
    4    0.1007500000E+02   -0.4644557413E+00    0.3483418059E+00    0.3235776216E+00    0.0000000000E+00    0.0000000000E+00    0.0000000000E+00    0.0000000000E+00    0.0000000000E+00    0.0000000000E+00    0.7048233084E-13    0.7048233090E-13    0.9999959365E+00    0.9999959365E+00
    5    0.1007500000E+02    0.3483418059E+00   -0.4644557413E+00    0.3251327178E+00    0.0000000000E+00    0.0000000000E+00    0.0000000000E+00    0.0000000000E+00    0.0000000000E+00    0.0000000000E+00    0.2238046842E-13    0.2238046842E-13    0.9999959433E+00    0.9999959433E+00
    6    0.1007500000E+02   -0.4644557413E+00    0.3483418059E+00    0.4959325703E+00    0.0000000000E+00    0.0000000000E+00    0.0000000000E+00    0.0000000000E+00    0.0000000000E+00    0.0000000000E+00    0.6510644226E-13    0.6510644228E-13    0.9999958206E+00    0.9999958206E+00
    7    0.1007500000E+02    0.3483418059E+00   -0.4644557413E+00    0.4957655569E+00    0.0000000000E+00    0.0000000000E+00    0.0000000000E+00    0.0000000000E+00    0.0000000000E+00    0.0000000000E+00    0.2451434638E-13    0.2451434638E-13    0.9999959067E+00    0.9999959067E+00
    1    0.1033333333E+02    0.3483418059E+00    0.3483418059E+00   -0.2046956570E+00    0.0000000000E+00    0.0000000000E+00    0.0000000000E+00    0.0000000000E+00    0.0000000000E+00    0.0000000000E+00    0.1116289536E-12    0.1116289554E-12    0.9999948060E+00    0.9999948060E+00
    2    0.1033333333E+02   -0.4644557413E+00   -0.4644557413E+00   -0.1975409138E+00    0.0000000000E+00    0.0000000000E+00    0.0000000000E+00    0.0000000000E+00    0.0000000000E+00    0.0000000000E+00    0.7167282388E-16    0.7167294874E-16    0.9999976869E+00    0.9999976869E+00
    3    0.1033333333E+02    0.3483418059E+00    0.3483418059E+00   -0.4021650387E+00    0.0000000000E+00    0.0000000000E+00    0.0000000000E+00    0.0000000000E+00    0.0000000000E+00    0.0000000000E+00    0.9665669605E-13    0.9665671825E-13    0.9999960196E+00    0.9999960196E+00
    4    0.1033333333E+02   -0.4644557413E+00    0.3483418059E+00    0.3970991869E+00    0.0000000000E+00    0.0000000000E+00    0.0000000000E+00    0.0000000000E+00    0.0000000000E+00    0.0000000000E+00    0.4176549986E-11    0.4176549986E-11    0.9999934691E+00    0.9999934691E+00
    5    0.1033333333E+02    0.3483418059E+00   -0.4644557413E+00    0.3976875151E+00    0.0000000000E+00    0.0000000000E+00    0.0000000000E+00    0.0000000000E+00    0.0000000000E+00    0.0000000000E+00    0.2096524855E-11    0.2096524855E-11    0.9999939896E+00    0.9999939896E+00
    6    0.1033333333E+02   -0.4644557413E+00    0.3483418059E+00    0.5737230365E+00    0.0000000000E+00    0.0000000000E+00    0.0000000000E+00    0.0000000000E+00    0.0000000000E+00    0.0000000000E+00    0.1344440132E-10    0.1344440132E-10    0.9999901344E+00    0.9999901344E+00
    7    0.1033333333E+02    0.3483418059E+00   -0.4644557413E+00    0.5716237798E+00    0.0000000000E+00    0.0000000000E+00    0.0000000000E+00    0.0000000000E+00    0.0000000000E+00    0.0000000000E+00    0.8195736826E-11    0.8195736826E-11    0.9999913303E+00    0.9999913303E+00
    1    0.1059166667E+02    0.3483418059E+00    0.3483418059E+00   -0.1150661318E+00    0.0000000000E+00    0.0000000000E+00    0.0000000000E+00    0.0000000000E+00    0.0000000000E+00    0.0000000000E+00    0.2971662545E-11    0.2971662545E-11    0.9999919850E+00    0.9999919850E+00
    2    0.1059166667E+02   -0.4644557413E+00   -0.4644557413E+00   -0.1628337507E+00    0.0000000000E+00    0.0000000000E+00    0.0000000000E+00    0.0000000000E+00    0.0000000000E+00    0.0000000000E+00    0.1695014986E-14    0.1695014986E-14    0.9999975419E+00    0.9999975419E+00
    3    0.1059166667E+02    0.3483418059E+00    0.3483418059E+00    0.5360886541E+00    0.0000000000E+00    0.0000000000E+00    0.0000000000E+00    0.0000000000E+00    0.0000000000E+00    0.0000000000E+00    0.2568938990E-10    0.2568938990E-10    0.9999869037E+00    0.9999869037E+00
    4    0.1059166667E+02    0.3483418059E+00    0.3483418059E+00   -0.3434888694E+00    0.0000000000E+00    0.0000000000E+00    0.0000000000E+00    0.0000000000E+00    0.0000000000E+00    0.0000000000E+00    0.2844971012E-12    0.2844971012E-12    0.9999958416E+00    0.9999958416E+00
    5    0.1059166667E+02    0.3483418059E+00    0.3483418059E+00   -0.4332527995E+00    0.0000000000E+00    0.0000000000E+00    0.0000000000E+00    0.0000000000E+00    0.0000000000E+00    0.0000000000E+00    0.2559334049E-10    0.2559334049E-10    0.9999864525E+00    0.9999864525E+00
    1    0.1085000000E+02   -0.4644557413E+00   -0.4644557413E+00   -0.1267775790E+00    0.0000000000E+00    0.0000000000E+00    0.0000000000E+00    0.0000000000E+00    0.0000000000E+00    0.0000000000E+00    0.6922821064E-14    0.6922821064E-14    0.9999973788E+00    0.9999973788E+00
    2    0.1085000000E+02    0.3483418059E+00    0.3483418059E+00   -0.5128046174E+00    0.0000000000E+00    0.0000000000E+00    0.0000000000E+00    0.0000000000E+00    0.0000000000E+00    0.0000000000E+00    0.2007545067E-12    0.2007545067E-12    0.9999948992E+00    0.9999948992E+00
    3    0.1085000000E+02    0.3483418059E+00    0.3483418059E+00   -0.3227704242E+00    0.0000000000E+00    0.0000000000E+00    0.0000000000E+00    0.0000000000E+00    0.0000000000E+00    0.0000000000E+00    0.2896694035E-12    0.2896694035E-12    0.9999939979E+00    0.9999939979E+00
    4    0.1085000000E+02    0.3483418059E+00    0.3483418059E+00   -0.2823342445E+00    0.0000000000E+00    0.0000000000E+00    0.0000000000E+00    0.0000000000E+00    0.0000000000E+00    0.0000000000E+00    0.8615192525E-13    0.8615192525E-13    0.9999954567E+00    0.9999954567E+00
    1    0.1110833333E+02   -0.4644557413E+00   -0.4644557413E+00   -0.8915190465E-01    0.0000000000E+00    0.0000000000E+00    0.0000000000E+00    0.0000000000E+00    0.0000000000E+00    0.0000000000E+00    0.1002013647E-13    0.1002013647E-13    0.9999971926E+00    0.9999971926E+00
    2    0.1110833333E+02    0.3483418059E+00    0.3483418059E+00   -0.4489950678E+00    0.0000000000E+00    0.0000000000E+00    0.0000000000E+00    0.0000000000E+00    0.0000000000E+00    0.0000000000E+00    0.7199617703E-13    0.7199617703E-13    0.9999957569E+00    0.9999957569E+00
    3    0.1110833333E+02    0.3483418059E+00    0.3483418059E+00   -0.2427068106E+00    0.0000000000E+00    0.0000000000E+00    0.0000000000E+00    0.0000000000E+00    0.0000000000E+00    0.0000000000E+00    0.1678782976E-12    0.1678782976E-12    0.9999941563E+00    0.9999941563E+00
    4    0.1110833333E+02    0.3483418059E+00    0.3483418059E+00   -0.2140296595E+00    0.0000000000E+00    0.0000000000E+00    0.0000000000E+00    0.0000000000E+00    0.0000000000E+00    0.0000000000E+00    0.1012365870E-12    0.1012365870E-12    0.9999945683E+00    0.9999945683E+00
    1    0.1136666667E+02    0.3483418059E+00    0.3483418059E+00   -0.3930869629E+00    0.0000000000E+00    0.0000000000E+00    0.0000000000E+00    0.0000000000E+00    0.0000000000E+00    0.0000000000E+00    0.1722317637E-12    0.1722317637E-12    0.9999959759E+00    0.9999959759E+00
    2    0.1136666667E+02   -0.4644557413E+00   -0.4644557413E+00   -0.4967347914E-01    0.0000000000E+00    0.0000000000E+00    0.0000000000E+00    0.0000000000E+00    0.0000000000E+00    0.0000000000E+00    0.6215686395E-14    0.6215686395E-14    0.9999969765E+00    0.9999969765E+00
    3    0.1136666667E+02    0.3483418059E+00    0.3483418059E+00   -0.1541288821E+00    0.0000000000E+00    0.0000000000E+00    0.0000000000E+00    0.0000000000E+00    0.0000000000E+00    0.0000000000E+00    0.1069198362E-11    0.1069198362E-11    0.9999921302E+00    0.9999921302E+00
    4    0.1136666667E+02    0.3483418059E+00    0.3483418059E+00   -0.1271519585E+00    0.0000000000E+00    0.0000000000E+00    0.0000000000E+00    0.0000000000E+00    0.0000000000E+00    0.0000000000E+00    0.1003718270E-11    0.1003718270E-11    0.9999920262E+00    0.9999920262E+00
    1    0.1162500000E+02    0.3483418059E+00    0.3483418059E+00   -0.3395087677E+00    0.0000000000E+00    0.0000000000E+00    0.0000000000E+00    0.0000000000E+00    0.0000000000E+00    0.0000000000E+00    0.4556495931E-14    0.4556495931E-14    0.9999959226E+00    0.9999959226E+00
    2    0.1162500000E+02   -0.4644557413E+00   -0.4644557413E+00   -0.7961395578E-02    0.0000000000E+00    0.0000000000E+00    0.0000000000E+00    0.0000000000E+00    0.0000000000E+00    0.0000000000E+00    0.8659056020E-15    0.8659056021E-15    0.9999967192E+00    0.9999967192E+00
    3    0.1162500000E+02    0.3483418059E+00   -0.4644557413E+00    0.2881965473E+00    0.0000000000E+00    0.0000000000E+00    0.0000000000E+00    0.0000000000E+00    0.0000000000E+00    0.0000000000E+00    0.1297623160E-11    0.1297623160E-11    0.9999669466E+00    0.9999669466E+00
    4    0.1162500000E+02   -0.4644557413E+00    0.3483418059E+00    0.2994219358E+00    0.0000000000E+00    0.0000000000E+00    0.0000000000E+00    0.0000000000E+00    0.0000000000E+00    0.0000000000E+00    0.5437575030E-11    0.5437575030E-11    0.9999668257E+00    0.9999668257E+00
    1    0.1188333333E+02    0.3483418059E+00    0.3483418059E+00   -0.2854210444E+00    0.0000000000E+00    0.0000000000E+00    0.0000000000E+00    0.0000000000E+00    0.0000000000E+00    0.0000000000E+00    0.2342203212E-13    0.2342203212E-13    0.9999956992E+00    0.9999956992E+00
    2    0.1188333333E+02   -0.4644557413E+00   -0.4644557413E+00    0.3652759015E-01    0.0000000000E+00    0.0000000000E+00    0.0000000000E+00    0.0000000000E+00    0.0000000000E+00    0.0000000000E+00    0.5022021797E-14    0.5022021815E-14    0.9999964021E+00    0.9999964021E+00
    3    0.1188333333E+02    0.3483418059E+00   -0.4644557413E+00    0.4942171479E+00    0.3483418059E+00   -0.4644557413E+00   -0.6552521671E+00   -0.3262646379E+01    0.2985607000E+01    0.3918427121E+01    0.3458451180E-13    0.3458451180E-13    0.9999915325E+00    0.9999915325E+00
    4    0.1188333333E+02   -0.4644557413E+00    0.3483418059E+00    0.4920328572E+00    0.0000000000E+00    0.0000000000E+00    0.0000000000E+00    0.0000000000E+00    0.0000000000E+00    0.0000000000E+00    0.9781967792E-14    0.9781967792E-14    0.9999916391E+00    0.9999916391E+00
    1    0.1214166667E+02    0.3483418059E+00    0.3483418059E+00   -0.2283357532E+00    0.0000000000E+00    0.0000000000E+00    0.0000000000E+00    0.0000000000E+00    0.0000000000E+00    0.0000000000E+00    0.2005231847E-13    0.2005232101E-13    0.9999952508E+00    0.9999952508E+00
    2    0.1214166667E+02   -0.4644557413E+00   -0.4644557413E+00    0.8464557422E-01    0.0000000000E+00    0.0000000000E+00    0.0000000000E+00    0.0000000000E+00    0.0000000000E+00    0.0000000000E+00    0.1608762784E-13    0.1608762912E-13    0.9999959875E+00    0.9999959875E+00
    3    0.1214166667E+02    0.3483418059E+00   -0.4644557413E+00   -0.5618089804E+00    0.3483418059E+00   -0.4644557413E+00    0.5876603347E+00   -0.3223765315E+01    0.3017108380E+01   -0.4116545171E+01    0.3178249481E-12    0.3178249481E-12    0.9999929285E+00    0.9999929285E+00
    4    0.1214166667E+02   -0.4644557413E+00    0.3483418059E+00   -0.5633179601E+00    0.0000000000E+00    0.0000000000E+00    0.0000000000E+00    0.0000000000E+00    0.0000000000E+00    0.0000000000E+00    0.1343485834E-14    0.1343485834E-14    0.9999929427E+00    0.9999929427E+00
    1    0.1240000000E+02    0.3483418059E+00    0.3483418059E+00   -0.1645737693E+00    0.0000000000E+00    0.0000000000E+00    0.0000000000E+00    0.0000000000E+00    0.0000000000E+00    0.0000000000E+00    0.4723558422E-13    0.4723558422E-13    0.9999943608E+00    0.9999943608E+00
    2    0.1240000000E+02   -0.4644557413E+00   -0.4644557413E+00    0.1378959864E+00    0.0000000000E+00    0.0000000000E+00    0.0000000000E+00    0.0000000000E+00    0.0000000000E+00    0.0000000000E+00    0.1091193671E-13    0.1091193671E-13    0.9999953907E+00    0.9999953907E+00
    3    0.1240000000E+02    0.3483418059E+00   -0.4644557413E+00   -0.4721873354E+00    0.0000000000E+00    0.0000000000E+00    0.0000000000E+00    0.0000000000E+00    0.0000000000E+00    0.0000000000E+00    0.1771879283E-14    0.1771879283E-14    0.9999922555E+00    0.9999922555E+00
    4    0.1240000000E+02   -0.4644557413E+00    0.3483418059E+00   -0.4718892254E+00    0.0000000000E+00    0.0000000000E+00    0.0000000000E+00    0.0000000000E+00    0.0000000000E+00    0.0000000000E+00    0.2508003472E-13    0.2508003472E-13    0.9999920402E+00    0.9999920402E+00
    1    0.1265833333E+02   -0.4644557413E+00   -0.4644557413E+00    0.1994176450E+00    0.0000000000E+00    0.0000000000E+00    0.0000000000E+00    0.0000000000E+00    0.0000000000E+00    0.0000000000E+00    0.3005546572E-15    0.3005546603E-15    0.9999943852E+00    0.9999943852E+00
    2    0.1265833333E+02    0.3483418059E+00    0.3483418059E+00   -0.8287071841E-01    0.0000000000E+00    0.0000000000E+00    0.0000000000E+00    0.0000000000E+00    0.0000000000E+00    0.0000000000E+00    0.4539801704E-11    0.4539801704E-11    0.9999913064E+00    0.9999913064E+00
    3    0.1265833333E+02    0.3483418059E+00   -0.4644557413E+00   -0.3606698795E+00    0.0000000000E+00    0.0000000000E+00    0.0000000000E+00    0.0000000000E+00    0.0000000000E+00    0.0000000000E+00    0.1080717723E-13    0.1080717723E-13    0.9999884491E+00    0.9999884491E+00
    4    0.1265833333E+02   -0.4644557413E+00    0.3483418059E+00   -0.3567132562E+00    0.0000000000E+00    0.0000000000E+00    0.0000000000E+00    0.0000000000E+00    0.0000000000E+00    0.0000000000E+00    0.4978732420E-13    0.4978732420E-13    0.9999880315E+00    0.9999880315E+00
    1    0.1291666667E+02   -0.4644557413E+00   -0.4644557413E+00    0.2768973500E+00    0.0000000000E+00    0.0000000000E+00    0.0000000000E+00    0.0000000000E+00    0.0000000000E+00    0.0000000000E+00    0.8892758072E-14    0.8892758072E-14    0.9999923557E+00    0.9999923557E+00
    1    0.1317500000E+02   -0.4644557413E+00   -0.4644557413E+00    0.3830302402E+00    0.0000000000E+00    0.0000000000E+00    0.0000000000E+00    0.0000000000E+00    0.0000000000E+00    0.0000000000E+00    0.2529029865E-19    0.2529029865E-19    0.9999897523E+00    0.9999897523E+00
    1    0.1343333333E+02    0.3483418059E+00    0.3483418059E+00    0.5535743206E+00    0.0000000000E+00    0.0000000000E+00    0.0000000000E+00    0.0000000000E+00    0.0000000000E+00    0.0000000000E+00    0.2602020440E-09    0.2602020440E-09    0.9999386012E+00    0.9999386012E+00
    2    0.1343333333E+02   -0.4644557413E+00   -0.4644557413E+00    0.4981925376E+00    0.0000000000E+00    0.0000000000E+00    0.0000000000E+00    0.0000000000E+00    0.0000000000E+00    0.0000000000E+00    0.7068517211E-12    0.7068517211E-12    0.9999882269E+00    0.9999882269E+00
    3    0.1343333333E+02    0.3483418059E+00    0.3483418059E+00    0.5125924975E-01    0.0000000000E+00    0.0000000000E+00    0.0000000000E+00    0.0000000000E+00    0.0000000000E+00    0.0000000000E+00    0.2907340630E-11    0.2907340630E-11    0.9999792719E+00    0.9999792719E+00
    4    0.1343333333E+02   -0.4644557413E+00   -0.4644557413E+00    0.3112476354E+00    0.0000000000E+00    0.0000000000E+00    0.0000000000E+00    0.0000000000E+00    0.0000000000E+00    0.0000000000E+00    0.3971762961E-11    0.3971762961E-11    0.9999710802E+00    0.9999710802E+00
    5    0.1343333333E+02   -0.4644557413E+00   -0.4644557413E+00    0.1641885714E+00   -0.4644557413E+00   -0.4644557413E+00   -0.9852807436E+00    0.3539877313E+00    0.3576666774E+00   -0.1684841336E+00    0.3197184800E-11    0.3197184800E-11    0.9999751617E+00    0.9999751617E+00
    6    0.1343333333E+02    0.3483418059E+00    0.3483418059E+00    0.2023764463E+00    0.0000000000E+00    0.0000000000E+00    0.0000000000E+00    0.0000000000E+00    0.0000000000E+00    0.0000000000E+00    0.1355637615E-11    0.1355637615E-11    0.9999701193E+00    0.9999701193E+00
    7    0.1343333333E+02    0.3483418059E+00    0.3483418059E+00    0.1920365838E+00    0.0000000000E+00    0.0000000000E+00    0.0000000000E+00    0.0000000000E+00    0.0000000000E+00    0.0000000000E+00    0.9121714283E-11    0.9121714283E-11    0.9999696580E+00    0.9999696580E+00
    1    0.1369166667E+02    0.3483418059E+00    0.3483418059E+00   -0.4759709547E+00    0.0000000000E+00    0.0000000000E+00    0.0000000000E+00    0.0000000000E+00    0.0000000000E+00    0.0000000000E+00    0.6782516633E-08    0.6782516633E-08    0.9997920390E+00    0.9997920390E+00
    2    0.1369166667E+02   -0.4644557413E+00   -0.4644557413E+00   -0.5531333405E+00   -0.4644557413E+00   -0.4644557413E+00   -0.5531333405E+00    0.8077147901E+00    0.8057114077E+00    0.1074683256E+01    0.4852312125E-12    0.4852449012E-12    0.9999919574E+00    0.9999919574E+00
    3    0.1369166667E+02   -0.4644557413E+00   -0.4644557413E+00    0.5068176724E+00    0.0000000000E+00    0.0000000000E+00    0.0000000000E+00    0.0000000000E+00    0.0000000000E+00    0.0000000000E+00    0.4890590971E-12    0.4890600069E-12    0.9999874346E+00    0.9999874346E+00
    4    0.1369166667E+02    0.3483418059E+00    0.3483418059E+00    0.4003587620E+00    0.0000000000E+00    0.0000000000E+00    0.0000000000E+00    0.0000000000E+00    0.0000000000E+00    0.0000000000E+00    0.6737523187E-08    0.6737523187E-08    0.9998064389E+00    0.9998064389E+00
    5    0.1369166667E+02   -0.4644557413E+00   -0.4644557413E+00    0.3290194485E+00    0.0000000000E+00    0.0000000000E+00    0.0000000000E+00    0.0000000000E+00    0.0000000000E+00    0.0000000000E+00    0.7119982347E-13    0.7126649843E-13    0.9999895623E+00    0.9999895623E+00
    6    0.1369166667E+02   -0.4644557413E+00    0.3483418059E+00    0.2035717523E+00    0.0000000000E+00    0.0000000000E+00    0.0000000000E+00    0.0000000000E+00    0.0000000000E+00    0.0000000000E+00    0.1506055373E-12    0.1506055522E-12    0.9999816722E+00    0.9999816722E+00
    7    0.1369166667E+02    0.3483418059E+00   -0.4644557413E+00    0.2019393386E+00    0.0000000000E+00    0.0000000000E+00    0.0000000000E+00    0.0000000000E+00    0.0000000000E+00    0.0000000000E+00    0.1793111145E-12    0.1793111192E-12    0.9999813581E+00    0.9999813581E+00
    1    0.1395000000E+02   -0.4644557413E+00   -0.4644557413E+00   -0.4656238984E+00    0.0000000000E+00    0.0000000000E+00    0.0000000000E+00    0.0000000000E+00    0.0000000000E+00    0.0000000000E+00    0.2983061881E-12    0.2983061881E-12    0.9999921135E+00    0.9999921135E+00
    2    0.1395000000E+02   -0.4644557413E+00   -0.4644557413E+00   -0.5204124008E+00    0.0000000000E+00    0.0000000000E+00    0.0000000000E+00    0.0000000000E+00    0.0000000000E+00    0.0000000000E+00    0.4256640396E-12    0.4256640396E-12    0.9999897247E+00    0.9999897247E+00
    3    0.1395000000E+02    0.3483418059E+00   -0.4644557413E+00    0.1350647588E+00    0.0000000000E+00    0.0000000000E+00    0.0000000000E+00    0.0000000000E+00    0.0000000000E+00    0.0000000000E+00    0.8948667240E-10    0.8948667240E-10    0.9999333407E+00    0.9999333407E+00
    4    0.1395000000E+02   -0.4644557413E+00    0.3483418059E+00    0.1420346323E+00    0.0000000000E+00    0.0000000000E+00    0.0000000000E+00    0.0000000000E+00    0.0000000000E+00    0.0000000000E+00    0.5086486108E-10    0.5086486108E-10    0.9999389763E+00    0.9999389763E+00
    5    0.1395000000E+02   -0.4644557413E+00   -0.4644557413E+00    0.4330669760E+00    0.0000000000E+00    0.0000000000E+00    0.0000000000E+00    0.0000000000E+00    0.0000000000E+00    0.0000000000E+00    0.2460096976E-12    0.2460096976E-12    0.9999908211E+00    0.9999908211E+00
    6    0.1395000000E+02   -0.4644557413E+00    0.3483418059E+00    0.3924815186E+00    0.0000000000E+00    0.0000000000E+00    0.0000000000E+00    0.0000000000E+00    0.0000000000E+00    0.0000000000E+00    0.2928192122E-11    0.2928192122E-11    0.9999813615E+00    0.9999813615E+00
    7    0.1395000000E+02    0.3483418059E+00   -0.4644557413E+00    0.3929284705E+00    0.0000000000E+00    0.0000000000E+00    0.0000000000E+00    0.0000000000E+00    0.0000000000E+00    0.0000000000E+00    0.1360728031E-10    0.1360728031E-10    0.9999818220E+00    0.9999818220E+00
    1    0.1420833333E+02   -0.4644557413E+00   -0.4644557413E+00   -0.3808398721E+00    0.0000000000E+00    0.0000000000E+00    0.0000000000E+00    0.0000000000E+00    0.0000000000E+00    0.0000000000E+00    0.8071149359E-13    0.8071149359E-13    0.9999918927E+00    0.9999918927E+00
    2    0.1420833333E+02   -0.4644557413E+00   -0.4644557413E+00   -0.4112374762E+00    0.0000000000E+00    0.0000000000E+00    0.0000000000E+00    0.0000000000E+00    0.0000000000E+00    0.0000000000E+00    0.1087574992E-12    0.1087574992E-12    0.9999898257E+00    0.9999898257E+00
    3    0.1420833333E+02   -0.4644557413E+00   -0.4644557413E+00    0.5368393201E+00    0.0000000000E+00    0.0000000000E+00    0.0000000000E+00    0.0000000000E+00    0.0000000000E+00    0.0000000000E+00    0.1403375060E-12    0.1403375060E-12    0.9999898625E+00    0.9999898625E+00
    1    0.1446666667E+02   -0.4644557413E+00   -0.4644557413E+00   -0.4927630425E+00    0.0000000000E+00    0.0000000000E+00    0.0000000000E+00    0.0000000000E+00    0.0000000000E+00    0.0000000000E+00    0.4149418753E-12    0.4149418753E-12    0.9999873111E+00    0.9999873111E+00
    2    0.1446666667E+02   -0.4644557413E+00   -0.4644557413E+00   -0.2899546254E+00    0.0000000000E+00    0.0000000000E+00    0.0000000000E+00    0.0000000000E+00    0.0000000000E+00    0.0000000000E+00    0.6444835247E-12    0.6444835247E-12    0.9999907067E+00    0.9999907067E+00
    3    0.1446666667E+02   -0.4644557413E+00   -0.4644557413E+00   -0.2958560453E+00    0.0000000000E+00    0.0000000000E+00    0.0000000000E+00    0.0000000000E+00    0.0000000000E+00    0.0000000000E+00    0.1177834080E-11    0.1177834080E-11    0.9999880218E+00    0.9999880218E+00
    1    0.1472500000E+02   -0.4644557413E+00   -0.4644557413E+00   -0.3335415852E+00    0.0000000000E+00    0.0000000000E+00    0.0000000000E+00    0.0000000000E+00    0.0000000000E+00    0.0000000000E+00    0.1323105339E-11    0.1323105339E-11    0.9999809038E+00    0.9999809038E+00
    2    0.1472500000E+02   -0.4644557413E+00   -0.4644557413E+00   -0.1748239756E+00    0.0000000000E+00    0.0000000000E+00    0.0000000000E+00    0.0000000000E+00    0.0000000000E+00    0.0000000000E+00    0.5188428937E-12    0.5188428937E-12    0.9999860523E+00    0.9999860523E+00
    3    0.1472500000E+02   -0.4644557413E+00   -0.4644557413E+00   -0.1342612777E+00    0.0000000000E+00    0.0000000000E+00    0.0000000000E+00    0.0000000000E+00    0.0000000000E+00    0.0000000000E+00    0.1400319323E-10    0.1400319323E-10    0.9999766201E+00    0.9999766201E+00
