    1    0.2066666667E+01    0.5805696766E+00   -0.4644557413E+00    0.1625833402E-01    0.0000000000E+00    0.0000000000E+00    0.0000000000E+00    0.0000000000E+00    0.0000000000E+00    0.0000000000E+00    0.2660301242E-10    0.2660301242E-10    0.9999879976E+00    0.9999879976E+00
    1    0.2325000000E+01    0.5805696766E+00   -0.4644557413E+00    0.1717839126E+00    0.0000000000E+00    0.0000000000E+00    0.0000000000E+00    0.0000000000E+00    0.0000000000E+00    0.0000000000E+00    0.2433199159E-14    0.2433199159E-14    0.9999985918E+00    0.9999985918E+00
    1    0.2583333333E+01    0.5805696766E+00   -0.4644557413E+00   -0.1367987177E+00    0.0000000000E+00    0.0000000000E+00    0.0000000000E+00    0.0000000000E+00    0.0000000000E+00    0.0000000000E+00    0.2657530518E-12    0.2657530518E-12    0.9999979205E+00    0.9999979205E+00
    2    0.2583333333E+01    0.5805696766E+00   -0.4644557413E+00    0.3357731079E+00    0.0000000000E+00    0.0000000000E+00    0.0000000000E+00    0.0000000000E+00    0.0000000000E+00    0.0000000000E+00    0.2563692893E-12    0.2563692893E-12    0.9999981077E+00    0.9999981077E+00
    3    0.2583333333E+01    0.5805696766E+00   -0.4644557413E+00    0.2392946348E+00    0.0000000000E+00    0.0000000000E+00    0.0000000000E+00    0.0000000000E+00    0.0000000000E+00    0.0000000000E+00    0.5218418549E-13    0.5218418549E-13    0.9999988335E+00    0.9999988335E+00
    1    0.2841666667E+01    0.5805696766E+00   -0.4644557413E+00    0.4196889494E+00    0.0000000000E+00    0.0000000000E+00    0.0000000000E+00    0.0000000000E+00    0.0000000000E+00    0.0000000000E+00    0.1621614338E-14    0.1621614432E-14    0.9999986331E+00    0.9999986331E+00
    2    0.2841666667E+01    0.5805696766E+00   -0.4644557413E+00    0.2991419172E+00    0.0000000000E+00    0.0000000000E+00    0.0000000000E+00    0.0000000000E+00    0.0000000000E+00    0.0000000000E+00    0.6166843122E-14    0.6166843124E-14    0.9999989856E+00    0.9999989856E+00
    3    0.2841666667E+01   -0.2322278706E+00   -0.4644557413E+00    0.2769922743E+00    0.0000000000E+00    0.0000000000E+00    0.0000000000E+00    0.0000000000E+00    0.0000000000E+00    0.0000000000E+00    0.1887670336E-14    0.1887670336E-14    0.9999972113E+00    0.9999972113E+00
    1    0.3100000000E+01   -0.2322278706E+00   -0.4644557413E+00   -0.2405451282E+00    0.0000000000E+00    0.0000000000E+00    0.0000000000E+00    0.0000000000E+00    0.0000000000E+00    0.0000000000E+00    0.5973237106E-12    0.5973237106E-12    0.9999973163E+00    0.9999973163E+00
    2    0.3100000000E+01    0.5805696766E+00   -0.4644557413E+00    0.4876987635E+00    0.0000000000E+00    0.0000000000E+00    0.0000000000E+00    0.0000000000E+00    0.0000000000E+00    0.0000000000E+00    0.5445402341E-14    0.5445402341E-14    0.9999986831E+00    0.9999986831E+00
    3    0.3100000000E+01   -0.2322278706E+00   -0.4644557413E+00    0.4612275858E+00    0.0000000000E+00    0.0000000000E+00    0.0000000000E+00    0.0000000000E+00    0.0000000000E+00    0.0000000000E+00    0.4220099202E-12    0.4220099202E-12    0.9999973670E+00    0.9999973670E+00
    4    0.3100000000E+01    0.5805696766E+00   -0.4644557413E+00    0.3501116603E+00    0.0000000000E+00    0.0000000000E+00    0.0000000000E+00    0.0000000000E+00    0.0000000000E+00    0.0000000000E+00    0.2156236994E-14    0.2156236994E-14    0.9999989741E+00    0.9999989741E+00
    5    0.3100000000E+01   -0.2322278706E+00   -0.4644557413E+00    0.3454189562E+00    0.0000000000E+00    0.0000000000E+00    0.0000000000E+00    0.0000000000E+00    0.0000000000E+00    0.0000000000E+00    0.2634124021E-12    0.2634124021E-12    0.9999976931E+00    0.9999976931E+00
    1    0.3358333333E+01   -0.2322278706E+00   -0.4644557413E+00   -0.1476092602E+00    0.0000000000E+00    0.0000000000E+00    0.0000000000E+00    0.0000000000E+00    0.0000000000E+00    0.0000000000E+00    0.1440584963E-13    0.1440584963E-13    0.9999983250E+00    0.9999983250E+00
    2    0.3358333333E+01   -0.2322278706E+00   -0.4644557413E+00    0.5676831378E+00    0.0000000000E+00    0.0000000000E+00    0.0000000000E+00    0.0000000000E+00    0.0000000000E+00    0.0000000000E+00    0.7447929422E-13    0.7447929422E-13    0.9999978863E+00    0.9999978863E+00
    3    0.3358333333E+01    0.5805696766E+00   -0.4644557413E+00    0.5531854642E+00    0.0000000000E+00    0.0000000000E+00    0.0000000000E+00    0.0000000000E+00    0.0000000000E+00    0.0000000000E+00    0.5776298731E-14    0.5776298731E-14    0.9999985355E+00    0.9999985355E+00
    4    0.3358333333E+01    0.5805696766E+00   -0.4644557413E+00    0.3966917586E+00    0.0000000000E+00    0.0000000000E+00    0.0000000000E+00    0.0000000000E+00    0.0000000000E+00    0.0000000000E+00    0.3333422377E-14    0.3333422377E-14    0.9999989924E+00    0.9999989924E+00
    5    0.3358333333E+01   -0.2322278706E+00   -0.4644557413E+00    0.4184175211E+00   -0.2322278706E+00   -0.4644557413E+00    0.4184175211E+00   -0.3594731319E+01   -0.2268883871E+01    0.9112881385E+00    0.2503034962E-13    0.2503034962E-13    0.9999986208E+00    0.9999986208E+00
    1    0.3616666667E+01   -0.2322278706E+00   -0.4644557413E+00   -0.6901851009E-01    0.0000000000E+00    0.0000000000E+00    0.0000000000E+00    0.0000000000E+00    0.0000000000E+00    0.0000000000E+00    0.4228070874E-12    0.4228070874E-12    0.9999977755E+00    0.9999977755E+00
    2    0.3616666667E+01   -0.2322278706E+00   -0.4644557413E+00   -0.4929533249E+00    0.0000000000E+00    0.0000000000E+00    0.0000000000E+00    0.0000000000E+00    0.0000000000E+00    0.0000000000E+00    0.4187311862E-13    0.4187311862E-13    0.9999979248E+00    0.9999979248E+00
    3    0.3616666667E+01    0.5805696766E+00   -0.4644557413E+00   -0.5280136710E+00    0.0000000000E+00    0.0000000000E+00    0.0000000000E+00    0.0000000000E+00    0.0000000000E+00    0.0000000000E+00    0.8285206573E-14    0.8285206576E-14    0.9999983158E+00    0.9999983158E+00
    4    0.3616666667E+01   -0.2322278706E+00   -0.4644557413E+00    0.4727787753E+00    0.0000000000E+00    0.0000000000E+00    0.0000000000E+00    0.0000000000E+00    0.0000000000E+00    0.0000000000E+00    0.1723286299E-13    0.1723286299E-13    0.9999987565E+00    0.9999987565E+00
    5    0.3616666667E+01    0.5805696766E+00   -0.4644557413E+00    0.4407351325E+00    0.0000000000E+00    0.0000000000E+00    0.0000000000E+00    0.0000000000E+00    0.0000000000E+00    0.0000000000E+00    0.1389422971E-14    0.1389422971E-14    0.9999989478E+00    0.9999989478E+00
    1    0.3875000000E+01    0.5805696766E+00    0.3483418059E+00    0.3121098395E+00    0.0000000000E+00    0.0000000000E+00    0.0000000000E+00    0.0000000000E+00    0.0000000000E+00    0.0000000000E+00    0.8252125563E-11    0.8252125563E-11    0.9999924595E+00    0.9999924595E+00
    2    0.3875000000E+01    0.5805696766E+00   -0.4644557413E+00    0.4834174784E+00    0.0000000000E+00    0.0000000000E+00    0.0000000000E+00    0.0000000000E+00    0.0000000000E+00    0.0000000000E+00    0.4259367317E-14    0.4259367423E-14    0.9999988639E+00    0.9999988639E+00
    3    0.3875000000E+01   -0.2322278706E+00   -0.4644557413E+00    0.5205216033E+00    0.0000000000E+00    0.0000000000E+00    0.0000000000E+00    0.0000000000E+00    0.0000000000E+00    0.0000000000E+00    0.3143154598E-14    0.3143154599E-14    0.9999987326E+00    0.9999987326E+00
    4    0.3875000000E+01    0.5805696766E+00    0.3483418059E+00   -0.2206931544E+00    0.0000000000E+00    0.0000000000E+00    0.0000000000E+00    0.0000000000E+00    0.0000000000E+00    0.0000000000E+00    0.8276590348E-11    0.8276590348E-11    0.9999929400E+00    0.9999929400E+00
    5    0.3875000000E+01   -0.2322278706E+00   -0.4644557413E+00   -0.4054833573E+00    0.0000000000E+00    0.0000000000E+00    0.0000000000E+00    0.0000000000E+00    0.0000000000E+00    0.0000000000E+00    0.6349022864E-14    0.6349022865E-14    0.9999977942E+00    0.9999977942E+00
    6    0.3875000000E+01    0.5805696766E+00   -0.4644557413E+00   -0.4519019815E+00    0.0000000000E+00    0.0000000000E+00    0.0000000000E+00    0.0000000000E+00    0.0000000000E+00    0.0000000000E+00    0.1712615982E-13    0.1712615983E-13    0.9999979402E+00    0.9999979402E+00
    1    0.4133333333E+01    0.5805696766E+00    0.3483418059E+00   -0.9799255410E-01    0.0000000000E+00    0.0000000000E+00    0.0000000000E+00    0.0000000000E+00    0.0000000000E+00    0.0000000000E+00    0.5419923750E-13    0.5419923750E-13    0.9999976805E+00    0.9999976805E+00
    2    0.4133333333E+01   -0.2322278706E+00   -0.4644557413E+00   -0.3101745512E+00    0.0000000000E+00    0.0000000000E+00    0.0000000000E+00    0.0000000000E+00    0.0000000000E+00    0.0000000000E+00    0.6168606419E-13    0.6168606419E-13    0.9999971832E+00    0.9999971832E+00
    3    0.4133333333E+01    0.5805696766E+00    0.3483418059E+00   -0.3377297242E+00    0.0000000000E+00    0.0000000000E+00    0.0000000000E+00    0.0000000000E+00    0.0000000000E+00    0.0000000000E+00    0.3597074839E-12    0.3597074839E-12    0.9999958426E+00    0.9999958426E+00
    4    0.4133333333E+01    0.5805696766E+00   -0.4644557413E+00   -0.3595660183E+00    0.0000000000E+00    0.0000000000E+00    0.0000000000E+00    0.0000000000E+00    0.0000000000E+00    0.0000000000E+00    0.1323297890E-13    0.1323297890E-13    0.9999972041E+00    0.9999972041E+00
    5    0.4133333333E+01    0.5805696766E+00    0.3483418059E+00    0.4722516933E+00    0.0000000000E+00    0.0000000000E+00    0.0000000000E+00    0.0000000000E+00    0.0000000000E+00    0.0000000000E+00    0.4274176186E-12    0.4274176186E-12    0.9999947342E+00    0.9999947342E+00
    6    0.4133333333E+01    0.5805696766E+00   -0.4644557413E+00    0.5258356546E+00    0.0000000000E+00    0.0000000000E+00    0.0000000000E+00    0.0000000000E+00    0.0000000000E+00    0.0000000000E+00    0.2759638217E-14    0.2759638217E-14    0.9999987629E+00    0.9999987629E+00
    7    0.4133333333E+01   -0.2322278706E+00   -0.4644557413E+00    0.5654065419E+00    0.0000000000E+00    0.0000000000E+00    0.0000000000E+00    0.0000000000E+00    0.0000000000E+00    0.0000000000E+00    0.2133756324E-13    0.2133756324E-13    0.9999987776E+00    0.9999987776E+00
    1    0.4391666667E+01   -0.2322278706E+00    0.3483418059E+00    0.3445022410E+00    0.0000000000E+00    0.0000000000E+00    0.0000000000E+00    0.0000000000E+00    0.0000000000E+00    0.0000000000E+00    0.2780810757E-12    0.2780810757E-12    0.9999969775E+00    0.9999969775E+00
    2    0.4391666667E+01   -0.2322278706E+00    0.3483418059E+00    0.4316897757E+00    0.0000000000E+00    0.0000000000E+00    0.0000000000E+00    0.0000000000E+00    0.0000000000E+00    0.0000000000E+00    0.1861599360E-11    0.1861599360E-11    0.9999951097E+00    0.9999951097E+00
    3    0.4391666667E+01   -0.2322278706E+00   -0.4644557413E+00   -0.5411779606E+00    0.0000000000E+00    0.0000000000E+00    0.0000000000E+00    0.0000000000E+00    0.0000000000E+00    0.0000000000E+00    0.1916403166E-14    0.1916404568E-14    0.9999986803E+00    0.9999986803E+00
    4    0.4391666667E+01    0.5805696766E+00   -0.4644557413E+00    0.5692389115E+00    0.0000000000E+00    0.0000000000E+00    0.0000000000E+00    0.0000000000E+00    0.0000000000E+00    0.0000000000E+00    0.5262680805E-13    0.5262680856E-13    0.9999985462E+00    0.9999985462E+00
    5    0.4391666667E+01   -0.2322278706E+00   -0.4644557413E+00   -0.1893735957E+00    0.0000000000E+00    0.0000000000E+00    0.0000000000E+00    0.0000000000E+00    0.0000000000E+00    0.0000000000E+00    0.7222356049E-15    0.7222356723E-15    0.9999957323E+00    0.9999957323E+00
    6    0.4391666667E+01   -0.2322278706E+00    0.3483418059E+00   -0.2463443703E+00    0.0000000000E+00    0.0000000000E+00    0.0000000000E+00    0.0000000000E+00    0.0000000000E+00    0.0000000000E+00    0.1826239658E-11    0.1826239658E-11    0.9999954353E+00    0.9999954353E+00
    7    0.4391666667E+01    0.5805696766E+00    0.3483418059E+00   -0.2376426270E+00    0.0000000000E+00    0.0000000000E+00    0.0000000000E+00    0.0000000000E+00    0.0000000000E+00    0.0000000000E+00    0.5314971504E-15    0.5314988775E-15    0.9999977111E+00    0.9999977111E+00
    8    0.4391666667E+01    0.5805696766E+00   -0.4644557413E+00   -0.2293312599E+00    0.0000000000E+00    0.0000000000E+00    0.0000000000E+00    0.0000000000E+00    0.0000000000E+00    0.0000000000E+00    0.1171076954E-12    0.1171077095E-12    0.9999952197E+00    0.9999952197E+00
    9    0.4391666667E+01   -0.2322278706E+00    0.3483418059E+00   -0.1090751738E-01    0.0000000000E+00    0.0000000000E+00    0.0000000000E+00    0.0000000000E+00    0.0000000000E+00    0.0000000000E+00    0.2162369747E-11    0.2162369747E-11    0.9999958235E+00    0.9999958235E+00
    1    0.4650000000E+01   -0.2322278706E+00    0.3483418059E+00    0.4442343897E+00    0.0000000000E+00    0.0000000000E+00    0.0000000000E+00    0.0000000000E+00    0.0000000000E+00    0.0000000000E+00    0.1144295594E-11    0.1144295594E-11    0.9999965942E+00    0.9999965942E+00
    2    0.4650000000E+01   -0.2322278706E+00    0.3483418059E+00    0.5687668614E+00    0.0000000000E+00    0.0000000000E+00    0.0000000000E+00    0.0000000000E+00    0.0000000000E+00    0.0000000000E+00    0.1724196274E-10    0.1724196274E-10    0.9999901392E+00    0.9999901392E+00
    3    0.4650000000E+01   -0.2322278706E+00   -0.4644557413E+00   -0.4981594293E+00    0.0000000000E+00    0.0000000000E+00    0.0000000000E+00    0.0000000000E+00    0.0000000000E+00    0.0000000000E+00    0.2375723390E-15    0.2375723455E-15    0.9999986748E+00    0.9999986748E+00
    4    0.4650000000E+01    0.5805696766E+00   -0.4644557413E+00   -0.5357526247E+00    0.0000000000E+00    0.0000000000E+00    0.0000000000E+00    0.0000000000E+00    0.0000000000E+00    0.0000000000E+00    0.1285204247E-13    0.1285204280E-13    0.9999985382E+00    0.9999985382E+00
    5    0.4650000000E+01   -0.2322278706E+00    0.3483418059E+00   -0.1393516909E+00    0.0000000000E+00    0.0000000000E+00    0.0000000000E+00    0.0000000000E+00    0.0000000000E+00    0.0000000000E+00    0.3721972547E-12    0.3721972548E-12    0.9999973396E+00    0.9999973396E+00
    6    0.4650000000E+01    0.5805696766E+00    0.3483418059E+00   -0.1660084873E+00    0.0000000000E+00    0.0000000000E+00    0.0000000000E+00    0.0000000000E+00    0.0000000000E+00    0.0000000000E+00    0.7105648084E-15    0.7105679981E-15    0.9999979550E+00    0.9999979550E+00
    7    0.4650000000E+01    0.5805696766E+00   -0.4644557413E+00    0.7704802909E-01    0.0000000000E+00    0.0000000000E+00    0.0000000000E+00    0.0000000000E+00    0.0000000000E+00    0.0000000000E+00    0.2268377986E-12    0.2268378162E-12    0.9999982144E+00    0.9999982144E+00
    8    0.4650000000E+01   -0.2322278706E+00    0.3483418059E+00    0.5127627862E-01    0.0000000000E+00    0.0000000000E+00    0.0000000000E+00    0.0000000000E+00    0.0000000000E+00    0.0000000000E+00    0.1120816960E-12    0.1120816962E-12    0.9999978898E+00    0.9999978898E+00
    1    0.4908333333E+01    0.5805696766E+00    0.3483418059E+00   -0.1007395867E+00    0.0000000000E+00    0.0000000000E+00    0.0000000000E+00    0.0000000000E+00    0.0000000000E+00    0.0000000000E+00    0.5833349086E-13    0.5833349086E-13    0.9999978638E+00    0.9999978638E+00
    2    0.4908333333E+01   -0.2322278706E+00    0.3483418059E+00   -0.6498990166E-01    0.0000000000E+00    0.0000000000E+00    0.0000000000E+00    0.0000000000E+00    0.0000000000E+00    0.0000000000E+00    0.7340177586E-14    0.7340177586E-14    0.9999977684E+00    0.9999977684E+00
    3    0.4908333333E+01    0.5805696766E+00    0.3483418059E+00    0.7139289511E-01    0.0000000000E+00    0.0000000000E+00    0.0000000000E+00    0.0000000000E+00    0.0000000000E+00    0.0000000000E+00    0.1636358926E-12    0.1636358926E-12    0.9999975893E+00    0.9999975893E+00
    4    0.4908333333E+01    0.5805696766E+00   -0.4644557413E+00    0.1269763307E+00    0.0000000000E+00    0.0000000000E+00    0.0000000000E+00    0.0000000000E+00    0.0000000000E+00    0.0000000000E+00    0.2481303218E-13    0.2481303218E-13    0.9999985483E+00    0.9999985483E+00
    5    0.4908333333E+01   -0.2322278706E+00    0.3483418059E+00    0.1151361901E+00    0.0000000000E+00    0.0000000000E+00    0.0000000000E+00    0.0000000000E+00    0.0000000000E+00    0.0000000000E+00    0.1141215805E-13    0.1141215805E-13    0.9999979840E+00    0.9999979840E+00
    6    0.4908333333E+01   -0.2322278706E+00   -0.4644557413E+00   -0.4542733113E+00    0.0000000000E+00    0.0000000000E+00    0.0000000000E+00    0.0000000000E+00    0.0000000000E+00    0.0000000000E+00    0.3066369700E-15    0.3066369701E-15    0.9999985534E+00    0.9999985534E+00
    7    0.4908333333E+01    0.5805696766E+00   -0.4644557413E+00   -0.4870296618E+00    0.0000000000E+00    0.0000000000E+00    0.0000000000E+00    0.0000000000E+00    0.0000000000E+00    0.0000000000E+00    0.1072505765E-14    0.1072505765E-14    0.9999983576E+00    0.9999983576E+00
    1    0.5166666667E+01    0.5805696766E+00    0.3483418059E+00   -0.2804824932E-01    0.0000000000E+00    0.0000000000E+00    0.0000000000E+00    0.0000000000E+00    0.0000000000E+00    0.0000000000E+00    0.1484972139E-11    0.1484972139E-11    0.9999964367E+00    0.9999964367E+00
    2    0.5166666667E+01    0.5805696766E+00    0.3483418059E+00    0.1504308171E+00    0.0000000000E+00    0.0000000000E+00    0.0000000000E+00    0.0000000000E+00    0.0000000000E+00    0.0000000000E+00    0.5577766371E-12    0.5577766371E-12    0.9999968258E+00    0.9999968258E+00
    3    0.5166666667E+01   -0.2322278706E+00    0.3483418059E+00    0.1782903769E+00    0.0000000000E+00    0.0000000000E+00    0.0000000000E+00    0.0000000000E+00    0.0000000000E+00    0.0000000000E+00    0.5032924194E-16    0.5032924275E-16    0.9999977603E+00    0.9999977603E+00
    4    0.5166666667E+01    0.5805696766E+00   -0.4644557413E+00    0.1685780607E+00    0.0000000000E+00    0.0000000000E+00    0.0000000000E+00    0.0000000000E+00    0.0000000000E+00    0.0000000000E+00    0.4586189292E-14    0.4586189292E-14    0.9999986571E+00    0.9999986571E+00
    5    0.5166666667E+01    0.5805696766E+00    0.3483418059E+00   -0.5555594352E+00    0.0000000000E+00    0.0000000000E+00    0.0000000000E+00    0.0000000000E+00    0.0000000000E+00    0.0000000000E+00    0.4351922861E-12    0.4351922861E-12    0.9999967842E+00    0.9999967842E+00
    6    0.5166666667E+01    0.5805696766E+00   -0.4644557413E+00   -0.4310887781E+00    0.0000000000E+00    0.0000000000E+00    0.0000000000E+00    0.0000000000E+00    0.0000000000E+00    0.0000000000E+00    0.2743019111E-14    0.2743019111E-14    0.9999978952E+00    0.9999978952E+00
    7    0.5166666667E+01    0.5805696766E+00    0.3483418059E+00   -0.3929191586E+00    0.0000000000E+00    0.0000000000E+00    0.0000000000E+00    0.0000000000E+00    0.0000000000E+00    0.0000000000E+00    0.9577088483E-12    0.9577088483E-12    0.9999955081E+00    0.9999955081E+00
    8    0.5166666667E+01   -0.2322278706E+00   -0.4644557413E+00   -0.4081308622E+00    0.0000000000E+00    0.0000000000E+00    0.0000000000E+00    0.0000000000E+00    0.0000000000E+00    0.0000000000E+00    0.1612331030E-15    0.1612331042E-15    0.9999983715E+00    0.9999983715E+00
    1    0.5425000000E+01   -0.2322278706E+00    0.3483418059E+00    0.2528228162E+00    0.0000000000E+00    0.0000000000E+00    0.0000000000E+00    0.0000000000E+00    0.0000000000E+00    0.0000000000E+00    0.1726026484E-14    0.1726026484E-14    0.9999967964E+00    0.9999967964E+00
    2    0.5425000000E+01    0.5805696766E+00   -0.4644557413E+00    0.2072573862E+00    0.0000000000E+00    0.0000000000E+00    0.0000000000E+00    0.0000000000E+00    0.0000000000E+00    0.0000000000E+00    0.1122394021E-14    0.1122394021E-14    0.9999986484E+00    0.9999986484E+00
    3    0.5425000000E+01   -0.2322278706E+00    0.3483418059E+00    0.6494062380E-01    0.0000000000E+00    0.0000000000E+00    0.0000000000E+00    0.0000000000E+00    0.0000000000E+00    0.0000000000E+00    0.2051265648E-14    0.2051265649E-14    0.9999976912E+00    0.9999976912E+00
    4    0.5425000000E+01    0.5805696766E+00    0.3483418059E+00   -0.4724322466E+00    0.0000000000E+00    0.0000000000E+00    0.0000000000E+00    0.0000000000E+00    0.0000000000E+00    0.0000000000E+00    0.2406921007E-15    0.2406921007E-15    0.9999971615E+00    0.9999971615E+00
    5    0.5425000000E+01   -0.2322278706E+00   -0.4644557413E+00   -0.3576180639E+00    0.0000000000E+00    0.0000000000E+00    0.0000000000E+00    0.0000000000E+00    0.0000000000E+00    0.0000000000E+00    0.5302910289E-15    0.5302910301E-15    0.9999980794E+00    0.9999980794E+00
    6    0.5425000000E+01    0.5805696766E+00   -0.4644557413E+00   -0.3589148956E+00    0.0000000000E+00    0.0000000000E+00    0.0000000000E+00    0.0000000000E+00    0.0000000000E+00    0.0000000000E+00    0.3201630772E-14    0.3201630772E-14    0.9999968724E+00    0.9999968724E+00
    1    0.5683333333E+01   -0.2322278706E+00    0.3483418059E+00    0.5504641525E+00    0.0000000000E+00    0.0000000000E+00    0.0000000000E+00    0.0000000000E+00    0.0000000000E+00    0.0000000000E+00    0.4835616975E-13    0.4835616975E-13    0.9999950364E+00    0.9999950364E+00
    2    0.5683333333E+01    0.5805696766E+00    0.3483418059E+00   -0.3866824137E+00    0.0000000000E+00    0.0000000000E+00    0.0000000000E+00    0.0000000000E+00    0.0000000000E+00    0.0000000000E+00    0.1338146088E-12    0.1338146088E-12    0.9999963291E+00    0.9999963291E+00
    3    0.5683333333E+01    0.5805696766E+00   -0.4644557413E+00   -0.2161341874E+00    0.0000000000E+00    0.0000000000E+00    0.0000000000E+00    0.0000000000E+00    0.0000000000E+00    0.0000000000E+00    0.6570680978E-12    0.6570680979E-12    0.9999881425E+00    0.9999881425E+00
    4    0.5683333333E+01   -0.2322278706E+00   -0.4644557413E+00   -0.2985408811E+00    0.0000000000E+00    0.0000000000E+00    0.0000000000E+00    0.0000000000E+00    0.0000000000E+00    0.0000000000E+00    0.1616361910E-13    0.1616361910E-13    0.9999975335E+00    0.9999975335E+00
    5    0.5683333333E+01    0.5805696766E+00   -0.4644557413E+00    0.2441655930E+00    0.0000000000E+00    0.0000000000E+00    0.0000000000E+00    0.0000000000E+00    0.0000000000E+00    0.0000000000E+00    0.5723741940E-12    0.5723741940E-12    0.9999982568E+00    0.9999982568E+00
    6    0.5683333333E+01   -0.2322278706E+00    0.3483418059E+00    0.1319422502E+00    0.0000000000E+00    0.0000000000E+00    0.0000000000E+00    0.0000000000E+00    0.0000000000E+00    0.0000000000E+00    0.3438577814E-13    0.3438577858E-13    0.9999973469E+00    0.9999973469E+00
    7    0.5683333333E+01   -0.2322278706E+00   -0.4644557413E+00    0.5189429126E-01    0.0000000000E+00    0.0000000000E+00    0.0000000000E+00    0.0000000000E+00    0.0000000000E+00    0.0000000000E+00    0.1144278927E-11    0.1144278927E-11    0.9999969705E+00    0.9999969705E+00
    8    0.5683333333E+01    0.5805696766E+00    0.3483418059E+00    0.8807280321E-01    0.0000000000E+00    0.0000000000E+00    0.0000000000E+00    0.0000000000E+00    0.0000000000E+00    0.0000000000E+00    0.2773787323E-12    0.2773787325E-12    0.9999962944E+00    0.9999962944E+00
    1    0.5941666667E+01   -0.2322278706E+00    0.3483418059E+00   -0.4934684853E+00    0.0000000000E+00    0.0000000000E+00    0.0000000000E+00    0.0000000000E+00    0.0000000000E+00    0.0000000000E+00    0.2335937535E-12    0.2335937535E-12    0.9999958694E+00    0.9999958694E+00
    2    0.5941666667E+01   -0.2322278706E+00   -0.4644557413E+00   -0.2189518024E+00    0.0000000000E+00    0.0000000000E+00    0.0000000000E+00    0.0000000000E+00    0.0000000000E+00    0.0000000000E+00    0.2142585360E-13    0.2142585431E-13    0.9999960763E+00    0.9999960763E+00
    3    0.5941666667E+01   -0.2322278706E+00   -0.4644557413E+00    0.1100866816E+00    0.0000000000E+00    0.0000000000E+00    0.0000000000E+00    0.0000000000E+00    0.0000000000E+00    0.0000000000E+00    0.9841252037E-13    0.9841252038E-13    0.9999981377E+00    0.9999981377E+00
    4    0.5941666667E+01    0.5805696766E+00   -0.4644557413E+00    0.2818324538E+00    0.0000000000E+00    0.0000000000E+00    0.0000000000E+00    0.0000000000E+00    0.0000000000E+00    0.0000000000E+00    0.5843264415E-15    0.5843264520E-15    0.9999985418E+00    0.9999985418E+00
    5    0.5941666667E+01   -0.2322278706E+00    0.3483418059E+00    0.2118199243E+00    0.0000000000E+00    0.0000000000E+00    0.0000000000E+00    0.0000000000E+00    0.0000000000E+00    0.0000000000E+00    0.2325572044E-12    0.2325572044E-12    0.9999962946E+00    0.9999962946E+00
    1    0.6200000000E+01   -0.2322278706E+00   -0.4644557413E+00    0.1535438996E+00    0.0000000000E+00    0.0000000000E+00    0.0000000000E+00    0.0000000000E+00    0.0000000000E+00    0.0000000000E+00    0.1040013935E-13    0.1040013935E-13    0.9999983122E+00    0.9999983122E+00
    2    0.6200000000E+01    0.5805696766E+00   -0.4644557413E+00    0.3193658887E+00    0.0000000000E+00    0.0000000000E+00    0.0000000000E+00    0.0000000000E+00    0.0000000000E+00    0.0000000000E+00    0.9416737692E-16    0.9416899204E-16    0.9999984532E+00    0.9999984532E+00
    1    0.6458333333E+01    0.5805696766E+00   -0.4644557413E+00    0.3576766462E+00    0.0000000000E+00    0.0000000000E+00    0.0000000000E+00    0.0000000000E+00    0.0000000000E+00    0.0000000000E+00    0.9412602827E-18    0.9412602841E-18    0.9999983503E+00    0.9999983503E+00
    2    0.6458333333E+01   -0.2322278706E+00   -0.4644557413E+00    0.1933589185E+00    0.0000000000E+00    0.0000000000E+00    0.0000000000E+00    0.0000000000E+00    0.0000000000E+00    0.0000000000E+00    0.1018603291E-16    0.1018603291E-16    0.9999983529E+00    0.9999983529E+00
    1    0.6716666667E+01   -0.2322278706E+00   -0.4644557413E+00    0.2316960046E+00    0.0000000000E+00    0.0000000000E+00    0.0000000000E+00    0.0000000000E+00    0.0000000000E+00    0.0000000000E+00    0.2143101148E-14    0.2143101150E-14    0.9999983186E+00    0.9999983186E+00
    2    0.6716666667E+01    0.5805696766E+00   -0.4644557413E+00    0.3972105001E+00    0.0000000000E+00    0.0000000000E+00    0.0000000000E+00    0.0000000000E+00    0.0000000000E+00    0.0000000000E+00    0.1071935829E-16    0.1071935842E-16    0.9999982210E+00    0.9999982210E+00
    1    0.6975000000E+01   -0.2322278706E+00   -0.4644557413E+00    0.2698312128E+00    0.0000000000E+00    0.0000000000E+00    0.0000000000E+00    0.0000000000E+00    0.0000000000E+00    0.0000000000E+00    0.2678325510E-14    0.2678325510E-14    0.9999982431E+00    0.9999982431E+00
    2    0.6975000000E+01    0.5805696766E+00   -0.4644557413E+00    0.4384008512E+00    0.0000000000E+00    0.0000000000E+00    0.0000000000E+00    0.0000000000E+00    0.0000000000E+00    0.0000000000E+00    0.4346523571E-15    0.4346523571E-15    0.9999980670E+00    0.9999980670E+00
    1    0.7233333333E+01   -0.2322278706E+00   -0.4644557413E+00    0.3085819974E+00    0.0000000000E+00    0.0000000000E+00    0.0000000000E+00    0.0000000000E+00    0.0000000000E+00    0.0000000000E+00    0.1256005561E-14    0.1256005700E-14    0.9999981319E+00    0.9999981319E+00
    2    0.7233333333E+01    0.5805696766E+00   -0.4644557413E+00    0.4816768467E+00    0.0000000000E+00    0.0000000000E+00    0.0000000000E+00    0.0000000000E+00    0.0000000000E+00    0.0000000000E+00    0.1395242934E-14    0.1395243071E-14    0.9999978868E+00    0.9999978868E+00
    1    0.7491666667E+01   -0.2322278706E+00   -0.4644557413E+00    0.3486707070E+00    0.0000000000E+00    0.0000000000E+00    0.0000000000E+00    0.0000000000E+00    0.0000000000E+00    0.0000000000E+00    0.1631181961E-15    0.1631181961E-15    0.9999979812E+00    0.9999979812E+00
    2    0.7491666667E+01    0.5805696766E+00   -0.4644557413E+00    0.5274214986E+00    0.0000000000E+00    0.0000000000E+00    0.0000000000E+00    0.0000000000E+00    0.0000000000E+00    0.0000000000E+00    0.6168746168E-15    0.6168746168E-15    0.9999976824E+00    0.9999976824E+00
    1    0.7750000000E+01   -0.2322278706E+00   -0.4644557413E+00    0.3908953984E+00    0.0000000000E+00    0.0000000000E+00    0.0000000000E+00    0.0000000000E+00    0.0000000000E+00    0.0000000000E+00    0.1839529563E-17    0.1839529563E-17    0.9999977794E+00    0.9999977794E+00
    1    0.8008333333E+01   -0.2322278706E+00   -0.4644557413E+00    0.4362985467E+00    0.0000000000E+00    0.0000000000E+00    0.0000000000E+00    0.0000000000E+00    0.0000000000E+00    0.0000000000E+00    0.2396425632E-16    0.2396425636E-16    0.9999975037E+00    0.9999975037E+00
    2    0.8008333333E+01    0.5805696766E+00   -0.4644557413E+00   -0.5229712569E+00    0.0000000000E+00    0.0000000000E+00    0.0000000000E+00    0.0000000000E+00    0.0000000000E+00    0.0000000000E+00    0.3136839917E-14    0.3136839917E-14    0.9999972766E+00    0.9999972766E+00
    1    0.8266666667E+01   -0.2322278706E+00   -0.4644557413E+00    0.4864363858E+00    0.0000000000E+00    0.0000000000E+00    0.0000000000E+00    0.0000000000E+00    0.0000000000E+00    0.0000000000E+00    0.4344769279E-15    0.4344769287E-15    0.9999971085E+00    0.9999971085E+00
    2    0.8266666667E+01    0.5805696766E+00   -0.4644557413E+00   -0.4706800070E+00    0.0000000000E+00    0.0000000000E+00    0.0000000000E+00    0.0000000000E+00    0.0000000000E+00    0.0000000000E+00    0.1449302758E-13    0.1449302758E-13    0.9999971449E+00    0.9999971449E+00
    1    0.8525000000E+01    0.5805696766E+00   -0.4644557413E+00   -0.4183269254E+00    0.0000000000E+00    0.0000000000E+00    0.0000000000E+00    0.0000000000E+00    0.0000000000E+00    0.0000000000E+00    0.5893625672E-14    0.5893625672E-14    0.9999970940E+00    0.9999970940E+00
    2    0.8525000000E+01   -0.2322278706E+00   -0.4644557413E+00    0.5439649387E+00    0.0000000000E+00    0.0000000000E+00    0.0000000000E+00    0.0000000000E+00    0.0000000000E+00    0.0000000000E+00    0.1021055025E-13    0.1021055025E-13    0.9999964895E+00    0.9999964895E+00
    3    0.8525000000E+01    0.5805696766E+00    0.3483418059E+00    0.2420982877E+00    0.0000000000E+00    0.0000000000E+00    0.0000000000E+00    0.0000000000E+00    0.0000000000E+00    0.0000000000E+00    0.1266676423E-12    0.1266676423E-12    0.9999935550E+00    0.9999935550E+00
    1    0.8783333333E+01   -0.2322278706E+00   -0.4644557413E+00   -0.5360226862E+00    0.0000000000E+00    0.0000000000E+00    0.0000000000E+00    0.0000000000E+00    0.0000000000E+00    0.0000000000E+00    0.6240009965E-14    0.6240009966E-14    0.9999954615E+00    0.9999954615E+00
    2    0.8783333333E+01    0.5805696766E+00   -0.4644557413E+00   -0.3672407856E+00    0.0000000000E+00    0.0000000000E+00    0.0000000000E+00    0.0000000000E+00    0.0000000000E+00    0.0000000000E+00    0.1460062494E-14    0.1460062494E-14    0.9999971061E+00    0.9999971061E+00
    3    0.8783333333E+01    0.5805696766E+00    0.3483418059E+00    0.3296954546E+00    0.0000000000E+00    0.0000000000E+00    0.0000000000E+00    0.0000000000E+00    0.0000000000E+00    0.0000000000E+00    0.1643740577E-13    0.1643740577E-13    0.9999958165E+00    0.9999958165E+00
    1    0.9041666667E+01   -0.2322278706E+00    0.3483418059E+00   -0.1556658266E+00    0.0000000000E+00    0.0000000000E+00    0.0000000000E+00    0.0000000000E+00    0.0000000000E+00    0.0000000000E+00    0.2412926637E-11    0.2412926637E-11    0.9999894595E+00    0.9999894595E+00
    2    0.9041666667E+01    0.5805696766E+00   -0.4644557413E+00   -0.3180853758E+00    0.0000000000E+00    0.0000000000E+00    0.0000000000E+00    0.0000000000E+00    0.0000000000E+00    0.0000000000E+00    0.1677663500E-13    0.1677663500E-13    0.9999971404E+00    0.9999971404E+00
    3    0.9041666667E+01   -0.2322278706E+00   -0.4644557413E+00   -0.4446402304E+00    0.0000000000E+00    0.0000000000E+00    0.0000000000E+00    0.0000000000E+00    0.0000000000E+00    0.0000000000E+00    0.4953458280E-13    0.4953458280E-13    0.9999937044E+00    0.9999937044E+00
    4    0.9041666667E+01   -0.2322278706E+00    0.3483418059E+00    0.4314080798E+00    0.0000000000E+00    0.0000000000E+00    0.0000000000E+00    0.0000000000E+00    0.0000000000E+00    0.0000000000E+00    0.1014790273E-11    0.1014790273E-11    0.9999930385E+00    0.9999930385E+00
    5    0.9041666667E+01    0.5805696766E+00    0.3483418059E+00    0.3967933756E+00    0.0000000000E+00    0.0000000000E+00    0.0000000000E+00    0.0000000000E+00    0.0000000000E+00    0.0000000000E+00    0.4552518039E-15    0.4552518040E-15    0.9999962085E+00    0.9999962085E+00
    1    0.9300000000E+01    0.5805696766E+00    0.3483418059E+00    0.1219195800E+00    0.0000000000E+00    0.0000000000E+00    0.0000000000E+00    0.0000000000E+00    0.0000000000E+00    0.0000000000E+00    0.1306545311E-10    0.1306545311E-10    0.9999804506E+00    0.9999804506E+00
    2    0.9300000000E+01   -0.2322278706E+00   -0.4644557413E+00   -0.3283610336E+00    0.0000000000E+00    0.0000000000E+00    0.0000000000E+00    0.0000000000E+00    0.0000000000E+00    0.0000000000E+00    0.9396178594E-13    0.9396178596E-13    0.9999928095E+00    0.9999928095E+00
    3    0.9300000000E+01    0.5805696766E+00   -0.4644557413E+00   -0.2708239184E+00    0.0000000000E+00    0.0000000000E+00    0.0000000000E+00    0.0000000000E+00    0.0000000000E+00    0.0000000000E+00    0.1909839656E-13    0.1909839656E-13    0.9999971636E+00    0.9999971636E+00
    4    0.9300000000E+01    0.5805696766E+00    0.3483418059E+00    0.4604483300E+00    0.0000000000E+00    0.0000000000E+00    0.0000000000E+00    0.0000000000E+00    0.0000000000E+00    0.0000000000E+00    0.2013378455E-12    0.2013378455E-12    0.9999959813E+00    0.9999959813E+00
    5    0.9300000000E+01   -0.2322278706E+00    0.3483418059E+00    0.5248995436E+00    0.0000000000E+00    0.0000000000E+00    0.0000000000E+00    0.0000000000E+00    0.0000000000E+00    0.0000000000E+00    0.2647185476E-15    0.2647186819E-15    0.9999946651E+00    0.9999946651E+00
    1    0.9558333333E+01    0.5805696766E+00    0.3483418059E+00    0.2909110632E+00    0.0000000000E+00    0.0000000000E+00    0.0000000000E+00    0.0000000000E+00    0.0000000000E+00    0.0000000000E+00    0.3246336487E-12    0.3246336488E-12    0.9999923736E+00    0.9999923736E+00
    2    0.9558333333E+01   -0.2322278706E+00    0.3483418059E+00   -0.5264100779E+00    0.0000000000E+00    0.0000000000E+00    0.0000000000E+00    0.0000000000E+00    0.0000000000E+00    0.0000000000E+00    0.5781494228E-14    0.5781496303E-14    0.9999921320E+00    0.9999921320E+00
    3    0.9558333333E+01    0.5805696766E+00    0.3483418059E+00    0.5299727790E+00    0.0000000000E+00    0.0000000000E+00    0.0000000000E+00    0.0000000000E+00    0.0000000000E+00    0.0000000000E+00    0.1252721846E-12    0.1252721846E-12    0.9999951327E+00    0.9999951327E+00
    4    0.9558333333E+01   -0.2322278706E+00   -0.4644557413E+00   -0.2234966018E+00    0.0000000000E+00    0.0000000000E+00    0.0000000000E+00    0.0000000000E+00    0.0000000000E+00    0.0000000000E+00    0.1660606004E-13    0.1660606381E-13    0.9999942600E+00    0.9999942600E+00
    5    0.9558333333E+01    0.5805696766E+00   -0.4644557413E+00   -0.2250172190E+00    0.0000000000E+00    0.0000000000E+00    0.0000000000E+00    0.0000000000E+00    0.0000000000E+00    0.0000000000E+00    0.4993038444E-14    0.4993043088E-14    0.9999971588E+00    0.9999971588E+00
    1    0.9816666667E+01    0.5805696766E+00    0.3483418059E+00    0.4330154770E+00    0.0000000000E+00    0.0000000000E+00    0.0000000000E+00    0.0000000000E+00    0.0000000000E+00    0.0000000000E+00    0.5245871172E-10    0.5245871172E-10    0.9999815398E+00    0.9999815398E+00
    2    0.9816666667E+01    0.5805696766E+00    0.3483418059E+00   -0.5061362932E+00    0.0000000000E+00    0.0000000000E+00    0.0000000000E+00    0.0000000000E+00    0.0000000000E+00    0.0000000000E+00    0.5250965976E-10    0.5250965976E-10    0.9999826650E+00    0.9999826650E+00
    3    0.9816666667E+01   -0.2322278706E+00    0.3483418059E+00   -0.1614282704E+00    0.0000000000E+00    0.0000000000E+00    0.0000000000E+00    0.0000000000E+00    0.0000000000E+00    0.0000000000E+00    0.1933136778E-11    0.1933136778E-11    0.9999799106E+00    0.9999799106E+00
    4    0.9816666667E+01   -0.2322278706E+00   -0.4644557413E+00   -0.1409811550E+00    0.0000000000E+00    0.0000000000E+00    0.0000000000E+00    0.0000000000E+00    0.0000000000E+00    0.0000000000E+00    0.5112081434E-17    0.5112082210E-17    0.9999950829E+00    0.9999950829E+00
    5    0.9816666667E+01    0.5805696766E+00   -0.4644557413E+00   -0.1800818025E+00    0.0000000000E+00    0.0000000000E+00    0.0000000000E+00    0.0000000000E+00    0.0000000000E+00    0.0000000000E+00    0.5463462342E-15    0.5463462343E-15    0.9999971185E+00    0.9999971185E+00
    1    0.1007500000E+02    0.5805696766E+00   -0.4644557413E+00   -0.1354048785E+00   -0.1045025418E+01   -0.4644557413E+00   -0.1354048785E+00   -0.1506090067E+01   -0.5071903941E+01    0.6600099395E+00    0.6642641827E-14    0.6642641827E-14    0.9999970393E+00    0.9999970393E+00
    2    0.1007500000E+02   -0.2322278706E+00   -0.4644557413E+00   -0.6442196775E-01    0.0000000000E+00    0.0000000000E+00    0.0000000000E+00    0.0000000000E+00    0.0000000000E+00    0.0000000000E+00    0.1126898351E-11    0.1126898351E-11    0.9999944776E+00    0.9999944776E+00
    1    0.1033333333E+02    0.5805696766E+00   -0.4644557413E+00   -0.9033921089E-01    0.0000000000E+00    0.0000000000E+00    0.0000000000E+00    0.0000000000E+00    0.0000000000E+00    0.0000000000E+00    0.1399127525E-14    0.1399127525E-14    0.9999969123E+00    0.9999969123E+00
    1    0.1059166667E+02    0.5805696766E+00   -0.4644557413E+00   -0.4391763207E-01    0.0000000000E+00    0.0000000000E+00    0.0000000000E+00    0.0000000000E+00    0.0000000000E+00    0.0000000000E+00    0.5625011276E-13    0.5625011276E-13    0.9999966718E+00    0.9999966718E+00
    1    0.1085000000E+02   -0.2322278706E+00   -0.4644557413E+00    0.6607218458E-01    0.0000000000E+00    0.0000000000E+00    0.0000000000E+00    0.0000000000E+00    0.0000000000E+00    0.0000000000E+00    0.1091803024E-11    0.1091803024E-11    0.9999945556E+00    0.9999945556E+00
    1    0.1110833333E+02    0.5805696766E+00   -0.4644557413E+00    0.4940585469E-01    0.0000000000E+00    0.0000000000E+00    0.0000000000E+00    0.0000000000E+00    0.0000000000E+00    0.0000000000E+00    0.4619203397E-13    0.4619203397E-13    0.9999962227E+00    0.9999962227E+00
    2    0.1110833333E+02   -0.2322278706E+00   -0.4644557413E+00    0.1340511206E+00    0.0000000000E+00    0.0000000000E+00    0.0000000000E+00    0.0000000000E+00    0.0000000000E+00    0.0000000000E+00    0.7891209945E-14    0.7891209946E-14    0.9999953130E+00    0.9999953130E+00
    1    0.1136666667E+02    0.5805696766E+00   -0.4644557413E+00    0.1020466125E+00    0.0000000000E+00    0.0000000000E+00    0.0000000000E+00    0.0000000000E+00    0.0000000000E+00    0.0000000000E+00    0.3577674340E-14    0.3577674341E-14    0.9999959730E+00    0.9999959730E+00
    2    0.1136666667E+02   -0.2322278706E+00   -0.4644557413E+00    0.1977832766E+00    0.0000000000E+00    0.0000000000E+00    0.0000000000E+00    0.0000000000E+00    0.0000000000E+00    0.0000000000E+00    0.6121485650E-16    0.6121485652E-16    0.9999952428E+00    0.9999952428E+00
    3    0.1136666667E+02   -0.2322278706E+00    0.3483418059E+00   -0.2810426797E+00    0.0000000000E+00    0.0000000000E+00    0.0000000000E+00    0.0000000000E+00    0.0000000000E+00    0.0000000000E+00    0.8705997335E-12    0.8705997335E-12    0.9999902499E+00    0.9999902499E+00
    4    0.1136666667E+02   -0.2322278706E+00    0.3483418059E+00   -0.5498359299E+00    0.0000000000E+00    0.0000000000E+00    0.0000000000E+00    0.0000000000E+00    0.0000000000E+00    0.0000000000E+00    0.2770115090E-12    0.2770115090E-12    0.9999939324E+00    0.9999939324E+00
    1    0.1162500000E+02   -0.2322278706E+00    0.3483418059E+00   -0.4783901372E+00    0.0000000000E+00    0.0000000000E+00    0.0000000000E+00    0.0000000000E+00    0.0000000000E+00    0.0000000000E+00    0.1096595887E-11    0.1096595887E-11    0.9999947660E+00    0.9999947660E+00
    2    0.1162500000E+02    0.5805696766E+00    0.3483418059E+00   -0.5715612683E+00    0.0000000000E+00    0.0000000000E+00    0.0000000000E+00    0.0000000000E+00    0.0000000000E+00    0.0000000000E+00    0.6898128657E-11    0.6898128657E-11    0.9999915924E+00    0.9999915924E+00
    3    0.1162500000E+02   -0.2322278706E+00   -0.4644557413E+00    0.2621065571E+00    0.0000000000E+00    0.0000000000E+00    0.0000000000E+00    0.0000000000E+00    0.0000000000E+00    0.0000000000E+00    0.1654228073E-13    0.1654228073E-13    0.9999950410E+00    0.9999950410E+00
    4    0.1162500000E+02    0.5805696766E+00   -0.4644557413E+00    0.1578622334E+00    0.0000000000E+00    0.0000000000E+00    0.0000000000E+00    0.0000000000E+00    0.0000000000E+00    0.0000000000E+00    0.4956189353E-14    0.4956189353E-14    0.9999955860E+00    0.9999955860E+00
    5    0.1162500000E+02    0.5805696766E+00    0.3483418059E+00   -0.9376695023E-01    0.0000000000E+00    0.0000000000E+00    0.0000000000E+00    0.0000000000E+00    0.0000000000E+00    0.0000000000E+00    0.2073589681E-09    0.2073589681E-09    0.9999489906E+00    0.9999489906E+00
    6    0.1162500000E+02   -0.2322278706E+00    0.3483418059E+00   -0.1208524972E+00    0.0000000000E+00    0.0000000000E+00    0.0000000000E+00    0.0000000000E+00    0.0000000000E+00    0.0000000000E+00    0.1240755806E-10    0.1240755806E-10    0.9999817636E+00    0.9999817636E+00
    1    0.1188333333E+02    0.5805696766E+00   -0.4644557413E+00    0.2180283903E+00    0.0000000000E+00    0.0000000000E+00    0.0000000000E+00    0.0000000000E+00    0.0000000000E+00    0.0000000000E+00    0.4755120999E-14    0.4755124287E-14    0.9999951172E+00    0.9999951172E+00
    2    0.1188333333E+02   -0.2322278706E+00   -0.4644557413E+00    0.3277411648E+00    0.0000000000E+00    0.0000000000E+00    0.0000000000E+00    0.0000000000E+00    0.0000000000E+00    0.0000000000E+00    0.1553033210E-13    0.1553033210E-13    0.9999948358E+00    0.9999948358E+00
    3    0.1188333333E+02   -0.2322278706E+00    0.3483418059E+00   -0.4148695067E+00    0.0000000000E+00    0.0000000000E+00    0.0000000000E+00    0.0000000000E+00    0.0000000000E+00    0.0000000000E+00    0.6029863701E-15    0.6029888238E-15    0.9999951401E+00    0.9999951401E+00
    4    0.1188333333E+02    0.5805696766E+00    0.3483418059E+00   -0.4919251710E+00    0.0000000000E+00    0.0000000000E+00    0.0000000000E+00    0.0000000000E+00    0.0000000000E+00    0.0000000000E+00    0.4971612687E-15    0.4971637031E-15    0.9999942288E+00    0.9999942288E+00
    1    0.1214166667E+02    0.5805696766E+00   -0.4644557413E+00    0.2831437091E+00    0.0000000000E+00    0.0000000000E+00    0.0000000000E+00    0.0000000000E+00    0.0000000000E+00    0.0000000000E+00    0.2989412962E-13    0.2989412962E-13    0.9999946136E+00    0.9999946136E+00
    2    0.1214166667E+02   -0.2322278706E+00   -0.4644557413E+00    0.3943100924E+00    0.0000000000E+00    0.0000000000E+00    0.0000000000E+00    0.0000000000E+00    0.0000000000E+00    0.0000000000E+00    0.7245856694E-15    0.7245856694E-15    0.9999946739E+00    0.9999946739E+00
    3    0.1214166667E+02   -0.2322278706E+00    0.3483418059E+00   -0.3523477768E+00    0.0000000000E+00    0.0000000000E+00    0.0000000000E+00    0.0000000000E+00    0.0000000000E+00    0.0000000000E+00    0.1810840280E-14    0.1810840280E-14    0.9999949519E+00    0.9999949519E+00
    4    0.1214166667E+02    0.5805696766E+00    0.3483418059E+00   -0.4190936913E+00    0.0000000000E+00    0.0000000000E+00    0.0000000000E+00    0.0000000000E+00    0.0000000000E+00    0.0000000000E+00    0.2160823104E-14    0.2160823104E-14    0.9999941825E+00    0.9999941825E+00
    1    0.1240000000E+02    0.5805696766E+00   -0.4644557413E+00    0.3528762008E+00    0.0000000000E+00    0.0000000000E+00    0.0000000000E+00    0.0000000000E+00    0.0000000000E+00    0.0000000000E+00    0.5823194700E-14    0.5823194700E-14    0.9999941730E+00    0.9999941730E+00
    2    0.1240000000E+02   -0.2322278706E+00   -0.4644557413E+00    0.4612833754E+00    0.0000000000E+00    0.0000000000E+00    0.0000000000E+00    0.0000000000E+00    0.0000000000E+00    0.0000000000E+00    0.1240650859E-13    0.1240650859E-13    0.9999945374E+00    0.9999945374E+00
    3    0.1240000000E+02   -0.2322278706E+00    0.3483418059E+00   -0.2869149433E+00    0.0000000000E+00    0.0000000000E+00    0.0000000000E+00    0.0000000000E+00    0.0000000000E+00    0.0000000000E+00    0.2420610558E-13    0.2420610558E-13    0.9999944419E+00    0.9999944419E+00
    4    0.1240000000E+02    0.5805696766E+00    0.3483418059E+00   -0.3435859180E+00    0.0000000000E+00    0.0000000000E+00    0.0000000000E+00    0.0000000000E+00    0.0000000000E+00    0.0000000000E+00    0.1104767519E-13    0.1104767519E-13    0.9999935433E+00    0.9999935433E+00
    1    0.1265833333E+02    0.5805696766E+00   -0.4644557413E+00    0.4256069183E+00    0.0000000000E+00    0.0000000000E+00    0.0000000000E+00    0.0000000000E+00    0.0000000000E+00    0.0000000000E+00    0.5947488232E-14    0.5947488232E-14    0.9999938950E+00    0.9999938950E+00
    2    0.1265833333E+02   -0.2322278706E+00   -0.4644557413E+00    0.5287016129E+00    0.0000000000E+00    0.0000000000E+00    0.0000000000E+00    0.0000000000E+00    0.0000000000E+00    0.0000000000E+00    0.1662630396E-14    0.1662630396E-14    0.9999943596E+00    0.9999943596E+00
    3    0.1265833333E+02   -0.2322278706E+00    0.3483418059E+00   -0.2133890496E+00    0.0000000000E+00    0.0000000000E+00    0.0000000000E+00    0.0000000000E+00    0.0000000000E+00    0.0000000000E+00    0.1460160449E-13    0.1460160449E-13    0.9999932847E+00    0.9999932847E+00
    4    0.1265833333E+02    0.5805696766E+00    0.3483418059E+00   -0.2561852990E+00    0.0000000000E+00    0.0000000000E+00    0.0000000000E+00    0.0000000000E+00    0.0000000000E+00    0.0000000000E+00    0.1483653466E-12    0.1483653466E-12    0.9999917334E+00    0.9999917334E+00
    1    0.1291666667E+02    0.5805696766E+00   -0.4644557413E+00    0.4992158198E+00    0.0000000000E+00    0.0000000000E+00    0.0000000000E+00    0.0000000000E+00    0.0000000000E+00    0.0000000000E+00    0.1125369896E-14    0.1125369896E-14    0.9999937646E+00    0.9999937646E+00
    2    0.1291666667E+02   -0.2322278706E+00   -0.4644557413E+00   -0.5520844361E+00    0.0000000000E+00    0.0000000000E+00    0.0000000000E+00    0.0000000000E+00    0.0000000000E+00    0.0000000000E+00    0.2588144940E-13    0.2588144940E-13    0.9999940486E+00    0.9999940486E+00
    3    0.1291666667E+02   -0.2322278706E+00    0.3483418059E+00   -0.1129991173E+00    0.0000000000E+00    0.0000000000E+00    0.0000000000E+00    0.0000000000E+00    0.0000000000E+00    0.0000000000E+00    0.3693064221E-11    0.3693064221E-11    0.9999880172E+00    0.9999880172E+00
    4    0.1291666667E+02    0.5805696766E+00    0.3483418059E+00   -0.1097509740E+00    0.0000000000E+00    0.0000000000E+00    0.0000000000E+00    0.0000000000E+00    0.0000000000E+00    0.0000000000E+00    0.2663019719E-10    0.2663019719E-10    0.9999752131E+00    0.9999752131E+00
    1    0.1317500000E+02   -0.2322278706E+00   -0.4644557413E+00   -0.4798702231E+00    0.0000000000E+00    0.0000000000E+00    0.0000000000E+00    0.0000000000E+00    0.0000000000E+00    0.0000000000E+00    0.2783933848E-15    0.2783933848E-15    0.9999935206E+00    0.9999935206E+00
    2    0.1317500000E+02    0.5805696766E+00   -0.4644557413E+00    0.5735972655E+00    0.0000000000E+00    0.0000000000E+00    0.0000000000E+00    0.0000000000E+00    0.0000000000E+00    0.0000000000E+00    0.1942478767E-10    0.1942478767E-10    0.9999880519E+00    0.9999880519E+00
    1    0.1343333333E+02    0.5805696766E+00   -0.4644557413E+00   -0.5029690922E+00    0.0000000000E+00    0.0000000000E+00    0.0000000000E+00    0.0000000000E+00    0.0000000000E+00    0.0000000000E+00    0.9776588930E-13    0.9776588930E-13    0.9999932401E+00    0.9999932401E+00
    2    0.1343333333E+02   -0.2322278706E+00   -0.4644557413E+00   -0.4004199892E+00    0.0000000000E+00    0.0000000000E+00    0.0000000000E+00    0.0000000000E+00    0.0000000000E+00    0.0000000000E+00    0.1891226558E-13    0.1891226570E-13    0.9999924219E+00    0.9999924219E+00
    3    0.1343333333E+02   -0.2322278706E+00    0.3483418059E+00    0.3448532710E+00    0.0000000000E+00    0.0000000000E+00    0.0000000000E+00    0.0000000000E+00    0.0000000000E+00    0.0000000000E+00    0.7252713383E-10    0.7252713383E-10    0.9999586373E+00    0.9999586373E+00
    4    0.1343333333E+02   -0.2322278706E+00    0.3483418059E+00   -0.9611839242E-01    0.0000000000E+00    0.0000000000E+00    0.0000000000E+00    0.0000000000E+00    0.0000000000E+00    0.0000000000E+00    0.1482815214E-09    0.1482815214E-09    0.9999597613E+00    0.9999597613E+00
    5    0.1343333333E+02   -0.2322278706E+00    0.3483418059E+00   -0.6421316719E-01    0.0000000000E+00    0.0000000000E+00    0.0000000000E+00    0.0000000000E+00    0.0000000000E+00    0.0000000000E+00    0.7421226938E-09    0.7421226938E-09    0.9999357944E+00    0.9999357944E+00
    6    0.1343333333E+02    0.5805696766E+00   -0.4644557413E+00    0.2266216807E+00    0.0000000000E+00    0.0000000000E+00    0.0000000000E+00    0.0000000000E+00    0.0000000000E+00    0.0000000000E+00    0.2342452094E-11    0.2342452094E-11    0.9999771703E+00    0.9999771703E+00
    7    0.1343333333E+02   -0.2322278706E+00    0.3483418059E+00    0.1530006722E+00    0.0000000000E+00    0.0000000000E+00    0.0000000000E+00    0.0000000000E+00    0.0000000000E+00    0.0000000000E+00    0.4565955490E-09    0.4565955490E-09    0.9999453794E+00    0.9999453794E+00
    8    0.1343333333E+02   -0.2322278706E+00   -0.4644557413E+00    0.1689893727E+00    0.0000000000E+00    0.0000000000E+00    0.0000000000E+00    0.0000000000E+00    0.0000000000E+00    0.0000000000E+00    0.1874909375E-11    0.1874909375E-11    0.9999768552E+00    0.9999768552E+00
    1    0.1369166667E+02   -0.2322278706E+00   -0.4644557413E+00   -0.3041447376E+00    0.0000000000E+00    0.0000000000E+00    0.0000000000E+00    0.0000000000E+00    0.0000000000E+00    0.0000000000E+00    0.7953608509E-13    0.7953608509E-13    0.9999898854E+00    0.9999898854E+00
    2    0.1369166667E+02    0.5805696766E+00   -0.4644557413E+00   -0.4258575997E+00    0.0000000000E+00    0.0000000000E+00    0.0000000000E+00    0.0000000000E+00    0.0000000000E+00    0.0000000000E+00    0.1353282388E-11    0.1353282388E-11    0.9999924492E+00    0.9999924492E+00
    3    0.1369166667E+02    0.5805696766E+00    0.3483418059E+00    0.4626634772E+00    0.0000000000E+00    0.0000000000E+00    0.0000000000E+00    0.0000000000E+00    0.0000000000E+00    0.0000000000E+00    0.1724644940E-08    0.1724644940E-08    0.9999470409E+00    0.9999470409E+00
    4    0.1369166667E+02    0.5805696766E+00    0.3483418059E+00    0.3043418333E+00    0.0000000000E+00    0.0000000000E+00    0.0000000000E+00    0.0000000000E+00    0.0000000000E+00    0.0000000000E+00    0.3422487650E-10    0.3422487650E-10    0.9999749110E+00    0.9999749110E+00
    5    0.1369166667E+02    0.5805696766E+00   -0.4644557413E+00    0.4214815731E+00    0.0000000000E+00    0.0000000000E+00    0.0000000000E+00    0.0000000000E+00    0.0000000000E+00    0.0000000000E+00    0.1650808380E-11    0.1650808380E-11    0.9999851726E+00    0.9999851726E+00
    6    0.1369166667E+02   -0.2322278706E+00   -0.4644557413E+00    0.3651545595E+00    0.0000000000E+00    0.0000000000E+00    0.0000000000E+00    0.0000000000E+00    0.0000000000E+00    0.0000000000E+00    0.1393697857E-12    0.1393697857E-12    0.9999847127E+00    0.9999847127E+00
    7    0.1369166667E+02   -0.2322278706E+00    0.3483418059E+00    0.1456139704E+00    0.0000000000E+00    0.0000000000E+00    0.0000000000E+00    0.0000000000E+00    0.0000000000E+00    0.0000000000E+00    0.4262058878E-12    0.4262058878E-12    0.9999809720E+00    0.9999809720E+00
    8    0.1369166667E+02   -0.2322278706E+00    0.3483418059E+00    0.8619714321E-01    0.0000000000E+00    0.0000000000E+00    0.0000000000E+00    0.0000000000E+00    0.0000000000E+00    0.0000000000E+00    0.2139387356E-10    0.2139387356E-10    0.9999749274E+00    0.9999749274E+00
    9    0.1369166667E+02    0.5805696766E+00    0.3483418059E+00    0.8955601337E-02    0.0000000000E+00    0.0000000000E+00    0.0000000000E+00    0.0000000000E+00    0.0000000000E+00    0.0000000000E+00    0.1677661325E-07    0.1677661325E-07    0.9997105535E+00    0.9997105535E+00
    1    0.1395000000E+02   -0.2322278706E+00   -0.4644557413E+00   -0.1145665436E+00    0.0000000000E+00    0.0000000000E+00    0.0000000000E+00    0.0000000000E+00    0.0000000000E+00    0.0000000000E+00    0.8985205837E-10    0.8985205837E-10    0.9999518170E+00    0.9999518170E+00
    2    0.1395000000E+02    0.5805696766E+00   -0.4644557413E+00   -0.3401236076E+00    0.0000000000E+00    0.0000000000E+00    0.0000000000E+00    0.0000000000E+00    0.0000000000E+00    0.0000000000E+00    0.9508930213E-13    0.9508930216E-13    0.9999913458E+00    0.9999913458E+00
    3    0.1395000000E+02    0.5805696766E+00    0.3483418059E+00    0.2199117083E+00    0.0000000000E+00    0.0000000000E+00    0.0000000000E+00    0.0000000000E+00    0.0000000000E+00    0.0000000000E+00    0.1267935626E-11    0.1267935626E-11    0.9999566577E+00    0.9999566577E+00
    4    0.1395000000E+02   -0.2322278706E+00   -0.4644557413E+00    0.2825249339E+00    0.0000000000E+00    0.0000000000E+00    0.0000000000E+00    0.0000000000E+00    0.0000000000E+00    0.0000000000E+00    0.7938168154E-11    0.7938168154E-11    0.9999648219E+00    0.9999648219E+00
    5    0.1395000000E+02    0.5805696766E+00    0.3483418059E+00    0.3198572595E+00    0.0000000000E+00    0.0000000000E+00    0.0000000000E+00    0.0000000000E+00    0.0000000000E+00    0.0000000000E+00    0.9429992590E-12    0.9429992590E-12    0.9999717783E+00    0.9999717783E+00
    6    0.1395000000E+02    0.5805696766E+00   -0.4644557413E+00    0.4022050880E+00    0.5805696766E+00   -0.4644557413E+00   -0.7472642271E+00   -0.2926887159E+00    0.5019368081E+00    0.6793294446E+00    0.1674044783E-12    0.1674044787E-12    0.9999790042E+00    0.9999790042E+00
    7    0.1395000000E+02   -0.2322278706E+00   -0.4644557413E+00    0.5369617089E+00    0.0000000000E+00    0.0000000000E+00    0.0000000000E+00    0.0000000000E+00    0.0000000000E+00    0.0000000000E+00    0.1407335318E-11    0.1407335318E-11    0.9999830308E+00    0.9999830308E+00
    1    0.1420833333E+02    0.5805696766E+00   -0.4644557413E+00   -0.2248909123E+00    0.0000000000E+00    0.0000000000E+00    0.0000000000E+00    0.0000000000E+00    0.0000000000E+00    0.0000000000E+00    0.4410982192E-12    0.4410982194E-12    0.9999855433E+00    0.9999855433E+00
    2    0.1420833333E+02    0.5805696766E+00   -0.4644557413E+00   -0.5180031768E+00    0.0000000000E+00    0.0000000000E+00    0.0000000000E+00    0.0000000000E+00    0.0000000000E+00    0.0000000000E+00    0.5936073292E-12    0.5936073294E-12    0.9999774537E+00    0.9999774537E+00
    3    0.1420833333E+02   -0.2322278706E+00   -0.4644557413E+00   -0.4516501300E+00    0.0000000000E+00    0.0000000000E+00    0.0000000000E+00    0.0000000000E+00    0.0000000000E+00    0.0000000000E+00    0.2540922330E-11    0.2540922330E-11    0.9998906372E+00    0.9998906372E+00
    4    0.1420833333E+02   -0.2322278706E+00   -0.4644557413E+00   -0.3581054318E+00    0.0000000000E+00    0.0000000000E+00    0.0000000000E+00    0.0000000000E+00    0.0000000000E+00    0.0000000000E+00    0.5155626640E-11    0.5155626640E-11    0.9999308465E+00    0.9999308465E+00
    5    0.1420833333E+02    0.5805696766E+00   -0.4644557413E+00   -0.4055310289E+00    0.0000000000E+00    0.0000000000E+00    0.0000000000E+00    0.0000000000E+00    0.0000000000E+00    0.0000000000E+00    0.4566432678E-12    0.4566432678E-12    0.9999808034E+00    0.9999808034E+00
    1    0.1446666667E+02    0.5805696766E+00   -0.4644557413E+00   -0.2563635185E+00    0.0000000000E+00    0.0000000000E+00    0.0000000000E+00    0.0000000000E+00    0.0000000000E+00    0.0000000000E+00    0.3231914972E-12    0.3231914972E-12    0.9999716935E+00    0.9999716935E+00
    2    0.1446666667E+02    0.5805696766E+00   -0.4644557413E+00   -0.1327683332E+00    0.0000000000E+00    0.0000000000E+00    0.0000000000E+00    0.0000000000E+00    0.0000000000E+00    0.0000000000E+00    0.8097824654E-11    0.8097824654E-11    0.9999673661E+00    0.9999673661E+00
