    1    0.7750000000E+00    0.4644557413E+00    0.0000000000E+00   -0.4863072791E-01    0.0000000000E+00    0.0000000000E+00    0.0000000000E+00    0.0000000000E+00    0.0000000000E+00    0.0000000000E+00    0.1910731579E-12    0.1910731579E-12    0.9999990034E+00    0.9999990034E+00
    2    0.7750000000E+00    0.4644557413E+00    0.0000000000E+00    0.8796307338E-01    0.0000000000E+00    0.0000000000E+00    0.0000000000E+00    0.0000000000E+00    0.0000000000E+00    0.0000000000E+00    0.1406045696E-12    0.1406045696E-12    0.9999991608E+00    0.9999991608E+00
    3    0.7750000000E+00    0.4644557413E+00    0.0000000000E+00    0.7019934487E-01    0.0000000000E+00    0.0000000000E+00    0.0000000000E+00    0.0000000000E+00    0.0000000000E+00    0.0000000000E+00    0.2349341155E-13    0.2349341155E-13    0.9999995589E+00    0.9999995589E+00
    1    0.1033333333E+01    0.4644557413E+00    0.0000000000E+00    0.1503574829E+00    0.0000000000E+00    0.0000000000E+00    0.0000000000E+00    0.0000000000E+00    0.0000000000E+00    0.0000000000E+00    0.5708695775E-16    0.5708695775E-16    0.9999996739E+00    0.9999996739E+00
    2    0.1033333333E+01    0.4644557413E+00    0.0000000000E+00    0.1307775941E+00    0.0000000000E+00    0.0000000000E+00    0.0000000000E+00    0.0000000000E+00    0.0000000000E+00    0.0000000000E+00    0.4707514557E-14    0.4707514557E-14    0.9999996058E+00    0.9999996058E+00
    1    0.1291666667E+01    0.4644557413E+00    0.0000000000E+00    0.1905389800E+00    0.0000000000E+00    0.0000000000E+00    0.0000000000E+00    0.0000000000E+00    0.0000000000E+00    0.0000000000E+00    0.8033938056E-19    0.8033938056E-19    0.9999996608E+00    0.9999996608E+00
    2    0.1291666667E+01    0.4644557413E+00    0.0000000000E+00    0.1809940866E+00    0.0000000000E+00    0.0000000000E+00    0.0000000000E+00    0.0000000000E+00    0.0000000000E+00    0.0000000000E+00    0.1295927050E-15    0.1295927050E-15    0.9999995680E+00    0.9999995680E+00
    1    0.1550000000E+01    0.4644557413E+00    0.0000000000E+00    0.4186777086E-01    0.0000000000E+00    0.0000000000E+00    0.0000000000E+00    0.0000000000E+00    0.0000000000E+00    0.0000000000E+00    0.9960020145E-14    0.9960020145E-14    0.9999996460E+00    0.9999996460E+00
    2    0.1550000000E+01    0.4644557413E+00    0.0000000000E+00    0.2272676150E+00    0.0000000000E+00    0.0000000000E+00    0.0000000000E+00    0.0000000000E+00    0.0000000000E+00    0.0000000000E+00    0.6457159054E-14    0.6457159054E-14    0.9999995627E+00    0.9999995627E+00
    3    0.1550000000E+01    0.4644557413E+00    0.0000000000E+00    0.2279655690E+00    0.0000000000E+00    0.0000000000E+00    0.0000000000E+00    0.0000000000E+00    0.0000000000E+00    0.0000000000E+00    0.1158246356E-14    0.1158246356E-14    0.9999995115E+00    0.9999995115E+00
    1    0.1808333333E+01    0.4644557413E+00    0.0000000000E+00    0.7525812113E-01    0.0000000000E+00    0.0000000000E+00    0.0000000000E+00    0.0000000000E+00    0.0000000000E+00    0.0000000000E+00    0.1133731420E-14    0.1133731420E-14    0.9999996587E+00    0.9999996587E+00
    2    0.1808333333E+01    0.4644557413E+00    0.0000000000E+00    0.2630946761E+00    0.0000000000E+00    0.0000000000E+00    0.0000000000E+00    0.0000000000E+00    0.0000000000E+00    0.0000000000E+00    0.9691260286E-15    0.9691260286E-15    0.9999995338E+00    0.9999995338E+00
    3    0.1808333333E+01    0.4644557413E+00    0.0000000000E+00    0.2736602230E+00    0.0000000000E+00    0.0000000000E+00    0.0000000000E+00    0.0000000000E+00    0.0000000000E+00    0.0000000000E+00    0.3304814599E-14    0.3304814599E-14    0.9999994448E+00    0.9999994448E+00
    1    0.2066666667E+01    0.4644557413E+00    0.0000000000E+00    0.1040940436E+00    0.0000000000E+00    0.0000000000E+00    0.0000000000E+00    0.0000000000E+00    0.0000000000E+00    0.0000000000E+00    0.2361983533E-16    0.2361983533E-16    0.9999996407E+00    0.9999996407E+00
    2    0.2066666667E+01    0.4644557413E+00    0.0000000000E+00    0.2990409287E+00    0.0000000000E+00    0.0000000000E+00    0.0000000000E+00    0.0000000000E+00    0.0000000000E+00    0.0000000000E+00    0.7608706977E-15    0.7608706977E-15    0.9999994720E+00    0.9999994720E+00
    3    0.2066666667E+01    0.4644557413E+00    0.0000000000E+00    0.3190770429E+00    0.0000000000E+00    0.0000000000E+00    0.0000000000E+00    0.0000000000E+00    0.0000000000E+00    0.0000000000E+00    0.2662507222E-14    0.2662507222E-14    0.9999993683E+00    0.9999993683E+00
    1    0.2325000000E+01    0.4644557413E+00    0.0000000000E+00    0.1310967807E+00    0.0000000000E+00    0.0000000000E+00    0.0000000000E+00    0.0000000000E+00    0.0000000000E+00    0.0000000000E+00    0.7383555974E-15    0.7383555974E-15    0.9999996114E+00    0.9999996114E+00
    2    0.2325000000E+01    0.4644557413E+00    0.0000000000E+00    0.3357336204E+00    0.0000000000E+00    0.0000000000E+00    0.0000000000E+00    0.0000000000E+00    0.0000000000E+00    0.0000000000E+00    0.1541488813E-14    0.1541488813E-14    0.9999994000E+00    0.9999994000E+00
    3    0.2325000000E+01    0.4644557413E+00    0.0000000000E+00    0.3649676472E+00    0.0000000000E+00    0.0000000000E+00    0.0000000000E+00    0.0000000000E+00    0.0000000000E+00    0.0000000000E+00    0.3270151949E-15    0.3270151949E-15    0.9999992797E+00    0.9999992797E+00
    1    0.2583333333E+01    0.4644557413E+00    0.0000000000E+00    0.1570592483E+00    0.0000000000E+00    0.0000000000E+00    0.0000000000E+00    0.0000000000E+00    0.0000000000E+00    0.0000000000E+00    0.1533464485E-14    0.1533464485E-14    0.9999995791E+00    0.9999995791E+00
    2    0.2583333333E+01    0.4644557413E+00    0.0000000000E+00    0.3737124000E+00    0.0000000000E+00    0.0000000000E+00    0.0000000000E+00    0.0000000000E+00    0.0000000000E+00    0.0000000000E+00    0.1802400848E-14    0.1802400848E-14    0.9999993135E+00    0.9999993135E+00
    3    0.2583333333E+01    0.4644557413E+00    0.0000000000E+00    0.4120863159E+00    0.0000000000E+00    0.0000000000E+00    0.0000000000E+00    0.0000000000E+00    0.0000000000E+00    0.0000000000E+00    0.8844760805E-15    0.8844760805E-15    0.9999991742E+00    0.9999991742E+00
    1    0.2841666667E+01    0.4644557413E+00    0.0000000000E+00    0.1823449912E+00    0.0000000000E+00    0.0000000000E+00    0.0000000000E+00    0.0000000000E+00    0.0000000000E+00    0.0000000000E+00    0.1631485961E-14    0.1631485961E-14    0.9999995441E+00    0.9999995441E+00
    2    0.2841666667E+01    0.4644557413E+00    0.0000000000E+00    0.4135779942E+00    0.4644557413E+00    0.0000000000E+00    0.4135779942E+00    0.1122556789E+01   -0.8249985430E-10    0.1997760858E+01    0.1605957800E-14    0.1605957800E-14    0.9999992090E+00    0.9999992090E+00
    3    0.2841666667E+01    0.4644557413E+00    0.0000000000E+00    0.4613541104E+00    0.0000000000E+00    0.0000000000E+00    0.0000000000E+00    0.0000000000E+00    0.0000000000E+00    0.0000000000E+00    0.4483234422E-14    0.4483234422E-14    0.9999990427E+00    0.9999990427E+00
    1    0.3100000000E+01    0.4644557413E+00    0.0000000000E+00    0.2071606681E+00    0.0000000000E+00    0.0000000000E+00    0.0000000000E+00    0.0000000000E+00    0.0000000000E+00    0.0000000000E+00    0.1157702345E-14    0.1157702345E-14    0.9999995068E+00    0.9999995068E+00
    2    0.3100000000E+01    0.4644557413E+00    0.0000000000E+00    0.4561333371E+00    0.0000000000E+00    0.0000000000E+00    0.0000000000E+00    0.0000000000E+00    0.0000000000E+00    0.0000000000E+00    0.1898183365E-14    0.1898183365E-14    0.9999990779E+00    0.9999990779E+00
    3    0.3100000000E+01    0.4644557413E+00    0.0000000000E+00    0.5140677154E+00    0.0000000000E+00    0.0000000000E+00    0.0000000000E+00    0.0000000000E+00    0.0000000000E+00    0.0000000000E+00    0.3432134327E-14    0.3432134327E-14    0.9999988693E+00    0.9999988693E+00
    1    0.3358333333E+01    0.4644557413E+00    0.0000000000E+00    0.2316402233E+00    0.0000000000E+00    0.0000000000E+00    0.0000000000E+00    0.0000000000E+00    0.0000000000E+00    0.0000000000E+00    0.8219925658E-15    0.8219925773E-15    0.9999994664E+00    0.9999994664E+00
    2    0.3358333333E+01    0.4644557413E+00    0.0000000000E+00    0.5026411947E+00    0.0000000000E+00    0.0000000000E+00    0.0000000000E+00    0.0000000000E+00    0.0000000000E+00    0.0000000000E+00    0.4850280818E-14    0.4850280822E-14    0.9999989004E+00    0.9999989004E+00
    3    0.3358333333E+01   -0.3483418059E+00    0.0000000000E+00   -0.3688481184E+00    0.0000000000E+00    0.0000000000E+00    0.0000000000E+00    0.0000000000E+00    0.0000000000E+00    0.0000000000E+00    0.1245696183E-12    0.1245696183E-12    0.9999984605E+00    0.9999984605E+00
    4    0.3358333333E+01    0.4644557413E+00    0.8127975472E+00   -0.3913019408E+00    0.4644557413E+00    0.8127975472E+00   -0.3913019408E+00    0.0000000000E+00    0.0000000000E+00    0.0000000000E+00    0.1396546171E-16    0.1396547393E-16    0.9999967330E+00    0.9999967330E+00
    5    0.3358333333E+01   -0.3483418059E+00    0.0000000000E+00   -0.5499398809E+00    0.0000000000E+00    0.0000000000E+00    0.0000000000E+00    0.0000000000E+00    0.0000000000E+00    0.0000000000E+00    0.1675008987E-12    0.1675008988E-12    0.9999983630E+00    0.9999983630E+00
    6    0.3358333333E+01   -0.3483418059E+00    0.0000000000E+00   -0.1546844254E+00    0.0000000000E+00    0.0000000000E+00    0.0000000000E+00    0.0000000000E+00    0.0000000000E+00    0.0000000000E+00    0.7086553079E-12    0.7086553079E-12    0.9999936407E+00    0.9999936407E+00
    7    0.3358333333E+01   -0.3483418059E+00    0.0000000000E+00   -0.4345881023E+00    0.0000000000E+00    0.0000000000E+00    0.0000000000E+00    0.0000000000E+00    0.0000000000E+00    0.0000000000E+00    0.1831373305E-12    0.1831373305E-12    0.9999968082E+00    0.9999968082E+00
    8    0.3358333333E+01    0.4644557413E+00    0.8127975472E+00   -0.4136131828E+00    0.4644557413E+00    0.8127975472E+00   -0.4136131828E+00    0.0000000000E+00    0.0000000000E+00    0.0000000000E+00    0.9881192311E-14    0.9881192316E-14    0.9999950106E+00    0.9999950106E+00
    9    0.3358333333E+01    0.4644557413E+00    0.0000000000E+00    0.5728904143E+00    0.0000000000E+00    0.0000000000E+00    0.0000000000E+00    0.0000000000E+00    0.0000000000E+00    0.0000000000E+00    0.2960351370E-12    0.2960351373E-12    0.9999981357E+00    0.9999981357E+00
    1    0.3616666667E+01    0.4644557413E+00    0.0000000000E+00    0.2558786348E+00    0.0000000000E+00    0.0000000000E+00    0.0000000000E+00    0.0000000000E+00    0.0000000000E+00    0.0000000000E+00    0.2304159883E-14    0.2304160184E-14    0.9999994169E+00    0.9999994169E+00
    2    0.3616666667E+01    0.4644557413E+00    0.0000000000E+00    0.5564410420E+00    0.0000000000E+00    0.0000000000E+00    0.0000000000E+00    0.0000000000E+00    0.0000000000E+00    0.0000000000E+00    0.9729787197E-13    0.9729787486E-13    0.9999984892E+00    0.9999984892E+00
    3    0.3616666667E+01   -0.3483418059E+00    0.0000000000E+00   -0.3121443601E+00    0.0000000000E+00    0.0000000000E+00    0.0000000000E+00    0.0000000000E+00    0.0000000000E+00    0.0000000000E+00    0.4714309626E-14    0.4714309662E-14    0.9999988180E+00    0.9999988180E+00
    4    0.3616666667E+01    0.4644557413E+00    0.8127975472E+00   -0.2770976116E+00    0.4644557413E+00    0.8127975472E+00   -0.2770976116E+00    0.0000000000E+00    0.0000000000E+00    0.0000000000E+00    0.2130882897E-14    0.2130882950E-14    0.9999976701E+00    0.9999976701E+00
    5    0.3616666667E+01    0.4644557413E+00    0.8127975472E+00   -0.4774694560E+00    0.4644557413E+00    0.8127975472E+00   -0.4774694560E+00    0.0000000000E+00    0.0000000000E+00    0.0000000000E+00    0.1067890072E-13    0.1067890073E-13    0.9999979848E+00    0.9999979848E+00
    6    0.3616666667E+01   -0.3483418059E+00    0.0000000000E+00   -0.4895182373E+00    0.0000000000E+00    0.0000000000E+00    0.0000000000E+00    0.0000000000E+00    0.0000000000E+00    0.0000000000E+00    0.5010178116E-14    0.5010178120E-14    0.9999987548E+00    0.9999987548E+00
    7    0.3616666667E+01    0.4644557413E+00    0.8127975472E+00   -0.2767279714E+00    0.4644557413E+00    0.8127975472E+00   -0.2767279714E+00    0.0000000000E+00    0.0000000000E+00    0.0000000000E+00    0.6283627365E-13    0.6283627365E-13    0.9999973348E+00    0.9999973348E+00
    8    0.3616666667E+01   -0.3483418059E+00    0.0000000000E+00   -0.3151992441E+00    0.0000000000E+00    0.0000000000E+00    0.0000000000E+00    0.0000000000E+00    0.0000000000E+00    0.0000000000E+00    0.5436630074E-13    0.5436630074E-13    0.9999972907E+00    0.9999972907E+00
    9    0.3616666667E+01    0.4644557413E+00    0.8127975472E+00   -0.4931587233E+00    0.4644557413E+00    0.8127975472E+00   -0.4931587233E+00    0.0000000000E+00    0.0000000000E+00    0.0000000000E+00    0.2264533137E-13    0.2264533138E-13    0.9999979159E+00    0.9999979159E+00
   10    0.3616666667E+01    0.4644557413E+00    0.0000000000E+00   -0.5098071622E+00    0.0000000000E+00    0.0000000000E+00    0.0000000000E+00    0.0000000000E+00    0.0000000000E+00    0.0000000000E+00    0.9795836607E-14    0.9795836607E-14    0.9999982259E+00    0.9999982259E+00
    1    0.3875000000E+01    0.4644557413E+00    0.0000000000E+00    0.2799479394E+00    0.0000000000E+00    0.0000000000E+00    0.0000000000E+00    0.0000000000E+00    0.0000000000E+00    0.0000000000E+00    0.2602604835E-14    0.2655420317E-14    0.9999993723E+00    0.9999993723E+00
    2    0.3875000000E+01    0.4644557413E+00    0.0000000000E+00   -0.5352267824E+00    0.0000000000E+00    0.0000000000E+00    0.0000000000E+00    0.0000000000E+00    0.0000000000E+00    0.0000000000E+00    0.3089705665E-13    0.3089794970E-13    0.9999982072E+00    0.9999982072E+00
    3    0.3875000000E+01   -0.3483418059E+00    0.0000000000E+00   -0.2666474116E+00    0.0000000000E+00    0.0000000000E+00    0.0000000000E+00    0.0000000000E+00    0.0000000000E+00    0.0000000000E+00    0.5910087987E-14    0.5932616717E-14    0.9999989112E+00    0.9999989112E+00
    4    0.3875000000E+01    0.4644557413E+00    0.8127975472E+00   -0.1710640500E+00    0.4644557413E+00    0.8127975472E+00   -0.1710640500E+00    0.0000000000E+00    0.0000000000E+00    0.0000000000E+00    0.1055076659E-13    0.1055077535E-13    0.9999970115E+00    0.9999970115E+00
    5    0.3875000000E+01   -0.3483418059E+00    0.0000000000E+00   -0.4412995075E+00    0.0000000000E+00    0.0000000000E+00    0.0000000000E+00    0.0000000000E+00    0.0000000000E+00    0.0000000000E+00    0.4826095375E-14    0.4829166965E-14    0.9999988428E+00    0.9999988428E+00
    6    0.3875000000E+01    0.4644557413E+00    0.8127975472E+00   -0.4092507670E+00    0.4644557413E+00    0.8127975472E+00   -0.4092507670E+00    0.0000000000E+00    0.0000000000E+00    0.0000000000E+00    0.3692422768E-14    0.3692423318E-14    0.9999983784E+00    0.9999983784E+00
    7    0.3875000000E+01    0.4644557413E+00    0.8127975472E+00   -0.1619626459E+00    0.4644557413E+00    0.8127975472E+00   -0.1619626459E+00    0.0000000000E+00    0.0000000000E+00    0.0000000000E+00    0.1375564295E-12    0.1375564296E-12    0.9999966896E+00    0.9999966896E+00
    8    0.3875000000E+01    0.4644557413E+00    0.8127975472E+00   -0.4194987057E+00    0.4644557413E+00    0.8127975472E+00   -0.4194987057E+00    0.0000000000E+00    0.0000000000E+00    0.0000000000E+00    0.7418409537E-13    0.7418409548E-13    0.9999982989E+00    0.9999982989E+00
    9    0.3875000000E+01    0.4644557413E+00    0.0000000000E+00   -0.4245863474E+00    0.0000000000E+00    0.0000000000E+00    0.0000000000E+00    0.0000000000E+00    0.0000000000E+00    0.0000000000E+00    0.1569940191E-13    0.1569940192E-13    0.9999974429E+00    0.9999974429E+00
   10    0.3875000000E+01   -0.3483418059E+00    0.0000000000E+00   -0.1951434463E+00    0.0000000000E+00    0.0000000000E+00    0.0000000000E+00    0.0000000000E+00    0.0000000000E+00    0.0000000000E+00    0.8449919172E-15    0.8449919195E-15    0.9999965202E+00    0.9999965202E+00
    1    0.4133333333E+01    0.4644557413E+00    0.0000000000E+00    0.3039065203E+00    0.0000000000E+00    0.0000000000E+00    0.0000000000E+00    0.0000000000E+00    0.0000000000E+00    0.0000000000E+00    0.1732370813E-14    0.1732370884E-14    0.9999993140E+00    0.9999993140E+00
    2    0.4133333333E+01    0.4644557413E+00    0.0000000000E+00   -0.4539849484E+00    0.0000000000E+00    0.0000000000E+00    0.0000000000E+00    0.0000000000E+00    0.0000000000E+00    0.0000000000E+00    0.3941430288E-15    0.3941430320E-15    0.9999973785E+00    0.9999973785E+00
    3    0.4133333333E+01   -0.3483418059E+00    0.0000000000E+00   -0.2258625310E+00    0.0000000000E+00    0.0000000000E+00    0.0000000000E+00    0.0000000000E+00    0.0000000000E+00    0.0000000000E+00    0.1132803324E-13    0.1132803352E-13    0.9999989283E+00    0.9999989283E+00
    4    0.4133333333E+01   -0.3483418059E+00    0.0000000000E+00   -0.3980630430E+00    0.0000000000E+00    0.0000000000E+00    0.0000000000E+00    0.0000000000E+00    0.0000000000E+00    0.0000000000E+00    0.1074154605E-13    0.1074154605E-13    0.9999988600E+00    0.9999988600E+00
    5    0.4133333333E+01    0.4644557413E+00    0.8127975472E+00   -0.3535119751E+00    0.4644557413E+00    0.8127975472E+00   -0.3535119751E+00    0.0000000000E+00    0.0000000000E+00    0.0000000000E+00    0.8819533179E-15    0.8825332134E-15    0.9999985731E+00    0.9999985731E+00
    6    0.4133333333E+01    0.4644557413E+00    0.0000000000E+00   -0.2921725795E+00    0.0000000000E+00    0.0000000000E+00    0.0000000000E+00    0.0000000000E+00    0.0000000000E+00    0.0000000000E+00    0.2693862698E-12    0.2693862698E-12    0.9999948769E+00    0.9999948769E+00
    7    0.4133333333E+01    0.4644557413E+00    0.8127975472E+00   -0.3603759895E+00    0.4644557413E+00    0.8127975472E+00   -0.3603759895E+00    0.0000000000E+00    0.0000000000E+00    0.0000000000E+00    0.9424928398E-15    0.9424928399E-15    0.9999984971E+00    0.9999984971E+00
    1    0.4391666667E+01    0.4644557413E+00    0.0000000000E+00    0.3277295141E+00    0.0000000000E+00    0.0000000000E+00    0.0000000000E+00    0.0000000000E+00    0.0000000000E+00    0.0000000000E+00    0.4328205827E-13    0.4328205830E-13    0.9999991826E+00    0.9999991826E+00
    2    0.4391666667E+01   -0.3483418059E+00    0.8127975472E+00    0.1476834444E+00   -0.3483418059E+00    0.8127975472E+00    0.1476834444E+00    0.0000000000E+00    0.0000000000E+00    0.0000000000E+00    0.3624736175E-13    0.3624736175E-13    0.9999947616E+00    0.9999947616E+00
    3    0.4391666667E+01   -0.3483418059E+00    0.0000000000E+00   -0.1871603695E+00    0.0000000000E+00    0.0000000000E+00    0.0000000000E+00    0.0000000000E+00    0.0000000000E+00    0.0000000000E+00    0.9235382228E-14    0.9235382237E-14    0.9999988965E+00    0.9999988965E+00
    4    0.4391666667E+01   -0.3483418059E+00    0.0000000000E+00   -0.3573853767E+00    0.0000000000E+00    0.0000000000E+00    0.0000000000E+00    0.0000000000E+00    0.0000000000E+00    0.0000000000E+00    0.9113326487E-14    0.9113326487E-14    0.9999988405E+00    0.9999988405E+00
    5    0.4391666667E+01    0.4644557413E+00    0.8127975472E+00   -0.3033909742E+00    0.4644557413E+00    0.8127975472E+00   -0.3033909742E+00    0.0000000000E+00    0.0000000000E+00    0.0000000000E+00    0.3157734552E-14    0.3157734553E-14    0.9999986002E+00    0.9999986002E+00
    6    0.4391666667E+01    0.4644557413E+00    0.0000000000E+00   -0.3103373407E+00    0.0000000000E+00    0.0000000000E+00    0.0000000000E+00    0.0000000000E+00    0.0000000000E+00    0.0000000000E+00    0.1782977615E-12    0.1782977615E-12    0.9999929479E+00    0.9999929479E+00
    7    0.4391666667E+01   -0.3483418059E+00    0.8127975472E+00    0.1268340252E+00   -0.3483418059E+00    0.8127975472E+00    0.1268340252E+00    0.0000000000E+00    0.0000000000E+00    0.0000000000E+00    0.1021061091E-10    0.1021061091E-10    0.9999920050E+00    0.9999920050E+00
    8    0.4391666667E+01   -0.3483418059E+00    0.8127975472E+00   -0.2332999979E-01   -0.3483418059E+00    0.8127975472E+00   -0.2332999979E-01    0.0000000000E+00    0.0000000000E+00    0.0000000000E+00    0.9999722166E-11    0.9999722166E-11    0.9999920402E+00    0.9999920402E+00
    9    0.4391666667E+01    0.4644557413E+00    0.8127975472E+00   -0.3079242244E+00    0.4644557413E+00    0.8127975472E+00   -0.3079242244E+00    0.0000000000E+00    0.0000000000E+00    0.0000000000E+00    0.9877168437E-14    0.9877168438E-14    0.9999985449E+00    0.9999985449E+00
    1    0.4650000000E+01    0.4644557413E+00    0.0000000000E+00    0.3516555208E+00    0.0000000000E+00    0.0000000000E+00    0.0000000000E+00    0.0000000000E+00    0.0000000000E+00    0.0000000000E+00    0.5057826018E-15    0.5057831697E-15    0.9999992686E+00    0.9999992686E+00
    2    0.4650000000E+01   -0.3483418059E+00    0.0000000000E+00   -0.3179786701E+00    0.0000000000E+00    0.0000000000E+00    0.0000000000E+00    0.0000000000E+00    0.0000000000E+00    0.0000000000E+00    0.5730882271E-14    0.5731050102E-14    0.9999988093E+00    0.9999988093E+00
    3    0.4650000000E+01   -0.3483418059E+00    0.0000000000E+00   -0.1486881025E+00    0.0000000000E+00    0.0000000000E+00    0.0000000000E+00    0.0000000000E+00    0.0000000000E+00    0.0000000000E+00    0.1038198833E-13    0.1038198926E-13    0.9999987971E+00    0.9999987971E+00
    4    0.4650000000E+01    0.4644557413E+00    0.8127975472E+00   -0.2561563479E+00    0.4644557413E+00    0.8127975472E+00   -0.2561563479E+00    0.0000000000E+00    0.0000000000E+00    0.0000000000E+00    0.1193291241E-14    0.1193291259E-14    0.9999985776E+00    0.9999985776E+00
    5    0.4650000000E+01   -0.3483418059E+00    0.8127975472E+00    0.2582547558E+00   -0.3483418059E+00    0.8127975472E+00    0.2582547558E+00    0.0000000000E+00    0.0000000000E+00    0.0000000000E+00    0.2154777791E-13    0.2154777792E-13    0.9999975036E+00    0.9999975036E+00
    6    0.4650000000E+01   -0.3483418059E+00    0.8127975472E+00    0.1130076288E+00   -0.3483418059E+00    0.8127975472E+00    0.1130076288E+00    0.0000000000E+00    0.0000000000E+00    0.0000000000E+00    0.1638889244E-13    0.1638889247E-13    0.9999974737E+00    0.9999974737E+00
    7    0.4650000000E+01    0.4644557413E+00    0.8127975472E+00   -0.2591503659E+00    0.4644557413E+00    0.8127975472E+00   -0.2591503659E+00    0.0000000000E+00    0.0000000000E+00    0.0000000000E+00    0.1342694028E-13    0.1342694028E-13    0.9999985413E+00    0.9999985413E+00
    8    0.4650000000E+01   -0.3483418059E+00    0.8127975472E+00    0.2530032222E+00   -0.3483418059E+00    0.8127975472E+00    0.2530032222E+00    0.0000000000E+00    0.0000000000E+00    0.0000000000E+00    0.1445955106E-13    0.1445955106E-13    0.9999973679E+00    0.9999973679E+00
    9    0.4650000000E+01   -0.3483418059E+00    0.8127975472E+00    0.1020247497E+00   -0.3483418059E+00    0.8127975472E+00    0.1020247497E+00    0.0000000000E+00    0.0000000000E+00    0.0000000000E+00    0.1664720876E-13    0.1664720876E-13    0.9999973606E+00    0.9999973606E+00
    1    0.4908333333E+01   -0.3483418059E+00    0.0000000000E+00   -0.2789355393E+00    0.0000000000E+00    0.0000000000E+00    0.0000000000E+00    0.0000000000E+00    0.0000000000E+00    0.0000000000E+00    0.3983954233E-14    0.3983954234E-14    0.9999987446E+00    0.9999987446E+00
    2    0.4908333333E+01   -0.3483418059E+00    0.0000000000E+00   -0.1080118544E+00    0.0000000000E+00    0.0000000000E+00    0.0000000000E+00    0.0000000000E+00    0.0000000000E+00    0.0000000000E+00    0.6195842007E-13    0.6195842007E-13    0.9999985932E+00    0.9999985932E+00
    3    0.4908333333E+01    0.4644557413E+00    0.8127975472E+00   -0.2099718908E+00    0.4644557413E+00    0.8127975472E+00   -0.2099718908E+00    0.0000000000E+00    0.0000000000E+00    0.0000000000E+00    0.1007559143E-17    0.1007559179E-17    0.9999985041E+00    0.9999985041E+00
    4    0.4908333333E+01   -0.3483418059E+00    0.8127975472E+00    0.1852588918E+00   -0.3483418059E+00    0.8127975472E+00    0.1852588918E+00    0.0000000000E+00    0.0000000000E+00    0.0000000000E+00    0.1217245540E-13    0.1217245540E-13    0.9999978933E+00    0.9999978933E+00
    5    0.4908333333E+01    0.4644557413E+00    0.0000000000E+00    0.3755354620E+00    0.0000000000E+00    0.0000000000E+00    0.0000000000E+00    0.0000000000E+00    0.0000000000E+00    0.0000000000E+00    0.3482826421E-16    0.3482826458E-16    0.9999992275E+00    0.9999992275E+00
    6    0.4908333333E+01   -0.3483418059E+00    0.8127975472E+00    0.3317738661E+00   -0.3483418059E+00    0.8127975472E+00    0.3317738661E+00    0.0000000000E+00    0.0000000000E+00    0.0000000000E+00    0.3072718779E-13    0.3072718779E-13    0.9999977831E+00    0.9999977831E+00
    7    0.4908333333E+01    0.4644557413E+00    0.8127975472E+00   -0.2121149961E+00    0.4644557413E+00    0.8127975472E+00   -0.2121149961E+00    0.0000000000E+00    0.0000000000E+00    0.0000000000E+00    0.3021830735E-14    0.3021845966E-14    0.9999984870E+00    0.9999984870E+00
    8    0.4908333333E+01   -0.3483418059E+00    0.8127975472E+00    0.1775189707E+00   -0.3483418059E+00    0.8127975472E+00    0.1775189707E+00    0.0000000000E+00    0.0000000000E+00    0.0000000000E+00    0.6957065136E-13    0.6957065138E-13    0.9999977884E+00    0.9999977884E+00
    9    0.4908333333E+01   -0.3483418059E+00    0.8127975472E+00    0.3283170738E+00   -0.3483418059E+00    0.8127975472E+00    0.3283170738E+00    0.0000000000E+00    0.0000000000E+00    0.0000000000E+00    0.7372040661E-13    0.7372040661E-13    0.9999977860E+00    0.9999977860E+00
    1    0.5166666667E+01   -0.3483418059E+00    0.0000000000E+00   -0.2394041035E+00    0.0000000000E+00    0.0000000000E+00    0.0000000000E+00    0.0000000000E+00    0.0000000000E+00    0.0000000000E+00    0.3575886056E-14    0.3575886057E-14    0.9999986513E+00    0.9999986513E+00
    2    0.5166666667E+01   -0.3483418059E+00    0.0000000000E+00   -0.5783530169E-01    0.0000000000E+00    0.0000000000E+00    0.0000000000E+00    0.0000000000E+00    0.0000000000E+00    0.0000000000E+00    0.5291189039E-12    0.5291189039E-12    0.9999978241E+00    0.9999978241E+00
    3    0.5166666667E+01    0.4644557413E+00    0.8127975472E+00   -0.1627878111E+00    0.4644557413E+00    0.8127975472E+00   -0.1627878111E+00    0.0000000000E+00    0.0000000000E+00    0.0000000000E+00    0.1063089370E-14    0.1063089371E-14    0.9999983439E+00    0.9999983439E+00
    4    0.5166666667E+01   -0.3483418059E+00    0.8127975472E+00    0.2483534447E+00   -0.3483418059E+00    0.8127975472E+00    0.2483534447E+00    0.0000000000E+00    0.0000000000E+00    0.0000000000E+00    0.1252167767E-13    0.1252167767E-13    0.9999979232E+00    0.9999979232E+00
    5    0.5166666667E+01   -0.3483418059E+00    0.8127975472E+00    0.3977726741E+00   -0.3483418059E+00    0.8127975472E+00    0.3977726741E+00    0.0000000000E+00    0.0000000000E+00    0.0000000000E+00    0.3867376338E-14    0.3867376338E-14    0.9999977502E+00    0.9999977502E+00
    6    0.5166666667E+01    0.4644557413E+00    0.0000000000E+00    0.3994579426E+00    0.0000000000E+00    0.0000000000E+00    0.0000000000E+00    0.0000000000E+00    0.0000000000E+00    0.0000000000E+00    0.1677757223E-15    0.1677757224E-15    0.9999991851E+00    0.9999991851E+00
    7    0.5166666667E+01    0.4644557413E+00    0.8127975472E+00   -0.1647690789E+00    0.4644557413E+00    0.8127975472E+00   -0.1647690789E+00    0.0000000000E+00    0.0000000000E+00    0.0000000000E+00    0.1018117805E-13    0.1018117805E-13    0.9999983517E+00    0.9999983517E+00
    8    0.5166666667E+01   -0.3483418059E+00    0.8127975472E+00    0.2424874431E+00   -0.3483418059E+00    0.8127975472E+00    0.2424874431E+00    0.0000000000E+00    0.0000000000E+00    0.0000000000E+00    0.6886907240E-13    0.6886907240E-13    0.9999978548E+00    0.9999978548E+00
    9    0.5166666667E+01   -0.3483418059E+00    0.8127975472E+00    0.3946489726E+00   -0.3483418059E+00    0.8127975472E+00    0.3946489726E+00    0.0000000000E+00    0.0000000000E+00    0.0000000000E+00    0.6807568142E-13    0.6807568142E-13    0.9999977705E+00    0.9999977705E+00
    1    0.5425000000E+01   -0.3483418059E+00    0.0000000000E+00   -0.1982920406E+00    0.0000000000E+00    0.0000000000E+00    0.0000000000E+00    0.0000000000E+00    0.0000000000E+00    0.0000000000E+00    0.1955178586E-15    0.1955178740E-15    0.9999984853E+00    0.9999984853E+00
    2    0.5425000000E+01    0.4644557413E+00    0.8127975472E+00   -0.1105080860E+00    0.4644557413E+00    0.8127975472E+00   -0.1105080860E+00    0.0000000000E+00    0.0000000000E+00    0.0000000000E+00    0.7992206579E-13    0.7992206579E-13    0.9999979323E+00    0.9999979323E+00
    3    0.5425000000E+01   -0.3483418059E+00    0.8127975472E+00    0.3101773555E+00   -0.3483418059E+00    0.8127975472E+00    0.3101773555E+00    0.0000000000E+00    0.0000000000E+00    0.0000000000E+00    0.2165278432E-13    0.2165278432E-13    0.9999977378E+00    0.9999977378E+00
    4    0.5425000000E+01    0.4644557413E+00    0.0000000000E+00    0.4234540871E+00    0.0000000000E+00    0.0000000000E+00    0.0000000000E+00    0.0000000000E+00    0.0000000000E+00    0.0000000000E+00    0.9661564261E-15    0.9661564533E-15    0.9999991415E+00    0.9999991415E+00
    5    0.5425000000E+01   -0.3483418059E+00    0.8127975472E+00    0.4675982683E+00   -0.3483418059E+00    0.8127975472E+00    0.4675982683E+00    0.0000000000E+00    0.0000000000E+00    0.0000000000E+00    0.2604137911E-12    0.2604137911E-12    0.9999972194E+00    0.9999972194E+00
    6    0.5425000000E+01    0.4644557413E+00    0.8127975472E+00   -0.1133134649E+00    0.4644557413E+00    0.8127975472E+00   -0.1133134649E+00    0.0000000000E+00    0.0000000000E+00    0.0000000000E+00    0.1732328794E-12    0.1732328794E-12    0.9999979926E+00    0.9999979926E+00
    7    0.5425000000E+01   -0.3483418059E+00    0.8127975472E+00    0.3056299227E+00   -0.3483418059E+00    0.8127975472E+00    0.3056299227E+00    0.0000000000E+00    0.0000000000E+00    0.0000000000E+00    0.7632393632E-14    0.7632393638E-14    0.9999977093E+00    0.9999977093E+00
    8    0.5425000000E+01   -0.3483418059E+00    0.8127975472E+00    0.4636736032E+00   -0.3483418059E+00    0.8127975472E+00    0.4636736032E+00    0.0000000000E+00    0.0000000000E+00    0.0000000000E+00    0.1588888066E-12    0.1588888067E-12    0.9999972770E+00    0.9999972770E+00
    1    0.5683333333E+01   -0.3483418059E+00    0.0000000000E+00   -0.1536549566E+00    0.0000000000E+00    0.0000000000E+00    0.0000000000E+00    0.0000000000E+00    0.0000000000E+00    0.0000000000E+00    0.1661669550E-13    0.1661669550E-13    0.9999982211E+00    0.9999982211E+00
    2    0.5683333333E+01    0.4644557413E+00    0.8127975472E+00   -0.2786552947E-01    0.4644557413E+00    0.8127975472E+00   -0.2786552947E-01    0.0000000000E+00    0.0000000000E+00    0.0000000000E+00    0.7627574095E-11    0.7627574095E-11    0.9999932060E+00    0.9999932060E+00
    3    0.5683333333E+01   -0.3483418059E+00    0.8127975472E+00    0.3786242062E+00   -0.3483418059E+00    0.8127975472E+00    0.3786242062E+00    0.0000000000E+00    0.0000000000E+00    0.0000000000E+00    0.3681021281E-15    0.3681024544E-15    0.9999971332E+00    0.9999971332E+00
    4    0.5683333333E+01    0.4644557413E+00    0.0000000000E+00    0.4475527724E+00    0.0000000000E+00    0.0000000000E+00    0.0000000000E+00    0.0000000000E+00    0.0000000000E+00    0.0000000000E+00    0.2066220625E-14    0.2066221793E-14    0.9999990966E+00    0.9999990966E+00
    5    0.5683333333E+01   -0.3483418059E+00    0.8127975472E+00    0.3750261756E+00   -0.3483418059E+00    0.8127975472E+00    0.3750261756E+00    0.0000000000E+00    0.0000000000E+00    0.0000000000E+00    0.4916867732E-15    0.4916867732E-15    0.9999971050E+00    0.9999971050E+00
    6    0.5683333333E+01    0.4644557413E+00    0.8127975472E+00   -0.3887487897E-01    0.4644557413E+00    0.8127975472E+00   -0.3887487897E-01    0.0000000000E+00    0.0000000000E+00    0.0000000000E+00    0.3702037456E-11    0.3702037456E-11    0.9999951990E+00    0.9999951990E+00
    1    0.5941666667E+01   -0.3483418059E+00    0.0000000000E+00   -0.1002176022E+00    0.0000000000E+00    0.0000000000E+00    0.0000000000E+00    0.0000000000E+00    0.0000000000E+00    0.0000000000E+00    0.2994537111E-12    0.2994537111E-12    0.9999975570E+00    0.9999975570E+00
    2    0.5941666667E+01    0.4644557413E+00    0.0000000000E+00    0.4717818922E+00    0.0000000000E+00    0.0000000000E+00    0.0000000000E+00    0.0000000000E+00    0.0000000000E+00    0.0000000000E+00    0.2857259747E-14    0.2857259780E-14    0.9999990501E+00    0.9999990501E+00
    3    0.5941666667E+01   -0.3483418059E+00    0.8127975472E+00    0.4887027610E+00   -0.3483418059E+00    0.8127975472E+00    0.4887027610E+00    0.0000000000E+00    0.0000000000E+00    0.0000000000E+00    0.4204178963E-11    0.4204178963E-11    0.9999916025E+00    0.9999916025E+00
    4    0.5941666667E+01   -0.3483418059E+00    0.8127975472E+00    0.4852714070E+00   -0.3483418059E+00    0.8127975472E+00    0.4852714070E+00    0.0000000000E+00    0.0000000000E+00    0.0000000000E+00    0.3032282978E-11    0.3032282978E-11    0.9999916772E+00    0.9999916772E+00
    1    0.6200000000E+01    0.4644557413E+00    0.0000000000E+00    0.4961690022E+00    0.0000000000E+00    0.0000000000E+00    0.0000000000E+00    0.0000000000E+00    0.0000000000E+00    0.0000000000E+00    0.2846913014E-14    0.2846913014E-14    0.9999990020E+00    0.9999990020E+00
    1    0.6458333333E+01    0.4644557413E+00    0.0000000000E+00    0.5207418408E+00    0.0000000000E+00    0.0000000000E+00    0.0000000000E+00    0.0000000000E+00    0.0000000000E+00    0.0000000000E+00    0.2003246497E-14    0.2003246497E-14    0.9999989522E+00    0.9999989522E+00
    1    0.6716666667E+01    0.4644557413E+00    0.0000000000E+00    0.5455288486E+00    0.0000000000E+00    0.0000000000E+00    0.0000000000E+00    0.0000000000E+00    0.0000000000E+00    0.0000000000E+00    0.8483836465E-15    0.8483836465E-15    0.9999989004E+00    0.9999989004E+00
    1    0.6975000000E+01    0.4644557413E+00    0.0000000000E+00    0.5705619129E+00    0.0000000000E+00    0.0000000000E+00    0.0000000000E+00    0.0000000000E+00    0.0000000000E+00    0.0000000000E+00    0.5728272058E-15    0.5728272058E-15    0.9999988455E+00    0.9999988455E+00
    1    0.7233333333E+01    0.4644557413E+00    0.0000000000E+00   -0.5536068177E+00    0.0000000000E+00    0.0000000000E+00    0.0000000000E+00    0.0000000000E+00    0.0000000000E+00    0.0000000000E+00    0.6009846902E-15    0.6009846902E-15    0.9999987900E+00    0.9999987900E+00
    1    0.7491666667E+01   -0.3483418059E+00    0.0000000000E+00    0.6153931865E-01    0.0000000000E+00    0.0000000000E+00    0.0000000000E+00    0.0000000000E+00    0.0000000000E+00    0.0000000000E+00    0.8909127596E-12    0.8909127596E-12    0.9999970582E+00    0.9999970582E+00
    2    0.7491666667E+01    0.4644557413E+00    0.0000000000E+00   -0.5279947542E+00    0.0000000000E+00    0.0000000000E+00    0.0000000000E+00    0.0000000000E+00    0.0000000000E+00    0.0000000000E+00    0.2003765155E-14    0.2003765155E-14    0.9999987310E+00    0.9999987310E+00
    1    0.7750000000E+01   -0.3483418059E+00    0.0000000000E+00    0.1098072562E+00    0.0000000000E+00    0.0000000000E+00    0.0000000000E+00    0.0000000000E+00    0.0000000000E+00    0.0000000000E+00    0.1300741995E-12    0.1300741995E-12    0.9999978647E+00    0.9999978647E+00
    2    0.7750000000E+01    0.4644557413E+00    0.0000000000E+00   -0.5020405687E+00    0.0000000000E+00    0.0000000000E+00    0.0000000000E+00    0.0000000000E+00    0.0000000000E+00    0.0000000000E+00    0.3611975821E-14    0.3611975821E-14    0.9999986691E+00    0.9999986691E+00
    1    0.8008333333E+01    0.4644557413E+00    0.0000000000E+00   -0.4757059403E+00    0.0000000000E+00    0.0000000000E+00    0.0000000000E+00    0.0000000000E+00    0.0000000000E+00    0.0000000000E+00    0.4322890107E-14    0.4322890107E-14    0.9999986038E+00    0.9999986038E+00
    2    0.8008333333E+01   -0.3483418059E+00    0.0000000000E+00    0.1491964856E+00    0.0000000000E+00    0.0000000000E+00    0.0000000000E+00    0.0000000000E+00    0.0000000000E+00    0.0000000000E+00    0.1840833718E-13    0.1840833718E-13    0.9999980207E+00    0.9999980207E+00
    1    0.8266666667E+01   -0.3483418059E+00    0.0000000000E+00    0.1859580999E+00    0.0000000000E+00    0.0000000000E+00    0.0000000000E+00    0.0000000000E+00    0.0000000000E+00    0.0000000000E+00    0.1742620366E-15    0.1742620366E-15    0.9999980351E+00    0.9999980351E+00
    2    0.8266666667E+01    0.4644557413E+00    0.0000000000E+00   -0.4489492545E+00    0.0000000000E+00    0.0000000000E+00    0.0000000000E+00    0.0000000000E+00    0.0000000000E+00    0.0000000000E+00    0.3524004920E-14    0.3524004920E-14    0.9999985347E+00    0.9999985347E+00
    3    0.8266666667E+01    0.4644557413E+00    0.8127975472E+00    0.5570841084E-01    0.4644557413E+00    0.8127975472E+00    0.5570841084E-01    0.0000000000E+00    0.0000000000E+00    0.0000000000E+00    0.2698146134E-11    0.2698146134E-11    0.9999951172E+00    0.9999951172E+00
    4    0.8266666667E+01    0.4644557413E+00    0.8127975472E+00    0.5517961396E-01    0.4644557413E+00    0.8127975472E+00    0.5517961396E-01    0.0000000000E+00    0.0000000000E+00    0.0000000000E+00    0.3045149236E-11    0.3045149236E-11    0.9999952868E+00    0.9999952868E+00
    1    0.8525000000E+01    0.4644557413E+00    0.0000000000E+00   -0.4217248324E+00    0.0000000000E+00    0.0000000000E+00    0.0000000000E+00    0.0000000000E+00    0.0000000000E+00    0.0000000000E+00    0.1666855099E-14    0.1666855099E-14    0.9999984615E+00    0.9999984615E+00
    2    0.8525000000E+01   -0.3483418059E+00    0.0000000000E+00    0.2219698201E+00    0.0000000000E+00    0.0000000000E+00    0.0000000000E+00    0.0000000000E+00    0.0000000000E+00    0.0000000000E+00    0.2520980850E-14    0.2520980850E-14    0.9999979845E+00    0.9999979845E+00
    3    0.8525000000E+01    0.4644557413E+00    0.8127975472E+00    0.1192440747E+00    0.4644557413E+00    0.8127975472E+00    0.1192440747E+00    0.0000000000E+00    0.0000000000E+00    0.0000000000E+00    0.1293337325E-12    0.1293337325E-12    0.9999971252E+00    0.9999971252E+00
    4    0.8525000000E+01    0.4644557413E+00    0.8127975472E+00    0.1170236190E+00    0.4644557413E+00    0.8127975472E+00    0.1170236190E+00    0.0000000000E+00    0.0000000000E+00    0.0000000000E+00    0.3231172654E-12    0.3231172654E-12    0.9999971878E+00    0.9999971878E+00
    1    0.8783333333E+01    0.4644557413E+00    0.0000000000E+00   -0.3939821873E+00    0.0000000000E+00    0.0000000000E+00    0.0000000000E+00    0.0000000000E+00    0.0000000000E+00    0.0000000000E+00    0.1570532257E-15    0.1570532257E-15    0.9999983836E+00    0.9999983836E+00
    2    0.8783333333E+01   -0.3483418059E+00    0.0000000000E+00    0.2582039081E+00    0.0000000000E+00    0.0000000000E+00    0.0000000000E+00    0.0000000000E+00    0.0000000000E+00    0.0000000000E+00    0.5020913061E-14    0.5020913061E-14    0.9999978892E+00    0.9999978892E+00
    3    0.8783333333E+01    0.4644557413E+00    0.8127975472E+00    0.1663249454E+00    0.4644557413E+00    0.8127975472E+00    0.1663249454E+00    0.0000000000E+00    0.0000000000E+00    0.0000000000E+00    0.3662536823E-14    0.3662536823E-14    0.9999974526E+00    0.9999974526E+00
    4    0.8783333333E+01    0.4644557413E+00    0.8127975472E+00    0.1631965448E+00    0.4644557413E+00    0.8127975472E+00    0.1631965448E+00    0.0000000000E+00    0.0000000000E+00    0.0000000000E+00    0.3071502388E-13    0.3071502388E-13    0.9999974956E+00    0.9999974956E+00
    1    0.9041666667E+01    0.4644557413E+00    0.0000000000E+00   -0.3656651658E+00    0.0000000000E+00    0.0000000000E+00    0.0000000000E+00    0.0000000000E+00    0.0000000000E+00    0.0000000000E+00    0.4271338489E-15    0.4271338491E-15    0.9999983003E+00    0.9999983003E+00
    2    0.9041666667E+01   -0.3483418059E+00    0.0000000000E+00    0.8177511795E-01    0.0000000000E+00    0.0000000000E+00    0.0000000000E+00    0.0000000000E+00    0.0000000000E+00    0.0000000000E+00    0.1743306774E-11    0.1743306774E-11    0.9999951307E+00    0.9999951307E+00
    3    0.9041666667E+01   -0.3483418059E+00    0.0000000000E+00    0.2953759797E+00    0.0000000000E+00    0.0000000000E+00    0.0000000000E+00    0.0000000000E+00    0.0000000000E+00    0.0000000000E+00    0.8214164678E-14    0.8214164678E-14    0.9999977289E+00    0.9999977289E+00
    4    0.9041666667E+01    0.4644557413E+00    0.8127975472E+00    0.2090473054E+00    0.4644557413E+00    0.8127975472E+00    0.2090473054E+00    0.0000000000E+00    0.0000000000E+00    0.0000000000E+00    0.1890252237E-15    0.1890252237E-15    0.9999975222E+00    0.9999975222E+00
    5    0.9041666667E+01    0.4644557413E+00    0.8127975472E+00    0.2052945374E+00    0.4644557413E+00    0.8127975472E+00    0.2052945374E+00    0.0000000000E+00    0.0000000000E+00    0.0000000000E+00    0.5040754415E-14    0.5040754415E-14    0.9999975526E+00    0.9999975526E+00
    1    0.9300000000E+01    0.4644557413E+00    0.0000000000E+00   -0.3367109232E+00    0.0000000000E+00    0.0000000000E+00    0.0000000000E+00    0.0000000000E+00    0.0000000000E+00    0.0000000000E+00    0.2702860660E-14    0.2702860660E-14    0.9999982108E+00    0.9999982108E+00
    2    0.9300000000E+01   -0.3483418059E+00    0.0000000000E+00    0.1473516996E+00    0.0000000000E+00    0.0000000000E+00    0.0000000000E+00    0.0000000000E+00    0.0000000000E+00    0.0000000000E+00    0.6589354664E-13    0.6589354664E-13    0.9999965678E+00    0.9999965678E+00
    3    0.9300000000E+01   -0.3483418059E+00    0.0000000000E+00    0.3341894683E+00    0.0000000000E+00    0.0000000000E+00    0.0000000000E+00    0.0000000000E+00    0.0000000000E+00    0.0000000000E+00    0.1156163641E-14    0.1156163641E-14    0.9999975424E+00    0.9999975424E+00
    4    0.9300000000E+01    0.4644557413E+00    0.8127975472E+00    0.2504111241E+00    0.4644557413E+00    0.8127975472E+00    0.2504111241E+00    0.0000000000E+00    0.0000000000E+00    0.0000000000E+00    0.1908300968E-15    0.1908300968E-15    0.9999974813E+00    0.9999974813E+00
    5    0.9300000000E+01    0.4644557413E+00    0.8127975472E+00    0.2462520025E+00    0.4644557413E+00    0.8127975472E+00    0.2462520025E+00    0.0000000000E+00    0.0000000000E+00    0.0000000000E+00    0.5306738903E-13    0.5306738903E-13    0.9999974996E+00    0.9999974996E+00
    1    0.9558333333E+01   -0.3483418059E+00    0.0000000000E+00    0.2005843510E+00    0.0000000000E+00    0.0000000000E+00    0.0000000000E+00    0.0000000000E+00    0.0000000000E+00    0.0000000000E+00    0.7116058120E-15    0.7116058120E-15    0.9999968042E+00    0.9999968042E+00
    2    0.9558333333E+01   -0.3483418059E+00    0.0000000000E+00    0.3755189347E+00    0.0000000000E+00    0.0000000000E+00    0.0000000000E+00    0.0000000000E+00    0.0000000000E+00    0.0000000000E+00    0.6585108338E-16    0.6585108338E-16    0.9999972868E+00    0.9999972868E+00
    3    0.9558333333E+01    0.4644557413E+00    0.0000000000E+00   -0.3070486720E+00    0.0000000000E+00    0.0000000000E+00    0.0000000000E+00    0.0000000000E+00    0.0000000000E+00    0.0000000000E+00    0.5450064125E-14    0.5450064125E-14    0.9999981144E+00    0.9999981144E+00
    4    0.9558333333E+01    0.4644557413E+00    0.8127975472E+00    0.2919544467E+00    0.4644557413E+00    0.8127975472E+00    0.2919544467E+00    0.0000000000E+00    0.0000000000E+00    0.0000000000E+00    0.5528329813E-14    0.5528329813E-14    0.9999973609E+00    0.9999973609E+00
    5    0.9558333333E+01    0.4644557413E+00    0.8127975472E+00    0.2876100215E+00    0.4644557413E+00    0.8127975472E+00    0.2876100215E+00    0.0000000000E+00    0.0000000000E+00    0.0000000000E+00    0.9069616869E-13    0.9069616869E-13    0.9999973650E+00    0.9999973650E+00
    1    0.9816666667E+01    0.4644557413E+00    0.0000000000E+00   -0.2765981215E+00    0.0000000000E+00    0.0000000000E+00    0.0000000000E+00    0.0000000000E+00    0.0000000000E+00    0.0000000000E+00    0.6295734356E-14    0.6295734361E-14    0.9999980099E+00    0.9999980099E+00
    2    0.9816666667E+01   -0.3483418059E+00    0.0000000000E+00    0.2513775932E+00    0.0000000000E+00    0.0000000000E+00    0.0000000000E+00    0.0000000000E+00    0.0000000000E+00    0.0000000000E+00    0.6231535378E-14    0.6231535378E-14    0.9999967178E+00    0.9999967178E+00
    3    0.9816666667E+01   -0.3483418059E+00    0.0000000000E+00    0.4206913781E+00    0.0000000000E+00    0.0000000000E+00    0.0000000000E+00    0.0000000000E+00    0.0000000000E+00    0.0000000000E+00    0.2838545486E-14    0.2838545486E-14    0.9999969109E+00    0.9999969109E+00
    4    0.9816666667E+01    0.4644557413E+00    0.8127975472E+00    0.3349368852E+00    0.4644557413E+00    0.8127975472E+00    0.3349368852E+00    0.0000000000E+00    0.0000000000E+00    0.0000000000E+00    0.1041097677E-13    0.1041097677E-13    0.9999971529E+00    0.9999971529E+00
    5    0.9816666667E+01    0.4644557413E+00    0.8127975472E+00    0.3306698710E+00    0.4644557413E+00    0.8127975472E+00    0.3306698710E+00    0.0000000000E+00    0.0000000000E+00    0.0000000000E+00    0.6611481354E-13    0.6611481354E-13    0.9999971378E+00    0.9999971378E+00
    1    0.1007500000E+02    0.4644557413E+00    0.0000000000E+00   -0.2452674854E+00    0.0000000000E+00    0.0000000000E+00    0.0000000000E+00    0.0000000000E+00    0.0000000000E+00    0.0000000000E+00    0.4163365602E-14    0.4163369057E-14    0.9999978963E+00    0.9999978963E+00
    2    0.1007500000E+02   -0.3483418059E+00    0.8127975472E+00   -0.4133348959E+00   -0.3483418059E+00    0.8127975472E+00   -0.4133348959E+00    0.0000000000E+00    0.0000000000E+00    0.0000000000E+00    0.8197031506E-13    0.8197031507E-13    0.9999941621E+00    0.9999941621E+00
    3    0.1007500000E+02   -0.3483418059E+00    0.0000000000E+00    0.3042303245E+00    0.0000000000E+00    0.0000000000E+00    0.0000000000E+00    0.0000000000E+00    0.0000000000E+00    0.0000000000E+00    0.4716208528E-15    0.4716208623E-15    0.9999963249E+00    0.9999963249E+00
    4    0.1007500000E+02   -0.3483418059E+00    0.0000000000E+00    0.4722012550E+00    0.0000000000E+00    0.0000000000E+00    0.0000000000E+00    0.0000000000E+00    0.0000000000E+00    0.0000000000E+00    0.7955011292E-15    0.7955011334E-15    0.9999962815E+00    0.9999962815E+00
    5    0.1007500000E+02    0.4644557413E+00    0.8127975472E+00    0.3809533200E+00    0.4644557413E+00    0.8127975472E+00    0.3809533200E+00    0.0000000000E+00    0.0000000000E+00    0.0000000000E+00    0.8519635123E-16    0.8519750709E-16    0.9999968034E+00    0.9999968034E+00
    6    0.1007500000E+02   -0.3483418059E+00    0.8127975472E+00   -0.4150485906E+00   -0.3483418059E+00    0.8127975472E+00   -0.4150485906E+00    0.0000000000E+00    0.0000000000E+00    0.0000000000E+00    0.2480419937E-12    0.2480419938E-12    0.9999941263E+00    0.9999941263E+00
    7    0.1007500000E+02    0.4644557413E+00    0.8127975472E+00    0.3771221189E+00    0.4644557413E+00    0.8127975472E+00    0.3771221189E+00    0.0000000000E+00    0.0000000000E+00    0.0000000000E+00    0.1837236516E-14    0.1837236518E-14    0.9999967589E+00    0.9999967589E+00
    1    0.1033333333E+02    0.4644557413E+00    0.0000000000E+00   -0.2129508693E+00    0.0000000000E+00    0.0000000000E+00    0.0000000000E+00    0.0000000000E+00    0.0000000000E+00    0.0000000000E+00    0.8903808810E-15    0.8903849554E-15    0.9999977714E+00    0.9999977714E+00
    2    0.1033333333E+02   -0.3483418059E+00    0.8127975472E+00   -0.3374893627E+00   -0.3483418059E+00    0.8127975472E+00   -0.3374893627E+00    0.0000000000E+00    0.0000000000E+00    0.0000000000E+00    0.1210572918E-13    0.1210572934E-13    0.9999953452E+00    0.9999953452E+00
    3    0.1033333333E+02   -0.3483418059E+00    0.0000000000E+00    0.3661563140E+00    0.0000000000E+00    0.0000000000E+00    0.0000000000E+00    0.0000000000E+00    0.0000000000E+00    0.0000000000E+00    0.4680241823E-12    0.4680241824E-12    0.9999950903E+00    0.9999950903E+00
    4    0.1033333333E+02   -0.3483418059E+00    0.0000000000E+00    0.5366821953E+00    0.0000000000E+00    0.0000000000E+00    0.0000000000E+00    0.0000000000E+00    0.0000000000E+00    0.0000000000E+00    0.4667285509E-12    0.4667285509E-12    0.9999948191E+00    0.9999948191E+00
    5    0.1033333333E+02    0.4644557413E+00    0.8127975472E+00    0.4331143735E+00    0.4644557413E+00    0.8127975472E+00    0.4331143735E+00    0.0000000000E+00    0.0000000000E+00    0.0000000000E+00    0.1458468547E-12    0.1458468568E-12    0.9999961094E+00    0.9999961094E+00
    6    0.1033333333E+02   -0.3483418059E+00    0.8127975472E+00   -0.3387954819E+00   -0.3483418059E+00    0.8127975472E+00   -0.3387954819E+00    0.0000000000E+00    0.0000000000E+00    0.0000000000E+00    0.1725680882E-12    0.1725680882E-12    0.9999953210E+00    0.9999953210E+00
    7    0.1033333333E+02    0.4644557413E+00    0.8127975472E+00    0.4303177141E+00    0.4644557413E+00    0.8127975472E+00    0.4303177141E+00    0.0000000000E+00    0.0000000000E+00    0.0000000000E+00    0.2386575511E-12    0.2386575511E-12    0.9999960065E+00    0.9999960065E+00
    1    0.1059166667E+02    0.4644557413E+00    0.0000000000E+00   -0.1795247337E+00    0.0000000000E+00    0.0000000000E+00    0.0000000000E+00    0.0000000000E+00    0.0000000000E+00    0.0000000000E+00    0.3142135551E-15    0.3142135635E-15    0.9999976338E+00    0.9999976338E+00
    2    0.1059166667E+02   -0.3483418059E+00    0.8127975472E+00   -0.2708472680E+00   -0.3483418059E+00    0.8127975472E+00   -0.2708472680E+00    0.0000000000E+00    0.0000000000E+00    0.0000000000E+00    0.2949420071E-14    0.2949420071E-14    0.9999953881E+00    0.9999953881E+00
    3    0.1059166667E+02    0.4644557413E+00    0.8127975472E+00    0.5031013274E+00    0.4644557413E+00    0.8127975472E+00    0.5031013274E+00    0.0000000000E+00    0.0000000000E+00    0.0000000000E+00    0.4081919094E-11    0.4081919094E-11    0.9999934194E+00    0.9999934194E+00
    4    0.1059166667E+02   -0.3483418059E+00    0.8127975472E+00   -0.5084209681E+00   -0.3483418059E+00    0.8127975472E+00   -0.5084209681E+00    0.0000000000E+00    0.0000000000E+00    0.0000000000E+00    0.6985375982E-11    0.6985375982E-11    0.9999918987E+00    0.9999918987E+00
    5    0.1059166667E+02    0.4644557413E+00    0.8127975472E+00    0.5031495476E+00    0.4644557413E+00    0.8127975472E+00    0.5031495476E+00    0.0000000000E+00    0.0000000000E+00    0.0000000000E+00    0.5390325242E-11    0.5390325242E-11    0.9999930032E+00    0.9999930032E+00
    6    0.1059166667E+02   -0.3483418059E+00    0.8127975472E+00   -0.2717794394E+00   -0.3483418059E+00    0.8127975472E+00   -0.2717794394E+00    0.0000000000E+00    0.0000000000E+00    0.0000000000E+00    0.3485581983E-12    0.3485581983E-12    0.9999953595E+00    0.9999953595E+00
    7    0.1059166667E+02   -0.3483418059E+00    0.8127975472E+00   -0.5061682919E+00   -0.3483418059E+00    0.8127975472E+00   -0.5061682919E+00    0.0000000000E+00    0.0000000000E+00    0.0000000000E+00    0.7362239983E-11    0.7362239983E-11    0.9999920927E+00    0.9999920927E+00
    1    0.1085000000E+02    0.4644557413E+00    0.0000000000E+00   -0.1448429012E+00    0.0000000000E+00    0.0000000000E+00    0.0000000000E+00    0.0000000000E+00    0.0000000000E+00    0.0000000000E+00    0.4195601296E-14    0.4195601296E-14    0.9999974809E+00    0.9999974809E+00
    2    0.1085000000E+02   -0.3483418059E+00    0.8127975472E+00   -0.2016151424E+00   -0.3483418059E+00    0.8127975472E+00   -0.2016151424E+00    0.0000000000E+00    0.0000000000E+00    0.0000000000E+00    0.3287096347E-14    0.3287096347E-14    0.9999947188E+00    0.9999947188E+00
    3    0.1085000000E+02   -0.3483418059E+00    0.8127975472E+00   -0.4268730167E+00   -0.3483418059E+00    0.8127975472E+00   -0.4268730167E+00    0.0000000000E+00    0.0000000000E+00    0.0000000000E+00    0.1541090227E-12    0.1541090227E-12    0.9999952833E+00    0.9999952833E+00
    4    0.1085000000E+02   -0.3483418059E+00    0.8127975472E+00   -0.2020462799E+00   -0.3483418059E+00    0.8127975472E+00   -0.2020462799E+00    0.0000000000E+00    0.0000000000E+00    0.0000000000E+00    0.5247985515E-13    0.5247985515E-13    0.9999946750E+00    0.9999946750E+00
    5    0.1085000000E+02   -0.3483418059E+00    0.8127975472E+00   -0.4253863570E+00   -0.3483418059E+00    0.8127975472E+00   -0.4253863570E+00    0.0000000000E+00    0.0000000000E+00    0.0000000000E+00    0.3189715923E-12    0.3189715923E-12    0.9999952965E+00    0.9999952965E+00
    1    0.1110833333E+02   -0.3483418059E+00    0.8127975472E+00   -0.3654708359E+00   -0.3483418059E+00    0.8127975472E+00   -0.3654708359E+00    0.0000000000E+00    0.0000000000E+00    0.0000000000E+00    0.2487656313E-13    0.2487656313E-13    0.9999957440E+00    0.9999957440E+00
    2    0.1110833333E+02    0.4644557413E+00    0.0000000000E+00   -0.1087290928E+00    0.0000000000E+00    0.0000000000E+00    0.0000000000E+00    0.0000000000E+00    0.0000000000E+00    0.0000000000E+00    0.8578964988E-14    0.8578964988E-14    0.9999973093E+00    0.9999973093E+00
    3    0.1110833333E+02   -0.3483418059E+00    0.8127975472E+00   -0.1138401813E+00   -0.3483418059E+00    0.8127975472E+00   -0.1138401813E+00    0.0000000000E+00    0.0000000000E+00    0.0000000000E+00    0.2273480433E-11    0.2273480433E-11    0.9999917788E+00    0.9999917788E+00
    4    0.1110833333E+02   -0.3483418059E+00    0.8127975472E+00   -0.3640911448E+00   -0.3483418059E+00    0.8127975472E+00   -0.3640911448E+00    0.0000000000E+00    0.0000000000E+00    0.0000000000E+00    0.9044428035E-13    0.9044428035E-13    0.9999957337E+00    0.9999957337E+00
    5    0.1110833333E+02   -0.3483418059E+00    0.8127975472E+00   -0.1132303934E+00   -0.3483418059E+00    0.8127975472E+00   -0.1132303934E+00    0.0000000000E+00    0.0000000000E+00    0.0000000000E+00    0.3787070003E-11    0.3787070003E-11    0.9999916497E+00    0.9999916497E+00
    1    0.1136666667E+02    0.4644557413E+00    0.0000000000E+00   -0.7096456549E-01    0.0000000000E+00    0.0000000000E+00    0.0000000000E+00    0.0000000000E+00    0.0000000000E+00    0.0000000000E+00    0.6343448033E-14    0.6343448033E-14    0.9999971140E+00    0.9999971140E+00
    2    0.1136666667E+02   -0.3483418059E+00    0.8127975472E+00   -0.3077917705E+00   -0.3483418059E+00    0.8127975472E+00   -0.3077917705E+00    0.0000000000E+00    0.0000000000E+00    0.0000000000E+00    0.1186573064E-13    0.1186573064E-13    0.9999956962E+00    0.9999956962E+00
    3    0.1136666667E+02   -0.3483418059E+00    0.8127975472E+00   -0.3064269069E+00   -0.3483418059E+00    0.8127975472E+00   -0.3064269069E+00    0.0000000000E+00    0.0000000000E+00    0.0000000000E+00    0.2640250016E-12    0.2640250016E-12    0.9999956952E+00    0.9999956952E+00
    1    0.1162500000E+02   -0.3483418059E+00    0.0000000000E+00    0.2656540208E+00    0.0000000000E+00    0.0000000000E+00    0.0000000000E+00    0.0000000000E+00    0.0000000000E+00    0.0000000000E+00    0.1073522587E-11    0.1073522587E-11    0.9999755252E+00    0.9999755252E+00
    2    0.1162500000E+02    0.4644557413E+00    0.0000000000E+00   -0.3125873441E-01    0.0000000000E+00    0.0000000000E+00    0.0000000000E+00    0.0000000000E+00    0.0000000000E+00    0.0000000000E+00    0.1017478215E-15    0.1017478215E-15    0.9999968855E+00    0.9999968855E+00
    3    0.1162500000E+02   -0.3483418059E+00    0.8127975472E+00   -0.2486834107E+00   -0.3483418059E+00    0.8127975472E+00   -0.2486834107E+00    0.0000000000E+00    0.0000000000E+00    0.0000000000E+00    0.1315596791E-14    0.1315596791E-14    0.9999953203E+00    0.9999953203E+00
    4    0.1162500000E+02   -0.3483418059E+00    0.8127975472E+00   -0.2472762264E+00   -0.3483418059E+00    0.8127975472E+00   -0.2472762264E+00    0.0000000000E+00    0.0000000000E+00    0.0000000000E+00    0.2319517019E-12    0.2319517019E-12    0.9999953145E+00    0.9999953145E+00
    1    0.1188333333E+02   -0.3483418059E+00    0.0000000000E+00    0.4649525376E+00    0.0000000000E+00    0.0000000000E+00    0.0000000000E+00    0.0000000000E+00    0.0000000000E+00    0.0000000000E+00    0.4282811775E-13    0.4282812512E-13    0.9999909614E+00    0.9999909614E+00
    2    0.1188333333E+02    0.4644557413E+00    0.0000000000E+00    0.1053650552E-01    0.0000000000E+00    0.0000000000E+00    0.0000000000E+00    0.0000000000E+00    0.0000000000E+00    0.0000000000E+00    0.4421444965E-13    0.4421444965E-13    0.9999965816E+00    0.9999965816E+00
    3    0.1188333333E+02   -0.3483418059E+00    0.8127975472E+00   -0.1828783639E+00   -0.3483418059E+00    0.8127975472E+00   -0.1828783639E+00    0.0000000000E+00    0.0000000000E+00    0.0000000000E+00    0.2555391230E-14    0.2555391302E-14    0.9999943736E+00    0.9999943736E+00
    4    0.1188333333E+02   -0.3483418059E+00    0.8127975472E+00   -0.1813363723E+00   -0.3483418059E+00    0.8127975472E+00   -0.1813363723E+00    0.0000000000E+00    0.0000000000E+00    0.0000000000E+00    0.2183694534E-13    0.2183694535E-13    0.9999943562E+00    0.9999943562E+00
    1    0.1214166667E+02   -0.3483418059E+00    0.0000000000E+00    0.5623225964E+00    0.0000000000E+00    0.0000000000E+00    0.0000000000E+00    0.0000000000E+00    0.0000000000E+00    0.0000000000E+00    0.3680130712E-12    0.3680130712E-12    0.9999928085E+00    0.9999928085E+00
    2    0.1214166667E+02    0.4644557413E+00    0.8127975472E+00   -0.3436232661E+00    0.4644557413E+00    0.8127975472E+00   -0.3436232661E+00    0.0000000000E+00    0.0000000000E+00    0.0000000000E+00    0.4642701421E-13    0.4642701421E-13    0.9999782559E+00    0.9999782559E+00
    3    0.1214166667E+02    0.4644557413E+00    0.0000000000E+00    0.5544393963E-01    0.0000000000E+00    0.0000000000E+00    0.0000000000E+00    0.0000000000E+00    0.0000000000E+00    0.0000000000E+00    0.5577903132E-14    0.5577903132E-14    0.9999962957E+00    0.9999962957E+00
    4    0.1214166667E+02   -0.3483418059E+00    0.8127975472E+00   -0.9483828162E-01   -0.3483418059E+00    0.8127975472E+00   -0.9483828162E-01    0.0000000000E+00    0.0000000000E+00    0.0000000000E+00    0.4598545822E-11    0.4598545822E-11    0.9999905364E+00    0.9999905364E+00
    5    0.1214166667E+02    0.4644557413E+00    0.8127975472E+00   -0.3040889221E+00    0.4644557413E+00    0.8127975472E+00   -0.3040889221E+00    0.0000000000E+00    0.0000000000E+00    0.0000000000E+00    0.1344941373E-10    0.1344941373E-10    0.9999704202E+00    0.9999704202E+00
    6    0.1214166667E+02   -0.3483418059E+00    0.8127975472E+00   -0.9267125324E-01   -0.3483418059E+00    0.8127975472E+00   -0.9267125324E-01    0.0000000000E+00    0.0000000000E+00    0.0000000000E+00    0.7612759599E-11    0.7612759599E-11    0.9999903907E+00    0.9999903907E+00
    1    0.1240000000E+02   -0.3483418059E+00    0.0000000000E+00   -0.4973491184E+00    0.0000000000E+00    0.0000000000E+00    0.0000000000E+00    0.0000000000E+00    0.0000000000E+00    0.0000000000E+00    0.5926890813E-14    0.5926890813E-14    0.9999922176E+00    0.9999922176E+00
    2    0.1240000000E+02    0.4644557413E+00    0.0000000000E+00    0.1039508530E+00    0.0000000000E+00    0.0000000000E+00    0.0000000000E+00    0.0000000000E+00    0.0000000000E+00    0.0000000000E+00    0.2319368065E-13    0.2319368066E-13    0.9999958656E+00    0.9999958656E+00
    1    0.1265833333E+02   -0.3483418059E+00    0.0000000000E+00   -0.3846796520E+00    0.0000000000E+00    0.0000000000E+00    0.0000000000E+00    0.0000000000E+00    0.0000000000E+00    0.0000000000E+00    0.3740625542E-16    0.3740625542E-16    0.9999882094E+00    0.9999882094E+00
    2    0.1265833333E+02    0.4644557413E+00    0.0000000000E+00    0.1578543632E+00    0.0000000000E+00    0.0000000000E+00    0.0000000000E+00    0.0000000000E+00    0.0000000000E+00    0.0000000000E+00    0.1095051997E-13    0.1095051997E-13    0.9999952100E+00    0.9999952100E+00
    1    0.1291666667E+02    0.4644557413E+00    0.0000000000E+00    0.2217081012E+00    0.0000000000E+00    0.0000000000E+00    0.0000000000E+00    0.0000000000E+00    0.0000000000E+00    0.0000000000E+00    0.1753953203E-13    0.1753953203E-13    0.9999938631E+00    0.9999938631E+00
    1    0.1317500000E+02    0.4644557413E+00    0.0000000000E+00    0.3131407757E+00    0.0000000000E+00    0.0000000000E+00    0.0000000000E+00    0.0000000000E+00    0.0000000000E+00    0.0000000000E+00    0.1629544183E-12    0.1629544183E-12    0.9999896802E+00    0.9999896802E+00
    1    0.1343333333E+02   -0.3483418059E+00    0.8127975472E+00    0.1120063203E+00   -0.3483418059E+00    0.8127975472E+00    0.1120063203E+00    0.0000000000E+00    0.0000000000E+00    0.0000000000E+00    0.3664133398E-12    0.3664133398E-12    0.9999750534E+00    0.9999750534E+00
    2    0.1343333333E+02    0.4644557413E+00    0.0000000000E+00    0.1796822854E+00    0.4644557413E+00    0.0000000000E+00   -0.9697870296E+00    0.7758525221E+00    0.1728096799E-14    0.1056014418E+01    0.1019497177E-11    0.1019497177E-11    0.9999721622E+00    0.9999721622E+00
    3    0.1343333333E+02   -0.3483418059E+00    0.8127975472E+00    0.4238231524E+00   -0.3483418059E+00    0.8127975472E+00    0.4238231524E+00    0.0000000000E+00    0.0000000000E+00    0.0000000000E+00    0.4606115998E-10    0.4606115998E-10    0.9999316439E+00    0.9999316439E+00
    4    0.1343333333E+02    0.4644557413E+00    0.0000000000E+00    0.4510212332E+00    0.0000000000E+00    0.0000000000E+00    0.0000000000E+00    0.0000000000E+00    0.0000000000E+00    0.0000000000E+00    0.3494302053E-12    0.3494302053E-12    0.9999867570E+00    0.9999867570E+00
    5    0.1343333333E+02   -0.3483418059E+00    0.8127975472E+00    0.1263024780E+00   -0.3483418059E+00    0.8127975472E+00    0.1263024780E+00    0.0000000000E+00    0.0000000000E+00    0.0000000000E+00    0.1364626099E-10    0.1364626099E-10    0.9999716073E+00    0.9999716073E+00
    6    0.1343333333E+02   -0.3483418059E+00    0.8127975472E+00    0.4635506346E+00   -0.3483418059E+00    0.8127975472E+00    0.4635506346E+00    0.0000000000E+00    0.0000000000E+00    0.0000000000E+00    0.3879016539E-09    0.3879016539E-09    0.9999140666E+00    0.9999140666E+00
    7    0.1343333333E+02    0.4644557413E+00    0.0000000000E+00    0.3874039506E+00    0.0000000000E+00    0.0000000000E+00    0.0000000000E+00    0.0000000000E+00    0.0000000000E+00    0.0000000000E+00    0.1225822865E-13    0.1225822865E-13    0.9999811719E+00    0.9999811719E+00
    1    0.1369166667E+02    0.4644557413E+00    0.0000000000E+00    0.5706133932E+00    0.0000000000E+00    0.0000000000E+00    0.0000000000E+00    0.0000000000E+00    0.0000000000E+00    0.0000000000E+00    0.2549118160E-10    0.2549118160E-10    0.9999848922E+00    0.9999848922E+00
    2    0.1369166667E+02    0.4644557413E+00    0.0000000000E+00    0.3308413760E+00    0.0000000000E+00    0.0000000000E+00    0.0000000000E+00    0.0000000000E+00    0.0000000000E+00    0.0000000000E+00    0.1999331982E-12    0.1999331982E-12    0.9999913930E+00    0.9999913930E+00
    3    0.1369166667E+02    0.4644557413E+00    0.0000000000E+00    0.5390704293E+00    0.0000000000E+00    0.0000000000E+00    0.0000000000E+00    0.0000000000E+00    0.0000000000E+00    0.0000000000E+00    0.3986377604E-12    0.3986377604E-12    0.9999893257E+00    0.9999893257E+00
    4    0.1369166667E+02   -0.3483418059E+00    0.0000000000E+00    0.1952721290E+00    0.0000000000E+00    0.0000000000E+00    0.0000000000E+00    0.0000000000E+00    0.0000000000E+00    0.0000000000E+00    0.2328519879E-13    0.2328519879E-13    0.9999823656E+00    0.9999823656E+00
    1    0.1395000000E+02    0.4644557413E+00    0.0000000000E+00   -0.4848995150E+00    0.0000000000E+00    0.0000000000E+00    0.0000000000E+00    0.0000000000E+00    0.0000000000E+00    0.0000000000E+00    0.1456345610E-12    0.1456345610E-12    0.9999915696E+00    0.9999915696E+00
    2    0.1395000000E+02    0.4644557413E+00    0.0000000000E+00    0.4230369323E+00    0.0000000000E+00    0.0000000000E+00    0.0000000000E+00    0.0000000000E+00    0.0000000000E+00    0.0000000000E+00    0.7402838396E-13    0.7402838396E-13    0.9999917126E+00    0.9999917126E+00
    3    0.1395000000E+02    0.4644557413E+00    0.8127975472E+00    0.3091874515E+00    0.4644557413E+00    0.8127975472E+00    0.3091874515E+00    0.0000000000E+00    0.0000000000E+00    0.0000000000E+00    0.7047045102E-13    0.7047045102E-13    0.9999794950E+00    0.9999794950E+00
    4    0.1395000000E+02   -0.3483418059E+00    0.0000000000E+00    0.7929511075E-01    0.0000000000E+00    0.0000000000E+00    0.0000000000E+00    0.0000000000E+00    0.0000000000E+00    0.0000000000E+00    0.4447191163E-09    0.4447191163E-09    0.9999342256E+00    0.9999342256E+00
    5    0.1395000000E+02    0.4644557413E+00    0.0000000000E+00   -0.5041064043E+00    0.0000000000E+00    0.0000000000E+00    0.0000000000E+00    0.0000000000E+00    0.0000000000E+00    0.0000000000E+00    0.4588499030E-12    0.4588499030E-12    0.9999909987E+00    0.9999909987E+00
    6    0.1395000000E+02   -0.3483418059E+00    0.0000000000E+00    0.3713766987E+00   -0.3483418059E+00    0.0000000000E+00   -0.7780926164E+00   -0.8468611896E+00    0.5524657780E-11    0.1108038020E+01    0.1718110632E-10    0.1718110632E-10    0.9999834902E+00    0.9999834902E+00
    7    0.1395000000E+02    0.4644557413E+00    0.8127975472E+00    0.3092985842E+00    0.4644557413E+00    0.8127975472E+00    0.3092985842E+00    0.0000000000E+00    0.0000000000E+00    0.0000000000E+00    0.5511563591E-11    0.5511563591E-11    0.9999784826E+00    0.9999784826E+00
    1    0.1420833333E+02   -0.3483418059E+00    0.0000000000E+00   -0.1465369940E+00    0.0000000000E+00    0.0000000000E+00    0.0000000000E+00    0.0000000000E+00    0.0000000000E+00    0.0000000000E+00    0.6589354102E-08    0.6589354102E-08    0.9996782544E+00    0.9996782544E+00
    2    0.1420833333E+02    0.4644557413E+00    0.0000000000E+00   -0.3944876538E+00    0.4644557413E+00    0.0000000000E+00   -0.3944876538E+00   -0.1374039426E+00    0.1251886319E-10    0.9467863836E+00    0.2496084263E-13    0.2496084325E-13    0.9999915008E+00    0.9999915008E+00
    3    0.1420833333E+02   -0.3483418059E+00    0.0000000000E+00    0.3142377371E+00    0.0000000000E+00    0.0000000000E+00    0.0000000000E+00    0.0000000000E+00    0.0000000000E+00    0.0000000000E+00    0.7285671142E-08    0.7285671142E-08    0.9997928495E+00    0.9997928495E+00
    4    0.1420833333E+02   -0.3483418059E+00    0.0000000000E+00    0.4281134584E+00    0.0000000000E+00    0.0000000000E+00    0.0000000000E+00    0.0000000000E+00    0.0000000000E+00    0.0000000000E+00    0.6135675489E-09    0.6135675489E-09    0.9998918942E+00    0.9998918942E+00
    5    0.1420833333E+02    0.4644557413E+00    0.0000000000E+00    0.5174724778E+00    0.0000000000E+00    0.0000000000E+00    0.0000000000E+00    0.0000000000E+00    0.0000000000E+00    0.0000000000E+00    0.1539187964E-12    0.1539187964E-12    0.9999907044E+00    0.9999907044E+00
    6    0.1420833333E+02    0.4644557413E+00    0.0000000000E+00   -0.4084065049E+00    0.0000000000E+00    0.0000000000E+00    0.0000000000E+00    0.0000000000E+00    0.0000000000E+00    0.0000000000E+00    0.8483740800E-13    0.8483740800E-13    0.9999911284E+00    0.9999911284E+00
    1    0.1446666667E+02    0.4644557413E+00    0.0000000000E+00   -0.5227029444E+00    0.0000000000E+00    0.0000000000E+00    0.0000000000E+00    0.0000000000E+00    0.0000000000E+00    0.0000000000E+00    0.2467491244E-12    0.2467491244E-12    0.9999884959E+00    0.9999884959E+00
    2    0.1446666667E+02    0.4644557413E+00    0.0000000000E+00   -0.2995294913E+00    0.0000000000E+00    0.0000000000E+00    0.0000000000E+00    0.0000000000E+00    0.0000000000E+00    0.0000000000E+00    0.5445183015E-12    0.5445183015E-12    0.9999903629E+00    0.9999903629E+00
    3    0.1446666667E+02    0.4644557413E+00    0.0000000000E+00   -0.3095325497E+00    0.0000000000E+00    0.0000000000E+00    0.0000000000E+00    0.0000000000E+00    0.0000000000E+00    0.0000000000E+00    0.8187325899E-12    0.8187325899E-12    0.9999899979E+00    0.9999899979E+00
    1    0.1472500000E+02    0.4644557413E+00    0.0000000000E+00   -0.3818362079E+00    0.0000000000E+00    0.0000000000E+00    0.0000000000E+00    0.0000000000E+00    0.0000000000E+00    0.0000000000E+00    0.4132878432E-13    0.4132878432E-13    0.9999837104E+00    0.9999837104E+00
    2    0.1472500000E+02    0.4644557413E+00    0.0000000000E+00   -0.1807470776E+00    0.0000000000E+00    0.0000000000E+00    0.0000000000E+00    0.0000000000E+00    0.0000000000E+00    0.0000000000E+00    0.1751220848E-12    0.1751220848E-12    0.9999856950E+00    0.9999856950E+00
    3    0.1472500000E+02    0.4644557413E+00    0.0000000000E+00   -0.1869523872E+00    0.0000000000E+00    0.0000000000E+00    0.0000000000E+00    0.0000000000E+00    0.0000000000E+00    0.0000000000E+00    0.2734190311E-13    0.2734190311E-13    0.9999852663E+00    0.9999852663E+00
    1    0.1498333333E+02    0.4644557413E+00    0.0000000000E+00   -0.1261065959E+00    0.0000000000E+00    0.0000000000E+00    0.0000000000E+00    0.0000000000E+00    0.0000000000E+00    0.0000000000E+00    0.9028837687E-10    0.9028837687E-10    0.9999488118E+00    0.9999488118E+00
