    1    0.2583333333E+01    0.1161139353E+00    0.5805696766E+00    0.7750008939E-01    0.0000000000E+00    0.0000000000E+00    0.0000000000E+00    0.0000000000E+00    0.0000000000E+00    0.0000000000E+00    0.4263602218E-12    0.4263602218E-12    0.9999976787E+00    0.9999976787E+00
    1    0.2841666667E+01    0.1161139353E+00    0.5805696766E+00    0.2698483348E+00    0.0000000000E+00    0.0000000000E+00    0.0000000000E+00    0.0000000000E+00    0.0000000000E+00    0.0000000000E+00    0.5883469524E-13    0.5883469524E-13    0.9999919510E+00    0.9999919510E+00
    1    0.3100000000E+01    0.1161139353E+00    0.5805696766E+00    0.4256330858E+00    0.0000000000E+00    0.0000000000E+00    0.0000000000E+00    0.0000000000E+00    0.0000000000E+00    0.0000000000E+00    0.1372121738E-15    0.1372121742E-15    0.9999983569E+00    0.9999983569E+00
    2    0.3100000000E+01    0.1161139353E+00   -0.2322278706E+00    0.1950573833E+00    0.0000000000E+00    0.0000000000E+00    0.0000000000E+00    0.0000000000E+00    0.0000000000E+00    0.0000000000E+00    0.4172116135E-16    0.4172116153E-16    0.9999948691E+00    0.9999948691E+00
    3    0.3100000000E+01    0.1161139353E+00    0.5805696766E+00    0.1817224814E+00    0.0000000000E+00    0.0000000000E+00    0.0000000000E+00    0.0000000000E+00    0.0000000000E+00    0.0000000000E+00    0.6143856242E-15    0.6143856243E-15    0.9999980392E+00    0.9999980392E+00
    1    0.3358333333E+01    0.1161139353E+00    0.5805696766E+00    0.2453590543E+00    0.0000000000E+00    0.0000000000E+00    0.0000000000E+00    0.0000000000E+00    0.0000000000E+00    0.0000000000E+00    0.8363018321E-14    0.8363018321E-14    0.9999988615E+00    0.9999988615E+00
    2    0.3358333333E+01    0.1161139353E+00   -0.2322278706E+00    0.4260017637E+00    0.0000000000E+00    0.0000000000E+00    0.0000000000E+00    0.0000000000E+00    0.0000000000E+00    0.0000000000E+00    0.6494961118E-16    0.6494961119E-16    0.9999950532E+00    0.9999950532E+00
    3    0.3358333333E+01    0.1161139353E+00    0.5805696766E+00    0.5002542663E+00    0.0000000000E+00    0.0000000000E+00    0.0000000000E+00    0.0000000000E+00    0.0000000000E+00    0.0000000000E+00    0.1942720276E-14    0.1942720276E-14    0.9999984943E+00    0.9999984943E+00
    1    0.3616666667E+01    0.1161139353E+00    0.5805696766E+00    0.2962670122E+00    0.0000000000E+00    0.0000000000E+00    0.0000000000E+00    0.0000000000E+00    0.0000000000E+00    0.0000000000E+00    0.1047478947E-13    0.1047478947E-13    0.9999987859E+00    0.9999987859E+00
    2    0.3616666667E+01    0.1161139353E+00    0.5805696766E+00    0.5611964108E+00    0.0000000000E+00    0.0000000000E+00    0.0000000000E+00    0.0000000000E+00    0.0000000000E+00    0.0000000000E+00    0.4219876530E-13    0.4219876530E-13    0.9999986011E+00    0.9999986011E+00
    3    0.3616666667E+01    0.1161139353E+00   -0.2322278706E+00    0.5633883907E+00    0.0000000000E+00    0.0000000000E+00    0.0000000000E+00    0.0000000000E+00    0.0000000000E+00    0.0000000000E+00    0.4215674967E-12    0.4215674968E-12    0.9999972934E+00    0.9999972934E+00
    1    0.3875000000E+01   -0.6966836119E+00    0.5805696766E+00   -0.2964325386E-01    0.0000000000E+00    0.0000000000E+00    0.0000000000E+00    0.0000000000E+00    0.0000000000E+00    0.0000000000E+00    0.4620189533E-11    0.4620189534E-11    0.9999941837E+00    0.9999941837E+00
    2    0.3875000000E+01    0.1161139353E+00   -0.2322278706E+00   -0.5072050513E+00    0.0000000000E+00    0.0000000000E+00    0.0000000000E+00    0.0000000000E+00    0.0000000000E+00    0.0000000000E+00    0.6492286593E-14    0.6492290332E-14    0.9999978762E+00    0.9999978762E+00
    3    0.3875000000E+01    0.1161139353E+00    0.5805696766E+00   -0.5340542760E+00    0.0000000000E+00    0.0000000000E+00    0.0000000000E+00    0.0000000000E+00    0.0000000000E+00    0.0000000000E+00    0.4443656137E-14    0.4559455157E-14    0.9999985732E+00    0.9999985732E+00
    4    0.3875000000E+01    0.1161139353E+00    0.5805696766E+00    0.3446895201E+00    0.1161139353E+00    0.5805696766E+00   -0.8047797949E+00    0.2950896185E+01   -0.1489378041E+01   -0.2790058546E+01    0.2360882226E-14    0.2392058442E-14    0.9999987957E+00    0.9999987957E+00
    5    0.3875000000E+01   -0.6966836119E+00    0.5805696766E+00    0.3056283879E+00    0.0000000000E+00    0.0000000000E+00    0.0000000000E+00    0.0000000000E+00    0.0000000000E+00    0.0000000000E+00    0.7594735665E-12    0.7594735677E-12    0.9999963339E+00    0.9999963339E+00
    6    0.3875000000E+01    0.1161139353E+00   -0.2322278706E+00    0.3226354483E+00    0.0000000000E+00    0.0000000000E+00    0.0000000000E+00    0.0000000000E+00    0.0000000000E+00    0.0000000000E+00    0.2590861259E-13    0.2590866132E-13    0.9999971799E+00    0.9999971799E+00
    1    0.4133333333E+01   -0.6966836119E+00   -0.2322278706E+00    0.1916375425E+00    0.0000000000E+00    0.0000000000E+00    0.0000000000E+00    0.0000000000E+00    0.0000000000E+00    0.0000000000E+00    0.5207211842E-20    0.5207842295E-20    0.9999964961E+00    0.9999964961E+00
    2    0.4133333333E+01    0.1161139353E+00    0.5805696766E+00    0.3934377681E+00    0.0000000000E+00    0.0000000000E+00    0.0000000000E+00    0.0000000000E+00    0.0000000000E+00    0.0000000000E+00    0.1588232695E-15    0.1588232716E-15    0.9999986172E+00    0.9999986172E+00
    3    0.4133333333E+01    0.1161139353E+00   -0.2322278706E+00    0.4081833714E+00    0.0000000000E+00    0.0000000000E+00    0.0000000000E+00    0.0000000000E+00    0.0000000000E+00    0.0000000000E+00    0.3495438356E-14    0.3495438356E-14    0.9999980233E+00    0.9999980233E+00
    4    0.4133333333E+01    0.1161139353E+00    0.5805696766E+00   -0.4792255235E+00    0.0000000000E+00    0.0000000000E+00    0.0000000000E+00    0.0000000000E+00    0.0000000000E+00    0.0000000000E+00    0.5059228417E-15    0.5059228956E-15    0.9999985124E+00    0.9999985124E+00
    5    0.4133333333E+01    0.1161139353E+00   -0.2322278706E+00   -0.4369936195E+00    0.0000000000E+00    0.0000000000E+00    0.0000000000E+00    0.0000000000E+00    0.0000000000E+00    0.0000000000E+00    0.3831214303E-14    0.3831214307E-14    0.9999982068E+00    0.9999982068E+00
    6    0.4133333333E+01   -0.6966836119E+00    0.5805696766E+00   -0.4357784939E+00    0.0000000000E+00    0.0000000000E+00    0.0000000000E+00    0.0000000000E+00    0.0000000000E+00    0.0000000000E+00    0.6713995142E-13    0.6713995142E-13    0.9999956531E+00    0.9999956531E+00
    1    0.4391666667E+01   -0.6966836119E+00    0.5805696766E+00    0.6494079807E-01    0.0000000000E+00    0.0000000000E+00    0.0000000000E+00    0.0000000000E+00    0.0000000000E+00    0.0000000000E+00    0.3433790864E-12    0.3433790864E-12    0.9999972970E+00    0.9999972970E+00
    2    0.4391666667E+01   -0.6966836119E+00   -0.2322278706E+00    0.8942324006E-01    0.0000000000E+00    0.0000000000E+00    0.0000000000E+00    0.0000000000E+00    0.0000000000E+00    0.0000000000E+00    0.1614409300E-12    0.1614409300E-12    0.9999974683E+00    0.9999974683E+00
    3    0.4391666667E+01   -0.6966836119E+00   -0.2322278706E+00    0.2940164688E+00    0.0000000000E+00    0.0000000000E+00    0.0000000000E+00    0.0000000000E+00    0.0000000000E+00    0.0000000000E+00    0.3028876150E-12    0.3028876150E-12    0.9999971082E+00    0.9999971082E+00
    4    0.4391666667E+01    0.1161139353E+00    0.5805696766E+00    0.4445912667E+00    0.0000000000E+00    0.0000000000E+00    0.0000000000E+00    0.0000000000E+00    0.0000000000E+00    0.0000000000E+00    0.4321756326E-14    0.4321756327E-14    0.9999984627E+00    0.9999984627E+00
    5    0.4391666667E+01    0.1161139353E+00   -0.2322278706E+00    0.4729858363E+00    0.0000000000E+00    0.0000000000E+00    0.0000000000E+00    0.0000000000E+00    0.0000000000E+00    0.0000000000E+00    0.3906480127E-14    0.3906480127E-14    0.9999982141E+00    0.9999982141E+00
    6    0.4391666667E+01   -0.6966836119E+00   -0.2322278706E+00    0.5215636384E+00    0.0000000000E+00    0.0000000000E+00    0.0000000000E+00    0.0000000000E+00    0.0000000000E+00    0.0000000000E+00    0.3503650231E-11    0.3503650231E-11    0.9999938275E+00    0.9999938275E+00
    7    0.4391666667E+01    0.1161139353E+00    0.5805696766E+00   -0.4211880745E+00    0.0000000000E+00    0.0000000000E+00    0.0000000000E+00    0.0000000000E+00    0.0000000000E+00    0.0000000000E+00    0.5669323459E-15    0.5669323465E-15    0.9999982178E+00    0.9999982178E+00
    8    0.4391666667E+01   -0.6966836119E+00    0.5805696766E+00   -0.3330814079E+00    0.0000000000E+00    0.0000000000E+00    0.0000000000E+00    0.0000000000E+00    0.0000000000E+00    0.0000000000E+00    0.1374738934E-13    0.1374738934E-13    0.9999976842E+00    0.9999976842E+00
    9    0.4391666667E+01    0.1161139353E+00   -0.2322278706E+00   -0.3681837030E+00    0.0000000000E+00    0.0000000000E+00    0.0000000000E+00    0.0000000000E+00    0.0000000000E+00    0.0000000000E+00    0.8515303561E-15    0.8515303561E-15    0.9999979430E+00    0.9999979430E+00
   10    0.4391666667E+01   -0.6966836119E+00   -0.2322278706E+00   -0.3549252281E+00    0.0000000000E+00    0.0000000000E+00    0.0000000000E+00    0.0000000000E+00    0.0000000000E+00    0.0000000000E+00    0.3569832734E-11    0.3569832734E-11    0.9999945233E+00    0.9999945233E+00
    1    0.4650000000E+01   -0.6966836119E+00    0.5805696766E+00    0.1517744032E+00    0.0000000000E+00    0.0000000000E+00    0.0000000000E+00    0.0000000000E+00    0.0000000000E+00    0.0000000000E+00    0.6964715173E-14    0.6964715173E-14    0.9999971905E+00    0.9999971905E+00
    2    0.4650000000E+01   -0.6966836119E+00   -0.2322278706E+00    0.1651565831E+00    0.0000000000E+00    0.0000000000E+00    0.0000000000E+00    0.0000000000E+00    0.0000000000E+00    0.0000000000E+00    0.4662910091E-14    0.4662910092E-14    0.9999977757E+00    0.9999977757E+00
    3    0.4650000000E+01    0.1161139353E+00    0.5805696766E+00    0.5007775348E+00    0.0000000000E+00    0.0000000000E+00    0.0000000000E+00    0.0000000000E+00    0.0000000000E+00    0.0000000000E+00    0.5884554491E-14    0.5884554491E-14    0.9999981582E+00    0.9999981582E+00
    4    0.4650000000E+01    0.1161139353E+00   -0.2322278706E+00    0.5344198080E+00    0.0000000000E+00    0.0000000000E+00    0.0000000000E+00    0.0000000000E+00    0.0000000000E+00    0.0000000000E+00    0.4666065722E-14    0.4666065722E-14    0.9999981008E+00    0.9999981008E+00
    5    0.4650000000E+01    0.1161139353E+00    0.5805696766E+00   -0.3531019132E+00    0.0000000000E+00    0.0000000000E+00    0.0000000000E+00    0.0000000000E+00    0.0000000000E+00    0.0000000000E+00    0.1891344839E-14    0.1891344842E-14    0.9999976315E+00    0.9999976315E+00
    6    0.4650000000E+01   -0.6966836119E+00   -0.2322278706E+00   -0.2393851128E+00    0.0000000000E+00    0.0000000000E+00    0.0000000000E+00    0.0000000000E+00    0.0000000000E+00    0.0000000000E+00    0.3690004098E-14    0.3690004098E-14    0.9999973288E+00    0.9999973288E+00
    7    0.4650000000E+01   -0.6966836119E+00    0.5805696766E+00   -0.2601985463E+00    0.0000000000E+00    0.0000000000E+00    0.0000000000E+00    0.0000000000E+00    0.0000000000E+00    0.0000000000E+00    0.5889100281E-14    0.5889100281E-14    0.9999978738E+00    0.9999978738E+00
    8    0.4650000000E+01    0.1161139353E+00   -0.2322278706E+00   -0.2926040494E+00    0.0000000000E+00    0.0000000000E+00    0.0000000000E+00    0.0000000000E+00    0.0000000000E+00    0.0000000000E+00    0.1607035273E-13    0.1607035274E-13    0.9999974804E+00    0.9999974804E+00
    1    0.4908333333E+01   -0.6966836119E+00   -0.2322278706E+00    0.2390031194E+00    0.0000000000E+00    0.0000000000E+00    0.0000000000E+00    0.0000000000E+00    0.0000000000E+00    0.0000000000E+00    0.6419513845E-14    0.6419513855E-14    0.9999974612E+00    0.9999974612E+00
    2    0.4908333333E+01   -0.6966836119E+00    0.5805696766E+00    0.3748953642E+00    0.0000000000E+00    0.0000000000E+00    0.0000000000E+00    0.0000000000E+00    0.0000000000E+00    0.0000000000E+00    0.2123431050E-12    0.2123431460E-12    0.9999797809E+00    0.9999797809E+00
    3    0.4908333333E+01    0.1161139353E+00    0.5805696766E+00    0.5666518938E+00    0.0000000000E+00    0.0000000000E+00    0.0000000000E+00    0.0000000000E+00    0.0000000000E+00    0.0000000000E+00    0.4367014877E-13    0.4367014880E-13    0.9999974838E+00    0.9999974838E+00
    4    0.4908333333E+01    0.1161139353E+00   -0.2322278706E+00   -0.5520177859E+00    0.0000000000E+00    0.0000000000E+00    0.0000000000E+00    0.0000000000E+00    0.0000000000E+00    0.0000000000E+00    0.5070829495E-14    0.5070935883E-14    0.9999978210E+00    0.9999978210E+00
    5    0.4908333333E+01    0.1161139353E+00    0.5805696766E+00   -0.2539135554E+00    0.0000000000E+00    0.0000000000E+00    0.0000000000E+00    0.0000000000E+00    0.0000000000E+00    0.0000000000E+00    0.7827844165E-13    0.7827844166E-13    0.9999957492E+00    0.9999957492E+00
    6    0.4908333333E+01   -0.6966836119E+00   -0.2322278706E+00   -0.1610383068E+00    0.0000000000E+00    0.0000000000E+00    0.0000000000E+00    0.0000000000E+00    0.0000000000E+00    0.0000000000E+00    0.5464745090E-14    0.5464745110E-14    0.9999976304E+00    0.9999976304E+00
    7    0.4908333333E+01   -0.6966836119E+00    0.5805696766E+00   -0.1941112054E+00    0.0000000000E+00    0.0000000000E+00    0.0000000000E+00    0.0000000000E+00    0.0000000000E+00    0.0000000000E+00    0.1650519557E-12    0.1650542832E-12    0.9999975101E+00    0.9999975101E+00
    8    0.4908333333E+01    0.1161139353E+00   -0.2322278706E+00   -0.1952604494E+00    0.0000000000E+00    0.0000000000E+00    0.0000000000E+00    0.0000000000E+00    0.0000000000E+00    0.0000000000E+00    0.6534517011E-15    0.6556250860E-15    0.9999961765E+00    0.9999961765E+00
    1    0.5166666667E+01   -0.6966836119E+00   -0.2322278706E+00    0.3298375131E+00    0.0000000000E+00    0.0000000000E+00    0.0000000000E+00    0.0000000000E+00    0.0000000000E+00    0.0000000000E+00    0.1897259224E-13    0.1897260510E-13    0.9999964489E+00    0.9999964489E+00
    2    0.5166666667E+01   -0.6966836119E+00    0.5805696766E+00    0.5224389352E+00    0.0000000000E+00    0.0000000000E+00    0.0000000000E+00    0.0000000000E+00    0.0000000000E+00    0.0000000000E+00    0.6604946708E-14    0.6604950145E-14    0.9999971128E+00    0.9999971128E+00
    3    0.5166666667E+01    0.1161139353E+00    0.5805696766E+00   -0.4970764109E+00    0.0000000000E+00    0.0000000000E+00    0.0000000000E+00    0.0000000000E+00    0.0000000000E+00    0.0000000000E+00    0.8115783294E-13    0.8115783315E-13    0.9999964567E+00    0.9999964567E+00
    4    0.5166666667E+01    0.1161139353E+00   -0.2322278706E+00   -0.4834238771E+00    0.0000000000E+00    0.0000000000E+00    0.0000000000E+00    0.0000000000E+00    0.0000000000E+00    0.0000000000E+00    0.2693606142E-14    0.2693606145E-14    0.9999975298E+00    0.9999975298E+00
    5    0.5166666667E+01    0.1161139353E+00    0.5805696766E+00    0.5016416246E-01    0.0000000000E+00    0.0000000000E+00    0.0000000000E+00    0.0000000000E+00    0.0000000000E+00    0.0000000000E+00    0.6528061825E-11    0.6528061825E-11    0.9999931435E+00    0.9999931435E+00
    6    0.5166666667E+01   -0.6966836119E+00    0.5805696766E+00   -0.1265390858E+00    0.0000000000E+00    0.0000000000E+00    0.0000000000E+00    0.0000000000E+00    0.0000000000E+00    0.0000000000E+00    0.3986614543E-13    0.3986614565E-13    0.9999975343E+00    0.9999975343E+00
    7    0.5166666667E+01   -0.6966836119E+00   -0.2322278706E+00   -0.9098852642E-01    0.0000000000E+00    0.0000000000E+00    0.0000000000E+00    0.0000000000E+00    0.0000000000E+00    0.0000000000E+00    0.1014935224E-13    0.1014976833E-13    0.9999976657E+00    0.9999976657E+00
    1    0.5425000000E+01   -0.6966836119E+00   -0.2322278706E+00    0.4304916869E+00    0.0000000000E+00    0.0000000000E+00    0.0000000000E+00    0.0000000000E+00    0.0000000000E+00    0.0000000000E+00    0.2013349129E-13    0.2013349130E-13    0.9999968331E+00    0.9999968331E+00
    2    0.5425000000E+01   -0.6966836119E+00    0.5805696766E+00   -0.5463864887E+00    0.0000000000E+00    0.0000000000E+00    0.0000000000E+00    0.0000000000E+00    0.0000000000E+00    0.0000000000E+00    0.9559083891E-13    0.9559083891E-13    0.9999971292E+00    0.9999971292E+00
    3    0.5425000000E+01    0.1161139353E+00   -0.2322278706E+00   -0.4051547902E+00    0.0000000000E+00    0.0000000000E+00    0.0000000000E+00    0.0000000000E+00    0.0000000000E+00    0.0000000000E+00    0.8056657347E-15    0.8056657348E-15    0.9999969700E+00    0.9999969700E+00
    4    0.5425000000E+01    0.1161139353E+00    0.5805696766E+00   -0.3637538980E+00    0.0000000000E+00    0.0000000000E+00    0.0000000000E+00    0.0000000000E+00    0.0000000000E+00    0.0000000000E+00    0.4705173389E-13    0.4705173389E-13    0.9999940762E+00    0.9999940762E+00
    5    0.5425000000E+01    0.1161139353E+00    0.5805696766E+00    0.1501467970E+00    0.0000000000E+00    0.0000000000E+00    0.0000000000E+00    0.0000000000E+00    0.0000000000E+00    0.0000000000E+00    0.6998625641E-13    0.6998625641E-13    0.9999974494E+00    0.9999974494E+00
    6    0.5425000000E+01   -0.6966836119E+00    0.5805696766E+00   -0.4309585584E-01    0.0000000000E+00    0.0000000000E+00    0.0000000000E+00    0.0000000000E+00    0.0000000000E+00    0.0000000000E+00    0.1888014702E-11    0.1888014702E-11    0.9999958007E+00    0.9999958007E+00
    7    0.5425000000E+01   -0.6966836119E+00   -0.2322278706E+00   -0.2233879431E-01    0.0000000000E+00    0.0000000000E+00    0.0000000000E+00    0.0000000000E+00    0.0000000000E+00    0.0000000000E+00    0.5144807187E-14    0.5144807187E-14    0.9999975364E+00    0.9999975364E+00
    1    0.5683333333E+01   -0.6966836119E+00   -0.2322278706E+00    0.5108429429E+00    0.0000000000E+00    0.0000000000E+00    0.0000000000E+00    0.0000000000E+00    0.0000000000E+00    0.0000000000E+00    0.4797634030E-13    0.4797634031E-13    0.9999971040E+00    0.9999971040E+00
    2    0.5683333333E+01   -0.6966836119E+00    0.5805696766E+00   -0.4616419516E+00    0.0000000000E+00    0.0000000000E+00    0.0000000000E+00    0.0000000000E+00    0.0000000000E+00    0.0000000000E+00    0.1082734004E-13    0.1082734004E-13    0.9999965164E+00    0.9999965164E+00
    3    0.5683333333E+01    0.1161139353E+00    0.5805696766E+00    0.2115514196E+00    0.0000000000E+00    0.0000000000E+00    0.0000000000E+00    0.0000000000E+00    0.0000000000E+00    0.0000000000E+00    0.8395392179E-13    0.8395392179E-13    0.9999974574E+00    0.9999974574E+00
    4    0.5683333333E+01    0.1161139353E+00   -0.2322278706E+00   -0.3112626064E+00    0.0000000000E+00    0.0000000000E+00    0.0000000000E+00    0.0000000000E+00    0.0000000000E+00    0.0000000000E+00    0.3265455030E-13    0.3265455030E-13    0.9999960832E+00    0.9999960832E+00
    5    0.5683333333E+01   -0.6966836119E+00   -0.2322278706E+00    0.4956258318E-01    0.0000000000E+00    0.0000000000E+00    0.0000000000E+00    0.0000000000E+00    0.0000000000E+00    0.0000000000E+00    0.4936045511E-13    0.4936045511E-13    0.9999972028E+00    0.9999972028E+00
    6    0.5683333333E+01    0.1161139353E+00    0.5805696766E+00   -0.1516662727E+00    0.0000000000E+00    0.0000000000E+00    0.0000000000E+00    0.0000000000E+00    0.0000000000E+00    0.0000000000E+00    0.1828107231E-11    0.1828107231E-11    0.9999873055E+00    0.9999873055E+00
    1    0.5941666667E+01   -0.6966836119E+00   -0.2322278706E+00   -0.5588844840E+00    0.0000000000E+00    0.0000000000E+00    0.0000000000E+00    0.0000000000E+00    0.0000000000E+00    0.0000000000E+00    0.4912820475E-13    0.4912837065E-13    0.9999965799E+00    0.9999965799E+00
    2    0.5941666667E+01   -0.6966836119E+00    0.5805696766E+00   -0.3429800531E+00    0.0000000000E+00    0.0000000000E+00    0.0000000000E+00    0.0000000000E+00    0.0000000000E+00    0.0000000000E+00    0.1910890401E-11    0.1910890402E-11    0.9999932595E+00    0.9999932595E+00
    3    0.5941666667E+01    0.1161139353E+00   -0.2322278706E+00   -0.1865050689E+00    0.0000000000E+00    0.0000000000E+00    0.0000000000E+00    0.0000000000E+00    0.0000000000E+00    0.0000000000E+00    0.3894168092E-14    0.3894351425E-14    0.9999938381E+00    0.9999938381E+00
    4    0.5941666667E+01    0.1161139353E+00    0.5805696766E+00    0.2638373434E+00    0.0000000000E+00    0.0000000000E+00    0.0000000000E+00    0.0000000000E+00    0.0000000000E+00    0.0000000000E+00    0.4106628888E-14    0.4106629003E-14    0.9999980562E+00    0.9999980562E+00
    5    0.5941666667E+01   -0.6966836119E+00    0.5805696766E+00    0.1080777702E+00    0.0000000000E+00    0.0000000000E+00    0.0000000000E+00    0.0000000000E+00    0.0000000000E+00    0.0000000000E+00    0.2647093773E-11    0.2647093773E-11    0.9999925863E+00    0.9999925863E+00
    6    0.5941666667E+01   -0.6966836119E+00   -0.2322278706E+00    0.1314587681E+00    0.0000000000E+00    0.0000000000E+00    0.0000000000E+00    0.0000000000E+00    0.0000000000E+00    0.0000000000E+00    0.1626874426E-13    0.1626874596E-13    0.9999964368E+00    0.9999964368E+00
    1    0.6200000000E+01   -0.6966836119E+00   -0.2322278706E+00   -0.4488907184E+00    0.0000000000E+00    0.0000000000E+00    0.0000000000E+00    0.0000000000E+00    0.0000000000E+00    0.0000000000E+00    0.2878655616E-11    0.2878655616E-11    0.9999934323E+00    0.9999934323E+00
    2    0.6200000000E+01    0.1161139353E+00   -0.2322278706E+00    0.7093541646E-01    0.0000000000E+00    0.0000000000E+00    0.0000000000E+00    0.0000000000E+00    0.0000000000E+00    0.0000000000E+00    0.3254174804E-11    0.3254174804E-11    0.9999943972E+00    0.9999943972E+00
    3    0.6200000000E+01   -0.6966836119E+00   -0.2322278706E+00    0.2471080845E+00    0.0000000000E+00    0.0000000000E+00    0.0000000000E+00    0.0000000000E+00    0.0000000000E+00    0.0000000000E+00    0.2886048064E-11    0.2886048064E-11    0.9999931710E+00    0.9999931710E+00
    4    0.6200000000E+01    0.1161139353E+00    0.5805696766E+00    0.3120238479E+00    0.0000000000E+00    0.0000000000E+00    0.0000000000E+00    0.0000000000E+00    0.0000000000E+00    0.0000000000E+00    0.1247340440E-14    0.1247340440E-14    0.9999980848E+00    0.9999980848E+00
    1    0.6458333333E+01    0.1161139353E+00    0.5805696766E+00    0.3582794883E+00    0.0000000000E+00    0.0000000000E+00    0.0000000000E+00    0.0000000000E+00    0.0000000000E+00    0.0000000000E+00    0.6514461759E-16    0.6514461813E-16    0.9999980582E+00    0.9999980582E+00
    2    0.6458333333E+01    0.1161139353E+00   -0.2322278706E+00    0.1596110137E+00    0.0000000000E+00    0.0000000000E+00    0.0000000000E+00    0.0000000000E+00    0.0000000000E+00    0.0000000000E+00    0.2970009954E-13    0.2970017877E-13    0.9999971421E+00    0.9999971421E+00
    1    0.6716666667E+01    0.1161139353E+00    0.5805696766E+00    0.4037822997E+00    0.0000000000E+00    0.0000000000E+00    0.0000000000E+00    0.0000000000E+00    0.0000000000E+00    0.0000000000E+00    0.7279589535E-17    0.7279589544E-17    0.9999979954E+00    0.9999979954E+00
    2    0.6716666667E+01    0.1161139353E+00   -0.2322278706E+00    0.2194867161E+00    0.0000000000E+00    0.0000000000E+00    0.0000000000E+00    0.0000000000E+00    0.0000000000E+00    0.0000000000E+00    0.5377148323E-14    0.5377148323E-14    0.9999975852E+00    0.9999975852E+00
    1    0.6975000000E+01    0.1161139353E+00    0.5805696766E+00    0.4492818549E+00    0.0000000000E+00    0.0000000000E+00    0.0000000000E+00    0.0000000000E+00    0.0000000000E+00    0.0000000000E+00    0.1206067493E-17    0.1206067493E-17    0.9999979056E+00    0.9999979056E+00
    2    0.6975000000E+01    0.1161139353E+00   -0.2322278706E+00    0.2714500313E+00    0.0000000000E+00    0.0000000000E+00    0.0000000000E+00    0.0000000000E+00    0.0000000000E+00    0.0000000000E+00    0.9920143566E-14    0.9920143566E-14    0.9999977098E+00    0.9999977098E+00
    1    0.7233333333E+01    0.1161139353E+00    0.5805696766E+00    0.4952849462E+00    0.0000000000E+00    0.0000000000E+00    0.0000000000E+00    0.0000000000E+00    0.0000000000E+00    0.0000000000E+00    0.5562846219E-16    0.5562846290E-16    0.9999977953E+00    0.9999977953E+00
    2    0.7233333333E+01    0.1161139353E+00   -0.2322278706E+00    0.3203978754E+00    0.0000000000E+00    0.0000000000E+00    0.0000000000E+00    0.0000000000E+00    0.0000000000E+00    0.0000000000E+00    0.3897583990E-14    0.3897583990E-14    0.9999977036E+00    0.9999977036E+00
    1    0.7491666667E+01    0.1161139353E+00    0.5805696766E+00    0.5421226140E+00    0.0000000000E+00    0.0000000000E+00    0.0000000000E+00    0.0000000000E+00    0.0000000000E+00    0.0000000000E+00    0.3786169812E-16    0.3786169812E-16    0.9999976702E+00    0.9999976702E+00
    2    0.7491666667E+01    0.1161139353E+00   -0.2322278706E+00    0.3686647226E+00    0.0000000000E+00    0.0000000000E+00    0.0000000000E+00    0.0000000000E+00    0.0000000000E+00    0.0000000000E+00    0.1750964166E-15    0.1750964166E-15    0.9999976132E+00    0.9999976132E+00
    1    0.7750000000E+01   -0.6966836119E+00    0.5805696766E+00    0.1645634852E+00    0.0000000000E+00    0.0000000000E+00    0.0000000000E+00    0.0000000000E+00    0.0000000000E+00    0.0000000000E+00    0.9138138457E-12    0.9138138457E-12    0.9999837614E+00    0.9999837614E+00
    2    0.7750000000E+01    0.1161139353E+00    0.5805696766E+00   -0.5595127879E+00    0.0000000000E+00    0.0000000000E+00    0.0000000000E+00    0.0000000000E+00    0.0000000000E+00    0.0000000000E+00    0.5472694064E-15    0.5472694073E-15    0.9999975363E+00    0.9999975363E+00
    3    0.7750000000E+01    0.1161139353E+00   -0.2322278706E+00    0.4178502927E+00    0.0000000000E+00    0.0000000000E+00    0.0000000000E+00    0.0000000000E+00    0.0000000000E+00    0.0000000000E+00    0.6278665770E-15    0.6278665770E-15    0.9999974476E+00    0.9999974476E+00
    1    0.8008333333E+01   -0.6966836119E+00    0.5805696766E+00    0.3005641019E+00    0.0000000000E+00    0.0000000000E+00    0.0000000000E+00    0.0000000000E+00    0.0000000000E+00    0.0000000000E+00    0.3488813158E-13    0.3488813158E-13    0.9999955612E+00    0.9999955612E+00
    2    0.8008333333E+01    0.1161139353E+00    0.5805696766E+00   -0.5106383027E+00    0.0000000000E+00    0.0000000000E+00    0.0000000000E+00    0.0000000000E+00    0.0000000000E+00    0.0000000000E+00    0.7340568401E-15    0.7340568401E-15    0.9999974033E+00    0.9999974033E+00
    3    0.8008333333E+01    0.1161139353E+00   -0.2322278706E+00    0.4694136136E+00    0.0000000000E+00    0.0000000000E+00    0.0000000000E+00    0.0000000000E+00    0.0000000000E+00    0.0000000000E+00    0.1662270342E-14    0.1662270342E-14    0.9999971972E+00    0.9999971972E+00
    1    0.8266666667E+01    0.1161139353E+00    0.5805696766E+00   -0.4608567531E+00    0.0000000000E+00    0.0000000000E+00    0.0000000000E+00    0.0000000000E+00    0.0000000000E+00    0.0000000000E+00    0.1856121961E-14    0.1856121961E-14    0.9999972757E+00    0.9999972757E+00
    2    0.8266666667E+01    0.1161139353E+00   -0.2322278706E+00    0.5250094780E+00    0.0000000000E+00    0.0000000000E+00    0.0000000000E+00    0.0000000000E+00    0.0000000000E+00    0.0000000000E+00    0.1050431885E-14    0.1050431892E-14    0.9999968356E+00    0.9999968356E+00
    3    0.8266666667E+01   -0.6966836119E+00    0.5805696766E+00    0.3731568979E+00    0.0000000000E+00    0.0000000000E+00    0.0000000000E+00    0.0000000000E+00    0.0000000000E+00    0.0000000000E+00    0.1189737068E-15    0.1189741490E-15    0.9999964632E+00    0.9999964632E+00
    1    0.8525000000E+01   -0.6966836119E+00   -0.2322278706E+00   -0.8292599222E-01    0.0000000000E+00    0.0000000000E+00    0.0000000000E+00    0.0000000000E+00    0.0000000000E+00    0.0000000000E+00    0.2232329837E-10    0.2232329837E-10    0.9999851356E+00    0.9999851356E+00
    2    0.8525000000E+01    0.1161139353E+00    0.5805696766E+00   -0.4103899738E+00    0.0000000000E+00    0.0000000000E+00    0.0000000000E+00    0.0000000000E+00    0.0000000000E+00    0.0000000000E+00    0.5959655890E-15    0.5959655890E-15    0.9999971601E+00    0.9999971601E+00
    3    0.8525000000E+01    0.1161139353E+00   -0.2322278706E+00   -0.5626915917E+00    0.0000000000E+00    0.0000000000E+00    0.0000000000E+00    0.0000000000E+00    0.0000000000E+00    0.0000000000E+00    0.2092985843E-14    0.2092985843E-14    0.9999963169E+00    0.9999963169E+00
    4    0.8525000000E+01   -0.6966836119E+00    0.5805696766E+00    0.4352276232E+00    0.0000000000E+00    0.0000000000E+00    0.0000000000E+00    0.0000000000E+00    0.0000000000E+00    0.0000000000E+00    0.2165725597E-15    0.2165725598E-15    0.9999966262E+00    0.9999966262E+00
    5    0.8525000000E+01   -0.6966836119E+00   -0.2322278706E+00    0.4443309230E+00    0.0000000000E+00    0.0000000000E+00    0.0000000000E+00    0.0000000000E+00    0.0000000000E+00    0.0000000000E+00    0.3118938747E-12    0.3118938747E-12    0.9999944272E+00    0.9999944272E+00
    1    0.8783333333E+01    0.1161139353E+00    0.5805696766E+00   -0.3595224051E+00    0.0000000000E+00    0.0000000000E+00    0.0000000000E+00    0.0000000000E+00    0.0000000000E+00    0.0000000000E+00    0.6557552795E-15    0.6557552795E-15    0.9999970596E+00    0.9999970596E+00
    2    0.8783333333E+01    0.1161139353E+00   -0.2322278706E+00   -0.4918884354E+00    0.0000000000E+00    0.0000000000E+00    0.0000000000E+00    0.0000000000E+00    0.0000000000E+00    0.0000000000E+00    0.6535018575E-15    0.6535018576E-15    0.9999955929E+00    0.9999955929E+00
    3    0.8783333333E+01   -0.6966836119E+00    0.5805696766E+00    0.4955024669E+00    0.0000000000E+00    0.0000000000E+00    0.0000000000E+00    0.0000000000E+00    0.0000000000E+00    0.0000000000E+00    0.5369361287E-15    0.5369361290E-15    0.9999964763E+00    0.9999964763E+00
    4    0.8783333333E+01   -0.6966836119E+00   -0.2322278706E+00    0.5204175919E+00    0.0000000000E+00    0.0000000000E+00    0.0000000000E+00    0.0000000000E+00    0.0000000000E+00    0.0000000000E+00    0.1081498587E-14    0.1081498587E-14    0.9999960300E+00    0.9999960300E+00
    1    0.9041666667E+01    0.1161139353E+00    0.5805696766E+00   -0.3085336832E+00    0.0000000000E+00    0.0000000000E+00    0.0000000000E+00    0.0000000000E+00    0.0000000000E+00    0.0000000000E+00    0.5540619003E-14    0.5540619003E-14    0.9999969733E+00    0.9999969733E+00
    2    0.9041666667E+01    0.1161139353E+00   -0.2322278706E+00   -0.4090746543E+00    0.0000000000E+00    0.0000000000E+00    0.0000000000E+00    0.0000000000E+00    0.0000000000E+00    0.0000000000E+00    0.1424700344E-17    0.1424700357E-17    0.9999946971E+00    0.9999946971E+00
    3    0.9041666667E+01   -0.6966836119E+00    0.5805696766E+00    0.5591164359E+00    0.0000000000E+00    0.0000000000E+00    0.0000000000E+00    0.0000000000E+00    0.0000000000E+00    0.0000000000E+00    0.3481433282E-13    0.3481433282E-13    0.9999959951E+00    0.9999959951E+00
    4    0.9041666667E+01   -0.6966836119E+00   -0.2322278706E+00   -0.5626854443E+00    0.0000000000E+00    0.0000000000E+00    0.0000000000E+00    0.0000000000E+00    0.0000000000E+00    0.0000000000E+00    0.2970522711E-13    0.2970522711E-13    0.9999960908E+00    0.9999960908E+00
    1    0.9300000000E+01   -0.6966836119E+00    0.5805696766E+00   -0.5168418802E+00    0.0000000000E+00    0.0000000000E+00    0.0000000000E+00    0.0000000000E+00    0.0000000000E+00    0.0000000000E+00    0.6626819434E-14    0.6626819434E-14    0.9999949342E+00    0.9999949342E+00
    2    0.9300000000E+01   -0.6966836119E+00   -0.2322278706E+00   -0.4958776737E+00    0.0000000000E+00    0.0000000000E+00    0.0000000000E+00    0.0000000000E+00    0.0000000000E+00    0.0000000000E+00    0.4036174033E-14    0.4036174033E-14    0.9999957781E+00    0.9999957781E+00
    3    0.9300000000E+01    0.1161139353E+00   -0.2322278706E+00   -0.3145563679E+00    0.0000000000E+00    0.0000000000E+00    0.0000000000E+00    0.0000000000E+00    0.0000000000E+00    0.0000000000E+00    0.4295139232E-14    0.4295139254E-14    0.9999939987E+00    0.9999939987E+00
    4    0.9300000000E+01    0.1161139353E+00    0.5805696766E+00   -0.2576272322E+00    0.0000000000E+00    0.0000000000E+00    0.0000000000E+00    0.0000000000E+00    0.0000000000E+00    0.0000000000E+00    0.6532152017E-14    0.6532163341E-14    0.9999968957E+00    0.9999968957E+00
    1    0.9558333333E+01   -0.6966836119E+00   -0.2322278706E+00   -0.4215750052E+00    0.0000000000E+00    0.0000000000E+00    0.0000000000E+00    0.0000000000E+00    0.0000000000E+00    0.0000000000E+00    0.1889543169E-14    0.1889543169E-14    0.9999948826E+00    0.9999948826E+00
    2    0.9558333333E+01   -0.6966836119E+00    0.5805696766E+00   -0.4106088666E+00    0.0000000000E+00    0.0000000000E+00    0.0000000000E+00    0.0000000000E+00    0.0000000000E+00    0.0000000000E+00    0.1045548070E-13    0.1045548070E-13    0.9999905216E+00    0.9999905216E+00
    3    0.9558333333E+01    0.1161139353E+00   -0.2322278706E+00   -0.2161154107E+00    0.0000000000E+00    0.0000000000E+00    0.0000000000E+00    0.0000000000E+00    0.0000000000E+00    0.0000000000E+00    0.8257157507E-14    0.8257157507E-14    0.9999938965E+00    0.9999938965E+00
    4    0.9558333333E+01    0.1161139353E+00    0.5805696766E+00   -0.2068686175E+00    0.0000000000E+00    0.0000000000E+00    0.0000000000E+00    0.0000000000E+00    0.0000000000E+00    0.0000000000E+00    0.7065128311E-15    0.7065128312E-15    0.9999968174E+00    0.9999968174E+00
    1    0.9816666667E+01   -0.6966836119E+00   -0.2322278706E+00   -0.3249350255E+00    0.0000000000E+00    0.0000000000E+00    0.0000000000E+00    0.0000000000E+00    0.0000000000E+00    0.0000000000E+00    0.1497797165E-14    0.1497797165E-14    0.9999922812E+00    0.9999922812E+00
    2    0.9816666667E+01    0.1161139353E+00   -0.2322278706E+00   -0.1199036635E+00    0.0000000000E+00    0.0000000000E+00    0.0000000000E+00    0.0000000000E+00    0.0000000000E+00    0.0000000000E+00    0.4938191662E-12    0.4938191662E-12    0.9999937077E+00    0.9999937077E+00
    3    0.9816666667E+01    0.1161139353E+00    0.5805696766E+00   -0.1561464919E+00    0.0000000000E+00    0.0000000000E+00    0.0000000000E+00    0.0000000000E+00    0.0000000000E+00    0.0000000000E+00    0.5361563005E-14    0.5361563005E-14    0.9999967261E+00    0.9999967261E+00
    1    0.1007500000E+02   -0.6966836119E+00   -0.2322278706E+00   -0.1216585084E+00    0.0000000000E+00    0.0000000000E+00    0.0000000000E+00    0.0000000000E+00    0.0000000000E+00    0.0000000000E+00    0.2478382951E-10    0.2478382951E-10    0.9999712049E+00    0.9999712049E+00
    2    0.1007500000E+02    0.1161139353E+00    0.5805696766E+00   -0.1051344717E+00    0.0000000000E+00    0.0000000000E+00    0.0000000000E+00    0.0000000000E+00    0.0000000000E+00    0.0000000000E+00    0.3905381088E-13    0.3905381088E-13    0.9999966035E+00    0.9999966035E+00
    1    0.1033333333E+02    0.1161139353E+00    0.5805696766E+00   -0.5302189187E-01    0.0000000000E+00    0.0000000000E+00    0.0000000000E+00    0.0000000000E+00    0.0000000000E+00    0.0000000000E+00    0.1777453260E-12    0.1777453260E-12    0.9999963771E+00    0.9999963771E+00
    1    0.1085000000E+02    0.1161139353E+00    0.5805696766E+00    0.4924840096E-01    0.0000000000E+00    0.0000000000E+00    0.0000000000E+00    0.0000000000E+00    0.0000000000E+00    0.0000000000E+00    0.2478952498E-12    0.2478952499E-12    0.9999959416E+00    0.9999959416E+00
    2    0.1085000000E+02    0.1161139353E+00   -0.2322278706E+00    0.1163631105E+00    0.0000000000E+00    0.0000000000E+00    0.0000000000E+00    0.0000000000E+00    0.0000000000E+00    0.0000000000E+00    0.4912726630E-12    0.4912726630E-12    0.9999943502E+00    0.9999943502E+00
    1    0.1110833333E+02   -0.6966836119E+00   -0.2322278706E+00    0.4510082707E+00    0.0000000000E+00    0.0000000000E+00    0.0000000000E+00    0.0000000000E+00    0.0000000000E+00    0.0000000000E+00    0.1042646641E-13    0.1042646644E-13    0.9999927438E+00    0.9999927438E+00
    2    0.1110833333E+02   -0.6966836119E+00    0.5805696766E+00    0.3064387744E+00    0.9289114825E+00    0.5805696766E+00    0.3064387744E+00   -0.4829056075E+01   -0.2007785282E+01   -0.2841759804E+01    0.4403943485E-14    0.4403943487E-14    0.9999872076E+00    0.9999872076E+00
    3    0.1110833333E+02    0.1161139353E+00    0.5805696766E+00    0.1063263551E+00    0.0000000000E+00    0.0000000000E+00    0.0000000000E+00    0.0000000000E+00    0.0000000000E+00    0.0000000000E+00    0.5051915191E-13    0.5051915192E-13    0.9999957780E+00    0.9999957780E+00
    4    0.1110833333E+02    0.1161139353E+00   -0.2322278706E+00    0.1907523069E+00    0.0000000000E+00    0.0000000000E+00    0.0000000000E+00    0.0000000000E+00    0.0000000000E+00    0.0000000000E+00    0.1607346554E-16    0.1607346557E-16    0.9999947839E+00    0.9999947839E+00
    1    0.1136666667E+02   -0.6966836119E+00   -0.2322278706E+00    0.5336922161E+00    0.0000000000E+00    0.0000000000E+00    0.0000000000E+00    0.0000000000E+00    0.0000000000E+00    0.0000000000E+00    0.2552777822E-14    0.2552777822E-14    0.9999946436E+00    0.9999946436E+00
    2    0.1136666667E+02   -0.6966836119E+00    0.5805696766E+00    0.4280709490E+00    0.0000000000E+00    0.0000000000E+00    0.0000000000E+00    0.0000000000E+00    0.0000000000E+00    0.0000000000E+00    0.6533264385E-14    0.6533264385E-14    0.9999931064E+00    0.9999931064E+00
    3    0.1136666667E+02    0.1161139353E+00    0.5805696766E+00    0.1656451567E+00    0.0000000000E+00    0.0000000000E+00    0.0000000000E+00    0.0000000000E+00    0.0000000000E+00    0.0000000000E+00    0.3781406549E-14    0.3781406555E-14    0.9999954555E+00    0.9999954555E+00
    4    0.1136666667E+02    0.1161139353E+00   -0.2322278706E+00    0.2611957979E+00    0.0000000000E+00    0.0000000000E+00    0.0000000000E+00    0.0000000000E+00    0.0000000000E+00    0.0000000000E+00    0.2262979976E-13    0.2262979976E-13    0.9999947979E+00    0.9999947979E+00
    1    0.1162500000E+02   -0.6966836119E+00   -0.2322278706E+00   -0.5494038711E+00    0.0000000000E+00    0.0000000000E+00    0.0000000000E+00    0.0000000000E+00    0.0000000000E+00    0.0000000000E+00    0.4302662416E-14    0.4302662416E-14    0.9999952333E+00    0.9999952333E+00
    2    0.1162500000E+02   -0.6966836119E+00    0.5805696766E+00    0.5089806985E+00    0.0000000000E+00    0.0000000000E+00    0.0000000000E+00    0.0000000000E+00    0.0000000000E+00    0.0000000000E+00    0.4984031129E-14    0.4984031129E-14    0.9999944409E+00    0.9999944409E+00
    3    0.1162500000E+02    0.1161139353E+00    0.5805696766E+00    0.2283619683E+00    0.0000000000E+00    0.0000000000E+00    0.0000000000E+00    0.0000000000E+00    0.0000000000E+00    0.0000000000E+00    0.4325667102E-14    0.4325667102E-14    0.9999950713E+00    0.9999950713E+00
    4    0.1162500000E+02    0.1161139353E+00   -0.2322278706E+00    0.3304966380E+00    0.0000000000E+00    0.0000000000E+00    0.0000000000E+00    0.0000000000E+00    0.0000000000E+00    0.0000000000E+00    0.5941466979E-14    0.5941466979E-14    0.9999947416E+00    0.9999947416E+00
    1    0.1188333333E+02   -0.6966836119E+00   -0.2322278706E+00   -0.4891283878E+00    0.0000000000E+00    0.0000000000E+00    0.0000000000E+00    0.0000000000E+00    0.0000000000E+00    0.0000000000E+00    0.1089466339E-14    0.1089466342E-14    0.9999954193E+00    0.9999954193E+00
    2    0.1188333333E+02   -0.6966836119E+00    0.5805696766E+00   -0.5722183500E+00    0.0000000000E+00    0.0000000000E+00    0.0000000000E+00    0.0000000000E+00    0.0000000000E+00    0.0000000000E+00    0.1279152249E-11    0.1279152249E-11    0.9999942687E+00    0.9999942687E+00
    3    0.1188333333E+02    0.1161139353E+00    0.5805696766E+00    0.2948023374E+00    0.0000000000E+00    0.0000000000E+00    0.0000000000E+00    0.0000000000E+00    0.0000000000E+00    0.0000000000E+00    0.8061592028E-14    0.8061592028E-14    0.9999946805E+00    0.9999946805E+00
    4    0.1188333333E+02    0.1161139353E+00   -0.2322278706E+00    0.3989527416E+00    0.0000000000E+00    0.0000000000E+00    0.0000000000E+00    0.0000000000E+00    0.0000000000E+00    0.0000000000E+00    0.2377522818E-15    0.2377522818E-15    0.9999946998E+00    0.9999946998E+00
    1    0.1214166667E+02   -0.6966836119E+00   -0.2322278706E+00   -0.4309730522E+00    0.0000000000E+00    0.0000000000E+00    0.0000000000E+00    0.0000000000E+00    0.0000000000E+00    0.0000000000E+00    0.4187929150E-15    0.4187929151E-15    0.9999953780E+00    0.9999953780E+00
    2    0.1214166667E+02   -0.6966836119E+00    0.5805696766E+00   -0.5080128732E+00    0.0000000000E+00    0.0000000000E+00    0.0000000000E+00    0.0000000000E+00    0.0000000000E+00    0.0000000000E+00    0.1455454939E-14    0.1455454939E-14    0.9999949833E+00    0.9999949833E+00
    3    0.1214166667E+02    0.1161139353E+00    0.5805696766E+00    0.3643592722E+00    0.0000000000E+00    0.0000000000E+00    0.0000000000E+00    0.0000000000E+00    0.0000000000E+00    0.0000000000E+00    0.3557712727E-15    0.3557712742E-15    0.9999943715E+00    0.9999943715E+00
    4    0.1214166667E+02    0.1161139353E+00   -0.2322278706E+00    0.4663226201E+00    0.0000000000E+00    0.0000000000E+00    0.0000000000E+00    0.0000000000E+00    0.0000000000E+00    0.0000000000E+00    0.7329405897E-15    0.7329405955E-15    0.9999946772E+00    0.9999946772E+00
    1    0.1240000000E+02   -0.6966836119E+00   -0.2322278706E+00   -0.3723645441E+00    0.0000000000E+00    0.0000000000E+00    0.0000000000E+00    0.0000000000E+00    0.0000000000E+00    0.0000000000E+00    0.3184246361E-16    0.3184246361E-16    0.9999951483E+00    0.9999951483E+00
    2    0.1240000000E+02   -0.6966836119E+00    0.5805696766E+00   -0.4450532709E+00    0.0000000000E+00    0.0000000000E+00    0.0000000000E+00    0.0000000000E+00    0.0000000000E+00    0.0000000000E+00    0.9055021158E-15    0.9055021164E-15    0.9999948376E+00    0.9999948376E+00
    3    0.1240000000E+02    0.1161139353E+00    0.5805696766E+00    0.4353593180E+00    0.0000000000E+00    0.0000000000E+00    0.0000000000E+00    0.0000000000E+00    0.0000000000E+00    0.0000000000E+00    0.4493646035E-15    0.4493646035E-15    0.9999942192E+00    0.9999942192E+00
    4    0.1240000000E+02    0.1161139353E+00   -0.2322278706E+00    0.5326324281E+00    0.0000000000E+00    0.0000000000E+00    0.0000000000E+00    0.0000000000E+00    0.0000000000E+00    0.0000000000E+00    0.3167441664E-15    0.3167441667E-15    0.9999946333E+00    0.9999946333E+00
    1    0.1265833333E+02   -0.6966836119E+00   -0.2322278706E+00   -0.3108685064E+00   -0.6966836119E+00   -0.2322278706E+00   -0.3108685064E+00    0.4423019799E+01    0.9830419290E+00    0.2102043093E+01    0.2089819673E-14    0.2089819679E-14    0.9999946900E+00    0.9999946900E+00
    2    0.1265833333E+02   -0.6966836119E+00    0.5805696766E+00   -0.3801993535E+00    0.0000000000E+00    0.0000000000E+00    0.0000000000E+00    0.0000000000E+00    0.0000000000E+00    0.0000000000E+00    0.1884528991E-17    0.1884529049E-17    0.9999944481E+00    0.9999944481E+00
    3    0.1265833333E+02    0.1161139353E+00    0.5805696766E+00    0.5058624515E+00    0.0000000000E+00    0.0000000000E+00    0.0000000000E+00    0.0000000000E+00    0.0000000000E+00    0.0000000000E+00    0.4562038167E-15    0.4562038167E-15    0.9999941994E+00    0.9999941994E+00
    4    0.1265833333E+02    0.1161139353E+00   -0.2322278706E+00   -0.5509554390E+00    0.0000000000E+00    0.0000000000E+00    0.0000000000E+00    0.0000000000E+00    0.0000000000E+00    0.0000000000E+00    0.2531436725E-14    0.2531439351E-14    0.9999945098E+00    0.9999945098E+00
    1    0.1291666667E+02   -0.6966836119E+00   -0.2322278706E+00   -0.2430918165E+00    0.0000000000E+00    0.0000000000E+00    0.0000000000E+00    0.0000000000E+00    0.0000000000E+00    0.0000000000E+00    0.5988606809E-14    0.5988606809E-14    0.9999938375E+00    0.9999938375E+00
    2    0.1291666667E+02   -0.6966836119E+00    0.5805696766E+00   -0.3099617670E+00    0.0000000000E+00    0.0000000000E+00    0.0000000000E+00    0.0000000000E+00    0.0000000000E+00    0.0000000000E+00    0.2540406906E-15    0.2540406907E-15    0.9999936678E+00    0.9999936678E+00
    3    0.1291666667E+02    0.1161139353E+00    0.5805696766E+00   -0.5747346539E+00    0.1161139353E+00    0.5805696766E+00   -0.5747346539E+00    0.0000000000E+00    0.0000000000E+00    0.0000000000E+00    0.2592165490E-20    0.2592165490E-20    0.3854075804E-09    0.3854075804E-09
    4    0.1291666667E+02    0.1161139353E+00   -0.2322278706E+00   -0.4841288132E+00    0.0000000000E+00    0.0000000000E+00    0.0000000000E+00    0.0000000000E+00    0.0000000000E+00    0.0000000000E+00    0.9128225487E-15    0.9128225488E-15    0.9999942398E+00    0.9999942398E+00
    1    0.1317500000E+02   -0.6966836119E+00   -0.2322278706E+00   -0.1616425721E+00    0.0000000000E+00    0.0000000000E+00    0.0000000000E+00    0.0000000000E+00    0.0000000000E+00    0.0000000000E+00    0.1884708088E-13    0.1884708088E-13    0.9999918633E+00    0.9999918633E+00
    2    0.1317500000E+02   -0.6966836119E+00    0.5805696766E+00   -0.2268485591E+00    0.0000000000E+00    0.0000000000E+00    0.0000000000E+00    0.0000000000E+00    0.0000000000E+00    0.0000000000E+00    0.1247869280E-14    0.1247869282E-14    0.9999917179E+00    0.9999917179E+00
    3    0.1317500000E+02    0.1161139353E+00    0.5805696766E+00   -0.5063762729E+00    0.0000000000E+00    0.0000000000E+00    0.0000000000E+00    0.0000000000E+00    0.0000000000E+00    0.0000000000E+00    0.4059571386E-14    0.4059571757E-14    0.9999940965E+00    0.9999940965E+00
    4    0.1317500000E+02    0.1161139353E+00   -0.2322278706E+00   -0.4140946363E+00    0.0000000000E+00    0.0000000000E+00    0.0000000000E+00    0.0000000000E+00    0.0000000000E+00    0.0000000000E+00    0.3274779288E-15    0.3274779319E-15    0.9999937074E+00    0.9999937074E+00
    1    0.1343333333E+02   -0.6966836119E+00   -0.2322278706E+00    0.3646376845E+00    0.0000000000E+00    0.0000000000E+00    0.0000000000E+00    0.0000000000E+00    0.0000000000E+00    0.0000000000E+00    0.4149786868E-10    0.4149786868E-10    0.9999580123E+00    0.9999580123E+00
    2    0.1343333333E+02    0.1161139353E+00    0.5805696766E+00   -0.4371594549E+00    0.0000000000E+00    0.0000000000E+00    0.0000000000E+00    0.0000000000E+00    0.0000000000E+00    0.0000000000E+00    0.8283300102E-13    0.8283300105E-13    0.9999937294E+00    0.9999937294E+00
    3    0.1343333333E+02    0.1161139353E+00   -0.2322278706E+00   -0.3366097489E+00    0.0000000000E+00    0.0000000000E+00    0.0000000000E+00    0.0000000000E+00    0.0000000000E+00    0.0000000000E+00    0.3005988285E-13    0.3005988684E-13    0.9999926077E+00    0.9999926077E+00
    4    0.1343333333E+02   -0.6966836119E+00   -0.2322278706E+00   -0.9592460019E-01    0.0000000000E+00    0.0000000000E+00    0.0000000000E+00    0.0000000000E+00    0.0000000000E+00    0.0000000000E+00    0.4590192578E-10    0.4590192578E-10    0.9999577433E+00    0.9999577433E+00
    5    0.1343333333E+02    0.1161139353E+00    0.5805696766E+00    0.1146699208E+00    0.0000000000E+00    0.0000000000E+00    0.0000000000E+00    0.0000000000E+00    0.0000000000E+00    0.0000000000E+00    0.8869422220E-10    0.8869422220E-10    0.9999548951E+00    0.9999548951E+00
    6    0.1343333333E+02    0.1161139353E+00   -0.2322278706E+00    0.1159801769E+00    0.0000000000E+00    0.0000000000E+00    0.0000000000E+00    0.0000000000E+00    0.0000000000E+00    0.0000000000E+00    0.5845858660E-10    0.5845858660E-10    0.9999621373E+00    0.9999621373E+00
    1    0.1369166667E+02   -0.6966836119E+00   -0.2322278706E+00   -0.4687050870E+00    0.0000000000E+00    0.0000000000E+00    0.0000000000E+00    0.0000000000E+00    0.0000000000E+00    0.0000000000E+00    0.2605869527E-10    0.2605869527E-10    0.9999691546E+00    0.9999691546E+00
    2    0.1369166667E+02    0.1161139353E+00    0.5805696766E+00   -0.3636197581E+00    0.0000000000E+00    0.0000000000E+00    0.0000000000E+00    0.0000000000E+00    0.0000000000E+00    0.0000000000E+00    0.2466484517E-11    0.2466484517E-11    0.9999921168E+00    0.9999921168E+00
    3    0.1369166667E+02    0.1161139353E+00   -0.2322278706E+00   -0.2396874678E+00    0.0000000000E+00    0.0000000000E+00    0.0000000000E+00    0.0000000000E+00    0.0000000000E+00    0.0000000000E+00    0.4102496417E-12    0.4102496417E-12    0.9999892623E+00    0.9999892623E+00
    4    0.1369166667E+02   -0.6966836119E+00    0.5805696766E+00    0.5030450685E+00    0.0000000000E+00    0.0000000000E+00    0.0000000000E+00    0.0000000000E+00    0.0000000000E+00    0.0000000000E+00    0.6104265825E-10    0.6104265825E-10    0.9999721580E+00    0.9999721580E+00
    5    0.1369166667E+02   -0.6966836119E+00    0.5805696766E+00   -0.5521268923E-01    0.0000000000E+00    0.0000000000E+00    0.0000000000E+00    0.0000000000E+00    0.0000000000E+00    0.0000000000E+00    0.7465472987E-09    0.7465472987E-09    0.9999347738E+00    0.9999347738E+00
    6    0.1369166667E+02    0.1161139353E+00   -0.2322278706E+00    0.3798791756E+00    0.0000000000E+00    0.0000000000E+00    0.0000000000E+00    0.0000000000E+00    0.0000000000E+00    0.0000000000E+00    0.4011925075E-12    0.4011925075E-12    0.9999801335E+00    0.9999801335E+00
    7    0.1369166667E+02    0.1161139353E+00    0.5805696766E+00    0.3812341355E+00    0.0000000000E+00    0.0000000000E+00    0.0000000000E+00    0.0000000000E+00    0.0000000000E+00    0.0000000000E+00    0.2430821297E-11    0.2430821297E-11    0.9999814097E+00    0.9999814097E+00
    8    0.1369166667E+02   -0.6966836119E+00   -0.2322278706E+00    0.2892655316E+00    0.0000000000E+00    0.0000000000E+00    0.0000000000E+00    0.0000000000E+00    0.0000000000E+00    0.0000000000E+00    0.2693114011E-10    0.2693114011E-10    0.9999776633E+00    0.9999776633E+00
    9    0.1369166667E+02   -0.6966836119E+00    0.5805696766E+00    0.9572841419E-01    0.0000000000E+00    0.0000000000E+00    0.0000000000E+00    0.0000000000E+00    0.0000000000E+00    0.0000000000E+00    0.1406028725E-09    0.1406028725E-09    0.9999612750E+00    0.9999612750E+00
   10    0.1369166667E+02    0.1161139353E+00    0.5805696766E+00    0.2334879376E+00    0.0000000000E+00    0.0000000000E+00    0.0000000000E+00    0.0000000000E+00    0.0000000000E+00    0.0000000000E+00    0.3698392186E-11    0.3698392186E-11    0.9999733320E+00    0.9999733320E+00
   11    0.1369166667E+02   -0.6966836119E+00   -0.2322278706E+00    0.1584019879E+00    0.0000000000E+00    0.0000000000E+00    0.0000000000E+00    0.0000000000E+00    0.0000000000E+00    0.0000000000E+00    0.8237352677E-12    0.8237352677E-12    0.9999811225E+00    0.9999811225E+00
   12    0.1369166667E+02   -0.6966836119E+00    0.5805696766E+00    0.1852756765E+00    0.0000000000E+00    0.0000000000E+00    0.0000000000E+00    0.0000000000E+00    0.0000000000E+00    0.0000000000E+00    0.1015259878E-09    0.1015259878E-09    0.9999683237E+00    0.9999683237E+00
    1    0.1395000000E+02    0.1161139353E+00    0.5805696766E+00   -0.2762374063E+00    0.0000000000E+00    0.0000000000E+00    0.0000000000E+00    0.0000000000E+00    0.0000000000E+00    0.0000000000E+00    0.1235756400E-11    0.1235756400E-11    0.9999903893E+00    0.9999903893E+00
    2    0.1395000000E+02    0.1161139353E+00   -0.2322278706E+00   -0.5560020009E+00    0.0000000000E+00    0.0000000000E+00    0.0000000000E+00    0.0000000000E+00    0.0000000000E+00    0.0000000000E+00    0.7132696354E-11    0.7132696354E-11    0.9999797763E+00    0.9999797763E+00
    3    0.1395000000E+02    0.1161139353E+00    0.5805696766E+00    0.5663539849E+00    0.0000000000E+00    0.0000000000E+00    0.0000000000E+00    0.0000000000E+00    0.0000000000E+00    0.0000000000E+00    0.1576973774E-10    0.1576973774E-10    0.9999815024E+00    0.9999815024E+00
    4    0.1395000000E+02   -0.6966836119E+00   -0.2322278706E+00    0.4746512299E+00    0.0000000000E+00    0.0000000000E+00    0.0000000000E+00    0.0000000000E+00    0.0000000000E+00    0.0000000000E+00    0.2925519667E-10    0.2925519667E-10    0.9999664300E+00    0.9999664300E+00
    5    0.1395000000E+02    0.1161139353E+00    0.5805696766E+00    0.4621341692E+00    0.0000000000E+00    0.0000000000E+00    0.0000000000E+00    0.0000000000E+00    0.0000000000E+00    0.0000000000E+00    0.1160719595E-11    0.1160719595E-11    0.9999809903E+00    0.9999809903E+00
    6    0.1395000000E+02   -0.6966836119E+00    0.5805696766E+00    0.3485037530E+00    0.0000000000E+00    0.0000000000E+00    0.0000000000E+00    0.0000000000E+00    0.0000000000E+00    0.0000000000E+00    0.4793836676E-13    0.4793836676E-13    0.9999776905E+00    0.9999776905E+00
    7    0.1395000000E+02   -0.6966836119E+00   -0.2322278706E+00    0.3942403304E+00   -0.6966836119E+00   -0.2322278706E+00    0.3942403304E+00    0.5113894159E+00    0.1544719828E+01    0.8067931222E+00    0.1974345607E-10    0.1974345607E-10    0.9999680684E+00    0.9999680684E+00
    8    0.1395000000E+02    0.1161139353E+00   -0.2322278706E+00    0.3792707612E+00    0.0000000000E+00    0.0000000000E+00    0.0000000000E+00    0.0000000000E+00    0.0000000000E+00    0.0000000000E+00    0.3278309075E-12    0.3278309075E-12    0.9999770569E+00    0.9999770569E+00
    1    0.1420833333E+02    0.1161139353E+00   -0.2322278706E+00   -0.3258482816E+00    0.0000000000E+00    0.0000000000E+00    0.0000000000E+00    0.0000000000E+00    0.0000000000E+00    0.0000000000E+00    0.3550491718E-12    0.3550491718E-12    0.9999715237E+00    0.9999715237E+00
    2    0.1420833333E+02    0.1161139353E+00    0.5805696766E+00   -0.3642707223E+00    0.1161139353E+00    0.5805696766E+00   -0.3642707223E+00   -0.4711282943E+00   -0.3259540898E+00    0.3263064766E+00    0.3052589764E-11    0.3052589764E-11    0.9999103979E+00    0.9999103979E+00
    3    0.1420833333E+02    0.1161139353E+00    0.5805696766E+00   -0.4020506184E+00    0.0000000000E+00    0.0000000000E+00    0.0000000000E+00    0.0000000000E+00    0.0000000000E+00    0.0000000000E+00    0.5698875082E-13    0.5698875082E-13    0.9999788449E+00    0.9999788449E+00
    1    0.1446666667E+02    0.1161139353E+00    0.5805696766E+00   -0.1826939393E+00    0.0000000000E+00    0.0000000000E+00    0.0000000000E+00    0.0000000000E+00    0.0000000000E+00    0.0000000000E+00    0.9294804324E-13    0.9294804324E-13    0.9999770008E+00    0.9999770008E+00
