    1    0.1808333333E+01    0.0000000000E+00    0.5805696766E+00    0.6985160501E-01    0.0000000000E+00    0.0000000000E+00    0.0000000000E+00    0.0000000000E+00    0.0000000000E+00    0.0000000000E+00    0.9575607659E-12    0.9575607659E-12    0.9999971510E+00    0.9999971510E+00
    1    0.2066666667E+01    0.0000000000E+00    0.5805696766E+00    0.2015459857E+00    0.0000000000E+00    0.0000000000E+00    0.0000000000E+00    0.0000000000E+00    0.0000000000E+00    0.0000000000E+00    0.7202218995E-15    0.7202218995E-15    0.9999986553E+00    0.9999986553E+00
    1    0.2325000000E+01    0.0000000000E+00    0.5805696766E+00    0.2887357586E+00    0.0000000000E+00    0.0000000000E+00    0.0000000000E+00    0.0000000000E+00    0.0000000000E+00    0.0000000000E+00    0.9773122495E-14    0.9773122495E-14    0.9999987459E+00    0.9999987459E+00
    2    0.2325000000E+01    0.0000000000E+00    0.5805696766E+00    0.2757621280E+00    0.0000000000E+00    0.0000000000E+00    0.0000000000E+00    0.0000000000E+00    0.0000000000E+00    0.0000000000E+00    0.2772497281E-12    0.2772497281E-12    0.9999986260E+00    0.9999986260E+00
    3    0.2325000000E+01    0.0000000000E+00    0.5805696766E+00   -0.1564621459E+00    0.0000000000E+00    0.0000000000E+00    0.0000000000E+00    0.0000000000E+00    0.0000000000E+00    0.0000000000E+00    0.2815220005E-12    0.2815220005E-12    0.9999984981E+00    0.9999984981E+00
    1    0.2583333333E+01    0.0000000000E+00   -0.2322278706E+00    0.2618195716E+00    0.0000000000E+00    0.0000000000E+00    0.0000000000E+00    0.0000000000E+00    0.0000000000E+00    0.0000000000E+00    0.6455906428E-13    0.6455906428E-13    0.9999968180E+00    0.9999968180E+00
    2    0.2583333333E+01    0.0000000000E+00    0.5805696766E+00    0.3665408540E+00    0.0000000000E+00    0.0000000000E+00    0.0000000000E+00    0.0000000000E+00    0.0000000000E+00    0.0000000000E+00    0.3921147998E-15    0.3921147998E-15    0.9999986949E+00    0.9999986949E+00
    3    0.2583333333E+01    0.0000000000E+00    0.5805696766E+00   -0.8261979125E-01    0.0000000000E+00    0.0000000000E+00    0.0000000000E+00    0.0000000000E+00    0.0000000000E+00    0.0000000000E+00    0.9468338826E-13    0.9468338826E-13    0.9999988363E+00    0.9999988363E+00
    4    0.2583333333E+01    0.0000000000E+00    0.5805696766E+00    0.3368390861E+00    0.0000000000E+00    0.0000000000E+00    0.0000000000E+00    0.0000000000E+00    0.0000000000E+00    0.0000000000E+00    0.3356752883E-13    0.3356752883E-13    0.9999991674E+00    0.9999991674E+00
    1    0.2841666667E+01    0.0000000000E+00    0.5805696766E+00    0.4419404228E+00    0.0000000000E+00    0.0000000000E+00    0.0000000000E+00    0.0000000000E+00    0.0000000000E+00    0.0000000000E+00    0.2776114422E-14    0.2776114422E-14    0.9999985756E+00    0.9999985756E+00
    2    0.2841666667E+01    0.0000000000E+00   -0.2322278706E+00    0.4117919685E+00    0.0000000000E+00    0.0000000000E+00    0.0000000000E+00    0.0000000000E+00    0.0000000000E+00    0.0000000000E+00    0.2171204674E-14    0.2171204674E-14    0.9999975929E+00    0.9999975929E+00
    3    0.2841666667E+01    0.0000000000E+00   -0.2322278706E+00   -0.2263630020E+00    0.0000000000E+00    0.0000000000E+00    0.0000000000E+00    0.0000000000E+00    0.0000000000E+00    0.0000000000E+00    0.2779221190E-12    0.2779221190E-12    0.9999984342E+00    0.9999984342E+00
    4    0.2841666667E+01    0.0000000000E+00   -0.2322278706E+00    0.3718691427E+00    0.0000000000E+00    0.0000000000E+00    0.0000000000E+00    0.0000000000E+00    0.0000000000E+00    0.0000000000E+00    0.2835272975E-12    0.2835272975E-12    0.9999984383E+00    0.9999984383E+00
    5    0.2841666667E+01    0.0000000000E+00    0.5805696766E+00    0.3798127156E+00    0.0000000000E+00    0.0000000000E+00    0.0000000000E+00    0.0000000000E+00    0.0000000000E+00    0.0000000000E+00    0.1377237537E-21    0.1378190187E-21    0.9999992563E+00    0.9999992563E+00
    1    0.3100000000E+01    0.0000000000E+00   -0.2322278706E+00    0.5280398227E+00    0.0000000000E+00    0.0000000000E+00    0.0000000000E+00    0.0000000000E+00    0.0000000000E+00    0.0000000000E+00    0.7498189657E-14    0.7498189657E-14    0.9999977850E+00    0.9999977850E+00
    2    0.3100000000E+01    0.0000000000E+00    0.5805696766E+00    0.5185847469E+00    0.0000000000E+00    0.0000000000E+00    0.0000000000E+00    0.0000000000E+00    0.0000000000E+00    0.0000000000E+00    0.1091192334E-13    0.1091192334E-13    0.9999983871E+00    0.9999983871E+00
    3    0.3100000000E+01    0.0000000000E+00   -0.2322278706E+00   -0.1628311005E+00    0.0000000000E+00    0.0000000000E+00    0.0000000000E+00    0.0000000000E+00    0.0000000000E+00    0.0000000000E+00    0.2996957851E-13    0.2996957851E-13    0.9999989156E+00    0.9999989156E+00
    4    0.3100000000E+01    0.0000000000E+00   -0.2322278706E+00    0.4330805824E+00    0.0000000000E+00    0.0000000000E+00    0.0000000000E+00    0.0000000000E+00    0.0000000000E+00    0.0000000000E+00    0.2576897826E-13    0.2576897826E-13    0.9999989619E+00    0.9999989619E+00
    5    0.3100000000E+01    0.0000000000E+00    0.5805696766E+00    0.4172144527E+00    0.0000000000E+00    0.0000000000E+00    0.0000000000E+00    0.0000000000E+00    0.0000000000E+00    0.0000000000E+00    0.4611388121E-17    0.4611388159E-17    0.9999992635E+00    0.9999992635E+00
    1    0.3358333333E+01    0.0000000000E+00   -0.2322278706E+00   -0.5190633558E+00    0.0000000000E+00    0.0000000000E+00    0.0000000000E+00    0.0000000000E+00    0.0000000000E+00    0.0000000000E+00    0.1840404618E-14    0.1840404618E-14    0.9999977949E+00    0.9999977949E+00
    2    0.3358333333E+01    0.0000000000E+00    0.5805696766E+00   -0.5524864895E+00    0.0000000000E+00    0.0000000000E+00    0.0000000000E+00    0.0000000000E+00    0.0000000000E+00    0.0000000000E+00    0.7363652080E-13    0.7363652080E-13    0.9999980466E+00    0.9999980466E+00
    3    0.3358333333E+01    0.0000000000E+00   -0.2322278706E+00   -0.1123636992E+00    0.0000000000E+00    0.0000000000E+00    0.0000000000E+00    0.0000000000E+00    0.0000000000E+00    0.0000000000E+00    0.2748355168E-13    0.2748355168E-13    0.9999989127E+00    0.9999989127E+00
    4    0.3358333333E+01    0.0000000000E+00    0.5805696766E+00    0.4521255326E+00    0.0000000000E+00    0.0000000000E+00    0.0000000000E+00    0.0000000000E+00    0.0000000000E+00    0.0000000000E+00    0.5307682271E-16    0.5307682271E-16    0.9999992400E+00    0.9999992400E+00
    5    0.3358333333E+01    0.0000000000E+00   -0.2322278706E+00    0.4783777455E+00    0.0000000000E+00    0.0000000000E+00    0.0000000000E+00    0.0000000000E+00    0.0000000000E+00    0.0000000000E+00    0.6600525781E-16    0.6600525781E-16    0.9999990535E+00    0.9999990535E+00
    1    0.3616666667E+01    0.0000000000E+00    0.5805696766E+00   -0.4640099582E+00    0.0000000000E+00    0.0000000000E+00    0.0000000000E+00    0.0000000000E+00    0.0000000000E+00    0.0000000000E+00    0.6426997355E-18    0.6426997402E-18    0.9999977782E+00    0.9999977782E+00
    2    0.3616666667E+01    0.0000000000E+00   -0.2322278706E+00   -0.4210106413E+00    0.0000000000E+00    0.0000000000E+00    0.0000000000E+00    0.0000000000E+00    0.0000000000E+00    0.0000000000E+00    0.8695218617E-15    0.8695218617E-15    0.9999976518E+00    0.9999976518E+00
    3    0.3616666667E+01    0.0000000000E+00   -0.2322278706E+00   -0.5800612984E-01    0.0000000000E+00    0.0000000000E+00    0.0000000000E+00    0.0000000000E+00    0.0000000000E+00    0.0000000000E+00    0.2437266163E-12    0.2437266163E-12    0.9999984695E+00    0.9999984695E+00
    4    0.3616666667E+01    0.0000000000E+00   -0.2322278706E+00    0.5182933039E+00    0.0000000000E+00    0.0000000000E+00    0.0000000000E+00    0.0000000000E+00    0.0000000000E+00    0.0000000000E+00    0.1836878511E-13    0.1836878511E-13    0.9999990446E+00    0.9999990446E+00
    5    0.3616666667E+01    0.0000000000E+00    0.5805696766E+00    0.4859577851E+00    0.0000000000E+00    0.0000000000E+00    0.0000000000E+00    0.0000000000E+00    0.0000000000E+00    0.0000000000E+00    0.1775150649E-15    0.1775150649E-15    0.9999991966E+00    0.9999991966E+00
    1    0.3875000000E+01    0.0000000000E+00   -0.2322278706E+00   -0.3193727441E+00    0.0000000000E+00    0.0000000000E+00    0.0000000000E+00    0.0000000000E+00    0.0000000000E+00    0.0000000000E+00    0.1577656668E-13    0.1577656668E-13    0.9999972540E+00    0.9999972540E+00
    2    0.3875000000E+01    0.0000000000E+00    0.5805696766E+00   -0.3630507091E+00    0.0000000000E+00    0.0000000000E+00    0.0000000000E+00    0.0000000000E+00    0.0000000000E+00    0.0000000000E+00    0.1175717303E-14    0.1175717303E-14    0.9999971518E+00    0.9999971518E+00
    3    0.3875000000E+01    0.0000000000E+00   -0.2322278706E+00    0.5558769294E+00    0.0000000000E+00    0.0000000000E+00    0.0000000000E+00    0.0000000000E+00    0.0000000000E+00    0.0000000000E+00    0.3982415698E-14    0.3982415698E-14    0.9999990489E+00    0.9999990489E+00
    4    0.3875000000E+01    0.0000000000E+00    0.5805696766E+00    0.5196002189E+00    0.0000000000E+00    0.0000000000E+00    0.0000000000E+00    0.0000000000E+00    0.0000000000E+00    0.0000000000E+00    0.3543193679E-15    0.3543193680E-15    0.9999991353E+00    0.9999991353E+00
    1    0.4133333333E+01    0.8127975472E+00    0.5805696766E+00    0.5048047637E+00    0.8127975472E+00    0.5805696766E+00    0.5048047637E+00    0.0000000000E+00    0.0000000000E+00    0.0000000000E+00    0.2114470018E-11    0.2114470018E-11    0.9999954422E+00    0.9999954422E+00
    2    0.4133333333E+01    0.0000000000E+00    0.5805696766E+00   -0.2315044880E+00    0.0000000000E+00    0.0000000000E+00    0.0000000000E+00    0.0000000000E+00    0.0000000000E+00    0.0000000000E+00    0.6397274908E-13    0.6397274908E-13    0.9999955474E+00    0.9999955474E+00
    3    0.4133333333E+01    0.0000000000E+00   -0.2322278706E+00   -0.1973102428E+00    0.0000000000E+00    0.0000000000E+00    0.0000000000E+00    0.0000000000E+00    0.0000000000E+00    0.0000000000E+00    0.1899004005E-14    0.1899004005E-14    0.9999959870E+00    0.9999959870E+00
    4    0.4133333333E+01    0.8127975472E+00    0.5805696766E+00   -0.2170599095E+00    0.8127975472E+00    0.5805696766E+00   -0.2170599095E+00    0.0000000000E+00    0.0000000000E+00    0.0000000000E+00    0.7197983763E-13    0.7197983763E-13    0.9999971370E+00    0.9999971370E+00
    5    0.4133333333E+01    0.8127975472E+00    0.5805696766E+00    0.5335221695E+00    0.8127975472E+00    0.5805696766E+00    0.5335221695E+00    0.0000000000E+00    0.0000000000E+00    0.0000000000E+00    0.6136166744E-11    0.6136166744E-11    0.9999933621E+00    0.9999933621E+00
    6    0.4133333333E+01    0.0000000000E+00    0.5805696766E+00    0.5537943718E+00    0.0000000000E+00    0.0000000000E+00    0.0000000000E+00    0.0000000000E+00    0.0000000000E+00    0.0000000000E+00    0.9800604188E-15    0.9800604466E-15    0.9999990525E+00    0.9999990525E+00
    7    0.4133333333E+01    0.0000000000E+00   -0.2322278706E+00   -0.5576401886E+00    0.0000000000E+00    0.0000000000E+00    0.0000000000E+00    0.0000000000E+00    0.0000000000E+00    0.0000000000E+00    0.5493594030E-14    0.5493594030E-14    0.9999989981E+00    0.9999989981E+00
    8    0.4133333333E+01    0.8127975472E+00    0.5805696766E+00   -0.2079714687E+00    0.8127975472E+00    0.5805696766E+00   -0.2079714687E+00    0.0000000000E+00    0.0000000000E+00    0.0000000000E+00    0.4814082553E-12    0.4814082553E-12    0.9999973352E+00    0.9999973352E+00
    1    0.4391666667E+01    0.8127975472E+00   -0.2322278706E+00    0.3891114574E+00    0.8127975472E+00   -0.2322278706E+00    0.3891114574E+00    0.0000000000E+00    0.0000000000E+00    0.0000000000E+00    0.3172609263E-12    0.3172609263E-12    0.9999966805E+00    0.9999966805E+00
    2    0.4391666667E+01    0.8127975472E+00    0.5805696766E+00   -0.1357135800E+00    0.8127975472E+00    0.5805696766E+00   -0.1357135800E+00    0.0000000000E+00    0.0000000000E+00    0.0000000000E+00    0.6669904905E-14    0.6669904905E-14    0.9999979698E+00    0.9999979698E+00
    3    0.4391666667E+01    0.8127975472E+00   -0.2322278706E+00   -0.1283626596E+00    0.8127975472E+00   -0.2322278706E+00   -0.1283626596E+00    0.0000000000E+00    0.0000000000E+00    0.0000000000E+00    0.3092806401E-12    0.3092806401E-12    0.9999968699E+00    0.9999968699E+00
    4    0.4391666667E+01    0.8127975472E+00   -0.2322278706E+00    0.4013097569E+00    0.8127975472E+00   -0.2322278706E+00    0.4013097569E+00    0.0000000000E+00    0.0000000000E+00    0.0000000000E+00    0.1913534635E-12    0.1913534635E-12    0.9999968467E+00    0.9999968467E+00
    5    0.4391666667E+01    0.0000000000E+00    0.5805696766E+00    0.5363675252E-01    0.0000000000E+00    0.0000000000E+00    0.0000000000E+00    0.0000000000E+00    0.0000000000E+00    0.0000000000E+00    0.3079669611E-12    0.3079669611E-12    0.9999983261E+00    0.9999983261E+00
    6    0.4391666667E+01    0.0000000000E+00    0.5805696766E+00   -0.5603073710E+00    0.0000000000E+00    0.0000000000E+00    0.0000000000E+00    0.0000000000E+00    0.0000000000E+00    0.0000000000E+00    0.2554406738E-13    0.2554406738E-13    0.9999989011E+00    0.9999989011E+00
    7    0.4391666667E+01    0.0000000000E+00   -0.2322278706E+00   -0.5211660489E+00    0.0000000000E+00    0.0000000000E+00    0.0000000000E+00    0.0000000000E+00    0.0000000000E+00    0.0000000000E+00    0.1083135209E-14    0.1083135210E-14    0.9999989410E+00    0.9999989410E+00
    8    0.4391666667E+01    0.8127975472E+00    0.5805696766E+00   -0.1303380306E+00    0.8127975472E+00    0.5805696766E+00   -0.1303380306E+00    0.0000000000E+00    0.0000000000E+00    0.0000000000E+00    0.7410228830E-14    0.7410228830E-14    0.9999980270E+00    0.9999980270E+00
    9    0.4391666667E+01    0.8127975472E+00   -0.2322278706E+00   -0.1189640387E+00    0.8127975472E+00   -0.2322278706E+00   -0.1189640387E+00    0.0000000000E+00    0.0000000000E+00    0.0000000000E+00    0.1737961616E-12    0.1737961616E-12    0.9999970900E+00    0.9999970900E+00
    1    0.4650000000E+01    0.8127975472E+00   -0.2322278706E+00    0.4923068228E+00    0.8127975472E+00   -0.2322278706E+00    0.4923068228E+00    0.0000000000E+00    0.0000000000E+00    0.0000000000E+00    0.6941496183E-12    0.6941496183E-12    0.9999967293E+00    0.9999967293E+00
    2    0.4650000000E+01    0.8127975472E+00    0.5805696766E+00   -0.6920491247E-01    0.8127975472E+00    0.5805696766E+00   -0.6920491247E-01    0.0000000000E+00    0.0000000000E+00    0.0000000000E+00    0.9639325742E-13    0.9639325742E-13    0.9999979816E+00    0.9999979816E+00
    3    0.4650000000E+01    0.8127975472E+00   -0.2322278706E+00   -0.4359838422E-01    0.8127975472E+00   -0.2322278706E+00   -0.4359838422E-01    0.0000000000E+00    0.0000000000E+00    0.0000000000E+00    0.6150497273E-13    0.6150497273E-13    0.9999977312E+00    0.9999977312E+00
    4    0.4650000000E+01    0.8127975472E+00   -0.2322278706E+00    0.5054769934E+00    0.8127975472E+00   -0.2322278706E+00    0.5054769934E+00    0.0000000000E+00    0.0000000000E+00    0.0000000000E+00    0.1164522442E-11    0.1164522442E-11    0.9999963938E+00    0.9999963938E+00
    5    0.4650000000E+01    0.0000000000E+00    0.5805696766E+00   -0.5225253258E+00    0.0000000000E+00    0.0000000000E+00    0.0000000000E+00    0.0000000000E+00    0.0000000000E+00    0.0000000000E+00    0.5746316970E-14    0.5746316970E-14    0.9999987556E+00    0.9999987556E+00
    6    0.4650000000E+01    0.0000000000E+00   -0.2322278706E+00   -0.4841447092E+00    0.0000000000E+00    0.0000000000E+00    0.0000000000E+00    0.0000000000E+00    0.0000000000E+00    0.0000000000E+00    0.1050446674E-14    0.1050446674E-14    0.9999988474E+00    0.9999988474E+00
    7    0.4650000000E+01    0.0000000000E+00    0.5805696766E+00    0.1007072781E+00    0.0000000000E+00    0.0000000000E+00    0.0000000000E+00    0.0000000000E+00    0.0000000000E+00    0.0000000000E+00    0.4393754448E-13    0.4393754448E-13    0.9999987928E+00    0.9999987928E+00
    8    0.4650000000E+01    0.8127975472E+00    0.5805696766E+00   -0.6519059310E-01    0.8127975472E+00    0.5805696766E+00   -0.6519059310E-01    0.0000000000E+00    0.0000000000E+00    0.0000000000E+00    0.9990949429E-13    0.9990949429E-13    0.9999980076E+00    0.9999980076E+00
    9    0.4650000000E+01    0.8127975472E+00   -0.2322278706E+00   -0.3785606573E-01    0.8127975472E+00   -0.2322278706E+00   -0.3785606573E-01    0.0000000000E+00    0.0000000000E+00    0.0000000000E+00    0.1105555038E-12    0.1105555038E-12    0.9999977615E+00    0.9999977615E+00
    1    0.4908333333E+01    0.8127975472E+00   -0.2322278706E+00    0.2252736826E-01    0.8127975472E+00   -0.2322278706E+00    0.2252736826E-01    0.0000000000E+00    0.0000000000E+00    0.0000000000E+00    0.3663352960E-14    0.3663352961E-14    0.9999979813E+00    0.9999979813E+00
    2    0.4908333333E+01    0.0000000000E+00    0.5805696766E+00    0.1389072725E+00    0.0000000000E+00    0.0000000000E+00    0.0000000000E+00    0.0000000000E+00    0.0000000000E+00    0.0000000000E+00    0.8958737776E-14    0.8958737946E-14    0.9999988055E+00    0.9999988055E+00
    3    0.4908333333E+01    0.0000000000E+00   -0.2322278706E+00   -0.4456210367E+00    0.0000000000E+00    0.0000000000E+00    0.0000000000E+00    0.0000000000E+00    0.0000000000E+00    0.0000000000E+00    0.1062562272E-14    0.1062562477E-14    0.9999987192E+00    0.9999987192E+00
    4    0.4908333333E+01    0.0000000000E+00    0.5805696766E+00   -0.4809494928E+00    0.0000000000E+00    0.0000000000E+00    0.0000000000E+00    0.0000000000E+00    0.0000000000E+00    0.0000000000E+00    0.5041424032E-14    0.5041424040E-14    0.9999985837E+00    0.9999985837E+00
    5    0.4908333333E+01    0.8127975472E+00   -0.2322278706E+00    0.2691014686E-01    0.8127975472E+00   -0.2322278706E+00    0.2691014686E-01    0.0000000000E+00    0.0000000000E+00    0.0000000000E+00    0.4177914190E-14    0.4177914200E-14    0.9999980087E+00    0.9999980087E+00
    1    0.5166666667E+01    0.8127975472E+00    0.5805696766E+00    0.2268137992E-01    0.8127975472E+00    0.5805696766E+00    0.2268137992E-01    0.0000000000E+00    0.0000000000E+00    0.0000000000E+00    0.1688186462E-11    0.1688186462E-11    0.9999963273E+00    0.9999963273E+00
    2    0.5166666667E+01    0.8127975472E+00   -0.2322278706E+00    0.8327606999E-01    0.8127975472E+00   -0.2322278706E+00    0.8327606999E-01    0.0000000000E+00    0.0000000000E+00    0.0000000000E+00    0.1134869173E-14    0.1134869176E-14    0.9999979580E+00    0.9999979580E+00
    3    0.5166666667E+01    0.8127975472E+00    0.5805696766E+00   -0.4893534971E+00    0.8127975472E+00    0.5805696766E+00   -0.4893534971E+00    0.0000000000E+00    0.0000000000E+00    0.0000000000E+00    0.6801252166E-12    0.6801252166E-12    0.9999967237E+00    0.9999967237E+00
    4    0.5166666667E+01    0.0000000000E+00   -0.2322278706E+00   -0.4044570387E+00    0.0000000000E+00    0.0000000000E+00    0.0000000000E+00    0.0000000000E+00    0.0000000000E+00    0.0000000000E+00    0.3239953682E-15    0.3239953688E-15    0.9999985372E+00    0.9999985372E+00
    5    0.5166666667E+01    0.0000000000E+00    0.5805696766E+00   -0.4325857914E+00    0.0000000000E+00    0.0000000000E+00    0.0000000000E+00    0.0000000000E+00    0.0000000000E+00    0.0000000000E+00    0.1247787762E-13    0.1247787763E-13    0.9999981884E+00    0.9999981884E+00
    6    0.5166666667E+01    0.8127975472E+00    0.5805696766E+00   -0.4877810432E+00    0.8127975472E+00    0.5805696766E+00   -0.4877810432E+00    0.0000000000E+00    0.0000000000E+00    0.0000000000E+00    0.6861797243E-12    0.6861797243E-12    0.9999966880E+00    0.9999966880E+00
    7    0.5166666667E+01    0.0000000000E+00    0.5805696766E+00    0.1745284648E+00    0.0000000000E+00    0.0000000000E+00    0.0000000000E+00    0.0000000000E+00    0.0000000000E+00    0.0000000000E+00    0.8367003932E-14    0.8367003946E-14    0.9999987997E+00    0.9999987997E+00
    8    0.5166666667E+01    0.8127975472E+00   -0.2322278706E+00    0.8701418616E-01    0.8127975472E+00   -0.2322278706E+00    0.8701418616E-01    0.0000000000E+00    0.0000000000E+00    0.0000000000E+00    0.1136736330E-14    0.1136736330E-14    0.9999979738E+00    0.9999979738E+00
    9    0.5166666667E+01    0.8127975472E+00    0.5805696766E+00    0.2993018509E-01    0.8127975472E+00    0.5805696766E+00    0.2993018509E-01    0.0000000000E+00    0.0000000000E+00    0.0000000000E+00    0.8493477340E-12    0.8493477340E-12    0.9999969991E+00    0.9999969991E+00
    1    0.5425000000E+01    0.8127975472E+00   -0.2322278706E+00    0.1444522422E+00    0.8127975472E+00   -0.2322278706E+00    0.1444522422E+00    0.0000000000E+00    0.0000000000E+00    0.0000000000E+00    0.7350282411E-15    0.7350282412E-15    0.9999977342E+00    0.9999977342E+00
    2    0.5425000000E+01    0.8127975472E+00    0.5805696766E+00    0.1017050922E+00    0.8127975472E+00    0.5805696766E+00    0.1017050922E+00    0.0000000000E+00    0.0000000000E+00    0.0000000000E+00    0.1381851470E-12    0.1381851470E-12    0.9999971506E+00    0.9999971506E+00
    3    0.5425000000E+01    0.8127975472E+00    0.5805696766E+00   -0.4018058645E+00    0.8127975472E+00    0.5805696766E+00   -0.4018058645E+00    0.0000000000E+00    0.0000000000E+00    0.0000000000E+00    0.1204459944E-12    0.1204459944E-12    0.9999968029E+00    0.9999968029E+00
    4    0.5425000000E+01    0.0000000000E+00    0.5805696766E+00    0.2092945463E+00    0.0000000000E+00    0.0000000000E+00    0.0000000000E+00    0.0000000000E+00    0.0000000000E+00    0.0000000000E+00    0.1436216541E-13    0.1436216541E-13    0.9999986467E+00    0.9999986467E+00
    5    0.5425000000E+01    0.8127975472E+00   -0.2322278706E+00    0.1478881617E+00    0.8127975472E+00   -0.2322278706E+00    0.1478881617E+00    0.0000000000E+00    0.0000000000E+00    0.0000000000E+00    0.7138291938E-15    0.7138291943E-15    0.9999977387E+00    0.9999977387E+00
    6    0.5425000000E+01    0.8127975472E+00    0.5805696766E+00    0.1059228443E+00    0.8127975472E+00    0.5805696766E+00    0.1059228443E+00    0.0000000000E+00    0.0000000000E+00    0.0000000000E+00    0.1501019473E-12    0.1501019473E-12    0.9999971278E+00    0.9999971278E+00
    7    0.5425000000E+01    0.0000000000E+00    0.5805696766E+00   -0.3698895296E+00    0.0000000000E+00    0.0000000000E+00    0.0000000000E+00    0.0000000000E+00    0.0000000000E+00    0.0000000000E+00    0.1645895976E-13    0.1645895976E-13    0.9999974111E+00    0.9999974111E+00
    8    0.5425000000E+01    0.0000000000E+00   -0.2322278706E+00   -0.3588172979E+00    0.0000000000E+00    0.0000000000E+00    0.0000000000E+00    0.0000000000E+00    0.0000000000E+00    0.0000000000E+00    0.9780117315E-15    0.9780117327E-15    0.9999982562E+00    0.9999982562E+00
    9    0.5425000000E+01    0.8127975472E+00    0.5805696766E+00   -0.3993969878E+00    0.8127975472E+00    0.5805696766E+00   -0.3993969878E+00    0.0000000000E+00    0.0000000000E+00    0.0000000000E+00    0.1393863409E-12    0.1393863409E-12    0.9999967781E+00    0.9999967781E+00
    1    0.5683333333E+01    0.8127975472E+00   -0.2322278706E+00   -0.5372926336E+00    0.8127975472E+00   -0.2322278706E+00   -0.5372926336E+00    0.0000000000E+00    0.0000000000E+00    0.0000000000E+00    0.1026415515E-10    0.1026415518E-10    0.9999920171E+00    0.9999920171E+00
    2    0.5683333333E+01    0.8127975472E+00    0.5805696766E+00   -0.2569997170E+00    0.8127975472E+00    0.5805696766E+00   -0.2569997170E+00    0.0000000000E+00    0.0000000000E+00    0.0000000000E+00    0.3161281733E-09    0.3161281733E-09    0.9999590035E+00    0.9999590035E+00
    3    0.5683333333E+01    0.8127975472E+00   -0.2322278706E+00    0.2140412638E+00    0.8127975472E+00   -0.2322278706E+00    0.2140412638E+00    0.0000000000E+00    0.0000000000E+00    0.0000000000E+00    0.2791328035E-12    0.2791329310E-12    0.9999967497E+00    0.9999967497E+00
    4    0.5683333333E+01    0.8127975472E+00    0.5805696766E+00    0.2385433597E+00    0.8127975472E+00    0.5805696766E+00    0.2385433597E+00    0.0000000000E+00    0.0000000000E+00    0.0000000000E+00    0.3015880420E-09    0.3015880420E-09    0.9999600923E+00    0.9999600923E+00
    5    0.5683333333E+01    0.8127975472E+00   -0.2322278706E+00   -0.5343624736E+00    0.8127975472E+00   -0.2322278706E+00   -0.5343624736E+00    0.0000000000E+00    0.0000000000E+00    0.0000000000E+00    0.8501286996E-11    0.8501286998E-11    0.9999922407E+00    0.9999922407E+00
    6    0.5683333333E+01    0.0000000000E+00   -0.2322278706E+00    0.7883583241E-01    0.0000000000E+00    0.0000000000E+00    0.0000000000E+00    0.0000000000E+00    0.0000000000E+00    0.0000000000E+00    0.2221483929E-12    0.2221973997E-12    0.9999982613E+00    0.9999982613E+00
    7    0.5683333333E+01    0.0000000000E+00   -0.2322278706E+00   -0.3050243139E+00    0.0000000000E+00    0.0000000000E+00    0.0000000000E+00    0.0000000000E+00    0.0000000000E+00    0.0000000000E+00    0.2140856582E-13    0.2171463034E-13    0.9999977499E+00    0.9999977499E+00
    8    0.5683333333E+01    0.0000000000E+00    0.5805696766E+00   -0.2521886661E+00    0.0000000000E+00    0.0000000000E+00    0.0000000000E+00    0.0000000000E+00    0.0000000000E+00    0.0000000000E+00    0.6821956666E-12    0.6821959220E-12    0.9999915015E+00    0.9999915015E+00
    9    0.5683333333E+01    0.8127975472E+00   -0.2322278706E+00    0.2176702356E+00    0.8127975472E+00   -0.2322278706E+00    0.2176702356E+00    0.0000000000E+00    0.0000000000E+00    0.0000000000E+00    0.1066842149E-11    0.1066842161E-11    0.9999968052E+00    0.9999968052E+00
   10    0.5683333333E+01    0.0000000000E+00    0.5805696766E+00    0.2440760342E+00    0.0000000000E+00    0.0000000000E+00    0.0000000000E+00    0.0000000000E+00    0.0000000000E+00    0.0000000000E+00    0.1321692856E-12    0.1321694751E-12    0.9999985691E+00    0.9999985691E+00
    1    0.5941666667E+01    0.0000000000E+00   -0.2322278706E+00   -0.2329478711E+00    0.0000000000E+00    0.0000000000E+00    0.0000000000E+00    0.0000000000E+00    0.0000000000E+00    0.0000000000E+00    0.6307413253E-13    0.6307413253E-13    0.9999965138E+00    0.9999965138E+00
    2    0.5941666667E+01    0.0000000000E+00   -0.2322278706E+00    0.1202107087E+00    0.0000000000E+00    0.0000000000E+00    0.0000000000E+00    0.0000000000E+00    0.0000000000E+00    0.0000000000E+00    0.4016144869E-13    0.4016144869E-13    0.9999984833E+00    0.9999984833E+00
    3    0.5941666667E+01    0.0000000000E+00    0.5805696766E+00    0.2792108375E+00    0.0000000000E+00    0.0000000000E+00    0.0000000000E+00    0.0000000000E+00    0.0000000000E+00    0.0000000000E+00    0.1021115374E-14    0.1021115374E-14    0.9999986095E+00    0.9999986095E+00
    1    0.6200000000E+01    0.0000000000E+00   -0.2322278706E+00   -0.6440041197E-01    0.0000000000E+00    0.0000000000E+00    0.0000000000E+00    0.0000000000E+00    0.0000000000E+00    0.0000000000E+00    0.5608891091E-10    0.5608891091E-10    0.9999789276E+00    0.9999789276E+00
    2    0.6200000000E+01    0.0000000000E+00   -0.2322278706E+00    0.1569820474E+00    0.0000000000E+00    0.0000000000E+00    0.0000000000E+00    0.0000000000E+00    0.0000000000E+00    0.0000000000E+00    0.1956713285E-12    0.1956713285E-12    0.9999984659E+00    0.9999984659E+00
    3    0.6200000000E+01    0.0000000000E+00    0.5805696766E+00    0.3152908017E+00    0.0000000000E+00    0.0000000000E+00    0.0000000000E+00    0.0000000000E+00    0.0000000000E+00    0.0000000000E+00    0.5467539060E-15    0.5467539060E-15    0.9999985058E+00    0.9999985058E+00
    1    0.6458333333E+01    0.0000000000E+00    0.5805696766E+00    0.3526285031E+00    0.0000000000E+00    0.0000000000E+00    0.0000000000E+00    0.0000000000E+00    0.0000000000E+00    0.0000000000E+00    0.1014302594E-15    0.1014302596E-15    0.9999983824E+00    0.9999983824E+00
    2    0.6458333333E+01    0.0000000000E+00   -0.2322278706E+00    0.1923764016E+00    0.0000000000E+00    0.0000000000E+00    0.0000000000E+00    0.0000000000E+00    0.0000000000E+00    0.0000000000E+00    0.1650884968E-17    0.1650885364E-17    0.9999985076E+00    0.9999985076E+00
    1    0.6716666667E+01    0.0000000000E+00    0.5805696766E+00    0.3916083003E+00    0.0000000000E+00    0.0000000000E+00    0.0000000000E+00    0.0000000000E+00    0.0000000000E+00    0.0000000000E+00    0.5296788440E-17    0.5296788450E-17    0.9999982367E+00    0.9999982367E+00
    2    0.6716666667E+01    0.0000000000E+00   -0.2322278706E+00    0.2275721467E+00    0.0000000000E+00    0.0000000000E+00    0.0000000000E+00    0.0000000000E+00    0.0000000000E+00    0.0000000000E+00    0.1837723486E-14    0.1837723488E-14    0.9999984384E+00    0.9999984384E+00
    1    0.6975000000E+01    0.0000000000E+00    0.5805696766E+00    0.4326375809E+00    0.0000000000E+00    0.0000000000E+00    0.0000000000E+00    0.0000000000E+00    0.0000000000E+00    0.0000000000E+00    0.8530628843E-16    0.8530629258E-16    0.9999980656E+00    0.9999980656E+00
    2    0.6975000000E+01    0.0000000000E+00   -0.2322278706E+00    0.2633169667E+00    0.0000000000E+00    0.0000000000E+00    0.0000000000E+00    0.0000000000E+00    0.0000000000E+00    0.0000000000E+00    0.3518025558E-14    0.3518025617E-14    0.9999983394E+00    0.9999983394E+00
    1    0.7233333333E+01    0.0000000000E+00    0.5805696766E+00    0.4761337485E+00    0.0000000000E+00    0.0000000000E+00    0.0000000000E+00    0.0000000000E+00    0.0000000000E+00    0.0000000000E+00    0.8256863798E-16    0.8256863798E-16    0.9999978675E+00    0.9999978675E+00
    2    0.7233333333E+01    0.0000000000E+00   -0.2322278706E+00    0.3002054341E+00    0.0000000000E+00    0.0000000000E+00    0.0000000000E+00    0.0000000000E+00    0.0000000000E+00    0.0000000000E+00    0.3024367784E-14    0.3024367784E-14    0.9999982100E+00    0.9999982100E+00
    1    0.7491666667E+01    0.0000000000E+00    0.5805696766E+00    0.5224512273E+00    0.0000000000E+00    0.0000000000E+00    0.0000000000E+00    0.0000000000E+00    0.0000000000E+00    0.0000000000E+00    0.3861879926E-16    0.3861879928E-16    0.9999976470E+00    0.9999976470E+00
    2    0.7491666667E+01    0.0000000000E+00   -0.2322278706E+00    0.3388438758E+00    0.0000000000E+00    0.0000000000E+00    0.0000000000E+00    0.0000000000E+00    0.0000000000E+00    0.0000000000E+00    0.1167561912E-14    0.1167561912E-14    0.9999980436E+00    0.9999980436E+00
    1    0.7750000000E+01    0.0000000000E+00    0.5805696766E+00    0.5717036928E+00    0.0000000000E+00    0.0000000000E+00    0.0000000000E+00    0.0000000000E+00    0.0000000000E+00    0.0000000000E+00    0.9766858369E-14    0.9766858370E-14    0.9999974128E+00    0.9999974128E+00
    2    0.7750000000E+01    0.0000000000E+00   -0.2322278706E+00    0.3799678254E+00    0.0000000000E+00    0.0000000000E+00    0.0000000000E+00    0.0000000000E+00    0.0000000000E+00    0.0000000000E+00    0.6607381170E-17    0.6607381186E-17    0.9999978272E+00    0.9999978272E+00
    1    0.8008333333E+01    0.0000000000E+00    0.5805696766E+00   -0.5260856322E+00    0.0000000000E+00    0.0000000000E+00    0.0000000000E+00    0.0000000000E+00    0.0000000000E+00    0.0000000000E+00    0.1809719912E-16    0.1809719970E-16    0.9999972351E+00    0.9999972351E+00
    2    0.8008333333E+01    0.0000000000E+00   -0.2322278706E+00    0.4245921486E+00    0.0000000000E+00    0.0000000000E+00    0.0000000000E+00    0.0000000000E+00    0.0000000000E+00    0.0000000000E+00    0.9699921702E-15    0.9699921705E-15    0.9999975363E+00    0.9999975363E+00
    1    0.8266666667E+01    0.0000000000E+00    0.5805696766E+00   -0.4732384133E+00    0.0000000000E+00    0.0000000000E+00    0.0000000000E+00    0.0000000000E+00    0.0000000000E+00    0.0000000000E+00    0.5296911821E-15    0.5296911821E-15    0.9999971314E+00    0.9999971314E+00
    2    0.8266666667E+01    0.0000000000E+00   -0.2322278706E+00    0.4742777890E+00    0.0000000000E+00    0.0000000000E+00    0.0000000000E+00    0.0000000000E+00    0.0000000000E+00    0.0000000000E+00    0.2899018733E-14    0.2899018733E-14    0.9999971236E+00    0.9999971236E+00
    1    0.8525000000E+01    0.0000000000E+00    0.5805696766E+00   -0.4210224301E+00    0.0000000000E+00    0.0000000000E+00    0.0000000000E+00    0.0000000000E+00    0.0000000000E+00    0.0000000000E+00    0.4193780130E-15    0.4193780131E-15    0.9999971236E+00    0.9999971236E+00
    2    0.8525000000E+01    0.0000000000E+00   -0.2322278706E+00    0.5317022198E+00    0.0000000000E+00    0.0000000000E+00    0.0000000000E+00    0.0000000000E+00    0.0000000000E+00    0.0000000000E+00    0.2709379327E-14    0.2709379327E-14    0.9999964896E+00    0.9999964896E+00
    1    0.8783333333E+01    0.0000000000E+00    0.5805696766E+00   -0.3708052745E+00    0.0000000000E+00    0.0000000000E+00    0.0000000000E+00    0.0000000000E+00    0.0000000000E+00    0.0000000000E+00    0.8274317484E-16    0.8274317484E-16    0.9999971731E+00    0.9999971731E+00
    2    0.8783333333E+01    0.0000000000E+00   -0.2322278706E+00   -0.5474644399E+00    0.0000000000E+00    0.0000000000E+00    0.0000000000E+00    0.0000000000E+00    0.0000000000E+00    0.0000000000E+00    0.3946486637E-14    0.3946486640E-14    0.9999954064E+00    0.9999954064E+00
    1    0.9041666667E+01    0.8127975472E+00    0.5805696766E+00    0.2366661815E+00    0.8127975472E+00    0.5805696766E+00    0.2366661815E+00    0.0000000000E+00    0.0000000000E+00    0.0000000000E+00    0.1224538940E-12    0.1224538940E-12    0.9999929817E+00    0.9999929817E+00
    2    0.9041666667E+01    0.8127975472E+00    0.5805696766E+00    0.2416257676E+00    0.8127975472E+00    0.5805696766E+00    0.2416257676E+00    0.0000000000E+00    0.0000000000E+00    0.0000000000E+00    0.1235400524E-12    0.1235400524E-12    0.9999932363E+00    0.9999932363E+00
    3    0.9041666667E+01    0.0000000000E+00   -0.2322278706E+00   -0.4541233001E+00    0.0000000000E+00    0.0000000000E+00    0.0000000000E+00    0.0000000000E+00    0.0000000000E+00    0.0000000000E+00    0.4950355316E-14    0.4950355316E-14    0.9999935221E+00    0.9999935221E+00
    4    0.9041666667E+01    0.0000000000E+00    0.5805696766E+00   -0.3230023823E+00    0.0000000000E+00    0.0000000000E+00    0.0000000000E+00    0.0000000000E+00    0.0000000000E+00    0.0000000000E+00    0.1992355434E-14    0.1992355435E-14    0.9999972291E+00    0.9999972291E+00
    1    0.9300000000E+01    0.8127975472E+00    0.5805696766E+00    0.3288000243E+00    0.8127975472E+00    0.5805696766E+00    0.3288000243E+00    0.0000000000E+00    0.0000000000E+00    0.0000000000E+00    0.2449488002E-13    0.2449488002E-13    0.9999952414E+00    0.9999952414E+00
    2    0.9300000000E+01    0.8127975472E+00    0.5805696766E+00    0.3318163642E+00    0.8127975472E+00    0.5805696766E+00    0.3318163642E+00    0.0000000000E+00    0.0000000000E+00    0.0000000000E+00    0.2264889683E-13    0.2264889683E-13    0.9999952919E+00    0.9999952919E+00
    3    0.9300000000E+01    0.0000000000E+00    0.5805696766E+00   -0.2772984091E+00    0.0000000000E+00    0.0000000000E+00    0.0000000000E+00    0.0000000000E+00    0.0000000000E+00    0.0000000000E+00    0.3626255463E-14    0.3626255493E-14    0.9999972608E+00    0.9999972608E+00
    4    0.9300000000E+01    0.0000000000E+00   -0.2322278706E+00   -0.3348655166E+00    0.0000000000E+00    0.0000000000E+00    0.0000000000E+00    0.0000000000E+00    0.0000000000E+00    0.0000000000E+00    0.3257292366E-16    0.3257293756E-16    0.9999927250E+00    0.9999927250E+00
    1    0.9558333333E+01    0.8127975472E+00   -0.2322278706E+00   -0.9264804575E-01    0.8127975472E+00   -0.2322278706E+00   -0.9264804575E-01    0.0000000000E+00    0.0000000000E+00    0.0000000000E+00    0.2501987261E-10    0.2501987261E-10    0.9999816561E+00    0.9999816561E+00
    2    0.9558333333E+01    0.8127975472E+00    0.5805696766E+00    0.4028600757E+00    0.8127975472E+00    0.5805696766E+00    0.4028600757E+00    0.0000000000E+00    0.0000000000E+00    0.0000000000E+00    0.1330107500E-13    0.1330107573E-13    0.9999953993E+00    0.9999953993E+00
    3    0.9558333333E+01    0.8127975472E+00   -0.2322278706E+00    0.4819819078E+00    0.8127975472E+00   -0.2322278706E+00    0.4819819078E+00    0.0000000000E+00    0.0000000000E+00    0.0000000000E+00    0.6410621304E-11    0.6410621304E-11    0.9999897764E+00    0.9999897764E+00
    4    0.9558333333E+01    0.8127975472E+00   -0.2322278706E+00   -0.8399111395E-01    0.8127975472E+00   -0.2322278706E+00   -0.8399111395E-01    0.0000000000E+00    0.0000000000E+00    0.0000000000E+00    0.3477769763E-10    0.3477769763E-10    0.9999802530E+00    0.9999802530E+00
    5    0.9558333333E+01    0.0000000000E+00    0.5805696766E+00   -0.2330777165E+00    0.0000000000E+00    0.0000000000E+00    0.0000000000E+00    0.0000000000E+00    0.0000000000E+00    0.0000000000E+00    0.1903744266E-14    0.1903744668E-14    0.9999972571E+00    0.9999972571E+00
    6    0.9558333333E+01    0.0000000000E+00   -0.2322278706E+00   -0.2305422996E+00    0.0000000000E+00    0.0000000000E+00    0.0000000000E+00    0.0000000000E+00    0.0000000000E+00    0.0000000000E+00    0.4493028492E-14    0.4493028724E-14    0.9999943623E+00    0.9999943623E+00
    7    0.9558333333E+01    0.8127975472E+00    0.5805696766E+00    0.4054874070E+00    0.8127975472E+00    0.5805696766E+00    0.4054874070E+00    0.0000000000E+00    0.0000000000E+00    0.0000000000E+00    0.1831768648E-13    0.1831768653E-13    0.9999953992E+00    0.9999953992E+00
    8    0.9558333333E+01    0.8127975472E+00   -0.2322278706E+00    0.4871303210E+00    0.8127975472E+00   -0.2322278706E+00    0.4871303210E+00    0.0000000000E+00    0.0000000000E+00    0.0000000000E+00    0.7692812933E-11    0.7692812933E-11    0.9999895090E+00    0.9999895090E+00
    1    0.9816666667E+01    0.8127975472E+00    0.5805696766E+00    0.4838040297E+00    0.8127975472E+00    0.5805696766E+00    0.4838040297E+00    0.0000000000E+00    0.0000000000E+00    0.0000000000E+00    0.2194818989E-11    0.2194818989E-11    0.9999936712E+00    0.9999936712E+00
    2    0.9816666667E+01    0.8127975472E+00    0.5805696766E+00    0.4872193624E+00    0.8127975472E+00    0.5805696766E+00    0.4872193624E+00    0.0000000000E+00    0.0000000000E+00    0.0000000000E+00    0.2555210822E-11    0.2555210822E-11    0.9999935021E+00    0.9999935021E+00
    3    0.9816666667E+01    0.0000000000E+00    0.5805696766E+00   -0.1896803475E+00    0.0000000000E+00    0.0000000000E+00    0.0000000000E+00    0.0000000000E+00    0.0000000000E+00    0.0000000000E+00    0.6354765017E-17    0.6354765024E-17    0.9999972156E+00    0.9999972156E+00
    4    0.9816666667E+01    0.0000000000E+00   -0.2322278706E+00   -0.1499476409E+00    0.0000000000E+00    0.0000000000E+00    0.0000000000E+00    0.0000000000E+00    0.0000000000E+00    0.0000000000E+00    0.3331613100E-13    0.3331613100E-13    0.9999952264E+00    0.9999952264E+00
    1    0.1007500000E+02    0.0000000000E+00   -0.2322278706E+00   -0.7704257625E-01    0.0000000000E+00    0.0000000000E+00    0.0000000000E+00    0.0000000000E+00    0.0000000000E+00    0.0000000000E+00    0.9781086322E-12    0.9781086322E-12    0.9999949783E+00    0.9999949783E+00
    2    0.1007500000E+02    0.0000000000E+00    0.5805696766E+00   -0.1464816669E+00    0.0000000000E+00    0.0000000000E+00    0.0000000000E+00    0.0000000000E+00    0.0000000000E+00    0.0000000000E+00    0.4755032584E-14    0.4755032584E-14    0.9999971356E+00    0.9999971356E+00
    1    0.1033333333E+02    0.0000000000E+00    0.5805696766E+00   -0.1028681867E+00    0.0000000000E+00    0.0000000000E+00    0.0000000000E+00    0.0000000000E+00    0.0000000000E+00    0.0000000000E+00    0.2386239126E-13    0.2386239126E-13    0.9999970118E+00    0.9999970118E+00
    1    0.1059166667E+02    0.0000000000E+00    0.5805696766E+00   -0.5804383065E-01    0.0000000000E+00    0.0000000000E+00    0.0000000000E+00    0.0000000000E+00    0.0000000000E+00    0.0000000000E+00    0.9805645114E-13    0.9805645114E-13    0.9999968070E+00    0.9999968070E+00
    1    0.1085000000E+02    0.0000000000E+00   -0.2322278706E+00    0.4593166894E-01    0.0000000000E+00    0.0000000000E+00    0.0000000000E+00    0.0000000000E+00    0.0000000000E+00    0.0000000000E+00    0.3887124175E-11    0.3887124175E-11    0.9999936450E+00    0.9999936450E+00
    2    0.1085000000E+02    0.0000000000E+00    0.5805696766E+00   -0.4355871335E-02    0.0000000000E+00    0.0000000000E+00    0.0000000000E+00    0.0000000000E+00    0.0000000000E+00    0.0000000000E+00    0.1949200012E-10    0.1949200012E-10    0.9999893387E+00    0.9999893387E+00
    1    0.1110833333E+02    0.0000000000E+00   -0.2322278706E+00    0.1162056940E+00    0.0000000000E+00    0.0000000000E+00    0.0000000000E+00    0.0000000000E+00    0.0000000000E+00    0.0000000000E+00    0.1983610620E-12    0.1983610620E-12    0.9999953958E+00    0.9999953958E+00
    2    0.1110833333E+02    0.0000000000E+00    0.5805696766E+00    0.3048943572E-01    0.0000000000E+00    0.0000000000E+00    0.0000000000E+00    0.0000000000E+00    0.0000000000E+00    0.0000000000E+00    0.4541339409E-12    0.4541339409E-12    0.9999961381E+00    0.9999961381E+00
    1    0.1136666667E+02    0.8127975472E+00   -0.2322278706E+00   -0.4590951590E+00    0.8127975472E+00   -0.2322278706E+00   -0.4590951590E+00    0.0000000000E+00    0.0000000000E+00    0.0000000000E+00    0.1170445364E-11    0.1170445364E-11    0.9999931373E+00    0.9999931373E+00
    2    0.1136666667E+02    0.0000000000E+00   -0.2322278706E+00    0.1779280026E+00    0.0000000000E+00    0.0000000000E+00    0.0000000000E+00    0.0000000000E+00    0.0000000000E+00    0.0000000000E+00    0.2112038487E-14    0.2112038487E-14    0.9999954399E+00    0.9999954399E+00
    3    0.1136666667E+02    0.0000000000E+00    0.5805696766E+00    0.8204485491E-01    0.0000000000E+00    0.0000000000E+00    0.0000000000E+00    0.0000000000E+00    0.0000000000E+00    0.0000000000E+00    0.6047969502E-13    0.6047969505E-13    0.9999961231E+00    0.9999961231E+00
    4    0.1136666667E+02    0.8127975472E+00   -0.2322278706E+00   -0.4629655671E+00    0.8127975472E+00   -0.2322278706E+00   -0.4629655671E+00    0.0000000000E+00    0.0000000000E+00    0.0000000000E+00    0.1409804437E-11    0.1409804437E-11    0.9999930183E+00    0.9999930183E+00
    1    0.1162500000E+02    0.8127975472E+00   -0.2322278706E+00   -0.3774892801E+00    0.8127975472E+00   -0.2322278706E+00   -0.3774892801E+00    0.0000000000E+00    0.0000000000E+00    0.0000000000E+00    0.1035239143E-14    0.1035239143E-14    0.9999941333E+00    0.9999941333E+00
    2    0.1162500000E+02    0.8127975472E+00    0.5805696766E+00   -0.4641312002E+00    0.8127975472E+00    0.5805696766E+00   -0.4641312002E+00    0.0000000000E+00    0.0000000000E+00    0.0000000000E+00    0.2237479246E-11    0.2237479246E-11    0.9999910855E+00    0.9999910855E+00
    3    0.1162500000E+02    0.0000000000E+00    0.5805696766E+00    0.1354226706E+00    0.0000000000E+00    0.0000000000E+00    0.0000000000E+00    0.0000000000E+00    0.0000000000E+00    0.0000000000E+00    0.9824304648E-14    0.9824304648E-14    0.9999958025E+00    0.9999958025E+00
    4    0.1162500000E+02    0.0000000000E+00   -0.2322278706E+00    0.2392313495E+00    0.0000000000E+00    0.0000000000E+00    0.0000000000E+00    0.0000000000E+00    0.0000000000E+00    0.0000000000E+00    0.6068739927E-14    0.6068739927E-14    0.9999952933E+00    0.9999952933E+00
    5    0.1162500000E+02    0.8127975472E+00   -0.2322278706E+00   -0.3809376615E+00    0.8127975472E+00   -0.2322278706E+00   -0.3809376615E+00    0.0000000000E+00    0.0000000000E+00    0.0000000000E+00    0.1750852713E-15    0.1750852713E-15    0.9999941493E+00    0.9999941493E+00
    6    0.1162500000E+02    0.8127975472E+00    0.5805696766E+00   -0.4701668829E+00    0.8127975472E+00    0.5805696766E+00   -0.4701668829E+00    0.0000000000E+00    0.0000000000E+00    0.0000000000E+00    0.2952214682E-11    0.2952214682E-11    0.9999908427E+00    0.9999908427E+00
    1    0.1188333333E+02    0.8127975472E+00    0.5805696766E+00   -0.3590987736E+00    0.8127975472E+00    0.5805696766E+00   -0.3590987736E+00    0.0000000000E+00    0.0000000000E+00    0.0000000000E+00    0.1651342267E-13    0.1651342267E-13    0.9999918798E+00    0.9999918798E+00
    2    0.1188333333E+02    0.8127975472E+00   -0.2322278706E+00   -0.2996297193E+00    0.8127975472E+00   -0.2322278706E+00   -0.2996297193E+00    0.0000000000E+00    0.0000000000E+00    0.0000000000E+00    0.5090880744E-13    0.5090880745E-13    0.9999936864E+00    0.9999936864E+00
    3    0.1188333333E+02    0.0000000000E+00   -0.2322278706E+00    0.3014746368E+00    0.0000000000E+00    0.0000000000E+00    0.0000000000E+00    0.0000000000E+00    0.0000000000E+00    0.0000000000E+00    0.3216042455E-14    0.3216042466E-14    0.9999950983E+00    0.9999950983E+00
    4    0.1188333333E+02    0.0000000000E+00    0.5805696766E+00    0.1923592963E+00    0.0000000000E+00    0.0000000000E+00    0.0000000000E+00    0.0000000000E+00    0.0000000000E+00    0.0000000000E+00    0.9528953448E-18    0.9528997964E-18    0.9999953994E+00    0.9999953994E+00
    5    0.1188333333E+02    0.8127975472E+00    0.5805696766E+00   -0.3649184682E+00    0.8127975472E+00    0.5805696766E+00   -0.3649184682E+00    0.0000000000E+00    0.0000000000E+00    0.0000000000E+00    0.1110092315E-13    0.1110092315E-13    0.9999919949E+00    0.9999919949E+00
    6    0.1188333333E+02    0.8127975472E+00   -0.2322278706E+00   -0.3036886200E+00    0.8127975472E+00   -0.2322278706E+00   -0.3036886200E+00    0.0000000000E+00    0.0000000000E+00    0.0000000000E+00    0.4730966122E-13    0.4730966122E-13    0.9999937690E+00    0.9999937690E+00
    1    0.1214166667E+02    0.8127975472E+00    0.5805696766E+00   -0.2398172514E+00    0.8127975472E+00    0.5805696766E+00   -0.2398172514E+00    0.0000000000E+00    0.0000000000E+00    0.0000000000E+00    0.3148156741E-12    0.3148156741E-12    0.9999882187E+00    0.9999882187E+00
    2    0.1214166667E+02    0.8127975472E+00   -0.2322278706E+00   -0.2098724202E+00    0.8127975472E+00   -0.2322278706E+00   -0.2098724202E+00    0.0000000000E+00    0.0000000000E+00    0.0000000000E+00    0.3620748948E-13    0.3620748948E-13    0.9999917337E+00    0.9999917337E+00
    3    0.1214166667E+02    0.0000000000E+00   -0.2322278706E+00    0.3649293509E+00    0.0000000000E+00    0.0000000000E+00    0.0000000000E+00    0.0000000000E+00    0.0000000000E+00    0.0000000000E+00    0.4456150763E-16    0.4456150938E-16    0.9999948937E+00    0.9999948937E+00
    4    0.1214166667E+02    0.0000000000E+00    0.5805696766E+00    0.2535389691E+00    0.0000000000E+00    0.0000000000E+00    0.0000000000E+00    0.0000000000E+00    0.0000000000E+00    0.0000000000E+00    0.1290754325E-14    0.1290754403E-14    0.9999949464E+00    0.9999949464E+00
    5    0.1214166667E+02    0.8127975472E+00    0.5805696766E+00   -0.2495013700E+00    0.8127975472E+00    0.5805696766E+00   -0.2495013700E+00    0.0000000000E+00    0.0000000000E+00    0.0000000000E+00    0.3012698914E-12    0.3012698914E-12    0.9999888900E+00    0.9999888900E+00
    6    0.1214166667E+02    0.8127975472E+00   -0.2322278706E+00   -0.2158939382E+00    0.8127975472E+00   -0.2322278706E+00   -0.2158939382E+00    0.0000000000E+00    0.0000000000E+00    0.0000000000E+00    0.5152360680E-13    0.5152360680E-13    0.9999920130E+00    0.9999920130E+00
    1    0.1240000000E+02    0.8127975472E+00   -0.2322278706E+00   -0.3275134752E-01    0.8127975472E+00   -0.2322278706E+00   -0.3275134752E-01    0.0000000000E+00    0.0000000000E+00    0.0000000000E+00    0.5036012927E-09    0.5036012927E-09    0.9999452837E+00    0.9999452837E+00
    2    0.1240000000E+02    0.0000000000E+00    0.5805696766E+00    0.3191269354E+00    0.0000000000E+00    0.0000000000E+00    0.0000000000E+00    0.0000000000E+00    0.0000000000E+00    0.0000000000E+00    0.5159408275E-16    0.5159408276E-16    0.9999944923E+00    0.9999944923E+00
    3    0.1240000000E+02    0.0000000000E+00   -0.2322278706E+00    0.4296649062E+00    0.0000000000E+00    0.0000000000E+00    0.0000000000E+00    0.0000000000E+00    0.0000000000E+00    0.0000000000E+00    0.1491369382E-16    0.1491369382E-16    0.9999946725E+00    0.9999946725E+00
    4    0.1240000000E+02    0.8127975472E+00   -0.2322278706E+00   -0.6508361640E-01    0.8127975472E+00   -0.2322278706E+00   -0.6508361640E-01    0.0000000000E+00    0.0000000000E+00    0.0000000000E+00    0.8347310891E-10    0.8347310891E-10    0.9999732302E+00    0.9999732302E+00
    1    0.1265833333E+02    0.0000000000E+00   -0.2322278706E+00    0.4960658406E+00    0.0000000000E+00    0.0000000000E+00    0.0000000000E+00    0.0000000000E+00    0.0000000000E+00    0.0000000000E+00    0.1071794286E-14    0.1071794286E-14    0.9999943901E+00    0.9999943901E+00
    2    0.1265833333E+02    0.0000000000E+00    0.5805696766E+00    0.3885770618E+00    0.0000000000E+00    0.0000000000E+00    0.0000000000E+00    0.0000000000E+00    0.0000000000E+00    0.0000000000E+00    0.6613950620E-17    0.6613950636E-17    0.9999940980E+00    0.9999940980E+00
    1    0.1291666667E+02    0.0000000000E+00   -0.2322278706E+00    0.5652275008E+00    0.0000000000E+00    0.0000000000E+00    0.0000000000E+00    0.0000000000E+00    0.0000000000E+00    0.0000000000E+00    0.5885540674E-14    0.5885540674E-14    0.9999939658E+00    0.9999939658E+00
    2    0.1291666667E+02    0.0000000000E+00    0.5805696766E+00    0.4608429966E+00    0.0000000000E+00    0.0000000000E+00    0.0000000000E+00    0.0000000000E+00    0.0000000000E+00    0.0000000000E+00    0.4445360250E-14    0.4445360250E-14    0.9999937806E+00    0.9999937806E+00
    1    0.1317500000E+02    0.0000000000E+00   -0.2322278706E+00   -0.5101082215E+00    0.0000000000E+00    0.0000000000E+00    0.0000000000E+00    0.0000000000E+00    0.0000000000E+00    0.0000000000E+00    0.8468398372E-14    0.8468398372E-14    0.9999932726E+00    0.9999932726E+00
    2    0.1317500000E+02    0.0000000000E+00    0.5805696766E+00    0.5352408548E+00    0.0000000000E+00    0.0000000000E+00    0.0000000000E+00    0.0000000000E+00    0.0000000000E+00    0.0000000000E+00    0.7013730397E-14    0.7013730397E-14    0.9999934693E+00    0.9999934693E+00
    1    0.1343333333E+02    0.8127975472E+00   -0.2322278706E+00   -0.8473701659E-01    0.8127975472E+00   -0.2322278706E+00   -0.8473701659E-01    0.0000000000E+00    0.0000000000E+00    0.0000000000E+00    0.1284910964E-09    0.1284910964E-09    0.9999642880E+00    0.9999642880E+00
    2    0.1343333333E+02    0.0000000000E+00   -0.2322278706E+00    0.1862083456E+00    0.0000000000E+00    0.0000000000E+00    0.0000000000E+00    0.0000000000E+00    0.0000000000E+00    0.0000000000E+00    0.5369295184E-13    0.5369295184E-13    0.9999788517E+00    0.9999788517E+00
    3    0.1343333333E+02    0.0000000000E+00    0.5805696766E+00    0.2644065671E+00    0.0000000000E+00    0.0000000000E+00    0.0000000000E+00    0.0000000000E+00    0.0000000000E+00    0.0000000000E+00    0.2280667367E-11    0.2280667367E-11    0.9999785023E+00    0.9999785023E+00
    4    0.1343333333E+02    0.8127975472E+00   -0.2322278706E+00    0.2677092869E+00    0.8127975472E+00   -0.2322278706E+00    0.2677092869E+00    0.0000000000E+00    0.0000000000E+00    0.0000000000E+00    0.1056688715E-09    0.1056688715E-09    0.9999595676E+00    0.9999595676E+00
    5    0.1343333333E+02    0.0000000000E+00    0.5805696766E+00   -0.5371003974E+00    0.0000000000E+00    0.0000000000E+00    0.0000000000E+00    0.0000000000E+00    0.0000000000E+00    0.0000000000E+00    0.1247097363E-13    0.1247097366E-13    0.9999930225E+00    0.9999930225E+00
    6    0.1343333333E+02    0.0000000000E+00   -0.2322278706E+00   -0.4266438545E+00    0.0000000000E+00    0.0000000000E+00    0.0000000000E+00    0.0000000000E+00    0.0000000000E+00    0.0000000000E+00    0.1409331019E-13    0.1409331058E-13    0.9999920101E+00    0.9999920101E+00
    7    0.1343333333E+02    0.8127975472E+00   -0.2322278706E+00   -0.9925311028E-01    0.8127975472E+00   -0.2322278706E+00   -0.9925311028E-01    0.0000000000E+00    0.0000000000E+00    0.0000000000E+00    0.2076338922E-09    0.2076338922E-09    0.9999585973E+00    0.9999585973E+00
    8    0.1343333333E+02    0.8127975472E+00   -0.2322278706E+00    0.2471503842E+00    0.8127975472E+00   -0.2322278706E+00    0.2471503842E+00    0.0000000000E+00    0.0000000000E+00    0.0000000000E+00    0.2103560005E-09    0.2103560005E-09    0.9999531713E+00    0.9999531713E+00
    1    0.1369166667E+02    0.8127975472E+00    0.5805696766E+00    0.2420099631E-01    0.8127975472E+00    0.5805696766E+00    0.2420099631E-01    0.0000000000E+00    0.0000000000E+00    0.0000000000E+00    0.4600592562E-10    0.4600592562E-10    0.9999719655E+00    0.9999719655E+00
    2    0.1369166667E+02    0.0000000000E+00    0.5805696766E+00    0.4544530245E+00    0.0000000000E+00    0.0000000000E+00    0.0000000000E+00    0.0000000000E+00    0.0000000000E+00    0.0000000000E+00    0.2204596613E-13    0.2204596613E-13    0.9999856227E+00    0.9999856227E+00
    3    0.1369166667E+02    0.8127975472E+00   -0.2322278706E+00    0.1371047694E+00    0.8127975472E+00   -0.2322278706E+00    0.1371047694E+00    0.0000000000E+00    0.0000000000E+00    0.0000000000E+00    0.1548650636E-11    0.1548650636E-11    0.9999792539E+00    0.9999792539E+00
    4    0.1369166667E+02    0.8127975472E+00    0.5805696766E+00    0.3916296443E+00    0.8127975472E+00    0.5805696766E+00    0.3916296443E+00    0.0000000000E+00    0.0000000000E+00    0.0000000000E+00    0.2221761638E-11    0.2221761638E-11    0.9999732011E+00    0.9999732011E+00
    5    0.1369166667E+02    0.0000000000E+00   -0.2322278706E+00    0.3737252018E+00    0.0000000000E+00    0.0000000000E+00    0.0000000000E+00    0.0000000000E+00    0.0000000000E+00    0.0000000000E+00    0.6693365199E-14    0.6693365200E-14    0.9999850987E+00    0.9999850987E+00
    6    0.1369166667E+02    0.0000000000E+00   -0.2322278706E+00   -0.3235403904E+00    0.0000000000E+00    0.0000000000E+00    0.0000000000E+00    0.0000000000E+00    0.0000000000E+00    0.0000000000E+00    0.1409080478E-12    0.1409080478E-12    0.9999891707E+00    0.9999891707E+00
    7    0.1369166667E+02    0.0000000000E+00    0.5805696766E+00   -0.4547153123E+00    0.0000000000E+00    0.0000000000E+00    0.0000000000E+00    0.0000000000E+00    0.0000000000E+00    0.0000000000E+00    0.4540664894E-13    0.4540664894E-13    0.9999922250E+00    0.9999922250E+00
    8    0.1369166667E+02    0.8127975472E+00    0.5805696766E+00    0.5619165011E-02    0.8127975472E+00    0.5805696766E+00    0.5619165011E-02    0.0000000000E+00    0.0000000000E+00    0.0000000000E+00    0.1776124136E-08    0.1776124136E-08    0.9999010081E+00    0.9999010081E+00
    9    0.1369166667E+02    0.8127975472E+00   -0.2322278706E+00    0.1324497586E+00    0.8127975472E+00   -0.2322278706E+00    0.1324497586E+00    0.0000000000E+00    0.0000000000E+00    0.0000000000E+00    0.1422926311E-11    0.1422926311E-11    0.9999796401E+00    0.9999796401E+00
   10    0.1369166667E+02    0.8127975472E+00    0.5805696766E+00    0.3790006126E+00    0.8127975472E+00    0.5805696766E+00    0.3790006126E+00    0.0000000000E+00    0.0000000000E+00    0.0000000000E+00    0.4970022684E-10    0.4970022684E-10    0.9999720029E+00    0.9999720029E+00
    1    0.1395000000E+02    0.0000000000E+00    0.5805696766E+00   -0.5465555957E+00    0.0000000000E+00    0.0000000000E+00    0.0000000000E+00    0.0000000000E+00    0.0000000000E+00    0.0000000000E+00    0.7954311177E-12    0.7954311177E-12    0.9999867966E+00    0.9999867966E+00
    2    0.1395000000E+02    0.0000000000E+00   -0.2322278706E+00    0.5418815065E+00    0.0000000000E+00    0.0000000000E+00    0.0000000000E+00    0.0000000000E+00    0.0000000000E+00    0.0000000000E+00    0.4074410692E-12    0.4074410692E-12    0.9999836191E+00    0.9999836191E+00
    3    0.1395000000E+02    0.8127975472E+00    0.5805696766E+00    0.3061014437E+00    0.8127975472E+00    0.5805696766E+00    0.3061014437E+00    0.0000000000E+00    0.0000000000E+00    0.0000000000E+00    0.5886964393E-11    0.5886964393E-11    0.9999599568E+00    0.9999599568E+00
    4    0.1395000000E+02    0.0000000000E+00   -0.2322278706E+00   -0.1542122742E+00    0.0000000000E+00    0.0000000000E+00    0.0000000000E+00    0.0000000000E+00    0.0000000000E+00    0.0000000000E+00    0.1988595347E-10    0.1988595347E-10    0.9999729215E+00    0.9999729215E+00
    5    0.1395000000E+02    0.0000000000E+00   -0.2322278706E+00    0.1946210616E+00    0.0000000000E+00    0.0000000000E+00    0.0000000000E+00    0.0000000000E+00    0.0000000000E+00    0.0000000000E+00    0.1497508730E-10    0.1497508730E-10    0.9999478460E+00    0.9999478460E+00
    6    0.1395000000E+02    0.8127975472E+00    0.5805696766E+00    0.2962143684E+00    0.8127975472E+00    0.5805696766E+00    0.2962143684E+00    0.0000000000E+00    0.0000000000E+00    0.0000000000E+00    0.4566882395E-11    0.4566882395E-11    0.9999619234E+00    0.9999619234E+00
    1    0.1420833333E+02    0.0000000000E+00   -0.2322278706E+00   -0.3961508490E+00    0.0000000000E+00    0.0000000000E+00    0.0000000000E+00    0.0000000000E+00    0.0000000000E+00    0.0000000000E+00    0.5789973694E-13    0.5789973694E-13    0.9999749017E+00    0.9999749017E+00
    2    0.1420833333E+02    0.0000000000E+00    0.5805696766E+00   -0.4018479847E+00    0.0000000000E+00    0.0000000000E+00    0.0000000000E+00    0.0000000000E+00    0.0000000000E+00    0.0000000000E+00    0.4067614099E-13    0.4067614099E-13    0.9999859379E+00    0.9999859379E+00
    3    0.1420833333E+02    0.0000000000E+00    0.5805696766E+00   -0.2416869876E+00    0.0000000000E+00    0.0000000000E+00    0.0000000000E+00    0.0000000000E+00    0.0000000000E+00    0.0000000000E+00    0.8648252783E-12    0.8648252783E-12    0.9999862441E+00    0.9999862441E+00
    4    0.1420833333E+02    0.0000000000E+00    0.5805696766E+00   -0.5639102309E+00    0.0000000000E+00    0.5805696766E+00   -0.5639102309E+00   -0.1427272168E-11    0.1561647368E+00    0.2171208042E+00    0.7219414911E-11    0.7219414911E-11    0.9999786990E+00    0.9999786990E+00
    5    0.1420833333E+02    0.0000000000E+00   -0.2322278706E+00   -0.5509025710E+00    0.0000000000E+00   -0.2322278706E+00    0.5985667440E+00   -0.6379532342E-10    0.5854213972E+00   -0.1873284630E+01    0.4322629011E-10    0.4322629011E-10    0.9999577245E+00    0.9999577245E+00
    1    0.1446666667E+02    0.0000000000E+00    0.5805696766E+00   -0.2276284132E+00    0.0000000000E+00    0.0000000000E+00    0.0000000000E+00    0.0000000000E+00    0.0000000000E+00    0.0000000000E+00    0.1524460210E-11    0.1524460210E-11    0.9999792223E+00    0.9999792223E+00
    2    0.1446666667E+02    0.0000000000E+00    0.5805696766E+00   -0.3092379658E+00    0.0000000000E+00    0.0000000000E+00    0.0000000000E+00    0.0000000000E+00    0.0000000000E+00    0.0000000000E+00    0.1808815771E-11    0.1808815771E-11    0.9999692565E+00    0.9999692565E+00
