    1    0.2583333333E+01   -0.5805696766E+00    0.1161139353E+00    0.6806566485E-01    0.0000000000E+00    0.0000000000E+00    0.0000000000E+00    0.0000000000E+00    0.0000000000E+00    0.0000000000E+00    0.5925245588E-12    0.5925245588E-12    0.9999976064E+00    0.9999976064E+00
    1    0.2841666667E+01   -0.5805696766E+00    0.1161139353E+00    0.2079131989E+00    0.0000000000E+00    0.0000000000E+00    0.0000000000E+00    0.0000000000E+00    0.0000000000E+00    0.0000000000E+00    0.3066944803E-13    0.3066944803E-13    0.9999887024E+00    0.9999887024E+00
    1    0.3100000000E+01   -0.5805696766E+00    0.1161139353E+00    0.4236432594E+00    0.0000000000E+00    0.0000000000E+00    0.0000000000E+00    0.0000000000E+00    0.0000000000E+00    0.0000000000E+00    0.4359647488E-15    0.4359647488E-15    0.9999978826E+00    0.9999978826E+00
    2    0.3100000000E+01   -0.5805696766E+00    0.1161139353E+00    0.1854449456E+00    0.0000000000E+00    0.0000000000E+00    0.0000000000E+00    0.0000000000E+00    0.0000000000E+00    0.0000000000E+00    0.1310254954E-14    0.1310254954E-14    0.9999985980E+00    0.9999985980E+00
    3    0.3100000000E+01    0.2322278706E+00    0.1161139353E+00    0.1671340776E+00    0.0000000000E+00    0.0000000000E+00    0.0000000000E+00    0.0000000000E+00    0.0000000000E+00    0.0000000000E+00    0.1671180146E-13    0.1671180146E-13    0.9999940893E+00    0.9999940893E+00
    1    0.3358333333E+01   -0.5805696766E+00    0.1161139353E+00    0.2458835138E+00    0.0000000000E+00    0.0000000000E+00    0.0000000000E+00    0.0000000000E+00    0.0000000000E+00    0.0000000000E+00    0.1043582035E-13    0.1043582035E-13    0.9999988863E+00    0.9999988863E+00
    2    0.3358333333E+01   -0.5805696766E+00    0.1161139353E+00    0.5004488900E+00    0.0000000000E+00    0.0000000000E+00    0.0000000000E+00    0.0000000000E+00    0.0000000000E+00    0.0000000000E+00    0.2435820543E-14    0.2435820543E-14    0.9999984710E+00    0.9999984710E+00
    3    0.3358333333E+01    0.2322278706E+00    0.1161139353E+00    0.4118419998E+00    0.0000000000E+00    0.0000000000E+00    0.0000000000E+00    0.0000000000E+00    0.0000000000E+00    0.0000000000E+00    0.1244316580E-14    0.1244316580E-14    0.9999936205E+00    0.9999936205E+00
    1    0.3616666667E+01   -0.5805696766E+00    0.1161139353E+00    0.2962497244E+00    0.0000000000E+00    0.0000000000E+00    0.0000000000E+00    0.0000000000E+00    0.0000000000E+00    0.0000000000E+00    0.1338983730E-13    0.1338983730E-13    0.9999988729E+00    0.9999988729E+00
    2    0.3616666667E+01    0.2322278706E+00    0.1161139353E+00    0.5640565785E+00    0.0000000000E+00    0.0000000000E+00    0.0000000000E+00    0.0000000000E+00    0.0000000000E+00    0.0000000000E+00    0.3735017824E-12    0.3735017824E-12    0.9999973000E+00    0.9999973000E+00
    3    0.3616666667E+01   -0.5805696766E+00    0.1161139353E+00    0.5618422886E+00    0.0000000000E+00    0.0000000000E+00    0.0000000000E+00    0.0000000000E+00    0.0000000000E+00    0.0000000000E+00    0.3077347705E-13    0.3077347705E-13    0.9999985369E+00    0.9999985369E+00
    1    0.3875000000E+01   -0.5805696766E+00   -0.6966836119E+00   -0.2388631527E-01    0.0000000000E+00    0.0000000000E+00    0.0000000000E+00    0.0000000000E+00    0.0000000000E+00    0.0000000000E+00    0.7692578654E-11    0.7692578654E-11    0.9999930937E+00    0.9999930937E+00
    2    0.3875000000E+01    0.2322278706E+00    0.1161139353E+00   -0.5049961155E+00    0.0000000000E+00    0.0000000000E+00    0.0000000000E+00    0.0000000000E+00    0.0000000000E+00    0.0000000000E+00    0.4681544562E-13    0.4681544562E-13    0.9999981642E+00    0.9999981642E+00
    3    0.3875000000E+01   -0.5805696766E+00    0.1161139353E+00   -0.5327136633E+00    0.0000000000E+00    0.0000000000E+00    0.0000000000E+00    0.0000000000E+00    0.0000000000E+00    0.0000000000E+00    0.9853105525E-14    0.9853105525E-14    0.9999986348E+00    0.9999986348E+00
    4    0.3875000000E+01   -0.5805696766E+00    0.1161139353E+00    0.3447511238E+00    0.0000000000E+00    0.0000000000E+00    0.0000000000E+00    0.0000000000E+00    0.0000000000E+00    0.0000000000E+00    0.4644745335E-14    0.4644745335E-14    0.9999987252E+00    0.9999987252E+00
    5    0.3875000000E+01   -0.5805696766E+00   -0.6966836119E+00    0.3102104745E+00    0.0000000000E+00    0.0000000000E+00    0.0000000000E+00    0.0000000000E+00    0.0000000000E+00    0.0000000000E+00    0.6948190977E-13    0.6948190977E-13    0.9999965157E+00    0.9999965157E+00
    6    0.3875000000E+01    0.2322278706E+00    0.1161139353E+00    0.3256460347E+00    0.0000000000E+00    0.0000000000E+00    0.0000000000E+00    0.0000000000E+00    0.0000000000E+00    0.0000000000E+00    0.3727080637E-13    0.3727080637E-13    0.9999970076E+00    0.9999970076E+00
    1    0.4133333333E+01    0.2322278706E+00   -0.6966836119E+00    0.1928935117E+00    0.0000000000E+00    0.0000000000E+00    0.0000000000E+00    0.0000000000E+00    0.0000000000E+00    0.0000000000E+00    0.3001213042E-17    0.3001213359E-17    0.9999965508E+00    0.9999965508E+00
    2    0.4133333333E+01   -0.5805696766E+00    0.1161139353E+00    0.3938870891E+00    0.0000000000E+00    0.0000000000E+00    0.0000000000E+00    0.0000000000E+00    0.0000000000E+00    0.0000000000E+00    0.4196629905E-14    0.4196629905E-14    0.9999986669E+00    0.9999986669E+00
    3    0.4133333333E+01    0.2322278706E+00    0.1161139353E+00    0.4098860404E+00    0.0000000000E+00    0.0000000000E+00    0.0000000000E+00    0.0000000000E+00    0.0000000000E+00    0.0000000000E+00    0.3346662242E-13    0.3346662242E-13    0.9999981310E+00    0.9999981310E+00
    4    0.4133333333E+01   -0.5805696766E+00    0.1161139353E+00   -0.4779307120E+00    0.0000000000E+00    0.0000000000E+00    0.0000000000E+00    0.0000000000E+00    0.0000000000E+00    0.0000000000E+00    0.6641753780E-14    0.6641753780E-14    0.9999984511E+00    0.9999984511E+00
    5    0.4133333333E+01    0.2322278706E+00    0.1161139353E+00   -0.4347580533E+00    0.0000000000E+00    0.0000000000E+00    0.0000000000E+00    0.0000000000E+00    0.0000000000E+00    0.0000000000E+00    0.2663121365E-13    0.2663121365E-13    0.9999980593E+00    0.9999980593E+00
    6    0.4133333333E+01   -0.5805696766E+00   -0.6966836119E+00   -0.4432155292E+00    0.0000000000E+00    0.0000000000E+00    0.0000000000E+00    0.0000000000E+00    0.0000000000E+00    0.0000000000E+00    0.1310970522E-12    0.1310970522E-12    0.9999952809E+00    0.9999952809E+00
    1    0.4391666667E+01   -0.5805696766E+00   -0.6966836119E+00    0.6344019922E-01    0.0000000000E+00    0.0000000000E+00    0.0000000000E+00    0.0000000000E+00    0.0000000000E+00    0.0000000000E+00    0.3781132463E-12    0.3781132463E-12    0.9999972848E+00    0.9999972848E+00
    2    0.4391666667E+01    0.2322278706E+00   -0.6966836119E+00    0.8899885515E-01    0.0000000000E+00    0.0000000000E+00    0.0000000000E+00    0.0000000000E+00    0.0000000000E+00    0.0000000000E+00    0.3170045540E-12    0.3170045540E-12    0.9999975609E+00    0.9999975609E+00
    3    0.4391666667E+01    0.2322278706E+00   -0.6966836119E+00    0.2941923119E+00    0.0000000000E+00    0.0000000000E+00    0.0000000000E+00    0.0000000000E+00    0.0000000000E+00    0.0000000000E+00    0.1879777338E-12    0.1879777338E-12    0.9999968481E+00    0.9999968481E+00
    4    0.4391666667E+01   -0.5805696766E+00    0.1161139353E+00    0.4455302368E+00    0.0000000000E+00    0.0000000000E+00    0.0000000000E+00    0.0000000000E+00    0.0000000000E+00    0.0000000000E+00    0.1113139512E-13    0.1113139589E-13    0.9999983843E+00    0.9999983843E+00
    5    0.4391666667E+01    0.2322278706E+00    0.1161139353E+00    0.4747471993E+00    0.0000000000E+00    0.0000000000E+00    0.0000000000E+00    0.0000000000E+00    0.0000000000E+00    0.0000000000E+00    0.1416060067E-13    0.1416060071E-13    0.9999981137E+00    0.9999981137E+00
    6    0.4391666667E+01    0.2322278706E+00   -0.6966836119E+00    0.5192080918E+00    0.0000000000E+00    0.0000000000E+00    0.0000000000E+00    0.0000000000E+00    0.0000000000E+00    0.0000000000E+00    0.4265001576E-11    0.4265001576E-11    0.9999933878E+00    0.9999933878E+00
    7    0.4391666667E+01   -0.5805696766E+00    0.1161139353E+00   -0.4201818100E+00    0.0000000000E+00    0.0000000000E+00    0.0000000000E+00    0.0000000000E+00    0.0000000000E+00    0.0000000000E+00    0.1243532157E-13    0.1243532213E-13    0.9999982703E+00    0.9999982703E+00
    8    0.4391666667E+01   -0.5805696766E+00   -0.6966836119E+00   -0.3368183823E+00    0.0000000000E+00    0.0000000000E+00    0.0000000000E+00    0.0000000000E+00    0.0000000000E+00    0.0000000000E+00    0.1084910156E-13    0.1084910159E-13    0.9999976251E+00    0.9999976251E+00
    9    0.4391666667E+01    0.2322278706E+00    0.1161139353E+00   -0.3665329399E+00    0.0000000000E+00    0.0000000000E+00    0.0000000000E+00    0.0000000000E+00    0.0000000000E+00    0.0000000000E+00    0.1834186882E-13    0.1834186893E-13    0.9999980414E+00    0.9999980414E+00
   10    0.4391666667E+01    0.2322278706E+00   -0.6966836119E+00   -0.3601629906E+00    0.0000000000E+00    0.0000000000E+00    0.0000000000E+00    0.0000000000E+00    0.0000000000E+00    0.0000000000E+00    0.3952404716E-11    0.3952404716E-11    0.9999944912E+00    0.9999944912E+00
    1    0.4650000000E+01    0.2322278706E+00   -0.6966836119E+00    0.1649320497E+00    0.0000000000E+00    0.0000000000E+00    0.0000000000E+00    0.0000000000E+00    0.0000000000E+00    0.0000000000E+00    0.1059939679E-13    0.1059939680E-13    0.9999977778E+00    0.9999977778E+00
    2    0.4650000000E+01   -0.5805696766E+00   -0.6966836119E+00    0.1505130009E+00    0.0000000000E+00    0.0000000000E+00    0.0000000000E+00    0.0000000000E+00    0.0000000000E+00    0.0000000000E+00    0.6953733839E-14    0.6953733874E-14    0.9999971472E+00    0.9999971472E+00
    3    0.4650000000E+01   -0.5805696766E+00    0.1161139353E+00    0.5024817287E+00    0.0000000000E+00    0.0000000000E+00    0.0000000000E+00    0.0000000000E+00    0.0000000000E+00    0.0000000000E+00    0.1216261515E-13    0.1216261541E-13    0.9999980503E+00    0.9999980503E+00
    4    0.4650000000E+01    0.2322278706E+00    0.1161139353E+00    0.5367660060E+00    0.0000000000E+00    0.0000000000E+00    0.0000000000E+00    0.0000000000E+00    0.0000000000E+00    0.0000000000E+00    0.8568722786E-14    0.8570352472E-14    0.9999980004E+00    0.9999980004E+00
    5    0.4650000000E+01   -0.5805696766E+00    0.1161139353E+00   -0.3526241820E+00    0.0000000000E+00    0.0000000000E+00    0.0000000000E+00    0.0000000000E+00    0.0000000000E+00    0.0000000000E+00    0.2348037191E-13    0.2348037331E-13    0.9999977438E+00    0.9999977438E+00
    6    0.4650000000E+01    0.2322278706E+00   -0.6966836119E+00   -0.2408956390E+00    0.0000000000E+00    0.0000000000E+00    0.0000000000E+00    0.0000000000E+00    0.0000000000E+00    0.0000000000E+00    0.9466498806E-14    0.9466498813E-14    0.9999972806E+00    0.9999972806E+00
    7    0.4650000000E+01   -0.5805696766E+00   -0.6966836119E+00   -0.2626860619E+00    0.0000000000E+00    0.0000000000E+00    0.0000000000E+00    0.0000000000E+00    0.0000000000E+00    0.0000000000E+00    0.6422804001E-14    0.6422804019E-14    0.9999978807E+00    0.9999978807E+00
    8    0.4650000000E+01    0.2322278706E+00    0.1161139353E+00   -0.2916016098E+00    0.0000000000E+00    0.0000000000E+00    0.0000000000E+00    0.0000000000E+00    0.0000000000E+00    0.0000000000E+00    0.6563353726E-13    0.6563386659E-13    0.9999975894E+00    0.9999975894E+00
    1    0.4908333333E+01    0.2322278706E+00   -0.6966836119E+00    0.2389462192E+00    0.0000000000E+00    0.0000000000E+00    0.0000000000E+00    0.0000000000E+00    0.0000000000E+00    0.0000000000E+00    0.9027768396E-14    0.9027768489E-14    0.9999974363E+00    0.9999974363E+00
    2    0.4908333333E+01   -0.5805696766E+00   -0.6966836119E+00    0.3760378775E+00    0.0000000000E+00    0.0000000000E+00    0.0000000000E+00    0.0000000000E+00    0.0000000000E+00    0.0000000000E+00    0.3914179755E-13    0.3914179788E-13    0.9999810806E+00    0.9999810806E+00
    3    0.4908333333E+01   -0.5805696766E+00    0.1161139353E+00    0.5691172549E+00    0.0000000000E+00    0.0000000000E+00    0.0000000000E+00    0.0000000000E+00    0.0000000000E+00    0.0000000000E+00    0.3842751658E-13    0.3842787549E-13    0.9999973468E+00    0.9999973468E+00
    4    0.4908333333E+01    0.2322278706E+00    0.1161139353E+00   -0.5492579414E+00    0.0000000000E+00    0.0000000000E+00    0.0000000000E+00    0.0000000000E+00    0.0000000000E+00    0.0000000000E+00    0.3900111651E-14    0.3900111717E-14    0.9999978229E+00    0.9999978229E+00
    5    0.4908333333E+01    0.2322278706E+00   -0.6966836119E+00   -0.1617197139E+00    0.0000000000E+00    0.0000000000E+00    0.0000000000E+00    0.0000000000E+00    0.0000000000E+00    0.0000000000E+00    0.9105754572E-14    0.9105754579E-14    0.9999976177E+00    0.9999976177E+00
    6    0.4908333333E+01   -0.5805696766E+00    0.1161139353E+00   -0.2558051053E+00    0.0000000000E+00    0.0000000000E+00    0.0000000000E+00    0.0000000000E+00    0.0000000000E+00    0.0000000000E+00    0.1685656914E-12    0.1685657057E-12    0.9999960294E+00    0.9999960294E+00
    7    0.4908333333E+01    0.2322278706E+00    0.1161139353E+00   -0.1956436627E+00    0.0000000000E+00    0.0000000000E+00    0.0000000000E+00    0.0000000000E+00    0.0000000000E+00    0.0000000000E+00    0.2273056325E-14    0.2273056576E-14    0.9999962338E+00    0.9999962338E+00
    8    0.4908333333E+01   -0.5805696766E+00   -0.6966836119E+00   -0.1956023277E+00    0.0000000000E+00    0.0000000000E+00    0.0000000000E+00    0.0000000000E+00    0.0000000000E+00    0.0000000000E+00    0.2963207586E-13    0.2963207587E-13    0.9999976344E+00    0.9999976344E+00
    1    0.5166666667E+01    0.2322278706E+00   -0.6966836119E+00    0.3301288637E+00    0.0000000000E+00    0.0000000000E+00    0.0000000000E+00    0.0000000000E+00    0.0000000000E+00    0.0000000000E+00    0.1327667551E-13    0.1327667552E-13    0.9999964484E+00    0.9999964484E+00
    2    0.5166666667E+01   -0.5805696766E+00   -0.6966836119E+00    0.5213368698E+00    0.0000000000E+00    0.0000000000E+00    0.0000000000E+00    0.0000000000E+00    0.0000000000E+00    0.0000000000E+00    0.3299960983E-14    0.3299961026E-14    0.9999970293E+00    0.9999970293E+00
    3    0.5166666667E+01    0.2322278706E+00    0.1161139353E+00   -0.4805020957E+00    0.0000000000E+00    0.0000000000E+00    0.0000000000E+00    0.0000000000E+00    0.0000000000E+00    0.0000000000E+00    0.1369716577E-14    0.1369716579E-14    0.9999975351E+00    0.9999975351E+00
    4    0.5166666667E+01   -0.5805696766E+00    0.1161139353E+00   -0.4939474304E+00    0.0000000000E+00    0.0000000000E+00    0.0000000000E+00    0.0000000000E+00    0.0000000000E+00    0.0000000000E+00    0.1259428343E-13    0.1259428467E-13    0.9999964885E+00    0.9999964885E+00
    5    0.5166666667E+01   -0.5805696766E+00    0.1161139353E+00    0.5817389038E-01    0.0000000000E+00    0.0000000000E+00    0.0000000000E+00    0.0000000000E+00    0.0000000000E+00    0.0000000000E+00    0.3847098756E-11    0.3847098763E-11    0.9999943906E+00    0.9999943906E+00
    6    0.5166666667E+01    0.2322278706E+00   -0.6966836119E+00   -0.9105986920E-01    0.0000000000E+00    0.0000000000E+00    0.0000000000E+00    0.0000000000E+00    0.0000000000E+00    0.0000000000E+00    0.6714355481E-14    0.6714355485E-14    0.9999976481E+00    0.9999976481E+00
    7    0.5166666667E+01   -0.5805696766E+00   -0.6966836119E+00   -0.1269801110E+00    0.0000000000E+00    0.0000000000E+00    0.0000000000E+00    0.0000000000E+00    0.0000000000E+00    0.0000000000E+00    0.2943627014E-13    0.2943627014E-13    0.9999975800E+00    0.9999975800E+00
    1    0.5425000000E+01    0.2322278706E+00   -0.6966836119E+00    0.4301441133E+00    0.0000000000E+00    0.0000000000E+00    0.0000000000E+00    0.0000000000E+00    0.0000000000E+00    0.0000000000E+00    0.9390271228E-14    0.9390271260E-14    0.9999968717E+00    0.9999968717E+00
    2    0.5425000000E+01   -0.5805696766E+00   -0.6966836119E+00   -0.5470843564E+00    0.0000000000E+00    0.0000000000E+00    0.0000000000E+00    0.0000000000E+00    0.0000000000E+00    0.0000000000E+00    0.3089833437E-13    0.3089833437E-13    0.9999971601E+00    0.9999971601E+00
    3    0.5425000000E+01    0.2322278706E+00    0.1161139353E+00   -0.4028175035E+00    0.0000000000E+00    0.0000000000E+00    0.0000000000E+00    0.0000000000E+00    0.0000000000E+00    0.0000000000E+00    0.2688429489E-17    0.2688460039E-17    0.9999970076E+00    0.9999970076E+00
    4    0.5425000000E+01   -0.5805696766E+00    0.1161139353E+00   -0.3612413218E+00    0.0000000000E+00    0.0000000000E+00    0.0000000000E+00    0.0000000000E+00    0.0000000000E+00    0.0000000000E+00    0.1796334795E-14    0.1796334795E-14    0.9999940699E+00    0.9999940699E+00
    5    0.5425000000E+01   -0.5805696766E+00    0.1161139353E+00    0.1534279554E+00    0.0000000000E+00    0.0000000000E+00    0.0000000000E+00    0.0000000000E+00    0.0000000000E+00    0.0000000000E+00    0.2808282940E-13    0.2808282940E-13    0.9999975169E+00    0.9999975169E+00
    6    0.5425000000E+01    0.2322278706E+00   -0.6966836119E+00   -0.2177836219E-01    0.0000000000E+00    0.0000000000E+00    0.0000000000E+00    0.0000000000E+00    0.0000000000E+00    0.0000000000E+00    0.3081785893E-13    0.3081785893E-13    0.9999974761E+00    0.9999974761E+00
    7    0.5425000000E+01   -0.5805696766E+00   -0.6966836119E+00   -0.4091640442E-01    0.0000000000E+00    0.0000000000E+00    0.0000000000E+00    0.0000000000E+00    0.0000000000E+00    0.0000000000E+00    0.2273438608E-11    0.2273438608E-11    0.9999954448E+00    0.9999954448E+00
    1    0.5683333333E+01    0.2322278706E+00   -0.6966836119E+00    0.5101158199E+00    0.0000000000E+00    0.0000000000E+00    0.0000000000E+00    0.0000000000E+00    0.0000000000E+00    0.0000000000E+00    0.3572043881E-13    0.3572043881E-13    0.9999971324E+00    0.9999971324E+00
    2    0.5683333333E+01   -0.5805696766E+00   -0.6966836119E+00   -0.4614746560E+00    0.0000000000E+00    0.0000000000E+00    0.0000000000E+00    0.0000000000E+00    0.0000000000E+00    0.0000000000E+00    0.7936890914E-15    0.7936890929E-15    0.9999964572E+00    0.9999964572E+00
    3    0.5683333333E+01    0.2322278706E+00    0.1161139353E+00   -0.3103655886E+00    0.0000000000E+00    0.0000000000E+00    0.0000000000E+00    0.0000000000E+00    0.0000000000E+00    0.0000000000E+00    0.1109602696E-13    0.1109603084E-13    0.9999961444E+00    0.9999961444E+00
    4    0.5683333333E+01   -0.5805696766E+00    0.1161139353E+00    0.2139684045E+00    0.0000000000E+00    0.0000000000E+00    0.0000000000E+00    0.0000000000E+00    0.0000000000E+00    0.0000000000E+00    0.3067867622E-12    0.3067867630E-12    0.9999976422E+00    0.9999976422E+00
    5    0.5683333333E+01   -0.5805696766E+00    0.1161139353E+00   -0.1412571148E+00    0.0000000000E+00    0.0000000000E+00    0.0000000000E+00    0.0000000000E+00    0.0000000000E+00    0.0000000000E+00    0.3561940132E-11    0.3561940132E-11    0.9999851411E+00    0.9999851411E+00
    6    0.5683333333E+01    0.2322278706E+00   -0.6966836119E+00    0.5012684413E-01    0.0000000000E+00    0.0000000000E+00    0.0000000000E+00    0.0000000000E+00    0.0000000000E+00    0.0000000000E+00    0.3657549439E-13    0.3657549439E-13    0.9999971577E+00    0.9999971577E+00
    1    0.5941666667E+01    0.2322278706E+00   -0.6966836119E+00   -0.5594008008E+00    0.0000000000E+00    0.0000000000E+00    0.0000000000E+00    0.0000000000E+00    0.0000000000E+00    0.0000000000E+00    0.2923558145E-13    0.2923558145E-13    0.9999965854E+00    0.9999965854E+00
    2    0.5941666667E+01   -0.5805696766E+00   -0.6966836119E+00   -0.3389233384E+00    0.0000000000E+00    0.0000000000E+00    0.0000000000E+00    0.0000000000E+00    0.0000000000E+00    0.0000000000E+00    0.2444010833E-11    0.2444010833E-11    0.9999928856E+00    0.9999928856E+00
    3    0.5941666667E+01    0.2322278706E+00    0.1161139353E+00   -0.1864713565E+00    0.0000000000E+00    0.0000000000E+00    0.0000000000E+00    0.0000000000E+00    0.0000000000E+00    0.0000000000E+00    0.3078384986E-14    0.3078384986E-14    0.9999937961E+00    0.9999937961E+00
    4    0.5941666667E+01   -0.5805696766E+00    0.1161139353E+00    0.2657878135E+00    0.0000000000E+00    0.0000000000E+00    0.0000000000E+00    0.0000000000E+00    0.0000000000E+00    0.0000000000E+00    0.2782643592E-14    0.2782643592E-14    0.9999980801E+00    0.9999980801E+00
    5    0.5941666667E+01    0.2322278706E+00   -0.6966836119E+00    0.1326663507E+00    0.0000000000E+00    0.0000000000E+00    0.0000000000E+00    0.0000000000E+00    0.0000000000E+00    0.0000000000E+00    0.1542437772E-13    0.1542437772E-13    0.9999964087E+00    0.9999964087E+00
    6    0.5941666667E+01   -0.5805696766E+00   -0.6966836119E+00    0.1103687873E+00    0.0000000000E+00    0.0000000000E+00    0.0000000000E+00    0.0000000000E+00    0.0000000000E+00    0.0000000000E+00    0.2856279470E-11    0.2856279470E-11    0.9999921163E+00    0.9999921163E+00
    1    0.6200000000E+01    0.2322278706E+00   -0.6966836119E+00   -0.4482009607E+00    0.0000000000E+00    0.0000000000E+00    0.0000000000E+00    0.0000000000E+00    0.0000000000E+00    0.0000000000E+00    0.3084619906E-11    0.3084619906E-11    0.9999932687E+00    0.9999932687E+00
    2    0.6200000000E+01    0.2322278706E+00    0.1161139353E+00    0.7507998791E-01    0.0000000000E+00    0.0000000000E+00    0.0000000000E+00    0.0000000000E+00    0.0000000000E+00    0.0000000000E+00    0.2851395669E-11    0.2851395669E-11    0.9999945292E+00    0.9999945292E+00
    3    0.6200000000E+01   -0.5805696766E+00    0.1161139353E+00    0.3133189570E+00    0.0000000000E+00    0.0000000000E+00    0.0000000000E+00    0.0000000000E+00    0.0000000000E+00    0.0000000000E+00    0.4117420611E-15    0.4117420613E-15    0.9999981129E+00    0.9999981129E+00
    4    0.6200000000E+01    0.2322278706E+00   -0.6966836119E+00    0.2500822811E+00    0.0000000000E+00    0.0000000000E+00    0.0000000000E+00    0.0000000000E+00    0.0000000000E+00    0.0000000000E+00    0.3077636441E-11    0.3077636441E-11    0.9999929697E+00    0.9999929697E+00
    1    0.6458333333E+01   -0.5805696766E+00    0.1161139353E+00    0.3588600002E+00    0.0000000000E+00    0.0000000000E+00    0.0000000000E+00    0.0000000000E+00    0.0000000000E+00    0.0000000000E+00    0.5442936770E-19    0.5442936809E-19    0.9999980893E+00    0.9999980893E+00
    2    0.6458333333E+01    0.2322278706E+00    0.1161139353E+00    0.1627583949E+00    0.0000000000E+00    0.0000000000E+00    0.0000000000E+00    0.0000000000E+00    0.0000000000E+00    0.0000000000E+00    0.2168995479E-13    0.2168995479E-13    0.9999971614E+00    0.9999971614E+00
    1    0.6716666667E+01   -0.5805696766E+00    0.1161139353E+00    0.4036257124E+00    0.0000000000E+00    0.0000000000E+00    0.0000000000E+00    0.0000000000E+00    0.0000000000E+00    0.0000000000E+00    0.2943217630E-16    0.2943218407E-16    0.9999980278E+00    0.9999980278E+00
    2    0.6716666667E+01    0.2322278706E+00    0.1161139353E+00    0.2222012124E+00    0.0000000000E+00    0.0000000000E+00    0.0000000000E+00    0.0000000000E+00    0.0000000000E+00    0.0000000000E+00    0.5177805932E-14    0.5177808524E-14    0.9999976054E+00    0.9999976054E+00
    1    0.6975000000E+01   -0.5805696766E+00    0.1161139353E+00    0.4484134141E+00    0.0000000000E+00    0.0000000000E+00    0.0000000000E+00    0.0000000000E+00    0.0000000000E+00    0.0000000000E+00    0.6978416536E-15    0.6978416536E-15    0.9999979368E+00    0.9999979368E+00
    2    0.6975000000E+01    0.2322278706E+00    0.1161139353E+00    0.2736523263E+00    0.0000000000E+00    0.0000000000E+00    0.0000000000E+00    0.0000000000E+00    0.0000000000E+00    0.0000000000E+00    0.6552863592E-14    0.6552863592E-14    0.9999977360E+00    0.9999977360E+00
    1    0.7233333333E+01   -0.5805696766E+00    0.1161139353E+00    0.4937937743E+00    0.0000000000E+00    0.0000000000E+00    0.0000000000E+00    0.0000000000E+00    0.0000000000E+00    0.0000000000E+00    0.1449036417E-14    0.1449036417E-14    0.9999978216E+00    0.9999978216E+00
    2    0.7233333333E+01    0.2322278706E+00    0.1161139353E+00    0.3219631474E+00    0.0000000000E+00    0.0000000000E+00    0.0000000000E+00    0.0000000000E+00    0.0000000000E+00    0.0000000000E+00    0.1566549478E-14    0.1566549478E-14    0.9999977371E+00    0.9999977371E+00
    1    0.7491666667E+01   -0.5805696766E+00    0.1161139353E+00    0.5401833621E+00    0.0000000000E+00    0.0000000000E+00    0.0000000000E+00    0.0000000000E+00    0.0000000000E+00    0.0000000000E+00    0.5747422744E-15    0.5747422745E-15    0.9999976858E+00    0.9999976858E+00
    2    0.7491666667E+01    0.2322278706E+00    0.1161139353E+00    0.3694540708E+00    0.0000000000E+00    0.0000000000E+00    0.0000000000E+00    0.0000000000E+00    0.0000000000E+00    0.0000000000E+00    0.2513042191E-16    0.2513042191E-16    0.9999976550E+00    0.9999976550E+00
    1    0.7750000000E+01   -0.5805696766E+00    0.1161139353E+00   -0.5617924339E+00    0.0000000000E+00    0.0000000000E+00    0.0000000000E+00    0.0000000000E+00    0.0000000000E+00    0.0000000000E+00    0.1225692837E-13    0.1225692837E-13    0.9999975250E+00    0.9999975250E+00
    2    0.7750000000E+01    0.2322278706E+00    0.1161139353E+00    0.4177146237E+00    0.0000000000E+00    0.0000000000E+00    0.0000000000E+00    0.0000000000E+00    0.0000000000E+00    0.0000000000E+00    0.6160800118E-17    0.6160801319E-17    0.9999974986E+00    0.9999974986E+00
    3    0.7750000000E+01   -0.5805696766E+00   -0.6966836119E+00    0.1586284548E+00    0.0000000000E+00    0.0000000000E+00    0.0000000000E+00    0.0000000000E+00    0.0000000000E+00    0.0000000000E+00    0.1718482557E-11    0.1718482557E-11    0.9999823316E+00    0.9999823316E+00
    1    0.8008333333E+01   -0.5805696766E+00    0.1161139353E+00   -0.5127909355E+00    0.0000000000E+00    0.0000000000E+00    0.0000000000E+00    0.0000000000E+00    0.0000000000E+00    0.0000000000E+00    0.4178640990E-14    0.4178640990E-14    0.9999973915E+00    0.9999973915E+00
    2    0.8008333333E+01    0.2322278706E+00    0.1161139353E+00    0.4682029130E+00    0.0000000000E+00    0.0000000000E+00    0.0000000000E+00    0.0000000000E+00    0.0000000000E+00    0.0000000000E+00    0.2678296282E-15    0.2678296282E-15    0.9999972574E+00    0.9999972574E+00
    3    0.8008333333E+01   -0.5805696766E+00   -0.6966836119E+00    0.2990886555E+00    0.0000000000E+00    0.0000000000E+00    0.0000000000E+00    0.0000000000E+00    0.0000000000E+00    0.0000000000E+00    0.4798085932E-13    0.4798085932E-13    0.9999954992E+00    0.9999954992E+00
    1    0.8266666667E+01   -0.5805696766E+00    0.1161139353E+00   -0.4626553178E+00    0.0000000000E+00    0.0000000000E+00    0.0000000000E+00    0.0000000000E+00    0.0000000000E+00    0.0000000000E+00    0.1016110950E-13    0.1016110950E-13    0.9999972500E+00    0.9999972500E+00
    2    0.8266666667E+01    0.2322278706E+00    0.1161139353E+00    0.5226158479E+00    0.0000000000E+00    0.0000000000E+00    0.0000000000E+00    0.0000000000E+00    0.0000000000E+00    0.0000000000E+00    0.1125360769E-14    0.1125360769E-14    0.9999969001E+00    0.9999969001E+00
    3    0.8266666667E+01   -0.5805696766E+00   -0.6966836119E+00    0.3726101676E+00    0.0000000000E+00    0.0000000000E+00    0.0000000000E+00    0.0000000000E+00    0.0000000000E+00    0.0000000000E+00    0.3331053244E-15    0.3331053245E-15    0.9999964191E+00    0.9999964191E+00
    1    0.8525000000E+01    0.2322278706E+00   -0.6966836119E+00   -0.8545507632E-01    0.0000000000E+00    0.0000000000E+00    0.0000000000E+00    0.0000000000E+00    0.0000000000E+00    0.0000000000E+00    0.1966413226E-10    0.1966413226E-10    0.9999852411E+00    0.9999852411E+00
    2    0.8525000000E+01   -0.5805696766E+00    0.1161139353E+00   -0.4116328588E+00    0.0000000000E+00    0.0000000000E+00    0.0000000000E+00    0.0000000000E+00    0.0000000000E+00    0.0000000000E+00    0.2942148350E-14    0.2942148350E-14    0.9999971256E+00    0.9999971256E+00
    3    0.8525000000E+01    0.2322278706E+00    0.1161139353E+00   -0.5666101871E+00    0.0000000000E+00    0.0000000000E+00    0.0000000000E+00    0.0000000000E+00    0.0000000000E+00    0.0000000000E+00    0.1740417684E-12    0.1740418169E-12    0.9999962476E+00    0.9999962476E+00
    4    0.8525000000E+01   -0.5805696766E+00   -0.6966836119E+00    0.4354786261E+00    0.0000000000E+00    0.0000000000E+00    0.0000000000E+00    0.0000000000E+00    0.0000000000E+00    0.0000000000E+00    0.2620814010E-14    0.2620814025E-14    0.9999965811E+00    0.9999965811E+00
    5    0.8525000000E+01    0.2322278706E+00   -0.6966836119E+00    0.4449799638E+00    0.0000000000E+00    0.0000000000E+00    0.0000000000E+00    0.0000000000E+00    0.0000000000E+00    0.0000000000E+00    0.6724342991E-12    0.6724342991E-12    0.9999947303E+00    0.9999947303E+00
    1    0.8783333333E+01   -0.5805696766E+00    0.1161139353E+00   -0.3601413718E+00    0.0000000000E+00    0.0000000000E+00    0.0000000000E+00    0.0000000000E+00    0.0000000000E+00    0.0000000000E+00    0.2320710824E-14    0.2320710824E-14    0.9999970246E+00    0.9999970246E+00
    2    0.8783333333E+01    0.2322278706E+00    0.1161139353E+00   -0.4962606029E+00    0.0000000000E+00    0.0000000000E+00    0.0000000000E+00    0.0000000000E+00    0.0000000000E+00    0.0000000000E+00    0.1397384874E-13    0.1397384874E-13    0.9999956005E+00    0.9999956005E+00
    3    0.8783333333E+01    0.2322278706E+00   -0.6966836119E+00    0.5214407190E+00    0.0000000000E+00    0.0000000000E+00    0.0000000000E+00    0.0000000000E+00    0.0000000000E+00    0.0000000000E+00    0.4298633535E-15    0.4298633535E-15    0.9999960135E+00    0.9999960135E+00
    4    0.8783333333E+01   -0.5805696766E+00   -0.6966836119E+00    0.4965851805E+00    0.0000000000E+00    0.0000000000E+00    0.0000000000E+00    0.0000000000E+00    0.0000000000E+00    0.0000000000E+00    0.2235741425E-14    0.2235741425E-14    0.9999964267E+00    0.9999964267E+00
    1    0.9041666667E+01   -0.5805696766E+00    0.1161139353E+00   -0.3086073982E+00    0.0000000000E+00    0.0000000000E+00    0.0000000000E+00    0.0000000000E+00    0.0000000000E+00    0.0000000000E+00    0.1630337935E-13    0.1630337935E-13    0.9999969457E+00    0.9999969457E+00
    2    0.9041666667E+01    0.2322278706E+00    0.1161139353E+00   -0.4125616646E+00    0.0000000000E+00    0.0000000000E+00    0.0000000000E+00    0.0000000000E+00    0.0000000000E+00    0.0000000000E+00    0.1089053750E-13    0.1089053750E-13    0.9999945714E+00    0.9999945714E+00
    3    0.9041666667E+01    0.2322278706E+00   -0.6966836119E+00   -0.5613710883E+00    0.0000000000E+00    0.0000000000E+00    0.0000000000E+00    0.0000000000E+00    0.0000000000E+00    0.0000000000E+00    0.4140656716E-14    0.4140656717E-14    0.9999961012E+00    0.9999961012E+00
    4    0.9041666667E+01   -0.5805696766E+00   -0.6966836119E+00    0.5610207837E+00    0.0000000000E+00    0.0000000000E+00    0.0000000000E+00    0.0000000000E+00    0.0000000000E+00    0.0000000000E+00    0.9958608522E-15    0.9958608530E-15    0.9999959658E+00    0.9999959658E+00
    1    0.9300000000E+01   -0.5805696766E+00    0.1161139353E+00   -0.2573416420E+00    0.0000000000E+00    0.0000000000E+00    0.0000000000E+00    0.0000000000E+00    0.0000000000E+00    0.0000000000E+00    0.1430899794E-13    0.1430899794E-13    0.9999968806E+00    0.9999968806E+00
    2    0.9300000000E+01    0.2322278706E+00    0.1161139353E+00   -0.3149745375E+00    0.0000000000E+00    0.0000000000E+00    0.0000000000E+00    0.0000000000E+00    0.0000000000E+00    0.0000000000E+00    0.6434169106E-13    0.6434169106E-13    0.9999937944E+00    0.9999937944E+00
    3    0.9300000000E+01   -0.5805696766E+00   -0.6966836119E+00   -0.5139918807E+00    0.0000000000E+00    0.0000000000E+00    0.0000000000E+00    0.0000000000E+00    0.0000000000E+00    0.0000000000E+00    0.2497641716E-15    0.2497641716E-15    0.9999948990E+00    0.9999948990E+00
    4    0.9300000000E+01    0.2322278706E+00   -0.6966836119E+00   -0.4946245031E+00    0.0000000000E+00    0.0000000000E+00    0.0000000000E+00    0.0000000000E+00    0.0000000000E+00    0.0000000000E+00    0.1336712262E-14    0.1336712262E-14    0.9999957910E+00    0.9999957910E+00
    1    0.9558333333E+01   -0.5805696766E+00   -0.6966836119E+00   -0.4084447793E+00    0.0000000000E+00    0.0000000000E+00    0.0000000000E+00    0.0000000000E+00    0.0000000000E+00    0.0000000000E+00    0.1574866489E-14    0.1574866489E-14    0.9999907916E+00    0.9999907916E+00
    2    0.9558333333E+01    0.2322278706E+00   -0.6966836119E+00   -0.4208748806E+00    0.0000000000E+00    0.0000000000E+00    0.0000000000E+00    0.0000000000E+00    0.0000000000E+00    0.0000000000E+00    0.2958046015E-14    0.2958046015E-14    0.9999949471E+00    0.9999949471E+00
    3    0.9558333333E+01    0.2322278706E+00    0.1161139353E+00   -0.2145835060E+00    0.0000000000E+00    0.0000000000E+00    0.0000000000E+00    0.0000000000E+00    0.0000000000E+00    0.0000000000E+00    0.4350210240E-14    0.4350210240E-14    0.9999938907E+00    0.9999938907E+00
    4    0.9558333333E+01   -0.5805696766E+00    0.1161139353E+00   -0.2064533949E+00    0.0000000000E+00    0.0000000000E+00    0.0000000000E+00    0.0000000000E+00    0.0000000000E+00    0.0000000000E+00    0.9770887624E-15    0.9770887625E-15    0.9999968165E+00    0.9999968165E+00
    1    0.9816666667E+01    0.2322278706E+00   -0.6966836119E+00   -0.3262193314E+00    0.0000000000E+00    0.0000000000E+00    0.0000000000E+00    0.0000000000E+00    0.0000000000E+00    0.0000000000E+00    0.6256316174E-13    0.6256316174E-13    0.9999924956E+00    0.9999924956E+00
    2    0.9816666667E+01    0.2322278706E+00    0.1161139353E+00   -0.1201964414E+00    0.0000000000E+00    0.0000000000E+00    0.0000000000E+00    0.0000000000E+00    0.0000000000E+00    0.0000000000E+00    0.8051672065E-13    0.8051672065E-13    0.9999939552E+00    0.9999939552E+00
    3    0.9816666667E+01   -0.5805696766E+00    0.1161139353E+00   -0.1558234077E+00    0.0000000000E+00    0.0000000000E+00    0.0000000000E+00    0.0000000000E+00    0.0000000000E+00    0.0000000000E+00    0.3841004110E-14    0.3841004111E-14    0.9999967386E+00    0.9999967386E+00
    1    0.1007500000E+02    0.2322278706E+00   -0.6966836119E+00   -0.1246394233E+00    0.0000000000E+00    0.0000000000E+00    0.0000000000E+00    0.0000000000E+00    0.0000000000E+00    0.0000000000E+00    0.2759449751E-10    0.2759449751E-10    0.9999699762E+00    0.9999699762E+00
    2    0.1007500000E+02   -0.5805696766E+00    0.1161139353E+00   -0.1051033883E+00    0.0000000000E+00    0.0000000000E+00    0.0000000000E+00    0.0000000000E+00    0.0000000000E+00    0.0000000000E+00    0.3546697842E-14    0.3546697843E-14    0.9999966296E+00    0.9999966296E+00
    1    0.1033333333E+02   -0.5805696766E+00    0.1161139353E+00   -0.5356138513E-01    0.0000000000E+00    0.0000000000E+00    0.0000000000E+00    0.0000000000E+00    0.0000000000E+00    0.0000000000E+00    0.2890905441E-13    0.2890905441E-13    0.9999964368E+00    0.9999964368E+00
    1    0.1085000000E+02   -0.5805696766E+00    0.1161139353E+00    0.4921577150E-01    0.0000000000E+00    0.0000000000E+00    0.0000000000E+00    0.0000000000E+00    0.0000000000E+00    0.0000000000E+00    0.5928484921E-13    0.5928484921E-13    0.9999960065E+00    0.9999960065E+00
    2    0.1085000000E+02    0.2322278706E+00    0.1161139353E+00    0.1163573868E+00    0.0000000000E+00    0.0000000000E+00    0.0000000000E+00    0.0000000000E+00    0.0000000000E+00    0.0000000000E+00    0.1300077145E-12    0.1300077145E-12    0.9999944942E+00    0.9999944942E+00
    1    0.1110833333E+02    0.2322278706E+00   -0.6966836119E+00    0.4500161425E+00    0.0000000000E+00    0.0000000000E+00    0.0000000000E+00    0.0000000000E+00    0.0000000000E+00    0.0000000000E+00    0.2115919401E-13    0.2115919401E-13    0.9999927854E+00    0.9999927854E+00
    2    0.1110833333E+02   -0.5805696766E+00   -0.6966836119E+00    0.3089868968E+00   -0.5805696766E+00    0.9289114825E+00    0.3089868968E+00    0.2028278044E+01   -0.4793029081E+01   -0.2846387244E+01    0.4027812769E-12    0.4027812769E-12    0.9999877365E+00    0.9999877365E+00
    3    0.1110833333E+02    0.2322278706E+00    0.1161139353E+00    0.1898135581E+00    0.0000000000E+00    0.0000000000E+00    0.0000000000E+00    0.0000000000E+00    0.0000000000E+00    0.0000000000E+00    0.9312630859E-19    0.9312632133E-19    0.9999947951E+00    0.9999947951E+00
    4    0.1110833333E+02   -0.5805696766E+00    0.1161139353E+00    0.1057896026E+00    0.0000000000E+00    0.0000000000E+00    0.0000000000E+00    0.0000000000E+00    0.0000000000E+00    0.0000000000E+00    0.2248864167E-14    0.2248864167E-14    0.9999957974E+00    0.9999957974E+00
    1    0.1136666667E+02   -0.5805696766E+00    0.1161139353E+00    0.1649954133E+00    0.0000000000E+00    0.0000000000E+00    0.0000000000E+00    0.0000000000E+00    0.0000000000E+00    0.0000000000E+00    0.2338817631E-14    0.2338879754E-14    0.9999954527E+00    0.9999954527E+00
    2    0.1136666667E+02    0.2322278706E+00    0.1161139353E+00    0.2605987967E+00    0.0000000000E+00    0.0000000000E+00    0.0000000000E+00    0.0000000000E+00    0.0000000000E+00    0.0000000000E+00    0.9832527609E-14    0.9832528249E-14    0.9999947424E+00    0.9999947424E+00
    3    0.1136666667E+02    0.2322278706E+00   -0.6966836119E+00    0.5326390538E+00    0.0000000000E+00    0.0000000000E+00    0.0000000000E+00    0.0000000000E+00    0.0000000000E+00    0.0000000000E+00    0.1107770498E-14    0.1108074220E-14    0.9999946341E+00    0.9999946341E+00
    4    0.1136666667E+02   -0.5805696766E+00   -0.6966836119E+00    0.4269099484E+00    0.0000000000E+00    0.0000000000E+00    0.0000000000E+00    0.0000000000E+00    0.0000000000E+00    0.0000000000E+00    0.1042191089E-13    0.1042191098E-13    0.9999932137E+00    0.9999932137E+00
    1    0.1162500000E+02   -0.5805696766E+00    0.1161139353E+00    0.2279058332E+00    0.0000000000E+00    0.0000000000E+00    0.0000000000E+00    0.0000000000E+00    0.0000000000E+00    0.0000000000E+00    0.5748194268E-14    0.5748194268E-14    0.9999950446E+00    0.9999950446E+00
    2    0.1162500000E+02    0.2322278706E+00    0.1161139353E+00    0.3308572218E+00    0.0000000000E+00    0.0000000000E+00    0.0000000000E+00    0.0000000000E+00    0.0000000000E+00    0.0000000000E+00    0.1023452211E-13    0.1023452211E-13    0.9999946597E+00    0.9999946597E+00
    3    0.1162500000E+02    0.2322278706E+00   -0.6966836119E+00   -0.5501876495E+00    0.0000000000E+00    0.0000000000E+00    0.0000000000E+00    0.0000000000E+00    0.0000000000E+00    0.0000000000E+00    0.1052752715E-14    0.1052752715E-14    0.9999952145E+00    0.9999952145E+00
    4    0.1162500000E+02   -0.5805696766E+00   -0.6966836119E+00    0.5072263040E+00    0.0000000000E+00    0.0000000000E+00    0.0000000000E+00    0.0000000000E+00    0.0000000000E+00    0.0000000000E+00    0.2929195684E-14    0.2929195685E-14    0.9999944445E+00    0.9999944445E+00
    1    0.1188333333E+02   -0.5805696766E+00    0.1161139353E+00    0.2948359790E+00    0.0000000000E+00    0.0000000000E+00    0.0000000000E+00    0.0000000000E+00    0.0000000000E+00    0.0000000000E+00    0.1795902032E-13    0.1795902032E-13    0.9999946332E+00    0.9999946332E+00
    2    0.1188333333E+02    0.2322278706E+00    0.1161139353E+00    0.4003173174E+00    0.0000000000E+00    0.0000000000E+00    0.0000000000E+00    0.0000000000E+00    0.0000000000E+00    0.0000000000E+00    0.1177925547E-14    0.1177925547E-14    0.9999946328E+00    0.9999946328E+00
    3    0.1188333333E+02    0.2322278706E+00   -0.6966836119E+00   -0.4896339170E+00    0.0000000000E+00    0.0000000000E+00    0.0000000000E+00    0.0000000000E+00    0.0000000000E+00    0.0000000000E+00    0.3034492691E-15    0.3034492691E-15    0.9999953968E+00    0.9999953968E+00
    4    0.1188333333E+02   -0.5805696766E+00   -0.6966836119E+00   -0.5734435966E+00    0.0000000000E+00    0.0000000000E+00    0.0000000000E+00    0.0000000000E+00    0.0000000000E+00    0.0000000000E+00    0.9468950408E-13    0.9468950408E-13    0.9999948136E+00    0.9999948136E+00
    1    0.1214166667E+02   -0.5805696766E+00    0.1161139353E+00    0.3650379878E+00    0.0000000000E+00    0.0000000000E+00    0.0000000000E+00    0.0000000000E+00    0.0000000000E+00    0.0000000000E+00    0.1158217305E-14    0.1158217368E-14    0.9999943211E+00    0.9999943211E+00
    2    0.1214166667E+02    0.2322278706E+00    0.1161139353E+00    0.4683038674E+00    0.0000000000E+00    0.0000000000E+00    0.0000000000E+00    0.0000000000E+00    0.0000000000E+00    0.0000000000E+00    0.8257069122E-14    0.8257069122E-14    0.9999946489E+00    0.9999946489E+00
    3    0.1214166667E+02    0.2322278706E+00   -0.6966836119E+00   -0.4311874119E+00    0.0000000000E+00    0.0000000000E+00    0.0000000000E+00    0.0000000000E+00    0.0000000000E+00    0.0000000000E+00    0.3969499642E-16    0.3969499770E-16    0.9999953546E+00    0.9999953546E+00
    4    0.1214166667E+02   -0.5805696766E+00   -0.6966836119E+00   -0.5090198026E+00    0.0000000000E+00    0.0000000000E+00    0.0000000000E+00    0.0000000000E+00    0.0000000000E+00    0.0000000000E+00    0.2711030863E-16    0.2711568655E-16    0.9999949380E+00    0.9999949380E+00
    1    0.1240000000E+02   -0.5805696766E+00    0.1161139353E+00    0.4365579749E+00    0.0000000000E+00    0.0000000000E+00    0.0000000000E+00    0.0000000000E+00    0.0000000000E+00    0.0000000000E+00    0.3704422432E-14    0.3704422432E-14    0.9999941891E+00    0.9999941891E+00
    2    0.1240000000E+02    0.2322278706E+00    0.1161139353E+00    0.5347158287E+00    0.0000000000E+00    0.0000000000E+00    0.0000000000E+00    0.0000000000E+00    0.0000000000E+00    0.0000000000E+00    0.1724771034E-14    0.1724771034E-14    0.9999946431E+00    0.9999946431E+00
    3    0.1240000000E+02    0.2322278706E+00   -0.6966836119E+00   -0.3722819406E+00    0.0000000000E+00    0.0000000000E+00    0.0000000000E+00    0.0000000000E+00    0.0000000000E+00    0.0000000000E+00    0.2236968139E-17    0.2236968157E-17    0.9999951237E+00    0.9999951237E+00
    4    0.1240000000E+02   -0.5805696766E+00   -0.6966836119E+00   -0.4454331737E+00    0.0000000000E+00    0.0000000000E+00    0.0000000000E+00    0.0000000000E+00    0.0000000000E+00    0.0000000000E+00    0.7930331705E-16    0.7930332072E-16    0.9999947824E+00    0.9999947824E+00
    1    0.1265833333E+02   -0.5805696766E+00    0.1161139353E+00    0.5072506235E+00    0.0000000000E+00    0.0000000000E+00    0.0000000000E+00    0.0000000000E+00    0.0000000000E+00    0.0000000000E+00    0.1275110407E-15    0.1275110407E-15    0.9999941981E+00    0.9999941981E+00
    2    0.1265833333E+02    0.2322278706E+00    0.1161139353E+00   -0.5492848569E+00    0.0000000000E+00    0.0000000000E+00    0.0000000000E+00    0.0000000000E+00    0.0000000000E+00    0.0000000000E+00    0.1151443296E-13    0.1151443296E-13    0.9999945474E+00    0.9999945474E+00
    3    0.1265833333E+02    0.2322278706E+00   -0.6966836119E+00   -0.3104774061E+00    0.2322278706E+00   -0.6966836119E+00   -0.3104774061E+00   -0.9852346451E+00    0.4420733877E+01    0.2110986617E+01    0.3760858172E-15    0.3760858172E-15    0.9999946638E+00    0.9999946638E+00
    4    0.1265833333E+02   -0.5805696766E+00   -0.6966836119E+00   -0.3798542105E+00    0.0000000000E+00    0.0000000000E+00    0.0000000000E+00    0.0000000000E+00    0.0000000000E+00    0.0000000000E+00    0.1738061027E-17    0.1738061028E-17    0.9999943838E+00    0.9999943838E+00
    1    0.1291666667E+02   -0.5805696766E+00    0.1161139353E+00   -0.5746882870E+00    0.0000000000E+00    0.0000000000E+00    0.0000000000E+00    0.0000000000E+00    0.0000000000E+00    0.0000000000E+00    0.5947530724E-08    0.5947530724E-08    0.9996958153E+00    0.9996958153E+00
    2    0.1291666667E+02    0.2322278706E+00    0.1161139353E+00   -0.4831206136E+00    0.0000000000E+00    0.0000000000E+00    0.0000000000E+00    0.0000000000E+00    0.0000000000E+00    0.0000000000E+00    0.4729792922E-15    0.4729792922E-15    0.9999943093E+00    0.9999943093E+00
    3    0.1291666667E+02    0.2322278706E+00   -0.6966836119E+00   -0.2423772892E+00    0.0000000000E+00    0.0000000000E+00    0.0000000000E+00    0.0000000000E+00    0.0000000000E+00    0.0000000000E+00    0.2452889482E-14    0.2452889482E-14    0.9999938096E+00    0.9999938096E+00
    4    0.1291666667E+02   -0.5805696766E+00   -0.6966836119E+00   -0.3087823834E+00    0.0000000000E+00    0.0000000000E+00    0.0000000000E+00    0.0000000000E+00    0.0000000000E+00    0.0000000000E+00    0.1990315485E-14    0.1990315486E-14    0.9999935911E+00    0.9999935911E+00
    1    0.1317500000E+02   -0.5805696766E+00    0.1161139353E+00   -0.5055042733E+00    0.0000000000E+00    0.0000000000E+00    0.0000000000E+00    0.0000000000E+00    0.0000000000E+00    0.0000000000E+00    0.2054568784E-14    0.2054568784E-14    0.9999941338E+00    0.9999941338E+00
    2    0.1317500000E+02    0.2322278706E+00    0.1161139353E+00   -0.4140527244E+00    0.0000000000E+00    0.0000000000E+00    0.0000000000E+00    0.0000000000E+00    0.0000000000E+00    0.0000000000E+00    0.8779035967E-16    0.8779035968E-16    0.9999938049E+00    0.9999938049E+00
    3    0.1317500000E+02    0.2322278706E+00   -0.6966836119E+00   -0.1606090644E+00    0.0000000000E+00    0.0000000000E+00    0.0000000000E+00    0.0000000000E+00    0.0000000000E+00    0.0000000000E+00    0.1327789539E-13    0.1327789539E-13    0.9999918388E+00    0.9999918388E+00
    4    0.1317500000E+02   -0.5805696766E+00   -0.6966836119E+00   -0.2246514031E+00    0.0000000000E+00    0.0000000000E+00    0.0000000000E+00    0.0000000000E+00    0.0000000000E+00    0.0000000000E+00    0.6898790381E-14    0.6898790381E-14    0.9999916165E+00    0.9999916165E+00
    1    0.1343333333E+02    0.2322278706E+00   -0.6966836119E+00    0.3682723196E+00    0.0000000000E+00    0.0000000000E+00    0.0000000000E+00    0.0000000000E+00    0.0000000000E+00    0.0000000000E+00    0.3349422674E-10    0.3349422674E-10    0.9999589064E+00    0.9999589064E+00
    2    0.1343333333E+02   -0.5805696766E+00    0.1161139353E+00   -0.4368023720E+00    0.0000000000E+00    0.0000000000E+00    0.0000000000E+00    0.0000000000E+00    0.0000000000E+00    0.0000000000E+00    0.2015624817E-11    0.2015624817E-11    0.9999932612E+00    0.9999932612E+00
    3    0.1343333333E+02    0.2322278706E+00    0.1161139353E+00   -0.3379406435E+00    0.0000000000E+00    0.0000000000E+00    0.0000000000E+00    0.0000000000E+00    0.0000000000E+00    0.0000000000E+00    0.5718343743E-12    0.5718343781E-12    0.9999926911E+00    0.9999926911E+00
    4    0.1343333333E+02    0.2322278706E+00   -0.6966836119E+00   -0.9460255598E-01    0.0000000000E+00    0.0000000000E+00    0.0000000000E+00    0.0000000000E+00    0.0000000000E+00    0.0000000000E+00    0.4202705399E-10    0.4202705399E-10    0.9999591414E+00    0.9999591414E+00
    5    0.1343333333E+02   -0.5805696766E+00    0.1161139353E+00    0.1180643435E+00    0.0000000000E+00    0.0000000000E+00    0.0000000000E+00    0.0000000000E+00    0.0000000000E+00    0.0000000000E+00    0.7966101582E-10    0.7966101583E-10    0.9999570204E+00    0.9999570204E+00
    6    0.1343333333E+02    0.2322278706E+00    0.1161139353E+00    0.1164901311E+00    0.0000000000E+00    0.0000000000E+00    0.0000000000E+00    0.0000000000E+00    0.0000000000E+00    0.0000000000E+00    0.6191011255E-10    0.6191011300E-10    0.9999626193E+00    0.9999626193E+00
    1    0.1369166667E+02    0.2322278706E+00    0.1161139353E+00   -0.2434913723E+00    0.0000000000E+00    0.0000000000E+00    0.0000000000E+00    0.0000000000E+00    0.0000000000E+00    0.0000000000E+00    0.1166465136E-12    0.1166465137E-12    0.9999896574E+00    0.9999896574E+00
    2    0.1369166667E+02   -0.5805696766E+00    0.1161139353E+00   -0.3637570235E+00    0.0000000000E+00    0.0000000000E+00    0.0000000000E+00    0.0000000000E+00    0.0000000000E+00    0.0000000000E+00    0.5595107789E-12    0.5595107790E-12    0.9999929461E+00    0.9999929461E+00
    3    0.1369166667E+02    0.2322278706E+00   -0.6966836119E+00   -0.4697086277E+00    0.0000000000E+00    0.0000000000E+00    0.0000000000E+00    0.0000000000E+00    0.0000000000E+00    0.0000000000E+00    0.2700900307E-10    0.2700900307E-10    0.9999694691E+00    0.9999694691E+00
    4    0.1369166667E+02   -0.5805696766E+00   -0.6966836119E+00    0.5055422147E+00    0.0000000000E+00    0.0000000000E+00    0.0000000000E+00    0.0000000000E+00    0.0000000000E+00    0.0000000000E+00    0.3560649408E-10    0.3560649408E-10    0.9999729976E+00    0.9999729976E+00
    5    0.1369166667E+02   -0.5805696766E+00   -0.6966836119E+00   -0.5518346365E-01    0.0000000000E+00    0.0000000000E+00    0.0000000000E+00    0.0000000000E+00    0.0000000000E+00    0.0000000000E+00    0.1008921081E-08    0.1008921081E-08    0.9999254311E+00    0.9999254311E+00
    6    0.1369166667E+02   -0.5805696766E+00    0.1161139353E+00    0.3818249033E+00    0.0000000000E+00    0.0000000000E+00    0.0000000000E+00    0.0000000000E+00    0.0000000000E+00    0.0000000000E+00    0.1607683835E-11    0.1607683835E-11    0.9999816199E+00    0.9999816199E+00
    7    0.1369166667E+02    0.2322278706E+00    0.1161139353E+00    0.3787188093E+00    0.0000000000E+00    0.0000000000E+00    0.0000000000E+00    0.0000000000E+00    0.0000000000E+00    0.0000000000E+00    0.1185421269E-12    0.1185421272E-12    0.9999802135E+00    0.9999802135E+00
    8    0.1369166667E+02    0.2322278706E+00   -0.6966836119E+00    0.2900725724E+00    0.0000000000E+00    0.0000000000E+00    0.0000000000E+00    0.0000000000E+00    0.0000000000E+00    0.0000000000E+00    0.2769205518E-10    0.2769205518E-10    0.9999773132E+00    0.9999773132E+00
    9    0.1369166667E+02   -0.5805696766E+00   -0.6966836119E+00    0.9154680998E-01    0.0000000000E+00    0.0000000000E+00    0.0000000000E+00    0.0000000000E+00    0.0000000000E+00    0.0000000000E+00    0.4638109581E-09    0.4638109581E-09    0.9999488936E+00    0.9999488936E+00
   10    0.1369166667E+02   -0.5805696766E+00    0.1161139353E+00    0.2320524600E+00    0.0000000000E+00    0.0000000000E+00    0.0000000000E+00    0.0000000000E+00    0.0000000000E+00    0.0000000000E+00    0.2722406744E-11    0.2722406744E-11    0.9999733809E+00    0.9999733809E+00
   11    0.1369166667E+02   -0.5805696766E+00   -0.6966836119E+00    0.1816422012E+00    0.0000000000E+00    0.0000000000E+00    0.0000000000E+00    0.0000000000E+00    0.0000000000E+00    0.0000000000E+00    0.1881716163E-09    0.1881716163E-09    0.9999660550E+00    0.9999660550E+00
   12    0.1369166667E+02    0.2322278706E+00   -0.6966836119E+00    0.1573314539E+00    0.0000000000E+00    0.0000000000E+00    0.0000000000E+00    0.0000000000E+00    0.0000000000E+00    0.0000000000E+00    0.6014490187E-12    0.6014490187E-12    0.9999814648E+00    0.9999814648E+00
    1    0.1395000000E+02   -0.5805696766E+00    0.1161139353E+00   -0.2780229019E+00    0.0000000000E+00    0.0000000000E+00    0.0000000000E+00    0.0000000000E+00    0.0000000000E+00    0.0000000000E+00    0.2170814933E-12    0.2170814933E-12    0.9999910220E+00    0.9999910220E+00
    2    0.1395000000E+02    0.2322278706E+00    0.1161139353E+00   -0.5561480047E+00    0.0000000000E+00    0.0000000000E+00    0.0000000000E+00    0.0000000000E+00    0.0000000000E+00    0.0000000000E+00    0.6782792955E-11    0.6782792955E-11    0.9999797328E+00    0.9999797328E+00
    3    0.1395000000E+02   -0.5805696766E+00    0.1161139353E+00    0.5654568807E+00    0.0000000000E+00    0.0000000000E+00    0.0000000000E+00    0.0000000000E+00    0.0000000000E+00    0.0000000000E+00    0.7380967067E-11    0.7380967067E-11    0.9999826143E+00    0.9999826143E+00
    4    0.1395000000E+02    0.2322278706E+00   -0.6966836119E+00    0.4759634510E+00    0.0000000000E+00    0.0000000000E+00    0.0000000000E+00    0.0000000000E+00    0.0000000000E+00    0.0000000000E+00    0.2451585587E-10    0.2451585587E-10    0.9999661417E+00    0.9999661417E+00
    5    0.1395000000E+02   -0.5805696766E+00    0.1161139353E+00    0.4597010523E+00    0.0000000000E+00    0.0000000000E+00    0.0000000000E+00    0.0000000000E+00    0.0000000000E+00    0.0000000000E+00    0.4532717090E-12    0.4532717090E-12    0.9999808489E+00    0.9999808489E+00
    6    0.1395000000E+02   -0.5805696766E+00   -0.6966836119E+00    0.3461602678E+00    0.0000000000E+00    0.0000000000E+00    0.0000000000E+00    0.0000000000E+00    0.0000000000E+00    0.0000000000E+00    0.6436288097E-13    0.6436288098E-13    0.9999776291E+00    0.9999776291E+00
    7    0.1395000000E+02    0.2322278706E+00    0.1161139353E+00    0.3777127389E+00    0.0000000000E+00    0.0000000000E+00    0.0000000000E+00    0.0000000000E+00    0.0000000000E+00    0.0000000000E+00    0.1169472405E-11    0.1169472405E-11    0.9999771262E+00    0.9999771262E+00
    8    0.1395000000E+02    0.2322278706E+00   -0.6966836119E+00    0.3925104657E+00    0.2322278706E+00   -0.6966836119E+00    0.3925104657E+00   -0.1537261480E+01    0.5227291975E+00    0.8208582670E+00    0.1985153861E-10    0.1985153861E-10    0.9999680097E+00    0.9999680097E+00
    1    0.1420833333E+02   -0.5805696766E+00    0.1161139353E+00   -0.3992543487E+00    0.0000000000E+00    0.0000000000E+00    0.0000000000E+00    0.0000000000E+00    0.0000000000E+00    0.0000000000E+00    0.5328462512E-13    0.5328462512E-13    0.9999787321E+00    0.9999787321E+00
    2    0.1420833333E+02   -0.5805696766E+00    0.1161139353E+00   -0.3592815675E+00   -0.5805696766E+00    0.1161139353E+00   -0.3592815675E+00    0.3504183185E+00   -0.4421171527E+00    0.3166927935E+00    0.7123437007E-11    0.7123437007E-11    0.9998909202E+00    0.9998909202E+00
    3    0.1420833333E+02    0.2322278706E+00    0.1161139353E+00   -0.3252043470E+00    0.0000000000E+00    0.0000000000E+00    0.0000000000E+00    0.0000000000E+00    0.0000000000E+00    0.0000000000E+00    0.1428521372E-11    0.1428521372E-11    0.9999706168E+00    0.9999706168E+00
    1    0.1446666667E+02   -0.5805696766E+00    0.1161139353E+00   -0.1814378607E+00    0.0000000000E+00    0.0000000000E+00    0.0000000000E+00    0.0000000000E+00    0.0000000000E+00    0.0000000000E+00    0.1410834053E-12    0.1410834053E-12    0.9999768884E+00    0.9999768884E+00
