    1    0.2066666667E+01   -0.1161139353E+00    0.1161139353E+00    0.5677792645E-01    0.0000000000E+00    0.0000000000E+00    0.0000000000E+00    0.0000000000E+00    0.0000000000E+00    0.0000000000E+00    0.2810611503E-12    0.2810611503E-12    0.9999985867E+00    0.9999985867E+00
    1    0.2325000000E+01   -0.1161139353E+00    0.1161139353E+00   -0.9290267675E-01    0.0000000000E+00    0.0000000000E+00    0.0000000000E+00    0.0000000000E+00    0.0000000000E+00    0.0000000000E+00    0.2763251277E-11    0.2763251277E-11    0.9999946137E+00    0.9999946137E+00
    2    0.2325000000E+01   -0.1161139353E+00    0.1161139353E+00    0.1245323153E+00    0.0000000000E+00    0.0000000000E+00    0.0000000000E+00    0.0000000000E+00    0.0000000000E+00    0.0000000000E+00    0.2373026167E-12    0.2373026167E-12    0.9999989556E+00    0.9999989556E+00
    3    0.2325000000E+01   -0.1161139353E+00    0.1161139353E+00    0.2501475686E+00    0.0000000000E+00    0.0000000000E+00    0.0000000000E+00    0.0000000000E+00    0.0000000000E+00    0.0000000000E+00    0.1956263585E-11    0.1956263585E-11    0.9999969219E+00    0.9999969219E+00
    1    0.2583333333E+01   -0.1161139353E+00    0.1161139353E+00    0.3540079615E+00    0.0000000000E+00    0.0000000000E+00    0.0000000000E+00    0.0000000000E+00    0.0000000000E+00    0.0000000000E+00    0.8054002042E-16    0.8054002042E-16    0.9999987600E+00    0.9999987600E+00
    2    0.2583333333E+01   -0.1161139353E+00    0.1161139353E+00    0.1740650174E+00    0.0000000000E+00    0.0000000000E+00    0.0000000000E+00    0.0000000000E+00    0.0000000000E+00    0.0000000000E+00    0.1176070449E-14    0.1176070449E-14    0.9999992219E+00    0.9999992219E+00
    1    0.2841666667E+01   -0.1161139353E+00    0.1161139353E+00    0.4165067728E+00    0.0000000000E+00    0.0000000000E+00    0.0000000000E+00    0.0000000000E+00    0.0000000000E+00    0.0000000000E+00    0.1593133964E-15    0.1593133964E-15    0.9999989465E+00    0.9999989465E+00
    2    0.2841666667E+01   -0.1161139353E+00    0.1161139353E+00    0.2174651451E+00    0.0000000000E+00    0.0000000000E+00    0.0000000000E+00    0.0000000000E+00    0.0000000000E+00    0.0000000000E+00    0.1645860297E-14    0.1645860297E-14    0.9999992056E+00    0.9999992056E+00
    1    0.3100000000E+01   -0.1161139353E+00    0.1161139353E+00    0.4687547896E+00    0.0000000000E+00    0.0000000000E+00    0.0000000000E+00    0.0000000000E+00    0.0000000000E+00    0.0000000000E+00    0.7482048678E-15    0.7482048678E-15    0.9999989824E+00    0.9999989824E+00
    2    0.3100000000E+01   -0.1161139353E+00    0.1161139353E+00    0.2590053633E+00    0.0000000000E+00    0.0000000000E+00    0.0000000000E+00    0.0000000000E+00    0.0000000000E+00    0.0000000000E+00    0.6054668442E-14    0.6054668442E-14    0.9999991523E+00    0.9999991523E+00
    1    0.3358333333E+01   -0.1161139353E+00    0.1161139353E+00    0.5167446598E+00    0.0000000000E+00    0.0000000000E+00    0.0000000000E+00    0.0000000000E+00    0.0000000000E+00    0.0000000000E+00    0.1637789741E-14    0.1637793115E-14    0.9999989581E+00    0.9999989581E+00
    2    0.3358333333E+01   -0.1161139353E+00   -0.6966836119E+00   -0.2078116864E+00    0.0000000000E+00    0.0000000000E+00    0.0000000000E+00    0.0000000000E+00    0.0000000000E+00    0.0000000000E+00    0.1317156994E-10    0.1317156994E-10    0.9999909854E+00    0.9999909854E+00
    3    0.3358333333E+01   -0.1161139353E+00    0.1161139353E+00    0.3004557589E+00    0.0000000000E+00    0.0000000000E+00    0.0000000000E+00    0.0000000000E+00    0.0000000000E+00    0.0000000000E+00    0.6495778704E-14    0.6495778880E-14    0.9999990698E+00    0.9999990698E+00
    4    0.3358333333E+01   -0.1161139353E+00   -0.6966836119E+00    0.2836602702E+00    0.0000000000E+00    0.0000000000E+00    0.0000000000E+00    0.0000000000E+00    0.0000000000E+00    0.0000000000E+00    0.1316485577E-10    0.1316485577E-10    0.9999909331E+00    0.9999909331E+00
    1    0.3616666667E+01   -0.1161139353E+00    0.1161139353E+00    0.3431416233E+00    0.0000000000E+00    0.0000000000E+00    0.0000000000E+00    0.0000000000E+00    0.0000000000E+00    0.0000000000E+00    0.2655052763E-14    0.2655052763E-14    0.9999989543E+00    0.9999989543E+00
    2    0.3616666667E+01   -0.1161139353E+00   -0.6966836119E+00    0.5545612033E+00    0.0000000000E+00    0.0000000000E+00    0.0000000000E+00    0.0000000000E+00    0.0000000000E+00    0.0000000000E+00    0.1534670893E-10    0.1534670893E-10    0.9999875673E+00    0.9999875673E+00
    3    0.3616666667E+01    0.6966836119E+00    0.1161139353E+00    0.5574963636E+00    0.6966836119E+00    0.1161139353E+00   -0.5919729514E+00   -0.2007103223E+01    0.4833372865E+01   -0.3407372653E+01    0.2370994316E-10    0.2370994316E-10    0.9999853375E+00    0.9999853375E+00
    4    0.3616666667E+01   -0.1161139353E+00    0.1161139353E+00    0.5634643957E+00    0.0000000000E+00    0.0000000000E+00    0.0000000000E+00    0.0000000000E+00    0.0000000000E+00    0.0000000000E+00    0.2138393556E-13    0.2138393556E-13    0.9999988497E+00    0.9999988497E+00
    1    0.3875000000E+01   -0.1161139353E+00    0.1161139353E+00    0.3884683479E+00    0.0000000000E+00    0.0000000000E+00    0.0000000000E+00    0.0000000000E+00    0.0000000000E+00    0.0000000000E+00    0.3710901129E-15    0.3710901130E-15    0.9999987917E+00    0.9999987917E+00
    2    0.3875000000E+01   -0.1161139353E+00    0.1161139353E+00   -0.5401351979E+00    0.0000000000E+00    0.0000000000E+00    0.0000000000E+00    0.0000000000E+00    0.0000000000E+00    0.0000000000E+00    0.4230651606E-14    0.4230651606E-14    0.9999987881E+00    0.9999987881E+00
    3    0.3875000000E+01   -0.1161139353E+00   -0.6966836119E+00   -0.4536518859E+00    0.0000000000E+00    0.0000000000E+00    0.0000000000E+00    0.0000000000E+00    0.0000000000E+00    0.0000000000E+00    0.1692574057E-14    0.1692574057E-14    0.9999974893E+00    0.9999974893E+00
    4    0.3875000000E+01    0.6966836119E+00    0.1161139353E+00   -0.4491982156E+00    0.0000000000E+00    0.0000000000E+00    0.0000000000E+00    0.0000000000E+00    0.0000000000E+00    0.0000000000E+00    0.5030123538E-14    0.5030123538E-14    0.9999975207E+00    0.9999975207E+00
    1    0.4133333333E+01   -0.1161139353E+00    0.1161139353E+00    0.5145892187E-01    0.0000000000E+00    0.0000000000E+00    0.0000000000E+00    0.0000000000E+00    0.0000000000E+00    0.0000000000E+00    0.1560688458E-11    0.1560688458E-11    0.9999965730E+00    0.9999965730E+00
    2    0.4133333333E+01   -0.1161139353E+00    0.1161139353E+00    0.4384230426E+00    0.0000000000E+00    0.0000000000E+00    0.0000000000E+00    0.0000000000E+00    0.0000000000E+00    0.0000000000E+00    0.5426834727E-14    0.5426834729E-14    0.9999985473E+00    0.9999985473E+00
    3    0.4133333333E+01   -0.1161139353E+00   -0.6966836119E+00    0.4097064878E+00    0.0000000000E+00    0.0000000000E+00    0.0000000000E+00    0.0000000000E+00    0.0000000000E+00    0.0000000000E+00    0.2416248838E-09    0.2416248838E-09    0.9999649092E+00    0.9999649092E+00
    4    0.4133333333E+01   -0.1161139353E+00    0.1161139353E+00   -0.4916447468E+00    0.0000000000E+00    0.0000000000E+00    0.0000000000E+00    0.0000000000E+00    0.0000000000E+00    0.0000000000E+00    0.7445077983E-13    0.7445077984E-13    0.9999984920E+00    0.9999984920E+00
    5    0.4133333333E+01   -0.1161139353E+00   -0.6966836119E+00   -0.3962874769E+00    0.0000000000E+00    0.0000000000E+00    0.0000000000E+00    0.0000000000E+00    0.0000000000E+00    0.0000000000E+00    0.2496620753E-09    0.2496620753E-09    0.9999630614E+00    0.9999630614E+00
    6    0.4133333333E+01    0.6966836119E+00    0.1161139353E+00   -0.3644893006E+00    0.0000000000E+00    0.0000000000E+00    0.0000000000E+00    0.0000000000E+00    0.0000000000E+00    0.0000000000E+00    0.2543260607E-14    0.2543261842E-14    0.9999976532E+00    0.9999976532E+00
    7    0.4133333333E+01   -0.1161139353E+00   -0.6966836119E+00   -0.3684685459E+00    0.0000000000E+00    0.0000000000E+00    0.0000000000E+00    0.0000000000E+00    0.0000000000E+00    0.0000000000E+00    0.4725954363E-11    0.4725954363E-11    0.9999973237E+00    0.9999973237E+00
    1    0.4391666667E+01   -0.1161139353E+00    0.1161139353E+00   -0.4391325348E+00    0.0000000000E+00    0.0000000000E+00    0.0000000000E+00    0.0000000000E+00    0.0000000000E+00    0.0000000000E+00    0.7154544894E-14    0.7154545525E-14    0.9999984105E+00    0.9999984105E+00
    2    0.4391666667E+01   -0.1161139353E+00    0.1161139353E+00    0.4965532761E+00    0.0000000000E+00    0.0000000000E+00    0.0000000000E+00    0.0000000000E+00    0.0000000000E+00    0.0000000000E+00    0.1189433708E-13    0.1189433936E-13    0.9999981351E+00    0.9999981351E+00
    3    0.4391666667E+01    0.6966836119E+00    0.1161139353E+00    0.5370877485E+00    0.0000000000E+00    0.0000000000E+00    0.0000000000E+00    0.0000000000E+00    0.0000000000E+00    0.0000000000E+00    0.5934615480E-13    0.5938630884E-13    0.9999976894E+00    0.9999976894E+00
    4    0.4391666667E+01   -0.1161139353E+00   -0.6966836119E+00    0.5358639000E+00    0.0000000000E+00    0.0000000000E+00    0.0000000000E+00    0.0000000000E+00    0.0000000000E+00    0.0000000000E+00    0.8782922205E-14    0.8782936064E-14    0.9999977179E+00    0.9999977179E+00
    5    0.4391666667E+01    0.6966836119E+00   -0.6966836119E+00    0.1588158586E+00   -0.9289114825E+00   -0.6966836119E+00    0.1588158586E+00   -0.2814475095E+00    0.2790578925E+00    0.1527733422E+00    0.5162745780E-13    0.5162748709E-13    0.9999973570E+00    0.9999973570E+00
    6    0.4391666667E+01   -0.1161139353E+00    0.1161139353E+00    0.1315351450E+00    0.0000000000E+00    0.0000000000E+00    0.0000000000E+00    0.0000000000E+00    0.0000000000E+00    0.0000000000E+00    0.3415192796E-13    0.3415192817E-13    0.9999982360E+00    0.9999982360E+00
    7    0.4391666667E+01    0.6966836119E+00   -0.6966836119E+00    0.1132586868E+00    0.0000000000E+00    0.0000000000E+00    0.0000000000E+00    0.0000000000E+00    0.0000000000E+00    0.0000000000E+00    0.5069158715E-12    0.5069158738E-12    0.9999968016E+00    0.9999968016E+00
    8    0.4391666667E+01   -0.1161139353E+00   -0.6966836119E+00   -0.1885973383E+00    0.0000000000E+00    0.0000000000E+00    0.0000000000E+00    0.0000000000E+00    0.0000000000E+00    0.0000000000E+00    0.3405811005E-13    0.3405811064E-13    0.9999924937E+00    0.9999924937E+00
    9    0.4391666667E+01    0.6966836119E+00    0.1161139353E+00   -0.1905722912E+00    0.0000000000E+00    0.0000000000E+00    0.0000000000E+00    0.0000000000E+00    0.0000000000E+00    0.0000000000E+00    0.4142997017E-13    0.4143239282E-13    0.9999923784E+00    0.9999923784E+00
   10    0.4391666667E+01    0.6966836119E+00    0.1161139353E+00   -0.2927900662E+00    0.0000000000E+00    0.0000000000E+00    0.0000000000E+00    0.0000000000E+00    0.0000000000E+00    0.0000000000E+00    0.7673215154E-13    0.7673488946E-13    0.9999978050E+00    0.9999978050E+00
   11    0.4391666667E+01   -0.1161139353E+00   -0.6966836119E+00   -0.2952589772E+00    0.0000000000E+00    0.0000000000E+00    0.0000000000E+00    0.0000000000E+00    0.0000000000E+00    0.0000000000E+00    0.3876947677E-13    0.3876947961E-13    0.9999978491E+00    0.9999978491E+00
    1    0.4650000000E+01    0.6966836119E+00   -0.6966836119E+00    0.2356724339E+00    0.0000000000E+00    0.0000000000E+00    0.0000000000E+00    0.0000000000E+00    0.0000000000E+00    0.0000000000E+00    0.5378726058E-13    0.5378726058E-13    0.9999978868E+00    0.9999978868E+00
    2    0.4650000000E+01    0.6966836119E+00   -0.6966836119E+00    0.2026927431E+00    0.0000000000E+00    0.0000000000E+00    0.0000000000E+00    0.0000000000E+00    0.0000000000E+00    0.0000000000E+00    0.1081924514E-12    0.1081924514E-12    0.9999974252E+00    0.9999974252E+00
    3    0.4650000000E+01   -0.1161139353E+00    0.1161139353E+00    0.1850456779E+00    0.0000000000E+00    0.0000000000E+00    0.0000000000E+00    0.0000000000E+00    0.0000000000E+00    0.0000000000E+00    0.1495192638E-13    0.1495192638E-13    0.9999985391E+00    0.9999985391E+00
    4    0.4650000000E+01    0.6966836119E+00   -0.6966836119E+00    0.4876435235E+00    0.0000000000E+00    0.0000000000E+00    0.0000000000E+00    0.0000000000E+00    0.0000000000E+00    0.0000000000E+00    0.1367099901E-12    0.1367099901E-12    0.9999965529E+00    0.9999965529E+00
    5    0.4650000000E+01   -0.1161139353E+00    0.1161139353E+00   -0.3784164954E+00    0.0000000000E+00    0.0000000000E+00    0.0000000000E+00    0.0000000000E+00    0.0000000000E+00    0.0000000000E+00    0.1263453166E-13    0.1263453166E-13    0.9999978976E+00    0.9999978976E+00
    6    0.4650000000E+01   -0.1161139353E+00    0.1161139353E+00    0.5726717157E+00    0.0000000000E+00    0.0000000000E+00    0.0000000000E+00    0.0000000000E+00    0.0000000000E+00    0.0000000000E+00    0.1526799805E-11    0.1526799805E-11    0.9999960436E+00    0.9999960436E+00
    7    0.4650000000E+01    0.6966836119E+00    0.1161139353E+00   -0.5439360427E+00    0.0000000000E+00    0.0000000000E+00    0.0000000000E+00    0.0000000000E+00    0.0000000000E+00    0.0000000000E+00    0.2472060396E-14    0.2472060432E-14    0.9999980303E+00    0.9999980303E+00
    8    0.4650000000E+01   -0.1161139353E+00   -0.6966836119E+00   -0.5451223374E+00    0.0000000000E+00    0.0000000000E+00    0.0000000000E+00    0.0000000000E+00    0.0000000000E+00    0.0000000000E+00    0.1727888923E-14    0.1727888951E-14    0.9999980056E+00    0.9999980056E+00
    9    0.4650000000E+01    0.6966836119E+00   -0.6966836119E+00   -0.1728619014E+00    0.6966836119E+00   -0.6966836119E+00   -0.1728619014E+00    0.3236152387E-01   -0.1753205873E-01   -0.3392519532E+01    0.1859477105E-12    0.1859477105E-12    0.9999966788E+00    0.9999966788E+00
   10    0.4650000000E+01   -0.1161139353E+00   -0.6966836119E+00   -0.2191494497E+00    0.0000000000E+00    0.0000000000E+00    0.0000000000E+00    0.0000000000E+00    0.0000000000E+00    0.0000000000E+00    0.6711445036E-14    0.6711445057E-14    0.9999975054E+00    0.9999975054E+00
   11    0.4650000000E+01    0.6966836119E+00    0.1161139353E+00   -0.2173201910E+00    0.0000000000E+00    0.0000000000E+00    0.0000000000E+00    0.0000000000E+00    0.0000000000E+00    0.0000000000E+00    0.1076294031E-13    0.1076294031E-13    0.9999974940E+00    0.9999974940E+00
    1    0.4908333333E+01   -0.1161139353E+00    0.1161139353E+00    0.2311161482E+00    0.0000000000E+00    0.0000000000E+00    0.0000000000E+00    0.0000000000E+00    0.0000000000E+00    0.0000000000E+00    0.8864266044E-14    0.8864266045E-14    0.9999985210E+00    0.9999985210E+00
    2    0.4908333333E+01    0.6966836119E+00   -0.6966836119E+00    0.2863203666E+00    0.0000000000E+00    0.0000000000E+00    0.0000000000E+00    0.0000000000E+00    0.0000000000E+00    0.0000000000E+00    0.3455710712E-12    0.3455710713E-12    0.9999968918E+00    0.9999968918E+00
    3    0.4908333333E+01    0.6966836119E+00   -0.6966836119E+00    0.2993813841E+00    0.0000000000E+00    0.0000000000E+00    0.0000000000E+00    0.0000000000E+00    0.0000000000E+00    0.0000000000E+00    0.3827923648E-13    0.3827923649E-13    0.9999980481E+00    0.9999980481E+00
    4    0.4908333333E+01    0.6966836119E+00   -0.6966836119E+00   -0.5603926386E+00    0.0000000000E+00    0.0000000000E+00    0.0000000000E+00    0.0000000000E+00    0.0000000000E+00    0.0000000000E+00    0.7570628075E-12    0.7570628076E-12    0.9999963079E+00    0.9999963079E+00
    5    0.4908333333E+01   -0.1161139353E+00    0.1161139353E+00   -0.2987077236E+00    0.0000000000E+00    0.0000000000E+00    0.0000000000E+00    0.0000000000E+00    0.0000000000E+00    0.0000000000E+00    0.6382669261E-14    0.6382669262E-14    0.9999968358E+00    0.9999968358E+00
    6    0.4908333333E+01   -0.1161139353E+00    0.1161139353E+00   -0.4385049269E+00    0.0000000000E+00    0.0000000000E+00    0.0000000000E+00    0.0000000000E+00    0.0000000000E+00    0.0000000000E+00    0.5703961619E-13    0.5703961619E-13    0.9999915885E+00    0.9999915885E+00
    7    0.4908333333E+01    0.6966836119E+00    0.1161139353E+00   -0.4796405650E+00    0.0000000000E+00    0.0000000000E+00    0.0000000000E+00    0.0000000000E+00    0.0000000000E+00    0.0000000000E+00    0.1435029433E-12    0.1435029433E-12    0.9999978494E+00    0.9999978494E+00
    8    0.4908333333E+01   -0.1161139353E+00   -0.6966836119E+00   -0.4807491348E+00    0.0000000000E+00    0.0000000000E+00    0.0000000000E+00    0.0000000000E+00    0.0000000000E+00    0.0000000000E+00    0.5751163635E-13    0.5751163635E-13    0.9999978330E+00    0.9999978330E+00
    9    0.4908333333E+01    0.6966836119E+00   -0.6966836119E+00   -0.8366762785E-01    0.0000000000E+00    0.0000000000E+00    0.0000000000E+00    0.0000000000E+00    0.0000000000E+00    0.0000000000E+00    0.9125499375E-13    0.9125499376E-13    0.9999974665E+00    0.9999974665E+00
   10    0.4908333333E+01    0.6966836119E+00    0.1161139353E+00   -0.1214285407E+00    0.0000000000E+00    0.0000000000E+00    0.0000000000E+00    0.0000000000E+00    0.0000000000E+00    0.0000000000E+00    0.5015647941E-12    0.5015647941E-12    0.9999960581E+00    0.9999960581E+00
   11    0.4908333333E+01   -0.1161139353E+00   -0.6966836119E+00   -0.1224580473E+00    0.0000000000E+00    0.0000000000E+00    0.0000000000E+00    0.0000000000E+00    0.0000000000E+00    0.0000000000E+00    0.4438738773E-12    0.4438738773E-12    0.9999960305E+00    0.9999960305E+00
    1    0.5166666667E+01    0.6966836119E+00   -0.6966836119E+00    0.3577509739E+00    0.0000000000E+00    0.0000000000E+00    0.0000000000E+00    0.0000000000E+00    0.0000000000E+00    0.0000000000E+00    0.3978295245E-14    0.3978295246E-14    0.9999980513E+00    0.9999980513E+00
    2    0.5166666667E+01   -0.1161139353E+00    0.1161139353E+00    0.2733266025E+00    0.0000000000E+00    0.0000000000E+00    0.0000000000E+00    0.0000000000E+00    0.0000000000E+00    0.0000000000E+00    0.1152724315E-15    0.1152724317E-15    0.9999986024E+00    0.9999986024E+00
    3    0.5166666667E+01    0.6966836119E+00   -0.6966836119E+00   -0.1039292477E-01    0.0000000000E+00    0.0000000000E+00    0.0000000000E+00    0.0000000000E+00    0.0000000000E+00    0.0000000000E+00    0.2114607670E-13    0.2114607673E-13    0.9999976035E+00    0.9999976035E+00
    4    0.5166666667E+01    0.6966836119E+00    0.1161139353E+00   -0.4142231282E+00    0.0000000000E+00    0.0000000000E+00    0.0000000000E+00    0.0000000000E+00    0.0000000000E+00    0.0000000000E+00    0.1872392504E-15    0.1872392506E-15    0.9999977118E+00    0.9999977118E+00
    5    0.5166666667E+01   -0.1161139353E+00   -0.6966836119E+00   -0.4148174700E+00    0.0000000000E+00    0.0000000000E+00    0.0000000000E+00    0.0000000000E+00    0.0000000000E+00    0.0000000000E+00    0.1466827017E-15    0.1466827045E-15    0.9999976871E+00    0.9999976871E+00
    1    0.5425000000E+01    0.6966836119E+00   -0.6966836119E+00    0.4148985236E+00    0.0000000000E+00    0.0000000000E+00    0.0000000000E+00    0.0000000000E+00    0.0000000000E+00    0.0000000000E+00    0.1096966510E-13    0.1096967931E-13    0.9999979444E+00    0.9999979444E+00
    2    0.5425000000E+01   -0.1161139353E+00    0.1161139353E+00    0.3134468950E+00    0.0000000000E+00    0.0000000000E+00    0.0000000000E+00    0.0000000000E+00    0.0000000000E+00    0.0000000000E+00    0.4897782531E-16    0.4897782597E-16    0.9999985966E+00    0.9999985966E+00
    3    0.5425000000E+01    0.6966836119E+00    0.1161139353E+00   -0.3437136104E+00    0.0000000000E+00    0.0000000000E+00    0.0000000000E+00    0.0000000000E+00    0.0000000000E+00    0.0000000000E+00    0.2129623033E-16    0.2129623862E-16    0.9999973352E+00    0.9999973352E+00
    4    0.5425000000E+01   -0.1161139353E+00   -0.6966836119E+00   -0.3433822364E+00    0.0000000000E+00    0.0000000000E+00    0.0000000000E+00    0.0000000000E+00    0.0000000000E+00    0.0000000000E+00    0.9899555766E-15    0.9899570159E-15    0.9999972955E+00    0.9999972955E+00
    5    0.5425000000E+01    0.6966836119E+00   -0.6966836119E+00    0.5786071979E-01    0.0000000000E+00    0.0000000000E+00    0.0000000000E+00    0.0000000000E+00    0.0000000000E+00    0.0000000000E+00    0.6910477285E-14    0.6910477608E-14    0.9999975822E+00    0.9999975822E+00
    1    0.5683333333E+01    0.6966836119E+00   -0.6966836119E+00    0.4739596267E+00    0.0000000000E+00    0.0000000000E+00    0.0000000000E+00    0.0000000000E+00    0.0000000000E+00    0.0000000000E+00    0.4560827758E-13    0.4560827758E-13    0.9999977056E+00    0.9999977056E+00
    2    0.5683333333E+01   -0.1161139353E+00    0.1161139353E+00    0.3521449684E+00    0.0000000000E+00    0.0000000000E+00    0.0000000000E+00    0.0000000000E+00    0.0000000000E+00    0.0000000000E+00    0.9379843175E-16    0.9379843178E-16    0.9999985726E+00    0.9999985726E+00
    3    0.5683333333E+01    0.6966836119E+00   -0.6966836119E+00    0.1264227146E+00    0.0000000000E+00    0.0000000000E+00    0.0000000000E+00    0.0000000000E+00    0.0000000000E+00    0.0000000000E+00    0.3053141193E-13    0.3053141194E-13    0.9999973772E+00    0.9999973772E+00
    4    0.5683333333E+01    0.6966836119E+00    0.1161139353E+00   -0.2622661742E+00    0.0000000000E+00    0.0000000000E+00    0.0000000000E+00    0.0000000000E+00    0.0000000000E+00    0.0000000000E+00    0.1005276447E-13    0.1005276447E-13    0.9999966170E+00    0.9999966170E+00
    5    0.5683333333E+01   -0.1161139353E+00   -0.6966836119E+00   -0.2607262718E+00    0.0000000000E+00    0.0000000000E+00    0.0000000000E+00    0.0000000000E+00    0.0000000000E+00    0.0000000000E+00    0.1828984854E-13    0.1828984854E-13    0.9999965716E+00    0.9999965716E+00
    1    0.5941666667E+01    0.6966836119E+00   -0.6966836119E+00    0.5397139365E+00    0.0000000000E+00    0.0000000000E+00    0.0000000000E+00    0.0000000000E+00    0.0000000000E+00    0.0000000000E+00    0.6028428640E-14    0.6028428640E-14    0.9999971803E+00    0.9999971803E+00
    2    0.5941666667E+01   -0.1161139353E+00    0.1161139353E+00    0.3899217470E+00    0.0000000000E+00    0.0000000000E+00    0.0000000000E+00    0.0000000000E+00    0.0000000000E+00    0.0000000000E+00    0.1035816915E-16    0.1035816996E-16    0.9999985369E+00    0.9999985369E+00
    3    0.5941666667E+01    0.6966836119E+00   -0.6966836119E+00    0.2005373783E+00    0.0000000000E+00    0.0000000000E+00    0.0000000000E+00    0.0000000000E+00    0.0000000000E+00    0.0000000000E+00    0.4539107920E-14    0.4539107925E-14    0.9999968828E+00    0.9999968828E+00
    4    0.5941666667E+01    0.6966836119E+00    0.1161139353E+00   -0.1523602540E+00    0.0000000000E+00    0.0000000000E+00    0.0000000000E+00    0.0000000000E+00    0.0000000000E+00    0.0000000000E+00    0.1734493171E-12    0.1734493172E-12    0.9999944004E+00    0.9999944004E+00
    5    0.5941666667E+01   -0.1161139353E+00   -0.6966836119E+00   -0.1500354037E+00    0.0000000000E+00    0.0000000000E+00    0.0000000000E+00    0.0000000000E+00    0.0000000000E+00    0.0000000000E+00    0.2171781299E-12    0.2171781300E-12    0.9999944057E+00    0.9999944057E+00
    1    0.6200000000E+01    0.6966836119E+00   -0.6966836119E+00   -0.5228395217E+00    0.0000000000E+00    0.0000000000E+00    0.0000000000E+00    0.0000000000E+00    0.0000000000E+00    0.0000000000E+00    0.1020349378E-11    0.1020349378E-11    0.9999953383E+00    0.9999953383E+00
    2    0.6200000000E+01   -0.1161139353E+00    0.1161139353E+00    0.4271055889E+00    0.0000000000E+00    0.0000000000E+00    0.0000000000E+00    0.0000000000E+00    0.0000000000E+00    0.0000000000E+00    0.5767832727E-15    0.5767832727E-15    0.9999984925E+00    0.9999984925E+00
    3    0.6200000000E+01    0.6966836119E+00   -0.6966836119E+00    0.2949636925E+00    0.0000000000E+00    0.0000000000E+00    0.0000000000E+00    0.0000000000E+00    0.0000000000E+00    0.0000000000E+00    0.1009348799E-11    0.1009348799E-11    0.9999950639E+00    0.9999950639E+00
    1    0.6458333333E+01   -0.1161139353E+00    0.1161139353E+00    0.4639300154E+00    0.0000000000E+00    0.0000000000E+00    0.0000000000E+00    0.0000000000E+00    0.0000000000E+00    0.0000000000E+00    0.1682271942E-14    0.1682271942E-14    0.9999984413E+00    0.9999984413E+00
    1    0.6716666667E+01   -0.1161139353E+00    0.1161139353E+00    0.5005679884E+00    0.0000000000E+00    0.0000000000E+00    0.0000000000E+00    0.0000000000E+00    0.0000000000E+00    0.0000000000E+00    0.1865524621E-14    0.1865524621E-14    0.9999983844E+00    0.9999983844E+00
    1    0.6975000000E+01   -0.1161139353E+00    0.1161139353E+00    0.5371505714E+00    0.0000000000E+00    0.0000000000E+00    0.0000000000E+00    0.0000000000E+00    0.0000000000E+00    0.0000000000E+00    0.5766449374E-15    0.5766449374E-15    0.9999983225E+00    0.9999983225E+00
    1    0.7233333333E+01   -0.1161139353E+00    0.1161139353E+00    0.5739377493E+00    0.0000000000E+00    0.0000000000E+00    0.0000000000E+00    0.0000000000E+00    0.0000000000E+00    0.0000000000E+00    0.2702874140E-12    0.2702874140E-12    0.9999978864E+00    0.9999978864E+00
    2    0.7233333333E+01    0.6966836119E+00    0.1161139353E+00    0.1304169430E+00    0.0000000000E+00    0.0000000000E+00    0.0000000000E+00    0.0000000000E+00    0.0000000000E+00    0.0000000000E+00    0.2419551784E-12    0.2419551784E-12    0.9999964172E+00    0.9999964172E+00
    3    0.7233333333E+01   -0.1161139353E+00   -0.6966836119E+00    0.1282278796E+00    0.0000000000E+00    0.0000000000E+00    0.0000000000E+00    0.0000000000E+00    0.0000000000E+00    0.0000000000E+00    0.2666405230E-12    0.2666405230E-12    0.9999964205E+00    0.9999964205E+00
    1    0.7491666667E+01   -0.1161139353E+00    0.1161139353E+00   -0.5389699270E+00    0.0000000000E+00    0.0000000000E+00    0.0000000000E+00    0.0000000000E+00    0.0000000000E+00    0.0000000000E+00    0.7329672936E-15    0.7329672936E-15    0.9999981877E+00    0.9999981877E+00
    2    0.7491666667E+01    0.6966836119E+00    0.1161139353E+00    0.1940940109E+00    0.0000000000E+00    0.0000000000E+00    0.0000000000E+00    0.0000000000E+00    0.0000000000E+00    0.0000000000E+00    0.9532247997E-16    0.9532247997E-16    0.9999972398E+00    0.9999972398E+00
    3    0.7491666667E+01   -0.1161139353E+00   -0.6966836119E+00    0.1918863569E+00    0.0000000000E+00    0.0000000000E+00    0.0000000000E+00    0.0000000000E+00    0.0000000000E+00    0.0000000000E+00    0.1593439087E-17    0.1593439088E-17    0.9999972371E+00    0.9999972371E+00
    1    0.7750000000E+01   -0.1161139353E+00    0.1161139353E+00   -0.5020668480E+00    0.0000000000E+00    0.0000000000E+00    0.0000000000E+00    0.0000000000E+00    0.0000000000E+00    0.0000000000E+00    0.3702093224E-14    0.3702093224E-14    0.9999981160E+00    0.9999981160E+00
    2    0.7750000000E+01    0.6966836119E+00    0.1161139353E+00    0.2464427814E+00    0.0000000000E+00    0.0000000000E+00    0.0000000000E+00    0.0000000000E+00    0.0000000000E+00    0.0000000000E+00    0.1083229007E-13    0.1083229007E-13    0.9999974731E+00    0.9999974731E+00
    3    0.7750000000E+01   -0.1161139353E+00   -0.6966836119E+00    0.2443662689E+00    0.0000000000E+00    0.0000000000E+00    0.0000000000E+00    0.0000000000E+00    0.0000000000E+00    0.0000000000E+00    0.1304139352E-13    0.1304139352E-13    0.9999974627E+00    0.9999974627E+00
    1    0.8008333333E+01   -0.1161139353E+00    0.1161139353E+00   -0.4649615762E+00    0.0000000000E+00    0.0000000000E+00    0.0000000000E+00    0.0000000000E+00    0.0000000000E+00    0.0000000000E+00    0.4940598775E-14    0.4940598775E-14    0.9999980419E+00    0.9999980419E+00
    2    0.8008333333E+01    0.6966836119E+00    0.1161139353E+00    0.2946468439E+00    0.0000000000E+00    0.0000000000E+00    0.0000000000E+00    0.0000000000E+00    0.0000000000E+00    0.0000000000E+00    0.6758064313E-14    0.6758064313E-14    0.9999975151E+00    0.9999975151E+00
    3    0.8008333333E+01   -0.1161139353E+00   -0.6966836119E+00    0.2928462756E+00    0.0000000000E+00    0.0000000000E+00    0.0000000000E+00    0.0000000000E+00    0.0000000000E+00    0.0000000000E+00    0.1110600887E-13    0.1110600887E-13    0.9999974968E+00    0.9999974968E+00
    1    0.8266666667E+01   -0.1161139353E+00    0.1161139353E+00   -0.4276230905E+00    0.0000000000E+00    0.0000000000E+00    0.0000000000E+00    0.0000000000E+00    0.0000000000E+00    0.0000000000E+00    0.2635872227E-14    0.2635872227E-14    0.9999979655E+00    0.9999979655E+00
    2    0.8266666667E+01    0.6966836119E+00    0.1161139353E+00    0.3416130735E+00    0.0000000000E+00    0.0000000000E+00    0.0000000000E+00    0.0000000000E+00    0.0000000000E+00    0.0000000000E+00    0.1067005826E-14    0.1067005826E-14    0.9999974479E+00    0.9999974479E+00
    3    0.8266666667E+01   -0.1161139353E+00   -0.6966836119E+00    0.3402363766E+00    0.0000000000E+00    0.0000000000E+00    0.0000000000E+00    0.0000000000E+00    0.0000000000E+00    0.0000000000E+00    0.2873738423E-14    0.2873738423E-14    0.9999974205E+00    0.9999974205E+00
    1    0.8525000000E+01   -0.1161139353E+00    0.1161139353E+00   -0.3900215503E+00    0.0000000000E+00    0.0000000000E+00    0.0000000000E+00    0.0000000000E+00    0.0000000000E+00    0.0000000000E+00    0.8321680232E-16    0.8321680233E-16    0.9999978865E+00    0.9999978865E+00
    2    0.8525000000E+01    0.6966836119E+00    0.1161139353E+00    0.3891988941E+00    0.0000000000E+00    0.0000000000E+00    0.0000000000E+00    0.0000000000E+00    0.0000000000E+00    0.0000000000E+00    0.8143516009E-17    0.8143516023E-17    0.9999972868E+00    0.9999972868E+00
    3    0.8525000000E+01   -0.1161139353E+00   -0.6966836119E+00    0.3884156606E+00    0.0000000000E+00    0.0000000000E+00    0.0000000000E+00    0.0000000000E+00    0.0000000000E+00    0.0000000000E+00    0.3722048820E-16    0.3722048885E-16    0.9999972482E+00    0.9999972482E+00
    1    0.8783333333E+01    0.6966836119E+00   -0.6966836119E+00   -0.3561736955E+00    0.0000000000E+00    0.0000000000E+00    0.0000000000E+00    0.0000000000E+00    0.0000000000E+00    0.0000000000E+00    0.6614727384E-10    0.6614727384E-10    0.9999799799E+00    0.9999799799E+00
    2    0.8783333333E+01   -0.1161139353E+00    0.1161139353E+00   -0.3521192367E+00    0.0000000000E+00    0.0000000000E+00    0.0000000000E+00    0.0000000000E+00    0.0000000000E+00    0.0000000000E+00    0.1711542177E-14    0.1711542177E-14    0.9999978039E+00    0.9999978039E+00
    3    0.8783333333E+01    0.6966836119E+00   -0.6966836119E+00    0.4184063553E+00    0.0000000000E+00    0.0000000000E+00    0.0000000000E+00    0.0000000000E+00    0.0000000000E+00    0.0000000000E+00    0.6571743117E-10    0.6571743117E-10    0.9999808261E+00    0.9999808261E+00
    4    0.8783333333E+01    0.6966836119E+00    0.1161139353E+00    0.4391420130E+00    0.0000000000E+00    0.0000000000E+00    0.0000000000E+00    0.0000000000E+00    0.0000000000E+00    0.0000000000E+00    0.7708804965E-16    0.7708804980E-16    0.9999970118E+00    0.9999970118E+00
    5    0.8783333333E+01   -0.1161139353E+00   -0.6966836119E+00    0.4391655549E+00    0.0000000000E+00    0.0000000000E+00    0.0000000000E+00    0.0000000000E+00    0.0000000000E+00    0.0000000000E+00    0.2654920749E-14    0.2654920751E-14    0.9999969578E+00    0.9999969578E+00
    1    0.9041666667E+01    0.6966836119E+00   -0.6966836119E+00   -0.2155351201E+00    0.0000000000E+00    0.0000000000E+00    0.0000000000E+00    0.0000000000E+00    0.0000000000E+00    0.0000000000E+00    0.1843377311E-12    0.1843377311E-12    0.9999936551E+00    0.9999936551E+00
    2    0.9041666667E+01   -0.1161139353E+00    0.1161139353E+00   -0.3138621178E+00    0.0000000000E+00    0.0000000000E+00    0.0000000000E+00    0.0000000000E+00    0.0000000000E+00    0.0000000000E+00    0.6415522516E-14    0.6415522516E-14    0.9999977163E+00    0.9999977163E+00
    3    0.9041666667E+01    0.6966836119E+00   -0.6966836119E+00    0.5378124814E+00    0.0000000000E+00    0.0000000000E+00    0.0000000000E+00    0.0000000000E+00    0.0000000000E+00    0.0000000000E+00    0.1591101867E-12    0.1591101867E-12    0.9999953555E+00    0.9999953555E+00
    4    0.9041666667E+01    0.6966836119E+00    0.1161139353E+00    0.4937573550E+00    0.0000000000E+00    0.0000000000E+00    0.0000000000E+00    0.0000000000E+00    0.0000000000E+00    0.0000000000E+00    0.6234968148E-15    0.6234968148E-15    0.9999965507E+00    0.9999965507E+00
    5    0.9041666667E+01   -0.1161139353E+00   -0.6966836119E+00    0.4948784736E+00    0.0000000000E+00    0.0000000000E+00    0.0000000000E+00    0.0000000000E+00    0.0000000000E+00    0.0000000000E+00    0.4140553490E-14    0.4140553490E-14    0.9999964747E+00    0.9999964747E+00
    1    0.9300000000E+01    0.6966836119E+00   -0.6966836119E+00   -0.9223621267E-01    0.0000000000E+00    0.0000000000E+00    0.0000000000E+00    0.0000000000E+00    0.0000000000E+00    0.0000000000E+00    0.8625995709E-11    0.8625995709E-11    0.9999895505E+00    0.9999895505E+00
    2    0.9300000000E+01   -0.1161139353E+00    0.1161139353E+00   -0.2751721926E+00    0.0000000000E+00    0.0000000000E+00    0.0000000000E+00    0.0000000000E+00    0.0000000000E+00    0.0000000000E+00    0.8046448037E-14    0.8046448042E-14    0.9999976218E+00    0.9999976218E+00
    3    0.9300000000E+01    0.6966836119E+00   -0.6966836119E+00   -0.5425623918E+00    0.0000000000E+00    0.0000000000E+00    0.0000000000E+00    0.0000000000E+00    0.0000000000E+00    0.0000000000E+00    0.5659459956E-12    0.5659459956E-12    0.9999959599E+00    0.9999959599E+00
    4    0.9300000000E+01    0.6966836119E+00    0.1161139353E+00    0.5574405575E+00    0.0000000000E+00    0.0000000000E+00    0.0000000000E+00    0.0000000000E+00    0.0000000000E+00    0.0000000000E+00    0.5003644774E-13    0.5003644774E-13    0.9999956443E+00    0.9999956443E+00
    5    0.9300000000E+01   -0.1161139353E+00   -0.6966836119E+00    0.5600273784E+00    0.0000000000E+00    0.0000000000E+00    0.0000000000E+00    0.0000000000E+00    0.0000000000E+00    0.0000000000E+00    0.3320408689E-14    0.3320408690E-14    0.9999955616E+00    0.9999955616E+00
    1    0.9558333333E+01   -0.1161139353E+00   -0.6966836119E+00    0.1186795215E+00    0.0000000000E+00    0.0000000000E+00    0.0000000000E+00    0.0000000000E+00    0.0000000000E+00    0.0000000000E+00    0.1007084634E-10    0.1007084634E-10    0.9999821198E+00    0.9999821198E+00
    2    0.9558333333E+01    0.6966836119E+00    0.1161139353E+00    0.1110284701E+00    0.0000000000E+00    0.0000000000E+00    0.0000000000E+00    0.0000000000E+00    0.0000000000E+00    0.0000000000E+00    0.1396840020E-10    0.1396840020E-10    0.9999781195E+00    0.9999781195E+00
    3    0.9558333333E+01   -0.1161139353E+00    0.1161139353E+00   -0.2359408299E+00    0.0000000000E+00    0.0000000000E+00    0.0000000000E+00    0.0000000000E+00    0.0000000000E+00    0.0000000000E+00    0.3967805990E-14    0.3967807152E-14    0.9999975178E+00    0.9999975178E+00
    4    0.9558333333E+01    0.6966836119E+00   -0.6966836119E+00   -0.4808830794E+00    0.0000000000E+00    0.0000000000E+00    0.0000000000E+00    0.0000000000E+00    0.0000000000E+00    0.0000000000E+00    0.2576918478E-14    0.2576918487E-14    0.9999961983E+00    0.9999961983E+00
    5    0.9558333333E+01    0.6966836119E+00    0.1161139353E+00   -0.5068916699E+00    0.0000000000E+00    0.0000000000E+00    0.0000000000E+00    0.0000000000E+00    0.0000000000E+00    0.0000000000E+00    0.5500805942E-13    0.5500805943E-13    0.9999931391E+00    0.9999931391E+00
    6    0.9558333333E+01   -0.1161139353E+00   -0.6966836119E+00   -0.5016600876E+00    0.0000000000E+00    0.0000000000E+00    0.0000000000E+00    0.0000000000E+00    0.0000000000E+00    0.0000000000E+00    0.8850656472E-13    0.8850656474E-13    0.9999929539E+00    0.9999929539E+00
    1    0.9816666667E+01    0.6966836119E+00   -0.6966836119E+00   -0.4199711916E+00    0.0000000000E+00    0.0000000000E+00    0.0000000000E+00    0.0000000000E+00    0.0000000000E+00    0.0000000000E+00    0.1374672725E-14    0.1374672725E-14    0.9999960120E+00    0.9999960120E+00
    2    0.9816666667E+01   -0.1161139353E+00    0.1161139353E+00   -0.1960227068E+00    0.0000000000E+00    0.0000000000E+00    0.0000000000E+00    0.0000000000E+00    0.0000000000E+00    0.0000000000E+00    0.5106050857E-16    0.5106050857E-16    0.9999974010E+00    0.9999974010E+00
    1    0.1007500000E+02    0.6966836119E+00   -0.6966836119E+00   -0.3558783252E+00    0.0000000000E+00    0.0000000000E+00    0.0000000000E+00    0.0000000000E+00    0.0000000000E+00    0.0000000000E+00    0.1338892542E-14    0.1338892542E-14    0.9999955654E+00    0.9999955654E+00
    2    0.1007500000E+02   -0.1161139353E+00    0.1161139353E+00   -0.1552292632E+00    0.0000000000E+00    0.0000000000E+00    0.0000000000E+00    0.0000000000E+00    0.0000000000E+00    0.0000000000E+00    0.3284535932E-14    0.3284535932E-14    0.9999972675E+00    0.9999972675E+00
    1    0.1033333333E+02    0.6966836119E+00   -0.6966836119E+00   -0.2839485746E+00    0.0000000000E+00    0.0000000000E+00    0.0000000000E+00    0.0000000000E+00    0.0000000000E+00    0.0000000000E+00    0.1303528045E-13    0.1303528046E-13    0.9999946925E+00    0.9999946925E+00
    2    0.1033333333E+02   -0.1161139353E+00    0.1161139353E+00   -0.1133199701E+00    0.0000000000E+00    0.0000000000E+00    0.0000000000E+00    0.0000000000E+00    0.0000000000E+00    0.0000000000E+00    0.1063435899E-13    0.1063435899E-13    0.9999971124E+00    0.9999971124E+00
    1    0.1059166667E+02    0.6966836119E+00   -0.6966836119E+00   -0.1943269990E+00    0.0000000000E+00    0.0000000000E+00    0.0000000000E+00    0.0000000000E+00    0.0000000000E+00    0.0000000000E+00    0.6235116824E-16    0.6235116834E-16    0.9999926326E+00    0.9999926326E+00
    2    0.1059166667E+02   -0.1161139353E+00    0.1161139353E+00   -0.6998897422E-01    0.0000000000E+00    0.0000000000E+00    0.0000000000E+00    0.0000000000E+00    0.0000000000E+00    0.0000000000E+00    0.1174454471E-13    0.1174454471E-13    0.9999969290E+00    0.9999969290E+00
    1    0.1085000000E+02    0.6966836119E+00   -0.6966836119E+00    0.4522218577E+00    0.0000000000E+00    0.0000000000E+00    0.0000000000E+00    0.0000000000E+00    0.0000000000E+00    0.0000000000E+00    0.1316246681E-10    0.1316246681E-10    0.9999884553E+00    0.9999884553E+00
    2    0.1085000000E+02    0.6966836119E+00   -0.6966836119E+00   -0.1153879111E+00    0.0000000000E+00    0.0000000000E+00    0.0000000000E+00    0.0000000000E+00    0.0000000000E+00    0.0000000000E+00    0.1130811562E-09    0.1130811562E-09    0.9999653113E+00    0.9999653113E+00
    3    0.1085000000E+02   -0.1161139353E+00    0.1161139353E+00   -0.2484111547E-01    0.0000000000E+00    0.0000000000E+00    0.0000000000E+00    0.0000000000E+00    0.0000000000E+00    0.0000000000E+00    0.7083800774E-14    0.7083800776E-14    0.9999967075E+00    0.9999967075E+00
    4    0.1085000000E+02    0.6966836119E+00   -0.6966836119E+00   -0.2660386849E-01    0.0000000000E+00    0.0000000000E+00    0.0000000000E+00    0.0000000000E+00    0.0000000000E+00    0.0000000000E+00    0.1025089024E-09    0.1025089024E-09    0.9999733168E+00    0.9999733168E+00
    1    0.1110833333E+02    0.6966836119E+00   -0.6966836119E+00    0.5474187456E+00    0.0000000000E+00    0.0000000000E+00    0.0000000000E+00    0.0000000000E+00    0.0000000000E+00    0.0000000000E+00    0.4054209612E-14    0.4054209612E-14    0.9999944993E+00    0.9999944993E+00
    2    0.1110833333E+02   -0.1161139353E+00    0.1161139353E+00    0.2259763912E-01    0.0000000000E+00    0.0000000000E+00    0.0000000000E+00    0.0000000000E+00    0.0000000000E+00    0.0000000000E+00    0.8068645960E-14    0.8068645960E-14    0.9999964376E+00    0.9999964376E+00
    3    0.1110833333E+02    0.6966836119E+00    0.1161139353E+00    0.1959524099E+00    0.0000000000E+00    0.0000000000E+00    0.0000000000E+00    0.0000000000E+00    0.0000000000E+00    0.0000000000E+00    0.2520738391E-14    0.2520738391E-14    0.9999883739E+00    0.9999883739E+00
    4    0.1110833333E+02   -0.1161139353E+00   -0.6966836119E+00    0.1970745904E+00    0.0000000000E+00    0.0000000000E+00    0.0000000000E+00    0.0000000000E+00    0.0000000000E+00    0.0000000000E+00    0.1365120643E-13    0.1365120643E-13    0.9999878957E+00    0.9999878957E+00
    1    0.1136666667E+02    0.6966836119E+00   -0.6966836119E+00   -0.5345214738E+00    0.0000000000E+00    0.0000000000E+00    0.0000000000E+00    0.0000000000E+00    0.0000000000E+00    0.0000000000E+00    0.1312645409E-14    0.1312645409E-14    0.9999953781E+00    0.9999953781E+00
    2    0.1136666667E+02   -0.1161139353E+00    0.1161139353E+00    0.7305652315E-01    0.0000000000E+00    0.0000000000E+00    0.0000000000E+00    0.0000000000E+00    0.0000000000E+00    0.0000000000E+00    0.1551936785E-13    0.1551936785E-13    0.9999961031E+00    0.9999961031E+00
    3    0.1136666667E+02    0.6966836119E+00    0.1161139353E+00    0.3213084683E+00    0.0000000000E+00    0.0000000000E+00    0.0000000000E+00    0.0000000000E+00    0.0000000000E+00    0.0000000000E+00    0.3960819507E-14    0.3960819507E-14    0.9999923360E+00    0.9999923360E+00
    4    0.1136666667E+02   -0.1161139353E+00   -0.6966836119E+00    0.3221766691E+00    0.0000000000E+00    0.0000000000E+00    0.0000000000E+00    0.0000000000E+00    0.0000000000E+00    0.0000000000E+00    0.6739805880E-13    0.6739805881E-13    0.9999925337E+00    0.9999925337E+00
    1    0.1162500000E+02    0.6966836119E+00   -0.6966836119E+00   -0.4755812380E+00    0.0000000000E+00    0.0000000000E+00    0.0000000000E+00    0.0000000000E+00    0.0000000000E+00    0.0000000000E+00    0.1841191055E-15    0.1841191056E-15    0.9999956707E+00    0.9999956707E+00
    2    0.1162500000E+02   -0.1161139353E+00    0.1161139353E+00    0.1273955463E+00    0.0000000000E+00    0.0000000000E+00    0.0000000000E+00    0.0000000000E+00    0.0000000000E+00    0.0000000000E+00    0.1247903759E-13    0.1247903759E-13    0.9999956772E+00    0.9999956772E+00
    3    0.1162500000E+02    0.6966836119E+00    0.1161139353E+00    0.4118334540E+00    0.0000000000E+00    0.0000000000E+00    0.0000000000E+00    0.0000000000E+00    0.0000000000E+00    0.0000000000E+00    0.3822592478E-14    0.3822592478E-14    0.9999938034E+00    0.9999938034E+00
    4    0.1162500000E+02   -0.1161139353E+00   -0.6966836119E+00    0.4104709909E+00    0.0000000000E+00    0.0000000000E+00    0.0000000000E+00    0.0000000000E+00    0.0000000000E+00    0.0000000000E+00    0.2447661637E-14    0.2447661638E-14    0.9999939226E+00    0.9999939226E+00
    1    0.1188333333E+02   -0.1161139353E+00    0.1161139353E+00    0.1867843282E+00    0.0000000000E+00    0.0000000000E+00    0.0000000000E+00    0.0000000000E+00    0.0000000000E+00    0.0000000000E+00    0.9910445551E-16    0.9910445552E-16    0.9999951359E+00    0.9999951359E+00
    2    0.1188333333E+02    0.6966836119E+00   -0.6966836119E+00   -0.4199106200E+00    0.0000000000E+00    0.0000000000E+00    0.0000000000E+00    0.0000000000E+00    0.0000000000E+00    0.0000000000E+00    0.3508824406E-17    0.3508824439E-17    0.9999957066E+00    0.9999957066E+00
    3    0.1188333333E+02    0.6966836119E+00    0.1161139353E+00    0.4875811947E+00    0.0000000000E+00    0.0000000000E+00    0.0000000000E+00    0.0000000000E+00    0.0000000000E+00    0.0000000000E+00    0.1081631138E-13    0.1081631138E-13    0.9999944148E+00    0.9999944148E+00
    4    0.1188333333E+02   -0.1161139353E+00   -0.6966836119E+00    0.4853045762E+00    0.0000000000E+00    0.0000000000E+00    0.0000000000E+00    0.0000000000E+00    0.0000000000E+00    0.0000000000E+00    0.1657792607E-14    0.1657792607E-14    0.9999944425E+00    0.9999944425E+00
    1    0.1214166667E+02   -0.1161139353E+00    0.1161139353E+00    0.2525326406E+00    0.0000000000E+00    0.0000000000E+00    0.0000000000E+00    0.0000000000E+00    0.0000000000E+00    0.0000000000E+00    0.9866140042E-14    0.9866140042E-14    0.9999944779E+00    0.9999944779E+00
    2    0.1214166667E+02    0.6966836119E+00   -0.6966836119E+00   -0.3647529456E+00    0.0000000000E+00    0.0000000000E+00    0.0000000000E+00    0.0000000000E+00    0.0000000000E+00    0.0000000000E+00    0.2536773167E-17    0.2536773174E-17    0.9999955679E+00    0.9999955679E+00
    3    0.1214166667E+02    0.6966836119E+00    0.1161139353E+00    0.5570107668E+00    0.0000000000E+00    0.0000000000E+00    0.0000000000E+00    0.0000000000E+00    0.0000000000E+00    0.0000000000E+00    0.3634260724E-13    0.3634260724E-13    0.9999945680E+00    0.9999945680E+00
    4    0.1214166667E+02   -0.1161139353E+00   -0.6966836119E+00    0.5547361059E+00    0.0000000000E+00    0.0000000000E+00    0.0000000000E+00    0.0000000000E+00    0.0000000000E+00    0.0000000000E+00    0.2625429360E-15    0.2625429362E-15    0.9999945577E+00    0.9999945577E+00
    1    0.1240000000E+02   -0.1161139353E+00    0.1161139353E+00    0.3253566579E+00    0.0000000000E+00    0.0000000000E+00    0.0000000000E+00    0.0000000000E+00    0.0000000000E+00    0.0000000000E+00    0.5635136926E-14    0.5635136929E-14    0.9999938050E+00    0.9999938050E+00
    2    0.1240000000E+02    0.6966836119E+00   -0.6966836119E+00   -0.3079970126E+00    0.0000000000E+00    0.0000000000E+00    0.0000000000E+00    0.0000000000E+00    0.0000000000E+00    0.0000000000E+00    0.1384836016E-16    0.1384836020E-16    0.9999952576E+00    0.9999952576E+00
    3    0.1240000000E+02    0.6966836119E+00    0.1161139353E+00   -0.5249155971E+00    0.0000000000E+00    0.0000000000E+00    0.0000000000E+00    0.0000000000E+00    0.0000000000E+00    0.0000000000E+00    0.2601064325E-14    0.2601064325E-14    0.9999944674E+00    0.9999944674E+00
    4    0.1240000000E+02   -0.1161139353E+00   -0.6966836119E+00   -0.5264473562E+00    0.0000000000E+00    0.0000000000E+00    0.0000000000E+00    0.0000000000E+00    0.0000000000E+00    0.0000000000E+00    0.5240363390E-15    0.5240363390E-15    0.9999943993E+00    0.9999943993E+00
    1    0.1265833333E+02   -0.1161139353E+00    0.1161139353E+00    0.4036632888E+00    0.0000000000E+00    0.0000000000E+00    0.0000000000E+00    0.0000000000E+00    0.0000000000E+00    0.0000000000E+00    0.1920240578E-15    0.1920240578E-15    0.9999933800E+00    0.9999933800E+00
    2    0.1265833333E+02    0.6966836119E+00   -0.6966836119E+00   -0.2473473548E+00    0.0000000000E+00    0.0000000000E+00    0.0000000000E+00    0.0000000000E+00    0.0000000000E+00    0.0000000000E+00    0.1230150090E-15    0.1230150090E-15    0.9999947184E+00    0.9999947184E+00
    3    0.1265833333E+02    0.6966836119E+00    0.1161139353E+00   -0.4555224133E+00    0.0000000000E+00    0.0000000000E+00    0.0000000000E+00    0.0000000000E+00    0.0000000000E+00    0.0000000000E+00    0.5101994938E-15    0.5101994938E-15    0.9999940635E+00    0.9999940635E+00
    4    0.1265833333E+02   -0.1161139353E+00   -0.6966836119E+00   -0.4560098841E+00    0.0000000000E+00    0.0000000000E+00    0.0000000000E+00    0.0000000000E+00    0.0000000000E+00    0.0000000000E+00    0.2865826249E-14    0.2865826249E-14    0.9999939609E+00    0.9999939609E+00
    1    0.1291666667E+02   -0.1161139353E+00    0.1161139353E+00    0.4830150022E+00    0.0000000000E+00    0.0000000000E+00    0.0000000000E+00    0.0000000000E+00    0.0000000000E+00    0.0000000000E+00    0.1430872827E-14    0.1430872827E-14    0.9999933590E+00    0.9999933590E+00
    2    0.1291666667E+02    0.6966836119E+00   -0.6966836119E+00   -0.1793759383E+00    0.0000000000E+00    0.0000000000E+00    0.0000000000E+00    0.0000000000E+00    0.0000000000E+00    0.0000000000E+00    0.3483804073E-15    0.3483804073E-15    0.9999937740E+00    0.9999937740E+00
    3    0.1291666667E+02    0.6966836119E+00    0.1161139353E+00   -0.3803474198E+00    0.0000000000E+00    0.0000000000E+00    0.0000000000E+00    0.0000000000E+00    0.0000000000E+00    0.0000000000E+00    0.1518069980E-17    0.1518069982E-17    0.9999932105E+00    0.9999932105E+00
    4    0.1291666667E+02   -0.1161139353E+00   -0.6966836119E+00   -0.3794054529E+00    0.0000000000E+00    0.0000000000E+00    0.0000000000E+00    0.0000000000E+00    0.0000000000E+00    0.0000000000E+00    0.5320666978E-16    0.5320666978E-16    0.9999930713E+00    0.9999930713E+00
    1    0.1317500000E+02   -0.1161139353E+00    0.1161139353E+00    0.5596595737E+00    0.0000000000E+00    0.0000000000E+00    0.0000000000E+00    0.0000000000E+00    0.0000000000E+00    0.0000000000E+00    0.9419107915E-13    0.9419107915E-13    0.9999934978E+00    0.9999934978E+00
    2    0.1317500000E+02    0.6966836119E+00   -0.6966836119E+00   -0.9659383373E-01    0.0000000000E+00    0.0000000000E+00    0.0000000000E+00    0.0000000000E+00    0.0000000000E+00    0.0000000000E+00    0.4961846247E-12    0.4961846247E-12    0.9999916856E+00    0.9999916856E+00
    3    0.1317500000E+02    0.6966836119E+00    0.1161139353E+00   -0.2908762574E+00    0.0000000000E+00    0.0000000000E+00    0.0000000000E+00    0.0000000000E+00    0.0000000000E+00    0.0000000000E+00    0.3976597349E-13    0.3976597349E-13    0.9999910498E+00    0.9999910498E+00
    4    0.1317500000E+02   -0.1161139353E+00   -0.6966836119E+00   -0.2879798894E+00    0.0000000000E+00    0.0000000000E+00    0.0000000000E+00    0.0000000000E+00    0.0000000000E+00    0.0000000000E+00    0.1074011415E-12    0.1074011415E-12    0.9999908438E+00    0.9999908438E+00
    1    0.1343333333E+02    0.6966836119E+00   -0.6966836119E+00    0.4849421089E+00    0.0000000000E+00    0.0000000000E+00    0.0000000000E+00    0.0000000000E+00    0.0000000000E+00    0.0000000000E+00    0.2816302391E-11    0.2816302391E-11    0.9999699721E+00    0.9999699721E+00
    2    0.1343333333E+02   -0.1161139353E+00    0.1161139353E+00   -0.5165384190E+00    0.0000000000E+00    0.0000000000E+00    0.0000000000E+00    0.0000000000E+00    0.0000000000E+00    0.0000000000E+00    0.2159709694E-13    0.2159709695E-13    0.9999936208E+00    0.9999936208E+00
    3    0.1343333333E+02    0.6966836119E+00   -0.6966836119E+00    0.9066459054E-01    0.0000000000E+00    0.0000000000E+00    0.0000000000E+00    0.0000000000E+00    0.0000000000E+00    0.0000000000E+00    0.1104369737E-09    0.1104369738E-09    0.9999638858E+00    0.9999638858E+00
    4    0.1343333333E+02    0.6966836119E+00    0.1161139353E+00   -0.1003717705E+00    0.0000000000E+00    0.0000000000E+00    0.0000000000E+00    0.0000000000E+00    0.0000000000E+00    0.0000000000E+00    0.3149233237E-09    0.3149233237E-09    0.9999234879E+00    0.9999234879E+00
    5    0.1343333333E+02    0.6966836119E+00   -0.6966836119E+00   -0.3853710469E-01    0.0000000000E+00    0.0000000000E+00    0.0000000000E+00    0.0000000000E+00    0.0000000000E+00    0.0000000000E+00    0.4756751475E-11    0.4756751512E-11    0.9999765180E+00    0.9999765180E+00
    6    0.1343333333E+02   -0.1161139353E+00   -0.6966836119E+00   -0.9582766282E-01    0.0000000000E+00    0.0000000000E+00    0.0000000000E+00    0.0000000000E+00    0.0000000000E+00    0.0000000000E+00    0.3198165662E-09    0.3198165662E-09    0.9999297782E+00    0.9999297782E+00
    1    0.1369166667E+02   -0.1161139353E+00    0.1161139353E+00   -0.4442713416E+00    0.0000000000E+00    0.0000000000E+00    0.0000000000E+00    0.0000000000E+00    0.0000000000E+00    0.0000000000E+00    0.2886654635E-12    0.2886654635E-12    0.9999933112E+00    0.9999933112E+00
    2    0.1369166667E+02    0.6966836119E+00   -0.6966836119E+00    0.1790561012E+00    0.0000000000E+00    0.0000000000E+00    0.0000000000E+00    0.0000000000E+00    0.0000000000E+00    0.0000000000E+00    0.1935777556E-11    0.1935777556E-11    0.9999807674E+00    0.9999807674E+00
    3    0.1369166667E+02   -0.1161139353E+00    0.1161139353E+00    0.3681327227E+00    0.0000000000E+00    0.0000000000E+00    0.0000000000E+00    0.0000000000E+00    0.0000000000E+00    0.0000000000E+00    0.2470841329E-12    0.2470841329E-12    0.9999824421E+00    0.9999824421E+00
    4    0.1369166667E+02    0.6966836119E+00    0.1161139353E+00    0.3310379753E+00    0.0000000000E+00    0.0000000000E+00    0.0000000000E+00    0.0000000000E+00    0.0000000000E+00    0.0000000000E+00    0.7482132754E-12    0.7482132754E-12    0.9999784286E+00    0.9999784286E+00
    5    0.1369166667E+02   -0.1161139353E+00   -0.6966836119E+00    0.3332088639E+00    0.0000000000E+00    0.0000000000E+00    0.0000000000E+00    0.0000000000E+00    0.0000000000E+00    0.0000000000E+00    0.2384900632E-12    0.2384900632E-12    0.9999783455E+00    0.9999783455E+00
    6    0.1369166667E+02   -0.1161139353E+00    0.1161139353E+00    0.3334663489E+00   -0.1161139353E+00    0.1161139353E+00   -0.8160029661E+00   -0.1911643610E+00    0.1980329562E+00    0.2336019321E+01    0.5001460487E-12    0.5001460487E-12    0.9999829904E+00    0.9999829904E+00
    7    0.1369166667E+02    0.6966836119E+00   -0.6966836119E+00    0.3334201512E+00    0.0000000000E+00    0.0000000000E+00    0.0000000000E+00    0.0000000000E+00    0.0000000000E+00    0.0000000000E+00    0.2766262136E-11    0.2766262136E-11    0.9999800374E+00    0.9999800374E+00
    1    0.1395000000E+02   -0.1161139353E+00   -0.6966836119E+00   -0.6600698220E-01    0.0000000000E+00    0.0000000000E+00    0.0000000000E+00    0.0000000000E+00    0.0000000000E+00    0.0000000000E+00    0.2278369119E-09    0.2278369119E-09    0.9999517817E+00    0.9999517817E+00
    2    0.1395000000E+02    0.6966836119E+00    0.1161139353E+00   -0.6876517010E-01    0.0000000000E+00    0.0000000000E+00    0.0000000000E+00    0.0000000000E+00    0.0000000000E+00    0.0000000000E+00    0.2105039934E-09    0.2105039934E-09    0.9999540946E+00    0.9999540946E+00
    3    0.1395000000E+02   -0.1161139353E+00    0.1161139353E+00   -0.3696680106E+00    0.0000000000E+00    0.0000000000E+00    0.0000000000E+00    0.0000000000E+00    0.0000000000E+00    0.0000000000E+00    0.3413232946E-12    0.3413232946E-12    0.9999928584E+00    0.9999928584E+00
    4    0.1395000000E+02   -0.1161139353E+00    0.1161139353E+00    0.5000476170E+00    0.0000000000E+00    0.0000000000E+00    0.0000000000E+00    0.0000000000E+00    0.0000000000E+00    0.0000000000E+00    0.4680284684E-12    0.4680284684E-12    0.9999857294E+00    0.9999857294E+00
    5    0.1395000000E+02   -0.1161139353E+00    0.1161139353E+00    0.5445406003E+00    0.0000000000E+00    0.0000000000E+00    0.0000000000E+00    0.0000000000E+00    0.0000000000E+00    0.0000000000E+00    0.7719276946E-12    0.7719276946E-12    0.9999842858E+00    0.9999842858E+00
    6    0.1395000000E+02   -0.1161139353E+00   -0.6966836119E+00   -0.5707443523E+00    0.0000000000E+00    0.0000000000E+00    0.0000000000E+00    0.0000000000E+00    0.0000000000E+00    0.0000000000E+00    0.4940891864E-09    0.4940891864E-09    0.9999434948E+00    0.9999434948E+00
    7    0.1395000000E+02    0.6966836119E+00    0.1161139353E+00   -0.5725375604E+00    0.0000000000E+00    0.0000000000E+00    0.0000000000E+00    0.0000000000E+00    0.0000000000E+00    0.0000000000E+00    0.1602423032E-08    0.1602423032E-08    0.9999049380E+00    0.9999049380E+00
    8    0.1395000000E+02   -0.1161139353E+00   -0.6966836119E+00    0.2795164578E+00    0.0000000000E+00    0.0000000000E+00    0.0000000000E+00    0.0000000000E+00    0.0000000000E+00    0.0000000000E+00    0.8064783325E-10    0.8064783325E-10    0.9999643633E+00    0.9999643633E+00
    9    0.1395000000E+02    0.6966836119E+00    0.1161139353E+00    0.2838056853E+00    0.0000000000E+00    0.0000000000E+00    0.0000000000E+00    0.0000000000E+00    0.0000000000E+00    0.0000000000E+00    0.9384980111E-10    0.9384980111E-10    0.9999660954E+00    0.9999660954E+00
   10    0.1395000000E+02    0.6966836119E+00    0.1161139353E+00    0.2965144067E+00    0.0000000000E+00    0.0000000000E+00    0.0000000000E+00    0.0000000000E+00    0.0000000000E+00    0.0000000000E+00    0.3270046918E-10    0.3270046918E-10    0.9999701105E+00    0.9999701105E+00
   11    0.1395000000E+02   -0.1161139353E+00   -0.6966836119E+00    0.2941076753E+00    0.0000000000E+00    0.0000000000E+00    0.0000000000E+00    0.0000000000E+00    0.0000000000E+00    0.0000000000E+00    0.2102582453E-10    0.2102582453E-10    0.9999698187E+00    0.9999698187E+00
    1    0.1420833333E+02   -0.1161139353E+00    0.1161139353E+00   -0.2854557251E+00    0.0000000000E+00    0.0000000000E+00    0.0000000000E+00    0.0000000000E+00    0.0000000000E+00    0.0000000000E+00    0.2701997985E-13    0.2701997985E-13    0.9999912958E+00    0.9999912958E+00
    2    0.1420833333E+02   -0.1161139353E+00    0.1161139353E+00   -0.4152593056E+00   -0.1161139353E+00    0.1161139353E+00   -0.4152593056E+00   -0.9742316906E-01    0.7598563853E-01    0.2353694374E+01    0.5174334236E-12    0.5174334236E-12    0.9999788739E+00    0.9999788739E+00
    3    0.1420833333E+02   -0.1161139353E+00    0.1161139353E+00   -0.4896921352E+00    0.0000000000E+00    0.0000000000E+00    0.0000000000E+00    0.0000000000E+00    0.0000000000E+00    0.0000000000E+00    0.1617623408E-12    0.1617623408E-12    0.9999841192E+00    0.9999841192E+00
    1    0.1446666667E+02   -0.1161139353E+00    0.1161139353E+00   -0.2975112373E+00   -0.1161139353E+00    0.1161139353E+00   -0.2975112373E+00    0.3760938797E+00   -0.4600793135E+00    0.2041854598E+01    0.1897560298E-11    0.1897560298E-11    0.9999785066E+00    0.9999785066E+00
    2    0.1446666667E+02   -0.1161139353E+00    0.1161139353E+00   -0.1597752435E+00    0.0000000000E+00    0.0000000000E+00    0.0000000000E+00    0.0000000000E+00    0.0000000000E+00    0.0000000000E+00    0.2723322205E-11    0.2723322205E-11    0.9999811738E+00    0.9999811738E+00
    1    0.1472500000E+02   -0.1161139353E+00    0.1161139353E+00   -0.3680619825E-01    0.0000000000E+00    0.0000000000E+00    0.0000000000E+00    0.0000000000E+00    0.0000000000E+00    0.0000000000E+00    0.8145578039E-09    0.8145578039E-09    0.9999295321E+00    0.9999295321E+00
