    1    0.2583333333E+01    0.5805696766E+00   -0.1161139353E+00    0.6806566485E-01    0.0000000000E+00    0.0000000000E+00    0.0000000000E+00    0.0000000000E+00    0.0000000000E+00    0.0000000000E+00    0.5925245979E-12    0.5925245979E-12    0.9999976064E+00    0.9999976064E+00
    1    0.2841666667E+01    0.5805696766E+00   -0.1161139353E+00    0.2079131989E+00    0.0000000000E+00    0.0000000000E+00    0.0000000000E+00    0.0000000000E+00    0.0000000000E+00    0.0000000000E+00    0.3066938514E-13    0.3066938514E-13    0.9999887024E+00    0.9999887024E+00
    1    0.3100000000E+01    0.5805696766E+00   -0.1161139353E+00    0.4236432594E+00    0.0000000000E+00    0.0000000000E+00    0.0000000000E+00    0.0000000000E+00    0.0000000000E+00    0.0000000000E+00    0.4359645870E-15    0.4359645870E-15    0.9999978826E+00    0.9999978826E+00
    2    0.3100000000E+01   -0.2322278706E+00   -0.1161139353E+00    0.1671340776E+00    0.0000000000E+00    0.0000000000E+00    0.0000000000E+00    0.0000000000E+00    0.0000000000E+00    0.0000000000E+00    0.1671179279E-13    0.1671179279E-13    0.9999940893E+00    0.9999940893E+00
    3    0.3100000000E+01    0.5805696766E+00   -0.1161139353E+00    0.1854449456E+00    0.0000000000E+00    0.0000000000E+00    0.0000000000E+00    0.0000000000E+00    0.0000000000E+00    0.0000000000E+00    0.1310253289E-14    0.1310253289E-14    0.9999985980E+00    0.9999985980E+00
    1    0.3358333333E+01    0.5805696766E+00   -0.1161139353E+00    0.2458835138E+00    0.0000000000E+00    0.0000000000E+00    0.0000000000E+00    0.0000000000E+00    0.0000000000E+00    0.0000000000E+00    0.1043581519E-13    0.1043581519E-13    0.9999988863E+00    0.9999988863E+00
    2    0.3358333333E+01    0.5805696766E+00   -0.1161139353E+00    0.5004488900E+00    0.0000000000E+00    0.0000000000E+00    0.0000000000E+00    0.0000000000E+00    0.0000000000E+00    0.0000000000E+00    0.2435823103E-14    0.2435823103E-14    0.9999984710E+00    0.9999984710E+00
    3    0.3358333333E+01   -0.2322278706E+00   -0.1161139353E+00    0.4118419998E+00    0.0000000000E+00    0.0000000000E+00    0.0000000000E+00    0.0000000000E+00    0.0000000000E+00    0.0000000000E+00    0.1244319720E-14    0.1244319720E-14    0.9999936205E+00    0.9999936205E+00
    1    0.3616666667E+01    0.5805696766E+00   -0.1161139353E+00    0.2962497244E+00    0.0000000000E+00    0.0000000000E+00    0.0000000000E+00    0.0000000000E+00    0.0000000000E+00    0.0000000000E+00    0.1338980070E-13    0.1338980070E-13    0.9999988729E+00    0.9999988729E+00
    2    0.3616666667E+01   -0.2322278706E+00   -0.1161139353E+00    0.5640565785E+00    0.0000000000E+00    0.0000000000E+00    0.0000000000E+00    0.0000000000E+00    0.0000000000E+00    0.0000000000E+00    0.3735017245E-12    0.3735017245E-12    0.9999973000E+00    0.9999973000E+00
    3    0.3616666667E+01    0.5805696766E+00   -0.1161139353E+00    0.5618422886E+00    0.0000000000E+00    0.0000000000E+00    0.0000000000E+00    0.0000000000E+00    0.0000000000E+00    0.0000000000E+00    0.3077347303E-13    0.3077347303E-13    0.9999985369E+00    0.9999985369E+00
    1    0.3875000000E+01    0.5805696766E+00    0.6966836119E+00   -0.2388631527E-01    0.0000000000E+00    0.0000000000E+00    0.0000000000E+00    0.0000000000E+00    0.0000000000E+00    0.0000000000E+00    0.7692578848E-11    0.7692578848E-11    0.9999930937E+00    0.9999930937E+00
    2    0.3875000000E+01   -0.2322278706E+00   -0.1161139353E+00   -0.5049961155E+00    0.0000000000E+00    0.0000000000E+00    0.0000000000E+00    0.0000000000E+00    0.0000000000E+00    0.0000000000E+00    0.4681547994E-13    0.4681547994E-13    0.9999981642E+00    0.9999981642E+00
    3    0.3875000000E+01    0.5805696766E+00   -0.1161139353E+00   -0.5327136633E+00    0.0000000000E+00    0.0000000000E+00    0.0000000000E+00    0.0000000000E+00    0.0000000000E+00    0.0000000000E+00    0.9853081740E-14    0.9853081740E-14    0.9999986348E+00    0.9999986348E+00
    4    0.3875000000E+01    0.5805696766E+00   -0.1161139353E+00    0.3447511238E+00    0.0000000000E+00    0.0000000000E+00    0.0000000000E+00    0.0000000000E+00    0.0000000000E+00    0.0000000000E+00    0.4644743344E-14    0.4644743344E-14    0.9999987252E+00    0.9999987252E+00
    5    0.3875000000E+01    0.5805696766E+00    0.6966836119E+00    0.3102104745E+00    0.0000000000E+00    0.0000000000E+00    0.0000000000E+00    0.0000000000E+00    0.0000000000E+00    0.0000000000E+00    0.6948175066E-13    0.6948175066E-13    0.9999965157E+00    0.9999965157E+00
    6    0.3875000000E+01   -0.2322278706E+00   -0.1161139353E+00    0.3256460347E+00    0.0000000000E+00    0.0000000000E+00    0.0000000000E+00    0.0000000000E+00    0.0000000000E+00    0.0000000000E+00    0.3727070952E-13    0.3727070952E-13    0.9999970076E+00    0.9999970076E+00
    1    0.4133333333E+01   -0.2322278706E+00    0.6966836119E+00    0.1928935117E+00    0.0000000000E+00    0.0000000000E+00    0.0000000000E+00    0.0000000000E+00    0.0000000000E+00    0.0000000000E+00    0.3001112736E-17    0.3001113035E-17    0.9999965508E+00    0.9999965508E+00
    2    0.4133333333E+01    0.5805696766E+00   -0.1161139353E+00    0.3938870891E+00    0.0000000000E+00    0.0000000000E+00    0.0000000000E+00    0.0000000000E+00    0.0000000000E+00    0.0000000000E+00    0.4196712316E-14    0.4196712317E-14    0.9999986669E+00    0.9999986669E+00
    3    0.4133333333E+01   -0.2322278706E+00   -0.1161139353E+00    0.4098860404E+00    0.0000000000E+00    0.0000000000E+00    0.0000000000E+00    0.0000000000E+00    0.0000000000E+00    0.0000000000E+00    0.3346665135E-13    0.3346665135E-13    0.9999981310E+00    0.9999981310E+00
    4    0.4133333333E+01    0.5805696766E+00   -0.1161139353E+00   -0.4779307120E+00    0.0000000000E+00    0.0000000000E+00    0.0000000000E+00    0.0000000000E+00    0.0000000000E+00    0.0000000000E+00    0.6641758126E-14    0.6641758126E-14    0.9999984511E+00    0.9999984511E+00
    5    0.4133333333E+01   -0.2322278706E+00   -0.1161139353E+00   -0.4347580533E+00    0.0000000000E+00    0.0000000000E+00    0.0000000000E+00    0.0000000000E+00    0.0000000000E+00    0.0000000000E+00    0.2663120057E-13    0.2663120057E-13    0.9999980593E+00    0.9999980593E+00
    6    0.4133333333E+01    0.5805696766E+00    0.6966836119E+00   -0.4432155292E+00    0.0000000000E+00    0.0000000000E+00    0.0000000000E+00    0.0000000000E+00    0.0000000000E+00    0.0000000000E+00    0.1310970437E-12    0.1310970437E-12    0.9999952809E+00    0.9999952809E+00
    1    0.4391666667E+01    0.5805696766E+00    0.6966836119E+00    0.6344019922E-01    0.0000000000E+00    0.0000000000E+00    0.0000000000E+00    0.0000000000E+00    0.0000000000E+00    0.0000000000E+00    0.3781134902E-12    0.3781134902E-12    0.9999972848E+00    0.9999972848E+00
    2    0.4391666667E+01   -0.2322278706E+00    0.6966836119E+00    0.8899885515E-01    0.0000000000E+00    0.0000000000E+00    0.0000000000E+00    0.0000000000E+00    0.0000000000E+00    0.0000000000E+00    0.3170043550E-12    0.3170043550E-12    0.9999975609E+00    0.9999975609E+00
    3    0.4391666667E+01   -0.2322278706E+00    0.6966836119E+00    0.2941923119E+00    0.0000000000E+00    0.0000000000E+00    0.0000000000E+00    0.0000000000E+00    0.0000000000E+00    0.0000000000E+00    0.1879775824E-12    0.1879775824E-12    0.9999968481E+00    0.9999968481E+00
    4    0.4391666667E+01    0.5805696766E+00   -0.1161139353E+00    0.4455302368E+00    0.0000000000E+00    0.0000000000E+00    0.0000000000E+00    0.0000000000E+00    0.0000000000E+00    0.0000000000E+00    0.1113163953E-13    0.1113163962E-13    0.9999983843E+00    0.9999983843E+00
    5    0.4391666667E+01   -0.2322278706E+00   -0.1161139353E+00    0.4747471993E+00    0.0000000000E+00    0.0000000000E+00    0.0000000000E+00    0.0000000000E+00    0.0000000000E+00    0.0000000000E+00    0.1416055985E-13    0.1416055987E-13    0.9999981137E+00    0.9999981137E+00
    6    0.4391666667E+01   -0.2322278706E+00    0.6966836119E+00    0.5192080918E+00    0.0000000000E+00    0.0000000000E+00    0.0000000000E+00    0.0000000000E+00    0.0000000000E+00    0.0000000000E+00    0.4264999891E-11    0.4264999891E-11    0.9999933878E+00    0.9999933878E+00
    7    0.4391666667E+01    0.5805696766E+00   -0.1161139353E+00   -0.4201818100E+00    0.0000000000E+00    0.0000000000E+00    0.0000000000E+00    0.0000000000E+00    0.0000000000E+00    0.0000000000E+00    0.1243546567E-13    0.1243546581E-13    0.9999982703E+00    0.9999982703E+00
    8    0.4391666667E+01    0.5805696766E+00    0.6966836119E+00   -0.3368183823E+00    0.0000000000E+00    0.0000000000E+00    0.0000000000E+00    0.0000000000E+00    0.0000000000E+00    0.0000000000E+00    0.1084876984E-13    0.1084876984E-13    0.9999976251E+00    0.9999976251E+00
    9    0.4391666667E+01   -0.2322278706E+00   -0.1161139353E+00   -0.3665329399E+00    0.0000000000E+00    0.0000000000E+00    0.0000000000E+00    0.0000000000E+00    0.0000000000E+00    0.0000000000E+00    0.1834181606E-13    0.1834181630E-13    0.9999980414E+00    0.9999980414E+00
   10    0.4391666667E+01   -0.2322278706E+00    0.6966836119E+00   -0.3601629906E+00    0.0000000000E+00    0.0000000000E+00    0.0000000000E+00    0.0000000000E+00    0.0000000000E+00    0.0000000000E+00    0.3952404780E-11    0.3952404780E-11    0.9999944912E+00    0.9999944912E+00
    1    0.4650000000E+01   -0.2322278706E+00    0.6966836119E+00    0.1649320497E+00    0.0000000000E+00    0.0000000000E+00    0.0000000000E+00    0.0000000000E+00    0.0000000000E+00    0.0000000000E+00    0.1059964414E-13    0.1059964419E-13    0.9999977778E+00    0.9999977778E+00
    2    0.4650000000E+01    0.5805696766E+00    0.6966836119E+00    0.1505130009E+00    0.0000000000E+00    0.0000000000E+00    0.0000000000E+00    0.0000000000E+00    0.0000000000E+00    0.0000000000E+00    0.6953616339E-14    0.6953616384E-14    0.9999971472E+00    0.9999971472E+00
    3    0.4650000000E+01    0.5805696766E+00   -0.1161139353E+00    0.5024817288E+00    0.0000000000E+00    0.0000000000E+00    0.0000000000E+00    0.0000000000E+00    0.0000000000E+00    0.0000000000E+00    0.1275208468E-13    0.1275208546E-13    0.9999980514E+00    0.9999980514E+00
    4    0.4650000000E+01   -0.2322278706E+00   -0.1161139353E+00    0.5367660060E+00    0.0000000000E+00    0.0000000000E+00    0.0000000000E+00    0.0000000000E+00    0.0000000000E+00    0.0000000000E+00    0.8574378860E-14    0.8575694725E-14    0.9999979996E+00    0.9999979996E+00
    5    0.4650000000E+01    0.5805696766E+00   -0.1161139353E+00   -0.3526241819E+00    0.0000000000E+00    0.0000000000E+00    0.0000000000E+00    0.0000000000E+00    0.0000000000E+00    0.0000000000E+00    0.2339178773E-13    0.2339178939E-13    0.9999977451E+00    0.9999977451E+00
    6    0.4650000000E+01   -0.2322278706E+00    0.6966836119E+00   -0.2408956390E+00    0.0000000000E+00    0.0000000000E+00    0.0000000000E+00    0.0000000000E+00    0.0000000000E+00    0.0000000000E+00    0.9465661727E-14    0.9465661753E-14    0.9999972806E+00    0.9999972806E+00
    7    0.4650000000E+01    0.5805696766E+00    0.6966836119E+00   -0.2626860619E+00    0.0000000000E+00    0.0000000000E+00    0.0000000000E+00    0.0000000000E+00    0.0000000000E+00    0.0000000000E+00    0.6422419463E-14    0.6422419471E-14    0.9999978807E+00    0.9999978807E+00
    8    0.4650000000E+01   -0.2322278706E+00   -0.1161139353E+00   -0.2916016100E+00    0.0000000000E+00    0.0000000000E+00    0.0000000000E+00    0.0000000000E+00    0.0000000000E+00    0.0000000000E+00    0.6554910497E-13    0.6554921040E-13    0.9999975885E+00    0.9999975885E+00
    1    0.4908333333E+01   -0.2322278706E+00    0.6966836119E+00    0.2389462192E+00    0.0000000000E+00    0.0000000000E+00    0.0000000000E+00    0.0000000000E+00    0.0000000000E+00    0.0000000000E+00    0.9027573934E-14    0.9027573950E-14    0.9999974363E+00    0.9999974363E+00
    2    0.4908333333E+01    0.5805696766E+00    0.6966836119E+00    0.3760378775E+00    0.0000000000E+00    0.0000000000E+00    0.0000000000E+00    0.0000000000E+00    0.0000000000E+00    0.0000000000E+00    0.3914122110E-13    0.3914122173E-13    0.9999810805E+00    0.9999810805E+00
    3    0.4908333333E+01    0.5805696766E+00   -0.1161139353E+00    0.5691172549E+00    0.0000000000E+00    0.0000000000E+00    0.0000000000E+00    0.0000000000E+00    0.0000000000E+00    0.0000000000E+00    0.3846978366E-13    0.3847047406E-13    0.9999973468E+00    0.9999973468E+00
    4    0.4908333333E+01   -0.2322278706E+00   -0.1161139353E+00   -0.5492579414E+00    0.0000000000E+00    0.0000000000E+00    0.0000000000E+00    0.0000000000E+00    0.0000000000E+00    0.0000000000E+00    0.3900062042E-14    0.3900062233E-14    0.9999978229E+00    0.9999978229E+00
    5    0.4908333333E+01   -0.2322278706E+00    0.6966836119E+00   -0.1617197139E+00    0.0000000000E+00    0.0000000000E+00    0.0000000000E+00    0.0000000000E+00    0.0000000000E+00    0.0000000000E+00    0.9105606002E-14    0.9105606004E-14    0.9999976177E+00    0.9999976177E+00
    6    0.4908333333E+01    0.5805696766E+00   -0.1161139353E+00   -0.2558051053E+00    0.0000000000E+00    0.0000000000E+00    0.0000000000E+00    0.0000000000E+00    0.0000000000E+00    0.0000000000E+00    0.1685736202E-12    0.1685736880E-12    0.9999960295E+00    0.9999960295E+00
    7    0.4908333333E+01   -0.2322278706E+00   -0.1161139353E+00   -0.1956436626E+00    0.0000000000E+00    0.0000000000E+00    0.0000000000E+00    0.0000000000E+00    0.0000000000E+00    0.0000000000E+00    0.2273148410E-14    0.2273148484E-14    0.9999962338E+00    0.9999962338E+00
    8    0.4908333333E+01    0.5805696766E+00    0.6966836119E+00   -0.1956023277E+00    0.0000000000E+00    0.0000000000E+00    0.0000000000E+00    0.0000000000E+00    0.0000000000E+00    0.0000000000E+00    0.2963232076E-13    0.2963232077E-13    0.9999976344E+00    0.9999976344E+00
    1    0.5166666667E+01   -0.2322278706E+00    0.6966836119E+00    0.3301288637E+00    0.0000000000E+00    0.0000000000E+00    0.0000000000E+00    0.0000000000E+00    0.0000000000E+00    0.0000000000E+00    0.1327686679E-13    0.1327686680E-13    0.9999964484E+00    0.9999964484E+00
    2    0.5166666667E+01    0.5805696766E+00    0.6966836119E+00    0.5213368698E+00    0.0000000000E+00    0.0000000000E+00    0.0000000000E+00    0.0000000000E+00    0.0000000000E+00    0.0000000000E+00    0.3299976883E-14    0.3299976885E-14    0.9999970293E+00    0.9999970293E+00
    3    0.5166666667E+01   -0.2322278706E+00   -0.1161139353E+00   -0.4805020957E+00    0.0000000000E+00    0.0000000000E+00    0.0000000000E+00    0.0000000000E+00    0.0000000000E+00    0.0000000000E+00    0.1369729298E-14    0.1369729300E-14    0.9999975351E+00    0.9999975351E+00
    4    0.5166666667E+01    0.5805696766E+00   -0.1161139353E+00   -0.4939474304E+00    0.0000000000E+00    0.0000000000E+00    0.0000000000E+00    0.0000000000E+00    0.0000000000E+00    0.0000000000E+00    0.1260051956E-13    0.1260052043E-13    0.9999964885E+00    0.9999964885E+00
    5    0.5166666667E+01    0.5805696766E+00   -0.1161139353E+00    0.5817389038E-01    0.0000000000E+00    0.0000000000E+00    0.0000000000E+00    0.0000000000E+00    0.0000000000E+00    0.0000000000E+00    0.3847035407E-11    0.3847035415E-11    0.9999943906E+00    0.9999943906E+00
    6    0.5166666667E+01   -0.2322278706E+00    0.6966836119E+00   -0.9105986920E-01    0.0000000000E+00    0.0000000000E+00    0.0000000000E+00    0.0000000000E+00    0.0000000000E+00    0.0000000000E+00    0.6714383424E-14    0.6714383425E-14    0.9999976481E+00    0.9999976481E+00
    7    0.5166666667E+01    0.5805696766E+00    0.6966836119E+00   -0.1269801110E+00    0.0000000000E+00    0.0000000000E+00    0.0000000000E+00    0.0000000000E+00    0.0000000000E+00    0.0000000000E+00    0.2943605585E-13    0.2943605585E-13    0.9999975800E+00    0.9999975800E+00
    1    0.5425000000E+01   -0.2322278706E+00    0.6966836119E+00    0.4301441133E+00    0.0000000000E+00    0.0000000000E+00    0.0000000000E+00    0.0000000000E+00    0.0000000000E+00    0.0000000000E+00    0.9390224902E-14    0.9390225007E-14    0.9999968717E+00    0.9999968717E+00
    2    0.5425000000E+01    0.5805696766E+00    0.6966836119E+00   -0.5470843564E+00    0.0000000000E+00    0.0000000000E+00    0.0000000000E+00    0.0000000000E+00    0.0000000000E+00    0.0000000000E+00    0.3089849887E-13    0.3089849887E-13    0.9999971601E+00    0.9999971601E+00
    3    0.5425000000E+01   -0.2322278706E+00   -0.1161139353E+00   -0.4028175035E+00    0.0000000000E+00    0.0000000000E+00    0.0000000000E+00    0.0000000000E+00    0.0000000000E+00    0.0000000000E+00    0.2678740390E-17    0.2678807670E-17    0.9999970076E+00    0.9999970076E+00
    4    0.5425000000E+01    0.5805696766E+00   -0.1161139353E+00   -0.3612413218E+00    0.0000000000E+00    0.0000000000E+00    0.0000000000E+00    0.0000000000E+00    0.0000000000E+00    0.0000000000E+00    0.1796303387E-14    0.1796303387E-14    0.9999940699E+00    0.9999940699E+00
    5    0.5425000000E+01    0.5805696766E+00   -0.1161139353E+00    0.1534279554E+00    0.0000000000E+00    0.0000000000E+00    0.0000000000E+00    0.0000000000E+00    0.0000000000E+00    0.0000000000E+00    0.2808287605E-13    0.2808287606E-13    0.9999975169E+00    0.9999975169E+00
    6    0.5425000000E+01   -0.2322278706E+00    0.6966836119E+00   -0.2177836219E-01    0.0000000000E+00    0.0000000000E+00    0.0000000000E+00    0.0000000000E+00    0.0000000000E+00    0.0000000000E+00    0.3081767905E-13    0.3081767906E-13    0.9999974761E+00    0.9999974761E+00
    7    0.5425000000E+01    0.5805696766E+00    0.6966836119E+00   -0.4091640442E-01    0.0000000000E+00    0.0000000000E+00    0.0000000000E+00    0.0000000000E+00    0.0000000000E+00    0.0000000000E+00    0.2273440783E-11    0.2273440783E-11    0.9999954448E+00    0.9999954448E+00
    1    0.5683333333E+01   -0.2322278706E+00    0.6966836119E+00    0.5101158199E+00    0.0000000000E+00    0.0000000000E+00    0.0000000000E+00    0.0000000000E+00    0.0000000000E+00    0.0000000000E+00    0.3572041543E-13    0.3572041543E-13    0.9999971324E+00    0.9999971324E+00
    2    0.5683333333E+01    0.5805696766E+00    0.6966836119E+00   -0.4614746560E+00    0.0000000000E+00    0.0000000000E+00    0.0000000000E+00    0.0000000000E+00    0.0000000000E+00    0.0000000000E+00    0.7936910692E-15    0.7936910695E-15    0.9999964572E+00    0.9999964572E+00
    3    0.5683333333E+01   -0.2322278706E+00   -0.1161139353E+00   -0.3103655886E+00    0.0000000000E+00    0.0000000000E+00    0.0000000000E+00    0.0000000000E+00    0.0000000000E+00    0.0000000000E+00    0.1109661660E-13    0.1109661812E-13    0.9999961444E+00    0.9999961444E+00
    4    0.5683333333E+01    0.5805696766E+00   -0.1161139353E+00    0.2139684045E+00    0.0000000000E+00    0.0000000000E+00    0.0000000000E+00    0.0000000000E+00    0.0000000000E+00    0.0000000000E+00    0.3067950126E-12    0.3067950128E-12    0.9999976423E+00    0.9999976423E+00
    5    0.5683333333E+01    0.5805696766E+00   -0.1161139353E+00   -0.1412571148E+00    0.0000000000E+00    0.0000000000E+00    0.0000000000E+00    0.0000000000E+00    0.0000000000E+00    0.0000000000E+00    0.3562180993E-11    0.3562180993E-11    0.9999851412E+00    0.9999851412E+00
    6    0.5683333333E+01   -0.2322278706E+00    0.6966836119E+00    0.5012684413E-01    0.0000000000E+00    0.0000000000E+00    0.0000000000E+00    0.0000000000E+00    0.0000000000E+00    0.0000000000E+00    0.3657545017E-13    0.3657545017E-13    0.9999971577E+00    0.9999971577E+00
    1    0.5941666667E+01   -0.2322278706E+00    0.6966836119E+00   -0.5594008008E+00    0.0000000000E+00    0.0000000000E+00    0.0000000000E+00    0.0000000000E+00    0.0000000000E+00    0.0000000000E+00    0.2923559520E-13    0.2923559520E-13    0.9999965854E+00    0.9999965854E+00
    2    0.5941666667E+01    0.5805696766E+00    0.6966836119E+00   -0.3389233384E+00    0.0000000000E+00    0.0000000000E+00    0.0000000000E+00    0.0000000000E+00    0.0000000000E+00    0.0000000000E+00    0.2444010776E-11    0.2444010776E-11    0.9999928856E+00    0.9999928856E+00
    3    0.5941666667E+01   -0.2322278706E+00   -0.1161139353E+00   -0.1864713565E+00    0.0000000000E+00    0.0000000000E+00    0.0000000000E+00    0.0000000000E+00    0.0000000000E+00    0.0000000000E+00    0.3078372606E-14    0.3078372623E-14    0.9999937961E+00    0.9999937961E+00
    4    0.5941666667E+01    0.5805696766E+00   -0.1161139353E+00    0.2657878135E+00    0.0000000000E+00    0.0000000000E+00    0.0000000000E+00    0.0000000000E+00    0.0000000000E+00    0.0000000000E+00    0.2782640348E-14    0.2782640348E-14    0.9999980801E+00    0.9999980801E+00
    5    0.5941666667E+01   -0.2322278706E+00    0.6966836119E+00    0.1326663507E+00    0.0000000000E+00    0.0000000000E+00    0.0000000000E+00    0.0000000000E+00    0.0000000000E+00    0.0000000000E+00    0.1542426905E-13    0.1542426905E-13    0.9999964087E+00    0.9999964087E+00
    6    0.5941666667E+01    0.5805696766E+00    0.6966836119E+00    0.1103687873E+00    0.0000000000E+00    0.0000000000E+00    0.0000000000E+00    0.0000000000E+00    0.0000000000E+00    0.0000000000E+00    0.2856279522E-11    0.2856279522E-11    0.9999921163E+00    0.9999921163E+00
    1    0.6200000000E+01   -0.2322278706E+00    0.6966836119E+00   -0.4482009607E+00    0.0000000000E+00    0.0000000000E+00    0.0000000000E+00    0.0000000000E+00    0.0000000000E+00    0.0000000000E+00    0.3084620193E-11    0.3084620193E-11    0.9999932687E+00    0.9999932687E+00
    2    0.6200000000E+01   -0.2322278706E+00   -0.1161139353E+00    0.7507998791E-01    0.0000000000E+00    0.0000000000E+00    0.0000000000E+00    0.0000000000E+00    0.0000000000E+00    0.0000000000E+00    0.2851395636E-11    0.2851395636E-11    0.9999945292E+00    0.9999945292E+00
    3    0.6200000000E+01    0.5805696766E+00   -0.1161139353E+00    0.3133189570E+00    0.0000000000E+00    0.0000000000E+00    0.0000000000E+00    0.0000000000E+00    0.0000000000E+00    0.0000000000E+00    0.4117336585E-15    0.4117336587E-15    0.9999981129E+00    0.9999981129E+00
    4    0.6200000000E+01   -0.2322278706E+00    0.6966836119E+00    0.2500822811E+00    0.0000000000E+00    0.0000000000E+00    0.0000000000E+00    0.0000000000E+00    0.0000000000E+00    0.0000000000E+00    0.3077636573E-11    0.3077636573E-11    0.9999929697E+00    0.9999929697E+00
    1    0.6458333333E+01    0.5805696766E+00   -0.1161139353E+00    0.3588600002E+00    0.0000000000E+00    0.0000000000E+00    0.0000000000E+00    0.0000000000E+00    0.0000000000E+00    0.0000000000E+00    0.5439810187E-19    0.5439810442E-19    0.9999980893E+00    0.9999980893E+00
    2    0.6458333333E+01   -0.2322278706E+00   -0.1161139353E+00    0.1627583949E+00    0.0000000000E+00    0.0000000000E+00    0.0000000000E+00    0.0000000000E+00    0.0000000000E+00    0.0000000000E+00    0.2168996196E-13    0.2168996196E-13    0.9999971614E+00    0.9999971614E+00
    1    0.6716666667E+01    0.5805696766E+00   -0.1161139353E+00    0.4036257124E+00    0.0000000000E+00    0.0000000000E+00    0.0000000000E+00    0.0000000000E+00    0.0000000000E+00    0.0000000000E+00    0.2942731983E-16    0.2942733667E-16    0.9999980278E+00    0.9999980278E+00
    2    0.6716666667E+01   -0.2322278706E+00   -0.1161139353E+00    0.2222012124E+00    0.0000000000E+00    0.0000000000E+00    0.0000000000E+00    0.0000000000E+00    0.0000000000E+00    0.0000000000E+00    0.5181571964E-14    0.5181578765E-14    0.9999976054E+00    0.9999976054E+00
    1    0.6975000000E+01    0.5805696766E+00   -0.1161139353E+00    0.4484134141E+00    0.0000000000E+00    0.0000000000E+00    0.0000000000E+00    0.0000000000E+00    0.0000000000E+00    0.0000000000E+00    0.6978414968E-15    0.6978414968E-15    0.9999979368E+00    0.9999979368E+00
    2    0.6975000000E+01   -0.2322278706E+00   -0.1161139353E+00    0.2736523263E+00    0.0000000000E+00    0.0000000000E+00    0.0000000000E+00    0.0000000000E+00    0.0000000000E+00    0.0000000000E+00    0.6552866255E-14    0.6552866255E-14    0.9999977360E+00    0.9999977360E+00
    1    0.7233333333E+01    0.5805696766E+00   -0.1161139353E+00    0.4937937743E+00    0.0000000000E+00    0.0000000000E+00    0.0000000000E+00    0.0000000000E+00    0.0000000000E+00    0.0000000000E+00    0.1449034137E-14    0.1449034137E-14    0.9999978216E+00    0.9999978216E+00
    2    0.7233333333E+01   -0.2322278706E+00   -0.1161139353E+00    0.3219631474E+00    0.0000000000E+00    0.0000000000E+00    0.0000000000E+00    0.0000000000E+00    0.0000000000E+00    0.0000000000E+00    0.1566549261E-14    0.1566549261E-14    0.9999977371E+00    0.9999977371E+00
    1    0.7491666667E+01    0.5805696766E+00   -0.1161139353E+00    0.5401833621E+00    0.0000000000E+00    0.0000000000E+00    0.0000000000E+00    0.0000000000E+00    0.0000000000E+00    0.0000000000E+00    0.5747314605E-15    0.5747314609E-15    0.9999976858E+00    0.9999976858E+00
    2    0.7491666667E+01   -0.2322278706E+00   -0.1161139353E+00    0.3694540708E+00    0.0000000000E+00    0.0000000000E+00    0.0000000000E+00    0.0000000000E+00    0.0000000000E+00    0.0000000000E+00    0.2513054897E-16    0.2513054898E-16    0.9999976550E+00    0.9999976550E+00
    1    0.7750000000E+01    0.5805696766E+00   -0.1161139353E+00   -0.5617924339E+00    0.0000000000E+00    0.0000000000E+00    0.0000000000E+00    0.0000000000E+00    0.0000000000E+00    0.0000000000E+00    0.1225693771E-13    0.1225693771E-13    0.9999975250E+00    0.9999975250E+00
    2    0.7750000000E+01   -0.2322278706E+00   -0.1161139353E+00    0.4177146237E+00    0.0000000000E+00    0.0000000000E+00    0.0000000000E+00    0.0000000000E+00    0.0000000000E+00    0.0000000000E+00    0.6160741421E-17    0.6160742614E-17    0.9999974986E+00    0.9999974986E+00
    3    0.7750000000E+01    0.5805696766E+00    0.6966836119E+00    0.1586284548E+00    0.0000000000E+00    0.0000000000E+00    0.0000000000E+00    0.0000000000E+00    0.0000000000E+00    0.0000000000E+00    0.1718482619E-11    0.1718482619E-11    0.9999823316E+00    0.9999823316E+00
    1    0.8008333333E+01    0.5805696766E+00   -0.1161139353E+00   -0.5127909355E+00    0.0000000000E+00    0.0000000000E+00    0.0000000000E+00    0.0000000000E+00    0.0000000000E+00    0.0000000000E+00    0.4178642052E-14    0.4178642052E-14    0.9999973915E+00    0.9999973915E+00
    2    0.8008333333E+01   -0.2322278706E+00   -0.1161139353E+00    0.4682029130E+00    0.0000000000E+00    0.0000000000E+00    0.0000000000E+00    0.0000000000E+00    0.0000000000E+00    0.0000000000E+00    0.2678297547E-15    0.2678297547E-15    0.9999972574E+00    0.9999972574E+00
    3    0.8008333333E+01    0.5805696766E+00    0.6966836119E+00    0.2990886555E+00    0.0000000000E+00    0.0000000000E+00    0.0000000000E+00    0.0000000000E+00    0.0000000000E+00    0.0000000000E+00    0.4798085595E-13    0.4798085595E-13    0.9999954992E+00    0.9999954992E+00
    1    0.8266666667E+01    0.5805696766E+00   -0.1161139353E+00   -0.4626553178E+00    0.0000000000E+00    0.0000000000E+00    0.0000000000E+00    0.0000000000E+00    0.0000000000E+00    0.0000000000E+00    0.1016110866E-13    0.1016110866E-13    0.9999972500E+00    0.9999972500E+00
    2    0.8266666667E+01   -0.2322278706E+00   -0.1161139353E+00    0.5226158479E+00    0.0000000000E+00    0.0000000000E+00    0.0000000000E+00    0.0000000000E+00    0.0000000000E+00    0.0000000000E+00    0.1125343161E-14    0.1125343161E-14    0.9999969001E+00    0.9999969001E+00
    3    0.8266666667E+01    0.5805696766E+00    0.6966836119E+00    0.3726101676E+00    0.0000000000E+00    0.0000000000E+00    0.0000000000E+00    0.0000000000E+00    0.0000000000E+00    0.0000000000E+00    0.3330935768E-15    0.3330935770E-15    0.9999964191E+00    0.9999964191E+00
    1    0.8525000000E+01   -0.2322278706E+00    0.6966836119E+00   -0.8545507632E-01    0.0000000000E+00    0.0000000000E+00    0.0000000000E+00    0.0000000000E+00    0.0000000000E+00    0.0000000000E+00    0.1966413072E-10    0.1966413072E-10    0.9999852411E+00    0.9999852411E+00
    2    0.8525000000E+01    0.5805696766E+00   -0.1161139353E+00   -0.4116328588E+00    0.0000000000E+00    0.0000000000E+00    0.0000000000E+00    0.0000000000E+00    0.0000000000E+00    0.0000000000E+00    0.2942137219E-14    0.2942137220E-14    0.9999971256E+00    0.9999971256E+00
    3    0.8525000000E+01   -0.2322278706E+00   -0.1161139353E+00   -0.5666101871E+00    0.0000000000E+00    0.0000000000E+00    0.0000000000E+00    0.0000000000E+00    0.0000000000E+00    0.0000000000E+00    0.1740551592E-12    0.1740551669E-12    0.9999962476E+00    0.9999962476E+00
    4    0.8525000000E+01    0.5805696766E+00    0.6966836119E+00    0.4354786261E+00    0.0000000000E+00    0.0000000000E+00    0.0000000000E+00    0.0000000000E+00    0.0000000000E+00    0.0000000000E+00    0.2620907307E-14    0.2620907393E-14    0.9999965811E+00    0.9999965811E+00
    5    0.8525000000E+01   -0.2322278706E+00    0.6966836119E+00    0.4449799638E+00    0.0000000000E+00    0.0000000000E+00    0.0000000000E+00    0.0000000000E+00    0.0000000000E+00    0.0000000000E+00    0.6724338036E-12    0.6724338036E-12    0.9999947304E+00    0.9999947304E+00
    1    0.8783333333E+01    0.5805696766E+00   -0.1161139353E+00   -0.3601413718E+00    0.0000000000E+00    0.0000000000E+00    0.0000000000E+00    0.0000000000E+00    0.0000000000E+00    0.0000000000E+00    0.2320712272E-14    0.2320712272E-14    0.9999970246E+00    0.9999970246E+00
    2    0.8783333333E+01   -0.2322278706E+00   -0.1161139353E+00   -0.4962606029E+00    0.0000000000E+00    0.0000000000E+00    0.0000000000E+00    0.0000000000E+00    0.0000000000E+00    0.0000000000E+00    0.1397384887E-13    0.1397384887E-13    0.9999956005E+00    0.9999956005E+00
    3    0.8783333333E+01   -0.2322278706E+00    0.6966836119E+00    0.5214407190E+00    0.0000000000E+00    0.0000000000E+00    0.0000000000E+00    0.0000000000E+00    0.0000000000E+00    0.0000000000E+00    0.4298646796E-15    0.4298646796E-15    0.9999960135E+00    0.9999960135E+00
    4    0.8783333333E+01    0.5805696766E+00    0.6966836119E+00    0.4965851805E+00    0.0000000000E+00    0.0000000000E+00    0.0000000000E+00    0.0000000000E+00    0.0000000000E+00    0.0000000000E+00    0.2235739299E-14    0.2235739299E-14    0.9999964267E+00    0.9999964267E+00
    1    0.9041666667E+01    0.5805696766E+00   -0.1161139353E+00   -0.3086073982E+00    0.0000000000E+00    0.0000000000E+00    0.0000000000E+00    0.0000000000E+00    0.0000000000E+00    0.0000000000E+00    0.1630333188E-13    0.1630333189E-13    0.9999969457E+00    0.9999969457E+00
    2    0.9041666667E+01   -0.2322278706E+00   -0.1161139353E+00   -0.4125616646E+00    0.0000000000E+00    0.0000000000E+00    0.0000000000E+00    0.0000000000E+00    0.0000000000E+00    0.0000000000E+00    0.1088988140E-13    0.1088988140E-13    0.9999945714E+00    0.9999945714E+00
    3    0.9041666667E+01   -0.2322278706E+00    0.6966836119E+00   -0.5613710883E+00    0.0000000000E+00    0.0000000000E+00    0.0000000000E+00    0.0000000000E+00    0.0000000000E+00    0.0000000000E+00    0.4140663177E-14    0.4140663177E-14    0.9999961012E+00    0.9999961012E+00
    4    0.9041666667E+01    0.5805696766E+00    0.6966836119E+00    0.5610207837E+00    0.0000000000E+00    0.0000000000E+00    0.0000000000E+00    0.0000000000E+00    0.0000000000E+00    0.0000000000E+00    0.9958627729E-15    0.9958627730E-15    0.9999959658E+00    0.9999959658E+00
    1    0.9300000000E+01    0.5805696766E+00   -0.1161139353E+00   -0.2573416420E+00    0.0000000000E+00    0.0000000000E+00    0.0000000000E+00    0.0000000000E+00    0.0000000000E+00    0.0000000000E+00    0.1430901194E-13    0.1430901194E-13    0.9999968806E+00    0.9999968806E+00
    2    0.9300000000E+01   -0.2322278706E+00   -0.1161139353E+00   -0.3149745375E+00    0.0000000000E+00    0.0000000000E+00    0.0000000000E+00    0.0000000000E+00    0.0000000000E+00    0.0000000000E+00    0.6434216680E-13    0.6434216680E-13    0.9999937944E+00    0.9999937944E+00
    3    0.9300000000E+01    0.5805696766E+00    0.6966836119E+00   -0.5139918807E+00    0.0000000000E+00    0.0000000000E+00    0.0000000000E+00    0.0000000000E+00    0.0000000000E+00    0.0000000000E+00    0.2497640037E-15    0.2497640037E-15    0.9999948990E+00    0.9999948990E+00
    4    0.9300000000E+01   -0.2322278706E+00    0.6966836119E+00   -0.4946245031E+00    0.0000000000E+00    0.0000000000E+00    0.0000000000E+00    0.0000000000E+00    0.0000000000E+00    0.0000000000E+00    0.1336711413E-14    0.1336711413E-14    0.9999957910E+00    0.9999957910E+00
    1    0.9558333333E+01    0.5805696766E+00    0.6966836119E+00   -0.4084447793E+00    0.0000000000E+00    0.0000000000E+00    0.0000000000E+00    0.0000000000E+00    0.0000000000E+00    0.0000000000E+00    0.1574862172E-14    0.1574862172E-14    0.9999907916E+00    0.9999907916E+00
    2    0.9558333333E+01   -0.2322278706E+00    0.6966836119E+00   -0.4208748806E+00    0.0000000000E+00    0.0000000000E+00    0.0000000000E+00    0.0000000000E+00    0.0000000000E+00    0.0000000000E+00    0.2958045584E-14    0.2958045584E-14    0.9999949471E+00    0.9999949471E+00
    3    0.9558333333E+01   -0.2322278706E+00   -0.1161139353E+00   -0.2145835060E+00    0.0000000000E+00    0.0000000000E+00    0.0000000000E+00    0.0000000000E+00    0.0000000000E+00    0.0000000000E+00    0.4350212136E-14    0.4350212136E-14    0.9999938907E+00    0.9999938907E+00
    4    0.9558333333E+01    0.5805696766E+00   -0.1161139353E+00   -0.2064533949E+00    0.0000000000E+00    0.0000000000E+00    0.0000000000E+00    0.0000000000E+00    0.0000000000E+00    0.0000000000E+00    0.9770943168E-15    0.9770943169E-15    0.9999968165E+00    0.9999968165E+00
    1    0.9816666667E+01   -0.2322278706E+00    0.6966836119E+00   -0.3262193314E+00    0.0000000000E+00    0.0000000000E+00    0.0000000000E+00    0.0000000000E+00    0.0000000000E+00    0.0000000000E+00    0.6256312567E-13    0.6256312567E-13    0.9999924956E+00    0.9999924956E+00
    2    0.9816666667E+01   -0.2322278706E+00   -0.1161139353E+00   -0.1201964414E+00    0.0000000000E+00    0.0000000000E+00    0.0000000000E+00    0.0000000000E+00    0.0000000000E+00    0.0000000000E+00    0.8051670562E-13    0.8051670562E-13    0.9999939552E+00    0.9999939552E+00
    3    0.9816666667E+01    0.5805696766E+00   -0.1161139353E+00   -0.1558234077E+00    0.0000000000E+00    0.0000000000E+00    0.0000000000E+00    0.0000000000E+00    0.0000000000E+00    0.0000000000E+00    0.3840823543E-14    0.3840823550E-14    0.9999967386E+00    0.9999967386E+00
    1    0.1007500000E+02   -0.2322278706E+00    0.6966836119E+00   -0.1246394233E+00    0.0000000000E+00    0.0000000000E+00    0.0000000000E+00    0.0000000000E+00    0.0000000000E+00    0.0000000000E+00    0.2759449834E-10    0.2759449834E-10    0.9999699762E+00    0.9999699762E+00
    2    0.1007500000E+02    0.5805696766E+00   -0.1161139353E+00   -0.1051033883E+00    0.0000000000E+00    0.0000000000E+00    0.0000000000E+00    0.0000000000E+00    0.0000000000E+00    0.0000000000E+00    0.3546718366E-14    0.3546718366E-14    0.9999966296E+00    0.9999966296E+00
    1    0.1033333333E+02    0.5805696766E+00   -0.1161139353E+00   -0.5356138513E-01    0.0000000000E+00    0.0000000000E+00    0.0000000000E+00    0.0000000000E+00    0.0000000000E+00    0.0000000000E+00    0.2890816794E-13    0.2890816794E-13    0.9999964368E+00    0.9999964368E+00
    1    0.1085000000E+02    0.5805696766E+00   -0.1161139353E+00    0.4921577150E-01    0.0000000000E+00    0.0000000000E+00    0.0000000000E+00    0.0000000000E+00    0.0000000000E+00    0.0000000000E+00    0.5928477023E-13    0.5928477023E-13    0.9999960065E+00    0.9999960065E+00
    2    0.1085000000E+02   -0.2322278706E+00   -0.1161139353E+00    0.1163573868E+00    0.0000000000E+00    0.0000000000E+00    0.0000000000E+00    0.0000000000E+00    0.0000000000E+00    0.0000000000E+00    0.1300077161E-12    0.1300077161E-12    0.9999944942E+00    0.9999944942E+00
    1    0.1110833333E+02   -0.2322278706E+00    0.6966836119E+00    0.4500161425E+00    0.0000000000E+00    0.0000000000E+00    0.0000000000E+00    0.0000000000E+00    0.0000000000E+00    0.0000000000E+00    0.2115919159E-13    0.2115919159E-13    0.9999927854E+00    0.9999927854E+00
    2    0.1110833333E+02    0.5805696766E+00    0.6966836119E+00    0.3089868968E+00    0.5805696766E+00   -0.9289114825E+00    0.3089868968E+00   -0.2028278044E+01    0.4793029081E+01   -0.2846387244E+01    0.4027812806E-12    0.4027812806E-12    0.9999877365E+00    0.9999877365E+00
    3    0.1110833333E+02   -0.2322278706E+00   -0.1161139353E+00    0.1898135581E+00    0.0000000000E+00    0.0000000000E+00    0.0000000000E+00    0.0000000000E+00    0.0000000000E+00    0.0000000000E+00    0.9314421266E-19    0.9314423039E-19    0.9999947951E+00    0.9999947951E+00
    4    0.1110833333E+02    0.5805696766E+00   -0.1161139353E+00    0.1057896026E+00    0.0000000000E+00    0.0000000000E+00    0.0000000000E+00    0.0000000000E+00    0.0000000000E+00    0.0000000000E+00    0.2248872003E-14    0.2248872003E-14    0.9999957974E+00    0.9999957974E+00
    1    0.1136666667E+02    0.5805696766E+00   -0.1161139353E+00    0.1649954133E+00    0.0000000000E+00    0.0000000000E+00    0.0000000000E+00    0.0000000000E+00    0.0000000000E+00    0.0000000000E+00    0.2338205550E-14    0.2338443933E-14    0.9999954526E+00    0.9999954526E+00
    2    0.1136666667E+02   -0.2322278706E+00   -0.1161139353E+00    0.2605987967E+00    0.0000000000E+00    0.0000000000E+00    0.0000000000E+00    0.0000000000E+00    0.0000000000E+00    0.0000000000E+00    0.9822505772E-14    0.9822506880E-14    0.9999947423E+00    0.9999947423E+00
    3    0.1136666667E+02   -0.2322278706E+00    0.6966836119E+00    0.5326390547E+00    0.0000000000E+00    0.0000000000E+00    0.0000000000E+00    0.0000000000E+00    0.0000000000E+00    0.0000000000E+00    0.1845407246E-14    0.1845743773E-14    0.9999946522E+00    0.9999946522E+00
    4    0.1136666667E+02    0.5805696766E+00    0.6966836119E+00    0.4269099484E+00    0.0000000000E+00    0.0000000000E+00    0.0000000000E+00    0.0000000000E+00    0.0000000000E+00    0.0000000000E+00    0.1042138184E-13    0.1042138185E-13    0.9999932137E+00    0.9999932137E+00
    1    0.1162500000E+02    0.5805696766E+00   -0.1161139353E+00    0.2279058332E+00    0.0000000000E+00    0.0000000000E+00    0.0000000000E+00    0.0000000000E+00    0.0000000000E+00    0.0000000000E+00    0.5748190087E-14    0.5748190087E-14    0.9999950446E+00    0.9999950446E+00
    2    0.1162500000E+02   -0.2322278706E+00   -0.1161139353E+00    0.3308572218E+00    0.0000000000E+00    0.0000000000E+00    0.0000000000E+00    0.0000000000E+00    0.0000000000E+00    0.0000000000E+00    0.1023453497E-13    0.1023453497E-13    0.9999946597E+00    0.9999946597E+00
    3    0.1162500000E+02   -0.2322278706E+00    0.6966836119E+00   -0.5501876495E+00    0.0000000000E+00    0.0000000000E+00    0.0000000000E+00    0.0000000000E+00    0.0000000000E+00    0.0000000000E+00    0.1052754067E-14    0.1052754067E-14    0.9999952145E+00    0.9999952145E+00
    4    0.1162500000E+02    0.5805696766E+00    0.6966836119E+00    0.5072263040E+00    0.0000000000E+00    0.0000000000E+00    0.0000000000E+00    0.0000000000E+00    0.0000000000E+00    0.0000000000E+00    0.2929144594E-14    0.2929144595E-14    0.9999944445E+00    0.9999944445E+00
    1    0.1188333333E+02    0.5805696766E+00   -0.1161139353E+00    0.2948359790E+00    0.0000000000E+00    0.0000000000E+00    0.0000000000E+00    0.0000000000E+00    0.0000000000E+00    0.0000000000E+00    0.1795902934E-13    0.1795902934E-13    0.9999946332E+00    0.9999946332E+00
    2    0.1188333333E+02   -0.2322278706E+00   -0.1161139353E+00    0.4003173174E+00    0.0000000000E+00    0.0000000000E+00    0.0000000000E+00    0.0000000000E+00    0.0000000000E+00    0.0000000000E+00    0.1177973238E-14    0.1177973238E-14    0.9999946328E+00    0.9999946328E+00
    3    0.1188333333E+02   -0.2322278706E+00    0.6966836119E+00   -0.4896339170E+00    0.0000000000E+00    0.0000000000E+00    0.0000000000E+00    0.0000000000E+00    0.0000000000E+00    0.0000000000E+00    0.3034541462E-15    0.3034541462E-15    0.9999953968E+00    0.9999953968E+00
    4    0.1188333333E+02    0.5805696766E+00    0.6966836119E+00   -0.5734435966E+00    0.0000000000E+00    0.0000000000E+00    0.0000000000E+00    0.0000000000E+00    0.0000000000E+00    0.0000000000E+00    0.9468959686E-13    0.9468959686E-13    0.9999948136E+00    0.9999948136E+00
    1    0.1214166667E+02    0.5805696766E+00   -0.1161139353E+00    0.3650379878E+00    0.0000000000E+00    0.0000000000E+00    0.0000000000E+00    0.0000000000E+00    0.0000000000E+00    0.0000000000E+00    0.1158203081E-14    0.1158203088E-14    0.9999943211E+00    0.9999943211E+00
    2    0.1214166667E+02   -0.2322278706E+00   -0.1161139353E+00    0.4683038674E+00    0.0000000000E+00    0.0000000000E+00    0.0000000000E+00    0.0000000000E+00    0.0000000000E+00    0.0000000000E+00    0.8257097314E-14    0.8257097315E-14    0.9999946489E+00    0.9999946489E+00
    3    0.1214166667E+02   -0.2322278706E+00    0.6966836119E+00   -0.4311874119E+00    0.0000000000E+00    0.0000000000E+00    0.0000000000E+00    0.0000000000E+00    0.0000000000E+00    0.0000000000E+00    0.3987812388E-16    0.3987813004E-16    0.9999953546E+00    0.9999953546E+00
    4    0.1214166667E+02    0.5805696766E+00    0.6966836119E+00   -0.5090198026E+00    0.0000000000E+00    0.0000000000E+00    0.0000000000E+00    0.0000000000E+00    0.0000000000E+00    0.0000000000E+00    0.2710814726E-16    0.2712517211E-16    0.9999949380E+00    0.9999949380E+00
    1    0.1240000000E+02    0.5805696766E+00   -0.1161139353E+00    0.4365579749E+00    0.0000000000E+00    0.0000000000E+00    0.0000000000E+00    0.0000000000E+00    0.0000000000E+00    0.0000000000E+00    0.3704409066E-14    0.3704409066E-14    0.9999941891E+00    0.9999941891E+00
    2    0.1240000000E+02   -0.2322278706E+00   -0.1161139353E+00    0.5347158287E+00    0.0000000000E+00    0.0000000000E+00    0.0000000000E+00    0.0000000000E+00    0.0000000000E+00    0.0000000000E+00    0.1724751766E-14    0.1724751766E-14    0.9999946431E+00    0.9999946431E+00
    3    0.1240000000E+02   -0.2322278706E+00    0.6966836119E+00   -0.3722819406E+00    0.0000000000E+00    0.0000000000E+00    0.0000000000E+00    0.0000000000E+00    0.0000000000E+00    0.0000000000E+00    0.2237049476E-17    0.2237049526E-17    0.9999951237E+00    0.9999951237E+00
    4    0.1240000000E+02    0.5805696766E+00    0.6966836119E+00   -0.4454331737E+00    0.0000000000E+00    0.0000000000E+00    0.0000000000E+00    0.0000000000E+00    0.0000000000E+00    0.0000000000E+00    0.7930262295E-16    0.7930262801E-16    0.9999947824E+00    0.9999947824E+00
    1    0.1265833333E+02    0.5805696766E+00   -0.1161139353E+00    0.5072506235E+00    0.0000000000E+00    0.0000000000E+00    0.0000000000E+00    0.0000000000E+00    0.0000000000E+00    0.0000000000E+00    0.1275113974E-15    0.1275113974E-15    0.9999941981E+00    0.9999941981E+00
    2    0.1265833333E+02   -0.2322278706E+00   -0.1161139353E+00   -0.5492848569E+00    0.0000000000E+00    0.0000000000E+00    0.0000000000E+00    0.0000000000E+00    0.0000000000E+00    0.0000000000E+00    0.1151444470E-13    0.1151444470E-13    0.9999945474E+00    0.9999945474E+00
    3    0.1265833333E+02   -0.2322278706E+00    0.6966836119E+00   -0.3104774061E+00   -0.2322278706E+00    0.6966836119E+00   -0.3104774061E+00    0.9852346450E+00   -0.4420733877E+01    0.2110986617E+01    0.3760860812E-15    0.3760860812E-15    0.9999946638E+00    0.9999946638E+00
    4    0.1265833333E+02    0.5805696766E+00    0.6966836119E+00   -0.3798542105E+00    0.0000000000E+00    0.0000000000E+00    0.0000000000E+00    0.0000000000E+00    0.0000000000E+00    0.0000000000E+00    0.1737981259E-17    0.1737981266E-17    0.9999943838E+00    0.9999943838E+00
    1    0.1291666667E+02    0.5805696766E+00   -0.1161139353E+00   -0.5746882870E+00    0.0000000000E+00    0.0000000000E+00    0.0000000000E+00    0.0000000000E+00    0.0000000000E+00    0.0000000000E+00    0.5947527227E-08    0.5947527227E-08    0.9996958153E+00    0.9996958153E+00
    2    0.1291666667E+02   -0.2322278706E+00   -0.1161139353E+00   -0.4831206136E+00    0.0000000000E+00    0.0000000000E+00    0.0000000000E+00    0.0000000000E+00    0.0000000000E+00    0.0000000000E+00    0.4729811441E-15    0.4729811441E-15    0.9999943093E+00    0.9999943093E+00
    3    0.1291666667E+02   -0.2322278706E+00    0.6966836119E+00   -0.2423772892E+00    0.0000000000E+00    0.0000000000E+00    0.0000000000E+00    0.0000000000E+00    0.0000000000E+00    0.0000000000E+00    0.2452885955E-14    0.2452885955E-14    0.9999938096E+00    0.9999938096E+00
    4    0.1291666667E+02    0.5805696766E+00    0.6966836119E+00   -0.3087823834E+00    0.0000000000E+00    0.0000000000E+00    0.0000000000E+00    0.0000000000E+00    0.0000000000E+00    0.0000000000E+00    0.1990310951E-14    0.1990310954E-14    0.9999935911E+00    0.9999935911E+00
    1    0.1317500000E+02    0.5805696766E+00   -0.1161139353E+00   -0.5055042733E+00    0.0000000000E+00    0.0000000000E+00    0.0000000000E+00    0.0000000000E+00    0.0000000000E+00    0.0000000000E+00    0.2054569831E-14    0.2054569831E-14    0.9999941338E+00    0.9999941338E+00
    2    0.1317500000E+02   -0.2322278706E+00   -0.1161139353E+00   -0.4140527244E+00    0.0000000000E+00    0.0000000000E+00    0.0000000000E+00    0.0000000000E+00    0.0000000000E+00    0.0000000000E+00    0.8779040926E-16    0.8779040970E-16    0.9999938049E+00    0.9999938049E+00
    3    0.1317500000E+02   -0.2322278706E+00    0.6966836119E+00   -0.1606090644E+00    0.0000000000E+00    0.0000000000E+00    0.0000000000E+00    0.0000000000E+00    0.0000000000E+00    0.0000000000E+00    0.1327789901E-13    0.1327789901E-13    0.9999918388E+00    0.9999918388E+00
    4    0.1317500000E+02    0.5805696766E+00    0.6966836119E+00   -0.2246514031E+00    0.0000000000E+00    0.0000000000E+00    0.0000000000E+00    0.0000000000E+00    0.0000000000E+00    0.0000000000E+00    0.6898790813E-14    0.6898790813E-14    0.9999916165E+00    0.9999916165E+00
    1    0.1343333333E+02   -0.2322278706E+00    0.6966836119E+00    0.3682723196E+00    0.0000000000E+00    0.0000000000E+00    0.0000000000E+00    0.0000000000E+00    0.0000000000E+00    0.0000000000E+00    0.3349422682E-10    0.3349422682E-10    0.9999589064E+00    0.9999589064E+00
    2    0.1343333333E+02    0.5805696766E+00   -0.1161139353E+00   -0.4368023720E+00    0.0000000000E+00    0.0000000000E+00    0.0000000000E+00    0.0000000000E+00    0.0000000000E+00    0.0000000000E+00    0.2015622896E-11    0.2015622896E-11    0.9999932613E+00    0.9999932613E+00
    3    0.1343333333E+02   -0.2322278706E+00   -0.1161139353E+00   -0.3379406435E+00    0.0000000000E+00    0.0000000000E+00    0.0000000000E+00    0.0000000000E+00    0.0000000000E+00    0.0000000000E+00    0.5718013043E-12    0.5718013079E-12    0.9999926911E+00    0.9999926911E+00
    4    0.1343333333E+02   -0.2322278706E+00    0.6966836119E+00   -0.9460255598E-01    0.0000000000E+00    0.0000000000E+00    0.0000000000E+00    0.0000000000E+00    0.0000000000E+00    0.0000000000E+00    0.4202705241E-10    0.4202705241E-10    0.9999591414E+00    0.9999591414E+00
    5    0.1343333333E+02    0.5805696766E+00   -0.1161139353E+00    0.1180643435E+00    0.0000000000E+00    0.0000000000E+00    0.0000000000E+00    0.0000000000E+00    0.0000000000E+00    0.0000000000E+00    0.7966100804E-10    0.7966100805E-10    0.9999570204E+00    0.9999570204E+00
    6    0.1343333333E+02   -0.2322278706E+00   -0.1161139353E+00    0.1164901311E+00    0.0000000000E+00    0.0000000000E+00    0.0000000000E+00    0.0000000000E+00    0.0000000000E+00    0.0000000000E+00    0.6191029157E-10    0.6191029162E-10    0.9999626193E+00    0.9999626193E+00
    1    0.1369166667E+02   -0.2322278706E+00   -0.1161139353E+00   -0.2434913723E+00    0.0000000000E+00    0.0000000000E+00    0.0000000000E+00    0.0000000000E+00    0.0000000000E+00    0.0000000000E+00    0.1166459647E-12    0.1166459647E-12    0.9999896574E+00    0.9999896574E+00
    2    0.1369166667E+02    0.5805696766E+00   -0.1161139353E+00   -0.3637570235E+00    0.0000000000E+00    0.0000000000E+00    0.0000000000E+00    0.0000000000E+00    0.0000000000E+00    0.0000000000E+00    0.5595111322E-12    0.5595111322E-12    0.9999929461E+00    0.9999929461E+00
    3    0.1369166667E+02   -0.2322278706E+00    0.6966836119E+00   -0.4697086277E+00    0.0000000000E+00    0.0000000000E+00    0.0000000000E+00    0.0000000000E+00    0.0000000000E+00    0.0000000000E+00    0.2700893617E-10    0.2700893617E-10    0.9999694691E+00    0.9999694691E+00
    4    0.1369166667E+02    0.5805696766E+00    0.6966836119E+00    0.5055422147E+00    0.0000000000E+00    0.0000000000E+00    0.0000000000E+00    0.0000000000E+00    0.0000000000E+00    0.0000000000E+00    0.3560649451E-10    0.3560649451E-10    0.9999729976E+00    0.9999729976E+00
    5    0.1369166667E+02    0.5805696766E+00    0.6966836119E+00   -0.5518346365E-01    0.0000000000E+00    0.0000000000E+00    0.0000000000E+00    0.0000000000E+00    0.0000000000E+00    0.0000000000E+00    0.1008921026E-08    0.1008921026E-08    0.9999254311E+00    0.9999254311E+00
    6    0.1369166667E+02    0.5805696766E+00   -0.1161139353E+00    0.3818249033E+00    0.0000000000E+00    0.0000000000E+00    0.0000000000E+00    0.0000000000E+00    0.0000000000E+00    0.0000000000E+00    0.1607681761E-11    0.1607681761E-11    0.9999816199E+00    0.9999816199E+00
    7    0.1369166667E+02   -0.2322278706E+00   -0.1161139353E+00    0.3787188093E+00    0.0000000000E+00    0.0000000000E+00    0.0000000000E+00    0.0000000000E+00    0.0000000000E+00    0.0000000000E+00    0.1185423726E-12    0.1185423735E-12    0.9999802135E+00    0.9999802135E+00
    8    0.1369166667E+02   -0.2322278706E+00    0.6966836119E+00    0.2900725724E+00    0.0000000000E+00    0.0000000000E+00    0.0000000000E+00    0.0000000000E+00    0.0000000000E+00    0.0000000000E+00    0.2769201285E-10    0.2769201285E-10    0.9999773132E+00    0.9999773132E+00
    9    0.1369166667E+02    0.5805696766E+00    0.6966836119E+00    0.9154680998E-01    0.0000000000E+00    0.0000000000E+00    0.0000000000E+00    0.0000000000E+00    0.0000000000E+00    0.0000000000E+00    0.4638109868E-09    0.4638109868E-09    0.9999488936E+00    0.9999488936E+00
   10    0.1369166667E+02    0.5805696766E+00   -0.1161139353E+00    0.2320524600E+00    0.0000000000E+00    0.0000000000E+00    0.0000000000E+00    0.0000000000E+00    0.0000000000E+00    0.0000000000E+00    0.2722408836E-11    0.2722408836E-11    0.9999733809E+00    0.9999733809E+00
   11    0.1369166667E+02    0.5805696766E+00    0.6966836119E+00    0.1816422012E+00    0.0000000000E+00    0.0000000000E+00    0.0000000000E+00    0.0000000000E+00    0.0000000000E+00    0.0000000000E+00    0.1881716219E-09    0.1881716219E-09    0.9999660550E+00    0.9999660550E+00
   12    0.1369166667E+02   -0.2322278706E+00    0.6966836119E+00    0.1573314539E+00    0.0000000000E+00    0.0000000000E+00    0.0000000000E+00    0.0000000000E+00    0.0000000000E+00    0.0000000000E+00    0.6014475882E-12    0.6014475883E-12    0.9999814649E+00    0.9999814649E+00
    1    0.1395000000E+02    0.5805696766E+00   -0.1161139353E+00   -0.2780229019E+00    0.0000000000E+00    0.0000000000E+00    0.0000000000E+00    0.0000000000E+00    0.0000000000E+00    0.0000000000E+00    0.2171049829E-12    0.2171049829E-12    0.9999910219E+00    0.9999910219E+00
    2    0.1395000000E+02   -0.2322278706E+00   -0.1161139353E+00   -0.5561480047E+00    0.0000000000E+00    0.0000000000E+00    0.0000000000E+00    0.0000000000E+00    0.0000000000E+00    0.0000000000E+00    0.6782792027E-11    0.6782792027E-11    0.9999797328E+00    0.9999797328E+00
    3    0.1395000000E+02    0.5805696766E+00   -0.1161139353E+00    0.5654568807E+00    0.0000000000E+00    0.0000000000E+00    0.0000000000E+00    0.0000000000E+00    0.0000000000E+00    0.0000000000E+00    0.7380924378E-11    0.7380924378E-11    0.9999826142E+00    0.9999826142E+00
    4    0.1395000000E+02   -0.2322278706E+00    0.6966836119E+00    0.4759634510E+00    0.0000000000E+00    0.0000000000E+00    0.0000000000E+00    0.0000000000E+00    0.0000000000E+00    0.0000000000E+00    0.2451585583E-10    0.2451585583E-10    0.9999661417E+00    0.9999661417E+00
    5    0.1395000000E+02    0.5805696766E+00   -0.1161139353E+00    0.4597010523E+00    0.0000000000E+00    0.0000000000E+00    0.0000000000E+00    0.0000000000E+00    0.0000000000E+00    0.0000000000E+00    0.4532720114E-12    0.4532720114E-12    0.9999808489E+00    0.9999808489E+00
    6    0.1395000000E+02    0.5805696766E+00    0.6966836119E+00    0.3461602678E+00    0.0000000000E+00    0.0000000000E+00    0.0000000000E+00    0.0000000000E+00    0.0000000000E+00    0.0000000000E+00    0.6436120908E-13    0.6436120908E-13    0.9999776291E+00    0.9999776291E+00
    7    0.1395000000E+02   -0.2322278706E+00   -0.1161139353E+00    0.3777127389E+00    0.0000000000E+00    0.0000000000E+00    0.0000000000E+00    0.0000000000E+00    0.0000000000E+00    0.0000000000E+00    0.1169472428E-11    0.1169472428E-11    0.9999771262E+00    0.9999771262E+00
    8    0.1395000000E+02   -0.2322278706E+00    0.6966836119E+00    0.3925104657E+00   -0.2322278706E+00    0.6966836119E+00    0.3925104657E+00    0.1537261480E+01   -0.5227291975E+00    0.8208582670E+00    0.1985153964E-10    0.1985153964E-10    0.9999680097E+00    0.9999680097E+00
    1    0.1420833333E+02    0.5805696766E+00   -0.1161139353E+00   -0.3992543487E+00    0.0000000000E+00    0.0000000000E+00    0.0000000000E+00    0.0000000000E+00    0.0000000000E+00    0.0000000000E+00    0.5328460279E-13    0.5328460279E-13    0.9999787321E+00    0.9999787321E+00
    2    0.1420833333E+02    0.5805696766E+00   -0.1161139353E+00   -0.3592815675E+00    0.5805696766E+00   -0.1161139353E+00   -0.3592815675E+00   -0.3504183184E+00    0.4421171527E+00    0.3166927935E+00    0.7123437642E-11    0.7123437642E-11    0.9998909202E+00    0.9998909202E+00
    3    0.1420833333E+02   -0.2322278706E+00   -0.1161139353E+00   -0.3252043470E+00    0.0000000000E+00    0.0000000000E+00    0.0000000000E+00    0.0000000000E+00    0.0000000000E+00    0.0000000000E+00    0.1428520960E-11    0.1428520960E-11    0.9999706168E+00    0.9999706168E+00
    1    0.1446666667E+02    0.5805696766E+00   -0.1161139353E+00   -0.1814378607E+00    0.0000000000E+00    0.0000000000E+00    0.0000000000E+00    0.0000000000E+00    0.0000000000E+00    0.0000000000E+00    0.1410840388E-12    0.1410840388E-12    0.9999768884E+00    0.9999768884E+00
