    1    0.1550000000E+01    0.4644557413E+00    0.1161139353E+00    0.7228068099E-01    0.0000000000E+00    0.0000000000E+00    0.0000000000E+00    0.0000000000E+00    0.0000000000E+00    0.0000000000E+00    0.1043186862E-12    0.1043186862E-12    0.9999990305E+00    0.9999990305E+00
    1    0.1808333333E+01    0.4644557413E+00    0.1161139353E+00   -0.1113457446E+00    0.0000000000E+00    0.0000000000E+00    0.0000000000E+00    0.0000000000E+00    0.0000000000E+00    0.0000000000E+00    0.9280227143E-12    0.9280227143E-12    0.9999974906E+00    0.9999974906E+00
    2    0.1808333333E+01    0.4644557413E+00    0.1161139353E+00    0.1394387511E+00    0.0000000000E+00    0.0000000000E+00    0.0000000000E+00    0.0000000000E+00    0.0000000000E+00    0.0000000000E+00    0.1100000869E-12    0.1100000869E-12    0.9999991158E+00    0.9999991158E+00
    3    0.1808333333E+01    0.4644557413E+00    0.1161139353E+00    0.2006512950E+00    0.0000000000E+00    0.0000000000E+00    0.0000000000E+00    0.0000000000E+00    0.0000000000E+00    0.0000000000E+00    0.6971389752E-12    0.6971389752E-12    0.9999980678E+00    0.9999980678E+00
    1    0.2066666667E+01    0.4644557413E+00    0.1161139353E+00    0.2885979022E+00    0.0000000000E+00    0.0000000000E+00    0.0000000000E+00    0.0000000000E+00    0.0000000000E+00    0.0000000000E+00    0.5848707505E-15    0.5848707505E-15    0.9999991273E+00    0.9999991273E+00
    2    0.2066666667E+01    0.4644557413E+00    0.1161139353E+00    0.1906457200E+00    0.0000000000E+00    0.0000000000E+00    0.0000000000E+00    0.0000000000E+00    0.0000000000E+00    0.0000000000E+00    0.3066900878E-15    0.3066900878E-15    0.9999993516E+00    0.9999993516E+00
    1    0.2325000000E+01    0.4644557413E+00    0.1161139353E+00    0.3441762071E+00    0.0000000000E+00    0.0000000000E+00    0.0000000000E+00    0.0000000000E+00    0.0000000000E+00    0.0000000000E+00    0.5020325384E-15    0.5020325384E-15    0.9999992181E+00    0.9999992181E+00
    2    0.2325000000E+01    0.4644557413E+00    0.1161139353E+00    0.2359017925E+00    0.0000000000E+00    0.0000000000E+00    0.0000000000E+00    0.0000000000E+00    0.0000000000E+00    0.0000000000E+00    0.2507868309E-14    0.2507868309E-14    0.9999993096E+00    0.9999993096E+00
    1    0.2583333333E+01    0.4644557413E+00    0.1161139353E+00    0.3931438959E+00    0.0000000000E+00    0.0000000000E+00    0.0000000000E+00    0.0000000000E+00    0.0000000000E+00    0.0000000000E+00    0.1479831241E-15    0.1479831241E-15    0.9999991930E+00    0.9999991930E+00
    2    0.2583333333E+01    0.4644557413E+00    0.1161139353E+00    0.2787146341E+00    0.0000000000E+00    0.0000000000E+00    0.0000000000E+00    0.0000000000E+00    0.0000000000E+00    0.0000000000E+00    0.3411368799E-14    0.3411368799E-14    0.9999992644E+00    0.9999992644E+00
    1    0.2841666667E+01    0.4644557413E+00    0.1161139353E+00    0.4402790376E+00    0.0000000000E+00    0.0000000000E+00    0.0000000000E+00    0.0000000000E+00    0.0000000000E+00    0.0000000000E+00    0.6381013199E-15    0.6381013199E-15    0.9999991335E+00    0.9999991335E+00
    2    0.2841666667E+01    0.4644557413E+00    0.1161139353E+00    0.3205304149E+00    0.0000000000E+00    0.0000000000E+00    0.0000000000E+00    0.0000000000E+00    0.0000000000E+00    0.0000000000E+00    0.1979444763E-14    0.1979444763E-14    0.9999991920E+00    0.9999991920E+00
    1    0.3100000000E+01    0.4644557413E+00   -0.6966836119E+00   -0.1717146758E+00    0.0000000000E+00    0.0000000000E+00    0.0000000000E+00    0.0000000000E+00    0.0000000000E+00    0.0000000000E+00    0.1167179544E-11    0.1167179544E-11    0.9999925557E+00    0.9999925557E+00
    2    0.3100000000E+01    0.4644557413E+00    0.1161139353E+00    0.4880097633E+00    0.0000000000E+00    0.0000000000E+00    0.0000000000E+00    0.0000000000E+00    0.0000000000E+00    0.0000000000E+00    0.2039674408E-14    0.2039674408E-14    0.9999990267E+00    0.9999990267E+00
    3    0.3100000000E+01    0.4644557413E+00    0.1161139353E+00    0.3622858073E+00    0.0000000000E+00    0.0000000000E+00    0.0000000000E+00    0.0000000000E+00    0.0000000000E+00    0.0000000000E+00    0.4263948611E-15    0.4263948611E-15    0.9999991096E+00    0.9999991096E+00
    4    0.3100000000E+01    0.4644557413E+00   -0.6966836119E+00    0.3771886422E+00    0.0000000000E+00    0.0000000000E+00    0.0000000000E+00    0.0000000000E+00    0.0000000000E+00    0.0000000000E+00    0.1121534981E-11    0.1121534981E-11    0.9999958623E+00    0.9999958623E+00
    1    0.3358333333E+01    0.4644557413E+00    0.1161139353E+00    0.5307808898E-01    0.0000000000E+00    0.0000000000E+00    0.0000000000E+00    0.0000000000E+00    0.0000000000E+00    0.0000000000E+00    0.2448997346E-12    0.2448997346E-12    0.9999984859E+00    0.9999984859E+00
    2    0.3358333333E+01    0.4644557413E+00   -0.6966836119E+00   -0.3711381371E+00    0.0000000000E+00    0.0000000000E+00    0.0000000000E+00    0.0000000000E+00    0.0000000000E+00    0.0000000000E+00    0.2616342517E-11    0.2616342517E-11    0.9999952145E+00    0.9999952145E+00
    3    0.3358333333E+01    0.4644557413E+00    0.1161139353E+00    0.4047771377E+00    0.0000000000E+00    0.0000000000E+00    0.0000000000E+00    0.0000000000E+00    0.0000000000E+00    0.0000000000E+00    0.3018577859E-14    0.3018577859E-14    0.9999990843E+00    0.9999990843E+00
    4    0.3358333333E+01    0.4644557413E+00   -0.6966836119E+00    0.4437741417E+00    0.0000000000E+00    0.0000000000E+00    0.0000000000E+00    0.0000000000E+00    0.0000000000E+00    0.0000000000E+00    0.1968430149E-11    0.1968430149E-11    0.9999961618E+00    0.9999961618E+00
    5    0.3358333333E+01    0.4644557413E+00    0.1161139353E+00    0.5385773204E+00    0.0000000000E+00    0.0000000000E+00    0.0000000000E+00    0.0000000000E+00    0.0000000000E+00    0.0000000000E+00    0.4124310558E-13    0.4124310558E-13    0.9999987254E+00    0.9999987254E+00
    6    0.3358333333E+01    0.4644557413E+00   -0.6966836119E+00   -0.5610616899E+00    0.0000000000E+00    0.0000000000E+00    0.0000000000E+00    0.0000000000E+00    0.0000000000E+00    0.0000000000E+00    0.1407243468E-11    0.1407243468E-11    0.9999964528E+00    0.9999964528E+00
    1    0.3616666667E+01    0.4644557413E+00    0.1161139353E+00    0.1060605828E+00    0.0000000000E+00    0.0000000000E+00    0.0000000000E+00    0.0000000000E+00    0.0000000000E+00    0.0000000000E+00    0.2417205626E-13    0.2417205633E-13    0.9999989048E+00    0.9999989048E+00
    2    0.3616666667E+01   -0.3483418059E+00    0.1161139353E+00   -0.2303996881E+00    0.0000000000E+00    0.0000000000E+00    0.0000000000E+00    0.0000000000E+00    0.0000000000E+00    0.0000000000E+00    0.2246171481E-12    0.2246171572E-12    0.9999969020E+00    0.9999969020E+00
    3    0.3616666667E+01    0.4644557413E+00   -0.6966836119E+00   -0.2607972821E+00    0.0000000000E+00    0.0000000000E+00    0.0000000000E+00    0.0000000000E+00    0.0000000000E+00    0.0000000000E+00    0.9767377581E-14    0.9767377637E-14    0.9999981827E+00    0.9999981827E+00
    4    0.3616666667E+01    0.4644557413E+00   -0.6966836119E+00   -0.4434588201E+00    0.0000000000E+00    0.0000000000E+00    0.0000000000E+00    0.0000000000E+00    0.0000000000E+00    0.0000000000E+00    0.1653492719E-13    0.1653492722E-13    0.9999976786E+00    0.9999976786E+00
    5    0.3616666667E+01    0.4644557413E+00    0.1161139353E+00    0.4488645005E+00    0.0000000000E+00    0.0000000000E+00    0.0000000000E+00    0.0000000000E+00    0.0000000000E+00    0.0000000000E+00    0.1015214157E-13    0.1015214157E-13    0.9999989456E+00    0.9999989456E+00
    6    0.3616666667E+01    0.4644557413E+00    0.1161139353E+00   -0.5574001440E+00    0.0000000000E+00    0.0000000000E+00    0.0000000000E+00    0.0000000000E+00    0.0000000000E+00    0.0000000000E+00    0.5589931445E-13    0.5589931446E-13    0.9999984946E+00    0.9999984946E+00
    7    0.3616666667E+01   -0.3483418059E+00    0.1161139353E+00    0.4994638986E+00    0.0000000000E+00    0.0000000000E+00    0.0000000000E+00    0.0000000000E+00    0.0000000000E+00    0.0000000000E+00    0.1327598941E-10    0.1327598941E-10    0.9999849685E+00    0.9999849685E+00
    8    0.3616666667E+01    0.4644557413E+00   -0.6966836119E+00    0.5252555854E+00    0.0000000000E+00    0.0000000000E+00    0.0000000000E+00    0.0000000000E+00    0.0000000000E+00    0.0000000000E+00    0.1687442864E-13    0.1687443005E-13    0.9999984670E+00    0.9999984670E+00
    1    0.3875000000E+01    0.4644557413E+00    0.1161139353E+00    0.1468818117E+00    0.0000000000E+00    0.0000000000E+00    0.0000000000E+00    0.0000000000E+00    0.0000000000E+00    0.0000000000E+00    0.2126559441E-14    0.2126559580E-14    0.9999990186E+00    0.9999990186E+00
    2    0.3875000000E+01   -0.3483418059E+00    0.1161139353E+00   -0.1292993438E+00    0.0000000000E+00    0.0000000000E+00    0.0000000000E+00    0.0000000000E+00    0.0000000000E+00    0.0000000000E+00    0.7366993521E-13    0.7366993521E-13    0.9999976563E+00    0.9999976563E+00
    3    0.3875000000E+01    0.4644557413E+00   -0.6966836119E+00   -0.1947841734E+00    0.0000000000E+00    0.0000000000E+00    0.0000000000E+00    0.0000000000E+00    0.0000000000E+00    0.0000000000E+00    0.1224750800E-13    0.1224750800E-13    0.9999984816E+00    0.9999984816E+00
    4    0.3875000000E+01    0.4644557413E+00   -0.6966836119E+00   -0.5701052554E+00    0.0000000000E+00    0.0000000000E+00    0.0000000000E+00    0.0000000000E+00    0.0000000000E+00    0.0000000000E+00    0.1753586148E-12    0.1753586148E-12    0.9999983339E+00    0.9999983339E+00
    5    0.3875000000E+01    0.4644557413E+00   -0.6966836119E+00   -0.3491239842E+00    0.0000000000E+00    0.0000000000E+00    0.0000000000E+00    0.0000000000E+00    0.0000000000E+00    0.0000000000E+00    0.1240506159E-13    0.1240506159E-13    0.9999976745E+00    0.9999976745E+00
    6    0.3875000000E+01   -0.3483418059E+00    0.1161139353E+00   -0.3583347896E+00    0.0000000000E+00    0.0000000000E+00    0.0000000000E+00    0.0000000000E+00    0.0000000000E+00    0.0000000000E+00    0.8869073973E-15    0.8869073980E-15    0.9999974802E+00    0.9999974802E+00
    1    0.4133333333E+01    0.4644557413E+00    0.1161139353E+00    0.1838116922E+00    0.0000000000E+00    0.0000000000E+00    0.0000000000E+00    0.0000000000E+00    0.0000000000E+00    0.0000000000E+00    0.6380527475E-15    0.6380669316E-15    0.9999989755E+00    0.9999989755E+00
    2    0.4133333333E+01    0.4644557413E+00   -0.6966836119E+00   -0.1377994479E+00    0.0000000000E+00    0.0000000000E+00    0.0000000000E+00    0.0000000000E+00    0.0000000000E+00    0.0000000000E+00    0.2092282397E-13    0.2092283013E-13    0.9999984655E+00    0.9999984655E+00
    3    0.4133333333E+01    0.4644557413E+00   -0.6966836119E+00   -0.2537245426E+00    0.0000000000E+00    0.0000000000E+00    0.0000000000E+00    0.0000000000E+00    0.0000000000E+00    0.0000000000E+00    0.3326861194E-13    0.3326861324E-13    0.9999971984E+00    0.9999971984E+00
    4    0.4133333333E+01   -0.3483418059E+00    0.1161139353E+00   -0.2758051382E+00    0.0000000000E+00    0.0000000000E+00    0.0000000000E+00    0.0000000000E+00    0.0000000000E+00    0.0000000000E+00    0.1121920580E-13    0.1137624740E-13    0.9999979762E+00    0.9999979762E+00
    5    0.4133333333E+01    0.4644557413E+00    0.1161139353E+00   -0.4061089958E+00    0.0000000000E+00    0.0000000000E+00    0.0000000000E+00    0.0000000000E+00    0.0000000000E+00    0.0000000000E+00    0.9900801326E-15    0.9900815707E-15    0.9999972879E+00    0.9999972879E+00
    6    0.4133333333E+01    0.4644557413E+00    0.1161139353E+00    0.5465311524E+00    0.0000000000E+00    0.0000000000E+00    0.0000000000E+00    0.0000000000E+00    0.0000000000E+00    0.0000000000E+00    0.5543221468E-14    0.5543262300E-14    0.9999984603E+00    0.9999984603E+00
    7    0.4133333333E+01    0.4644557413E+00   -0.6966836119E+00   -0.5200115420E+00    0.0000000000E+00    0.0000000000E+00    0.0000000000E+00    0.0000000000E+00    0.0000000000E+00    0.0000000000E+00    0.8862532864E-14    0.8862617941E-14    0.9999987245E+00    0.9999987245E+00
    1    0.4391666667E+01   -0.3483418059E+00    0.1161139353E+00   -0.3960177278E+00    0.0000000000E+00    0.0000000000E+00    0.0000000000E+00    0.0000000000E+00    0.0000000000E+00    0.0000000000E+00    0.2141965593E-12    0.2141965593E-12    0.9999972673E+00    0.9999972673E+00
    2    0.4391666667E+01    0.4644557413E+00   -0.6966836119E+00   -0.4736467914E+00    0.0000000000E+00    0.0000000000E+00    0.0000000000E+00    0.0000000000E+00    0.0000000000E+00    0.0000000000E+00    0.3363543590E-13    0.3363543590E-13    0.9999985764E+00    0.9999985764E+00
    3    0.4391666667E+01   -0.3483418059E+00    0.1161139353E+00   -0.5431769795E+00    0.0000000000E+00    0.0000000000E+00    0.0000000000E+00    0.0000000000E+00    0.0000000000E+00    0.0000000000E+00    0.1683482721E-12    0.1683482721E-12    0.9999976820E+00    0.9999976820E+00
    4    0.4391666667E+01    0.4644557413E+00    0.1161139353E+00   -0.5447817110E+00    0.0000000000E+00    0.0000000000E+00    0.0000000000E+00    0.0000000000E+00    0.0000000000E+00    0.0000000000E+00    0.1277960515E-13    0.1277960515E-13    0.9999978462E+00    0.9999978462E+00
    5    0.4391666667E+01   -0.3483418059E+00   -0.6966836119E+00    0.2022020322E-01    0.0000000000E+00    0.0000000000E+00    0.0000000000E+00    0.0000000000E+00    0.0000000000E+00    0.0000000000E+00    0.1099593089E-11    0.1099593089E-11    0.9999962280E+00    0.9999962280E+00
    6    0.4391666667E+01    0.4644557413E+00    0.1161139353E+00   -0.2574197587E+00    0.0000000000E+00    0.0000000000E+00    0.0000000000E+00    0.0000000000E+00    0.0000000000E+00    0.0000000000E+00    0.2265001852E-12    0.2265001852E-12    0.9999936647E+00    0.9999936647E+00
    7    0.4391666667E+01   -0.3483418059E+00    0.1161139353E+00   -0.2035827661E+00    0.0000000000E+00    0.0000000000E+00    0.0000000000E+00    0.0000000000E+00    0.0000000000E+00    0.0000000000E+00    0.5153968717E-13    0.5153968717E-13    0.9999979259E+00    0.9999979259E+00
    8    0.4391666667E+01    0.4644557413E+00   -0.6966836119E+00   -0.1299509879E+00    0.0000000000E+00    0.0000000000E+00    0.0000000000E+00    0.0000000000E+00    0.0000000000E+00    0.0000000000E+00    0.6054797009E-12    0.6054797009E-12    0.9999952244E+00    0.9999952244E+00
    9    0.4391666667E+01    0.4644557413E+00   -0.6966836119E+00   -0.7713614854E-01    0.0000000000E+00    0.0000000000E+00    0.0000000000E+00    0.0000000000E+00    0.0000000000E+00    0.0000000000E+00    0.2955917938E-12    0.2955917938E-12    0.9999979713E+00    0.9999979713E+00
   10    0.4391666667E+01   -0.3483418059E+00   -0.6966836119E+00    0.1975310465E+00    0.0000000000E+00    0.0000000000E+00    0.0000000000E+00    0.0000000000E+00    0.0000000000E+00    0.0000000000E+00    0.7395249293E-12    0.7395249293E-12    0.9999958095E+00    0.9999958095E+00
   11    0.4391666667E+01    0.4644557413E+00    0.1161139353E+00    0.2189265301E+00    0.0000000000E+00    0.0000000000E+00    0.0000000000E+00    0.0000000000E+00    0.0000000000E+00    0.0000000000E+00    0.2575821099E-13    0.2575821100E-13    0.9999989655E+00    0.9999989655E+00
    1    0.4650000000E+01   -0.3483418059E+00   -0.6966836119E+00    0.4030749108E+00    0.0000000000E+00    0.0000000000E+00    0.0000000000E+00    0.0000000000E+00    0.0000000000E+00    0.0000000000E+00    0.5646140686E-13    0.5646140686E-13    0.9999970647E+00    0.9999970647E+00
    2    0.4650000000E+01   -0.3483418059E+00   -0.6966836119E+00    0.2902669525E+00    0.0000000000E+00    0.0000000000E+00    0.0000000000E+00    0.0000000000E+00    0.0000000000E+00    0.0000000000E+00    0.2168322485E-13    0.2168322485E-13    0.9999975554E+00    0.9999975554E+00
    3    0.4650000000E+01    0.4644557413E+00    0.1161139353E+00    0.2528712864E+00    0.0000000000E+00    0.0000000000E+00    0.0000000000E+00    0.0000000000E+00    0.0000000000E+00    0.0000000000E+00    0.6824288418E-14    0.6824288419E-14    0.9999989066E+00    0.9999989066E+00
    4    0.4650000000E+01   -0.3483418059E+00   -0.6966836119E+00    0.1119165733E+00    0.0000000000E+00    0.0000000000E+00    0.0000000000E+00    0.0000000000E+00    0.0000000000E+00    0.0000000000E+00    0.8020243982E-13    0.8020243982E-13    0.9999976268E+00    0.9999976268E+00
    5    0.4650000000E+01   -0.3483418059E+00    0.1161139353E+00   -0.3077439920E+00    0.0000000000E+00    0.0000000000E+00    0.0000000000E+00    0.0000000000E+00    0.0000000000E+00    0.0000000000E+00    0.1146332185E-13    0.1146332185E-13    0.9999972254E+00    0.9999972254E+00
    6    0.4650000000E+01   -0.3483418059E+00    0.1161139353E+00   -0.1251613358E+00    0.0000000000E+00    0.0000000000E+00    0.0000000000E+00    0.0000000000E+00    0.0000000000E+00    0.0000000000E+00    0.1984187459E-12    0.1984187459E-12    0.9999972841E+00    0.9999972841E+00
    7    0.4650000000E+01   -0.3483418059E+00   -0.6966836119E+00   -0.7152132278E-01    0.0000000000E+00    0.0000000000E+00    0.0000000000E+00    0.0000000000E+00    0.0000000000E+00    0.0000000000E+00    0.1066275832E-12    0.1066275832E-12    0.9999969938E+00    0.9999969938E+00
    8    0.4650000000E+01    0.4644557413E+00   -0.6966836119E+00   -0.4283986513E+00    0.0000000000E+00    0.0000000000E+00    0.0000000000E+00    0.0000000000E+00    0.0000000000E+00    0.0000000000E+00    0.3753511204E-15    0.3753511205E-15    0.9999986180E+00    0.9999986180E+00
    9    0.4650000000E+01   -0.3483418059E+00    0.1161139353E+00   -0.4726049661E+00    0.0000000000E+00    0.0000000000E+00    0.0000000000E+00    0.0000000000E+00    0.0000000000E+00    0.0000000000E+00    0.5967146759E-13    0.5967146759E-13    0.9999979816E+00    0.9999979816E+00
   10    0.4650000000E+01    0.4644557413E+00    0.1161139353E+00   -0.4734976669E+00    0.0000000000E+00    0.0000000000E+00    0.0000000000E+00    0.0000000000E+00    0.0000000000E+00    0.0000000000E+00    0.3290726497E-13    0.3290726497E-13    0.9999975561E+00    0.9999975561E+00
    1    0.4908333333E+01   -0.3483418059E+00   -0.6966836119E+00    0.4894618739E+00    0.0000000000E+00    0.0000000000E+00    0.0000000000E+00    0.0000000000E+00    0.0000000000E+00    0.0000000000E+00    0.2219218986E-12    0.2219218986E-12    0.9999972814E+00    0.9999972814E+00
    2    0.4908333333E+01   -0.3483418059E+00   -0.6966836119E+00    0.3645040925E+00    0.0000000000E+00    0.0000000000E+00    0.0000000000E+00    0.0000000000E+00    0.0000000000E+00    0.0000000000E+00    0.6685897533E-13    0.6685897533E-13    0.9999976506E+00    0.9999976506E+00
    3    0.4908333333E+01    0.4644557413E+00    0.1161139353E+00    0.2863311348E+00    0.0000000000E+00    0.0000000000E+00    0.0000000000E+00    0.0000000000E+00    0.0000000000E+00    0.0000000000E+00    0.1260427679E-13    0.1260427679E-13    0.9999987965E+00    0.9999987965E+00
    4    0.4908333333E+01   -0.3483418059E+00   -0.6966836119E+00    0.1810062281E+00    0.0000000000E+00    0.0000000000E+00    0.0000000000E+00    0.0000000000E+00    0.0000000000E+00    0.0000000000E+00    0.8506595022E-13    0.8506595022E-13    0.9999978450E+00    0.9999978450E+00
    5    0.4908333333E+01   -0.3483418059E+00    0.1161139353E+00   -0.2002081671E+00    0.0000000000E+00    0.0000000000E+00    0.0000000000E+00    0.0000000000E+00    0.0000000000E+00    0.0000000000E+00    0.9038498659E-15    0.9038498660E-15    0.9999952582E+00    0.9999952582E+00
    6    0.4908333333E+01   -0.3483418059E+00   -0.6966836119E+00    0.6318274246E-02    0.0000000000E+00    0.0000000000E+00    0.0000000000E+00    0.0000000000E+00    0.0000000000E+00    0.0000000000E+00    0.1831789423E-11    0.1831789423E-11    0.9999961556E+00    0.9999961556E+00
    7    0.4908333333E+01   -0.3483418059E+00    0.1161139353E+00   -0.4081938128E+00    0.0000000000E+00    0.0000000000E+00    0.0000000000E+00    0.0000000000E+00    0.0000000000E+00    0.0000000000E+00    0.1366126962E-14    0.1366126963E-14    0.9999978379E+00    0.9999978379E+00
    8    0.4908333333E+01    0.4644557413E+00    0.1161139353E+00   -0.3703552239E+00    0.0000000000E+00    0.0000000000E+00    0.0000000000E+00    0.0000000000E+00    0.0000000000E+00    0.0000000000E+00    0.1314362170E-13    0.1314362170E-13    0.9999956705E+00    0.9999956705E+00
    9    0.4908333333E+01    0.4644557413E+00   -0.6966836119E+00   -0.3830955325E+00    0.0000000000E+00    0.0000000000E+00    0.0000000000E+00    0.0000000000E+00    0.0000000000E+00    0.0000000000E+00    0.1468736277E-20    0.1469579558E-20    0.9999985232E+00    0.9999985232E+00
    1    0.5166666667E+01   -0.3483418059E+00   -0.6966836119E+00    0.4462918526E+00    0.0000000000E+00    0.0000000000E+00    0.0000000000E+00    0.0000000000E+00    0.0000000000E+00    0.0000000000E+00    0.3311739893E-13    0.3311739893E-13    0.9999963711E+00    0.9999963711E+00
    2    0.5166666667E+01   -0.3483418059E+00    0.1161139353E+00   -0.3420167376E+00    0.0000000000E+00    0.0000000000E+00    0.0000000000E+00    0.0000000000E+00    0.0000000000E+00    0.0000000000E+00    0.3783616729E-15    0.3783616729E-15    0.9999976523E+00    0.9999976523E+00
    3    0.5166666667E+01    0.4644557413E+00   -0.6966836119E+00   -0.3366594453E+00    0.0000000000E+00    0.0000000000E+00    0.0000000000E+00    0.0000000000E+00    0.0000000000E+00    0.0000000000E+00    0.1551793657E-14    0.1551793657E-14    0.9999983874E+00    0.9999983874E+00
    4    0.5166666667E+01    0.4644557413E+00    0.1161139353E+00    0.3194389231E+00    0.0000000000E+00    0.0000000000E+00    0.0000000000E+00    0.0000000000E+00    0.0000000000E+00    0.0000000000E+00    0.1768402434E-15    0.1768402434E-15    0.9999988759E+00    0.9999988759E+00
    5    0.5166666667E+01   -0.3483418059E+00   -0.6966836119E+00    0.2455746607E+00    0.0000000000E+00    0.0000000000E+00    0.0000000000E+00    0.0000000000E+00    0.0000000000E+00    0.0000000000E+00    0.1556801280E-13    0.1556801280E-13    0.9999977086E+00    0.9999977086E+00
    6    0.5166666667E+01   -0.3483418059E+00   -0.6966836119E+00    0.7885450448E-01    0.0000000000E+00    0.0000000000E+00    0.0000000000E+00    0.0000000000E+00    0.0000000000E+00    0.0000000000E+00    0.1237631593E-13    0.1237631593E-13    0.9999977396E+00    0.9999977396E+00
    1    0.5425000000E+01   -0.3483418059E+00    0.1161139353E+00   -0.2672354492E+00    0.0000000000E+00    0.0000000000E+00    0.0000000000E+00    0.0000000000E+00    0.0000000000E+00    0.0000000000E+00    0.4802206272E-15    0.4802206272E-15    0.9999970387E+00    0.9999970387E+00
    2    0.5425000000E+01    0.4644557413E+00   -0.6966836119E+00   -0.2877510391E+00    0.0000000000E+00    0.0000000000E+00    0.0000000000E+00    0.0000000000E+00    0.0000000000E+00    0.0000000000E+00    0.8195749339E-14    0.8195749342E-14    0.9999981878E+00    0.9999981878E+00
    3    0.5425000000E+01   -0.3483418059E+00   -0.6966836119E+00    0.1434253246E+00    0.0000000000E+00    0.0000000000E+00    0.0000000000E+00    0.0000000000E+00    0.0000000000E+00    0.0000000000E+00    0.1598466886E-14    0.1598466886E-14    0.9999977353E+00    0.9999977353E+00
    4    0.5425000000E+01   -0.3483418059E+00   -0.6966836119E+00    0.3161738463E+00    0.0000000000E+00    0.0000000000E+00    0.0000000000E+00    0.0000000000E+00    0.0000000000E+00    0.0000000000E+00    0.1779881194E-14    0.1779881195E-14    0.9999971566E+00    0.9999971566E+00
    5    0.5425000000E+01    0.4644557413E+00    0.1161139353E+00    0.3524200033E+00    0.0000000000E+00    0.0000000000E+00    0.0000000000E+00    0.0000000000E+00    0.0000000000E+00    0.0000000000E+00    0.9232281964E-16    0.9232281965E-16    0.9999988239E+00    0.9999988239E+00
    1    0.5683333333E+01   -0.3483418059E+00    0.1161139353E+00   -0.1644066848E+00    0.0000000000E+00    0.0000000000E+00    0.0000000000E+00    0.0000000000E+00    0.0000000000E+00    0.0000000000E+00    0.3164960455E-13    0.3164960455E-13    0.9999947975E+00    0.9999947975E+00
    2    0.5683333333E+01    0.4644557413E+00   -0.6966836119E+00   -0.2341744273E+00    0.0000000000E+00    0.0000000000E+00    0.0000000000E+00    0.0000000000E+00    0.0000000000E+00    0.0000000000E+00    0.1037802793E-13    0.1037802793E-13    0.9999978640E+00    0.9999978640E+00
    3    0.5683333333E+01   -0.3483418059E+00   -0.6966836119E+00    0.2087225694E+00    0.0000000000E+00    0.0000000000E+00    0.0000000000E+00    0.0000000000E+00    0.0000000000E+00    0.0000000000E+00    0.3332715316E-13    0.3332715316E-13    0.9999975007E+00    0.9999975007E+00
    4    0.5683333333E+01   -0.3483418059E+00   -0.6966836119E+00    0.4211868191E+00    0.0000000000E+00    0.0000000000E+00    0.0000000000E+00    0.0000000000E+00    0.0000000000E+00    0.0000000000E+00    0.4793082720E-13    0.4793082720E-13    0.9999943874E+00    0.9999943874E+00
    5    0.5683333333E+01    0.4644557413E+00    0.1161139353E+00    0.3853476469E+00    0.0000000000E+00    0.0000000000E+00    0.0000000000E+00    0.0000000000E+00    0.0000000000E+00    0.0000000000E+00    0.8020567410E-18    0.8020570366E-18    0.9999987687E+00    0.9999987687E+00
    1    0.5941666667E+01    0.4644557413E+00   -0.6966836119E+00   -0.1709878980E+00    0.0000000000E+00    0.0000000000E+00    0.0000000000E+00    0.0000000000E+00    0.0000000000E+00    0.0000000000E+00    0.1291142199E-13    0.1291142200E-13    0.9999972029E+00    0.9999972029E+00
    2    0.5941666667E+01   -0.3483418059E+00   -0.6966836119E+00    0.5507471954E+00    0.0000000000E+00    0.0000000000E+00    0.0000000000E+00    0.0000000000E+00    0.0000000000E+00    0.0000000000E+00    0.7918624275E-13    0.7918624275E-13    0.9999959984E+00    0.9999959984E+00
    3    0.5941666667E+01   -0.3483418059E+00   -0.6966836119E+00    0.2823832965E+00    0.0000000000E+00    0.0000000000E+00    0.0000000000E+00    0.0000000000E+00    0.0000000000E+00    0.0000000000E+00    0.8013963148E-13    0.8013963149E-13    0.9999967196E+00    0.9999967196E+00
    4    0.5941666667E+01    0.4644557413E+00    0.1161139353E+00    0.4182870483E+00    0.0000000000E+00    0.0000000000E+00    0.0000000000E+00    0.0000000000E+00    0.0000000000E+00    0.0000000000E+00    0.2614723202E-15    0.2614723295E-15    0.9999987119E+00    0.9999987119E+00
    1    0.6200000000E+01   -0.3483418059E+00   -0.6966836119E+00   -0.4479701166E+00    0.0000000000E+00    0.0000000000E+00    0.0000000000E+00    0.0000000000E+00    0.0000000000E+00    0.0000000000E+00    0.2467999903E-09    0.2467999903E-09    0.9999636325E+00    0.9999636325E+00
    2    0.6200000000E+01    0.4644557413E+00   -0.6966836119E+00   -0.7648375335E-01    0.0000000000E+00    0.0000000000E+00    0.0000000000E+00    0.0000000000E+00    0.0000000000E+00    0.0000000000E+00    0.3501025627E-11    0.3501025627E-11    0.9999940526E+00    0.9999940526E+00
    3    0.6200000000E+01   -0.3483418059E+00   -0.6966836119E+00    0.4236374241E+00    0.0000000000E+00    0.0000000000E+00    0.0000000000E+00    0.0000000000E+00    0.0000000000E+00    0.0000000000E+00    0.2426579525E-09    0.2426579525E-09    0.9999640389E+00    0.9999640389E+00
    4    0.6200000000E+01    0.4644557413E+00    0.1161139353E+00    0.4512691200E+00    0.0000000000E+00    0.0000000000E+00    0.0000000000E+00    0.0000000000E+00    0.0000000000E+00    0.0000000000E+00    0.9419654071E-15    0.9419654194E-15    0.9999986542E+00    0.9999986542E+00
    1    0.6458333333E+01    0.4644557413E+00    0.1161139353E+00    0.4843015290E+00    0.0000000000E+00    0.0000000000E+00    0.0000000000E+00    0.0000000000E+00    0.0000000000E+00    0.0000000000E+00    0.1451188851E-14    0.1451188851E-14    0.9999985963E+00    0.9999985963E+00
    1    0.6716666667E+01    0.4644557413E+00   -0.6966836119E+00    0.6451893657E-01    0.0000000000E+00    0.0000000000E+00    0.0000000000E+00    0.0000000000E+00    0.0000000000E+00    0.0000000000E+00    0.8281143759E-12    0.8281143759E-12    0.9999971300E+00    0.9999971300E+00
    2    0.6716666667E+01    0.4644557413E+00    0.1161139353E+00    0.5173766041E+00    0.0000000000E+00    0.0000000000E+00    0.0000000000E+00    0.0000000000E+00    0.0000000000E+00    0.0000000000E+00    0.1127336757E-14    0.1127336757E-14    0.9999985388E+00    0.9999985388E+00
    1    0.6975000000E+01    0.4644557413E+00   -0.6966836119E+00    0.1163867910E+00    0.0000000000E+00    0.0000000000E+00    0.0000000000E+00    0.0000000000E+00    0.0000000000E+00    0.0000000000E+00    0.1017882203E-12    0.1017882203E-12    0.9999979509E+00    0.9999979509E+00
    2    0.6975000000E+01    0.4644557413E+00    0.1161139353E+00    0.5504793304E+00    0.0000000000E+00    0.0000000000E+00    0.0000000000E+00    0.0000000000E+00    0.0000000000E+00    0.0000000000E+00    0.2316303284E-15    0.2316303287E-15    0.9999984820E+00    0.9999984820E+00
    1    0.7233333333E+01    0.4644557413E+00    0.1161139353E+00   -0.5658756347E+00    0.0000000000E+00    0.0000000000E+00    0.0000000000E+00    0.0000000000E+00    0.0000000000E+00    0.0000000000E+00    0.1509522185E-16    0.1509522185E-16    0.9999984255E+00    0.9999984255E+00
    2    0.7233333333E+01    0.4644557413E+00   -0.6966836119E+00    0.1582063271E+00    0.0000000000E+00    0.0000000000E+00    0.0000000000E+00    0.0000000000E+00    0.0000000000E+00    0.0000000000E+00    0.1024821977E-13    0.1024821977E-13    0.9999981073E+00    0.9999981073E+00
    1    0.7491666667E+01    0.4644557413E+00    0.1161139353E+00   -0.5327534855E+00    0.0000000000E+00    0.0000000000E+00    0.0000000000E+00    0.0000000000E+00    0.0000000000E+00    0.0000000000E+00    0.1050836858E-14    0.1050836858E-14    0.9999983693E+00    0.9999983693E+00
    2    0.7491666667E+01    0.4644557413E+00   -0.6966836119E+00    0.1970374265E+00    0.0000000000E+00    0.0000000000E+00    0.0000000000E+00    0.0000000000E+00    0.0000000000E+00    0.0000000000E+00    0.1455418247E-15    0.1455418247E-15    0.9999981213E+00    0.9999981213E+00
    1    0.7750000000E+01    0.4644557413E+00    0.1161139353E+00   -0.4996194042E+00    0.0000000000E+00    0.0000000000E+00    0.0000000000E+00    0.0000000000E+00    0.0000000000E+00    0.0000000000E+00    0.2785326111E-14    0.2785326111E-14    0.9999983122E+00    0.9999983122E+00
    2    0.7750000000E+01   -0.3483418059E+00    0.1161139353E+00    0.2589520592E-01    0.0000000000E+00    0.0000000000E+00    0.0000000000E+00    0.0000000000E+00    0.0000000000E+00    0.0000000000E+00    0.5169726439E-10    0.5169726439E-10    0.9999828245E+00    0.9999828245E+00
    3    0.7750000000E+01    0.4644557413E+00   -0.6966836119E+00    0.2349905532E+00    0.0000000000E+00    0.0000000000E+00    0.0000000000E+00    0.0000000000E+00    0.0000000000E+00    0.0000000000E+00    0.4580715735E-14    0.4580715735E-14    0.9999980692E+00    0.9999980692E+00
    1    0.8008333333E+01    0.4644557413E+00    0.1161139353E+00   -0.4664495278E+00    0.0000000000E+00    0.0000000000E+00    0.0000000000E+00    0.0000000000E+00    0.0000000000E+00    0.0000000000E+00    0.3368554591E-14    0.3368554591E-14    0.9999982533E+00    0.9999982533E+00
    2    0.8008333333E+01   -0.3483418059E+00    0.1161139353E+00    0.1377069853E+00    0.0000000000E+00    0.0000000000E+00    0.0000000000E+00    0.0000000000E+00    0.0000000000E+00    0.0000000000E+00    0.1833576830E-12    0.1833576830E-12    0.9999963300E+00    0.9999963300E+00
    3    0.8008333333E+01    0.4644557413E+00   -0.6966836119E+00    0.2731710814E+00    0.0000000000E+00    0.0000000000E+00    0.0000000000E+00    0.0000000000E+00    0.0000000000E+00    0.0000000000E+00    0.6889915855E-14    0.6889915855E-14    0.9999979704E+00    0.9999979704E+00
    1    0.8266666667E+01    0.4644557413E+00    0.1161139353E+00   -0.4332021878E+00    0.0000000000E+00    0.0000000000E+00    0.0000000000E+00    0.0000000000E+00    0.0000000000E+00    0.0000000000E+00    0.2066652413E-14    0.2066652414E-14    0.9999981914E+00    0.9999981914E+00
    2    0.8266666667E+01   -0.3483418059E+00    0.1161139353E+00    0.1981741657E+00    0.0000000000E+00    0.0000000000E+00    0.0000000000E+00    0.0000000000E+00    0.0000000000E+00    0.0000000000E+00    0.6997318358E-15    0.6997318359E-15    0.9999970549E+00    0.9999970549E+00
    3    0.8266666667E+01    0.4644557413E+00   -0.6966836119E+00    0.3124064786E+00    0.0000000000E+00    0.0000000000E+00    0.0000000000E+00    0.0000000000E+00    0.0000000000E+00    0.0000000000E+00    0.4645775471E-14    0.4645775471E-14    0.9999978263E+00    0.9999978263E+00
    1    0.8525000000E+01    0.4644557413E+00    0.1161139353E+00   -0.3998175843E+00    0.0000000000E+00    0.0000000000E+00    0.0000000000E+00    0.0000000000E+00    0.0000000000E+00    0.0000000000E+00    0.3055048175E-15    0.3055048175E-15    0.9999981254E+00    0.9999981254E+00
    2    0.8525000000E+01   -0.3483418059E+00    0.1161139353E+00    0.2492812996E+00    0.0000000000E+00    0.0000000000E+00    0.0000000000E+00    0.0000000000E+00    0.0000000000E+00    0.0000000000E+00    0.1330935841E-13    0.1330935841E-13    0.9999972660E+00    0.9999972660E+00
    3    0.8525000000E+01    0.4644557413E+00   -0.6966836119E+00    0.3535226537E+00    0.0000000000E+00    0.0000000000E+00    0.0000000000E+00    0.0000000000E+00    0.0000000000E+00    0.0000000000E+00    0.1017472223E-14    0.1017472223E-14    0.9999976274E+00    0.9999976274E+00
    1    0.8783333333E+01    0.4644557413E+00    0.1161139353E+00   -0.3662187168E+00    0.0000000000E+00    0.0000000000E+00    0.0000000000E+00    0.0000000000E+00    0.0000000000E+00    0.0000000000E+00    0.3406217730E-15    0.3406217730E-15    0.9999980539E+00    0.9999980539E+00
    2    0.8783333333E+01   -0.3483418059E+00    0.1161139353E+00    0.2969678492E+00    0.0000000000E+00    0.0000000000E+00    0.0000000000E+00    0.0000000000E+00    0.0000000000E+00    0.0000000000E+00    0.7957820642E-14    0.7957820642E-14    0.9999972910E+00    0.9999972910E+00
    3    0.8783333333E+01    0.4644557413E+00   -0.6966836119E+00    0.3975543867E+00    0.0000000000E+00    0.0000000000E+00    0.0000000000E+00    0.0000000000E+00    0.0000000000E+00    0.0000000000E+00    0.2412919300E-15    0.2412919300E-15    0.9999973497E+00    0.9999973497E+00
    1    0.9041666667E+01    0.4644557413E+00    0.1161139353E+00   -0.3323123877E+00    0.0000000000E+00    0.0000000000E+00    0.0000000000E+00    0.0000000000E+00    0.0000000000E+00    0.0000000000E+00    0.2674326586E-14    0.2674326586E-14    0.9999979754E+00    0.9999979754E+00
    2    0.9041666667E+01   -0.3483418059E+00    0.1161139353E+00    0.8452324801E-01    0.0000000000E+00    0.0000000000E+00    0.0000000000E+00    0.0000000000E+00    0.0000000000E+00    0.0000000000E+00    0.5312826980E-11    0.5312826980E-11    0.9999917376E+00    0.9999917376E+00
    3    0.9041666667E+01   -0.3483418059E+00    0.1161139353E+00    0.3438797212E+00    0.0000000000E+00    0.0000000000E+00    0.0000000000E+00    0.0000000000E+00    0.0000000000E+00    0.0000000000E+00    0.7413186010E-14    0.7413186010E-14    0.9999971845E+00    0.9999971845E+00
    4    0.9041666667E+01    0.4644557413E+00   -0.6966836119E+00    0.4460633569E+00    0.0000000000E+00    0.0000000000E+00    0.0000000000E+00    0.0000000000E+00    0.0000000000E+00    0.0000000000E+00    0.3560135822E-14    0.3560135824E-14    0.9999969408E+00    0.9999969408E+00
    1    0.9300000000E+01   -0.3483418059E+00    0.1161139353E+00    0.1807924412E+00    0.0000000000E+00    0.0000000000E+00    0.0000000000E+00    0.0000000000E+00    0.0000000000E+00    0.0000000000E+00    0.6067411109E-14    0.6067411217E-14    0.9999953331E+00    0.9999953331E+00
    2    0.9300000000E+01   -0.3483418059E+00   -0.6966836119E+00   -0.3554994647E+00    0.0000000000E+00    0.0000000000E+00    0.0000000000E+00    0.0000000000E+00    0.0000000000E+00    0.0000000000E+00    0.1005516523E-10    0.1005516523E-10    0.9999902962E+00    0.9999902962E+00
    3    0.9300000000E+01    0.4644557413E+00    0.1161139353E+00   -0.2979896470E+00    0.0000000000E+00    0.0000000000E+00    0.0000000000E+00    0.0000000000E+00    0.0000000000E+00    0.0000000000E+00    0.4752386543E-14    0.4758885041E-14    0.9999978896E+00    0.9999978896E+00
    4    0.9300000000E+01   -0.3483418059E+00    0.1161139353E+00    0.3919128102E+00    0.0000000000E+00    0.0000000000E+00    0.0000000000E+00    0.0000000000E+00    0.0000000000E+00    0.0000000000E+00    0.8115006431E-15    0.8115006942E-15    0.9999969757E+00    0.9999969757E+00
    5    0.9300000000E+01   -0.3483418059E+00   -0.6966836119E+00    0.4979452465E+00    0.0000000000E+00    0.0000000000E+00    0.0000000000E+00    0.0000000000E+00    0.0000000000E+00    0.0000000000E+00    0.1009050356E-10    0.1009050356E-10    0.9999904771E+00    0.9999904771E+00
    6    0.9300000000E+01    0.4644557413E+00   -0.6966836119E+00    0.5018972168E+00    0.0000000000E+00    0.0000000000E+00    0.0000000000E+00    0.0000000000E+00    0.0000000000E+00    0.0000000000E+00    0.6219930633E-14    0.6219930752E-14    0.9999962663E+00    0.9999962663E+00
    1    0.9558333333E+01    0.4644557413E+00   -0.6966836119E+00    0.4403339606E-01    0.0000000000E+00    0.0000000000E+00    0.0000000000E+00    0.0000000000E+00    0.0000000000E+00    0.0000000000E+00    0.2109821652E-09    0.2109823308E-09    0.9999626527E+00    0.9999626527E+00
    2    0.9558333333E+01   -0.3483418059E+00    0.1161139353E+00    0.2514492744E+00    0.0000000000E+00    0.0000000000E+00    0.0000000000E+00    0.0000000000E+00    0.0000000000E+00    0.0000000000E+00    0.2472243068E-13    0.2472243349E-13    0.9999958074E+00    0.9999958074E+00
    3    0.9558333333E+01   -0.3483418059E+00    0.1161139353E+00    0.4431985203E+00    0.0000000000E+00    0.0000000000E+00    0.0000000000E+00    0.0000000000E+00    0.0000000000E+00    0.0000000000E+00    0.4751914311E-14    0.4751914692E-14    0.9999966063E+00    0.9999966063E+00
    4    0.9558333333E+01    0.4644557413E+00   -0.6966836119E+00    0.5719492975E+00    0.0000000000E+00    0.0000000000E+00    0.0000000000E+00    0.0000000000E+00    0.0000000000E+00    0.0000000000E+00    0.1064066931E-11    0.1064077267E-11    0.9999946216E+00    0.9999946216E+00
    5    0.9558333333E+01   -0.3483418059E+00   -0.6966836119E+00   -0.5457783320E+00    0.0000000000E+00    0.0000000000E+00    0.0000000000E+00    0.0000000000E+00    0.0000000000E+00    0.0000000000E+00    0.2563121263E-13    0.2563125469E-13    0.9999944397E+00    0.9999944397E+00
    6    0.9558333333E+01   -0.3483418059E+00   -0.6966836119E+00   -0.2466509846E+00    0.0000000000E+00    0.0000000000E+00    0.0000000000E+00    0.0000000000E+00    0.0000000000E+00    0.0000000000E+00    0.1858398736E-12    0.1858398742E-12    0.9999942232E+00    0.9999942232E+00
    7    0.9558333333E+01    0.4644557413E+00    0.1161139353E+00   -0.2631252073E+00    0.0000000000E+00    0.0000000000E+00    0.0000000000E+00    0.0000000000E+00    0.0000000000E+00    0.0000000000E+00    0.4824607384E-14    0.4824608825E-14    0.9999977918E+00    0.9999977918E+00
    1    0.9816666667E+01    0.4644557413E+00   -0.6966836119E+00    0.2872482893E+00    0.0000000000E+00    0.0000000000E+00    0.0000000000E+00    0.0000000000E+00    0.0000000000E+00    0.0000000000E+00    0.2089877205E-10    0.2089877205E-10    0.9999828217E+00    0.9999828217E+00
    2    0.9816666667E+01   -0.3483418059E+00    0.1161139353E+00    0.3191904289E+00    0.0000000000E+00    0.0000000000E+00    0.0000000000E+00    0.0000000000E+00    0.0000000000E+00    0.0000000000E+00    0.2760840008E-13    0.2760840008E-13    0.9999954676E+00    0.9999954676E+00
    3    0.9816666667E+01   -0.3483418059E+00    0.1161139353E+00    0.5015647855E+00    0.0000000000E+00    0.0000000000E+00    0.0000000000E+00    0.0000000000E+00    0.0000000000E+00    0.0000000000E+00    0.2768030314E-13    0.2768030314E-13    0.9999958436E+00    0.9999958436E+00
    4    0.9816666667E+01   -0.3483418059E+00   -0.6966836119E+00   -0.1506057660E+00    0.0000000000E+00    0.0000000000E+00    0.0000000000E+00    0.0000000000E+00    0.0000000000E+00    0.0000000000E+00    0.6151353550E-12    0.6151353550E-12    0.9999929759E+00    0.9999929759E+00
    5    0.9816666667E+01    0.4644557413E+00    0.1161139353E+00   -0.2275754507E+00    0.0000000000E+00    0.0000000000E+00    0.0000000000E+00    0.0000000000E+00    0.0000000000E+00    0.0000000000E+00    0.1918557157E-14    0.1918557157E-14    0.9999976830E+00    0.9999976830E+00
    6    0.9816666667E+01    0.4644557413E+00   -0.6966836119E+00   -0.4588815837E+00    0.0000000000E+00    0.0000000000E+00    0.0000000000E+00    0.0000000000E+00    0.0000000000E+00    0.0000000000E+00    0.2084536830E-10    0.2084536830E-10    0.9999862537E+00    0.9999862537E+00
    7    0.9816666667E+01   -0.3483418059E+00   -0.6966836119E+00   -0.4563483708E+00    0.0000000000E+00    0.0000000000E+00    0.0000000000E+00    0.0000000000E+00    0.0000000000E+00    0.0000000000E+00    0.1580399409E-12    0.1580399409E-12    0.9999939303E+00    0.9999939303E+00
    1    0.1007500000E+02    0.4644557413E+00    0.1161139353E+00   -0.1911745484E+00    0.0000000000E+00    0.0000000000E+00    0.0000000000E+00    0.0000000000E+00    0.0000000000E+00    0.0000000000E+00    0.3014924647E-18    0.3015405802E-18    0.9999975598E+00    0.9999975598E+00
    2    0.1007500000E+02   -0.3483418059E+00    0.1161139353E+00    0.4012487273E+00    0.0000000000E+00    0.0000000000E+00    0.0000000000E+00    0.0000000000E+00    0.0000000000E+00    0.0000000000E+00    0.3485648487E-11    0.3485648487E-11    0.9999928779E+00    0.9999928779E+00
    3    0.1007500000E+02   -0.3483418059E+00   -0.6966836119E+00   -0.3560113702E+00    0.0000000000E+00    0.0000000000E+00    0.0000000000E+00    0.0000000000E+00    0.0000000000E+00    0.0000000000E+00    0.8914146557E-14    0.8914146558E-14    0.9999931960E+00    0.9999931960E+00
    4    0.1007500000E+02   -0.3483418059E+00    0.1161139353E+00   -0.5695472183E+00    0.0000000000E+00    0.0000000000E+00    0.0000000000E+00    0.0000000000E+00    0.0000000000E+00    0.0000000000E+00    0.5114516417E-11    0.5114516417E-11    0.9999924188E+00    0.9999924188E+00
    1    0.1033333333E+02   -0.3483418059E+00   -0.6966836119E+00   -0.2541598194E+00    0.0000000000E+00    0.0000000000E+00    0.0000000000E+00    0.0000000000E+00    0.0000000000E+00    0.0000000000E+00    0.2123722918E-12    0.2123722918E-12    0.9999930210E+00    0.9999930210E+00
    2    0.1033333333E+02    0.4644557413E+00    0.1161139353E+00   -0.1537279989E+00    0.0000000000E+00    0.0000000000E+00    0.0000000000E+00    0.0000000000E+00    0.0000000000E+00    0.0000000000E+00    0.2675227806E-14    0.2675227806E-14    0.9999974190E+00    0.9999974190E+00
    1    0.1059166667E+02   -0.3483418059E+00   -0.6966836119E+00   -0.1381655088E+00    0.0000000000E+00    0.0000000000E+00    0.0000000000E+00    0.0000000000E+00    0.0000000000E+00    0.0000000000E+00    0.1875261130E-11    0.1875261130E-11    0.9999899517E+00    0.9999899517E+00
    2    0.1059166667E+02    0.4644557413E+00    0.1161139353E+00   -0.1150021028E+00    0.0000000000E+00    0.0000000000E+00    0.0000000000E+00    0.0000000000E+00    0.0000000000E+00    0.0000000000E+00    0.8996339941E-14    0.8996339941E-14    0.9999972563E+00    0.9999972563E+00
    1    0.1085000000E+02   -0.3483418059E+00   -0.6966836119E+00    0.5249488459E+00    0.0000000000E+00    0.0000000000E+00    0.0000000000E+00    0.0000000000E+00    0.0000000000E+00    0.0000000000E+00    0.1991003328E-10    0.1991003328E-10    0.9999878993E+00    0.9999878993E+00
    2    0.1085000000E+02   -0.3483418059E+00   -0.6966836119E+00   -0.4198926685E+00    0.0000000000E+00    0.0000000000E+00    0.0000000000E+00    0.0000000000E+00    0.0000000000E+00    0.0000000000E+00    0.1991346135E-10    0.1991346135E-10    0.9999873006E+00    0.9999873006E+00
    3    0.1085000000E+02    0.4644557413E+00    0.1161139353E+00   -0.7470506776E-01    0.0000000000E+00    0.0000000000E+00    0.0000000000E+00    0.0000000000E+00    0.0000000000E+00    0.0000000000E+00    0.1476243923E-13    0.1476243923E-13    0.9999970652E+00    0.9999970652E+00
    1    0.1110833333E+02   -0.3483418059E+00   -0.6966836119E+00   -0.5279539878E+00    0.0000000000E+00    0.0000000000E+00    0.0000000000E+00    0.0000000000E+00    0.0000000000E+00    0.0000000000E+00    0.1176777557E-12    0.1176777557E-12    0.9999947979E+00    0.9999947979E+00
    2    0.1110833333E+02   -0.3483418059E+00   -0.6966836119E+00   -0.3097861488E+00    0.0000000000E+00    0.0000000000E+00    0.0000000000E+00    0.0000000000E+00    0.0000000000E+00    0.0000000000E+00    0.1618294582E-12    0.1618294582E-12    0.9999933919E+00    0.9999933919E+00
    3    0.1110833333E+02    0.4644557413E+00   -0.6966836119E+00    0.1503660733E+00    0.0000000000E+00    0.0000000000E+00    0.0000000000E+00    0.0000000000E+00    0.0000000000E+00    0.0000000000E+00    0.8522531651E-12    0.8522531651E-12    0.9999898389E+00    0.9999898389E+00
    4    0.1110833333E+02    0.4644557413E+00    0.1161139353E+00   -0.3242613040E-01    0.0000000000E+00    0.0000000000E+00    0.0000000000E+00    0.0000000000E+00    0.0000000000E+00    0.0000000000E+00    0.2976706548E-13    0.2976706548E-13    0.9999968277E+00    0.9999968277E+00
    1    0.1136666667E+02   -0.3483418059E+00   -0.6966836119E+00   -0.4637672765E+00    0.0000000000E+00    0.0000000000E+00    0.0000000000E+00    0.0000000000E+00    0.0000000000E+00    0.0000000000E+00    0.2315453190E-13    0.2315453190E-13    0.9999955646E+00    0.9999955646E+00
    2    0.1136666667E+02   -0.3483418059E+00   -0.6966836119E+00   -0.2175895994E+00    0.0000000000E+00    0.0000000000E+00    0.0000000000E+00    0.0000000000E+00    0.0000000000E+00    0.0000000000E+00    0.8467962177E-13    0.8467962177E-13    0.9999925951E+00    0.9999925951E+00
    3    0.1136666667E+02    0.4644557413E+00   -0.6966836119E+00    0.2597984214E+00    0.0000000000E+00    0.0000000000E+00    0.0000000000E+00    0.0000000000E+00    0.0000000000E+00    0.0000000000E+00    0.1204566921E-12    0.1204566921E-12    0.9999931509E+00    0.9999931509E+00
    4    0.1136666667E+02    0.4644557413E+00    0.1161139353E+00    0.1157409305E-01    0.0000000000E+00    0.0000000000E+00    0.0000000000E+00    0.0000000000E+00    0.0000000000E+00    0.0000000000E+00    0.1795562259E-12    0.1795562259E-12    0.9999964432E+00    0.9999964432E+00
    1    0.1162500000E+02   -0.3483418059E+00   -0.6966836119E+00   -0.4065352167E+00    0.0000000000E+00    0.0000000000E+00    0.0000000000E+00    0.0000000000E+00    0.0000000000E+00    0.0000000000E+00    0.2163551790E-13    0.2163551796E-13    0.9999957324E+00    0.9999957324E+00
    2    0.1162500000E+02   -0.3483418059E+00   -0.6966836119E+00   -0.8607505293E-01   -0.3483418059E+00    0.9289114825E+00   -0.8607505293E-01   -0.4138367208E+00   -0.6147441701E+01    0.2969898574E+00    0.2224285901E-10    0.2224285901E-10    0.9999834736E+00    0.9999834736E+00
    3    0.1162500000E+02    0.4644557413E+00    0.1161139353E+00    0.5953317495E-01    0.0000000000E+00    0.0000000000E+00    0.0000000000E+00    0.0000000000E+00    0.0000000000E+00    0.0000000000E+00    0.2223891101E-13    0.2223891101E-13    0.9999962241E+00    0.9999962241E+00
    4    0.1162500000E+02   -0.3483418059E+00    0.1161139353E+00    0.4491240916E+00    0.0000000000E+00    0.0000000000E+00    0.0000000000E+00    0.0000000000E+00    0.0000000000E+00    0.0000000000E+00    0.4902844507E-13    0.4902844509E-13    0.9999834157E+00    0.9999834157E+00
    5    0.1162500000E+02    0.4644557413E+00   -0.6966836119E+00    0.3432430591E+00    0.0000000000E+00    0.0000000000E+00    0.0000000000E+00    0.0000000000E+00    0.0000000000E+00    0.0000000000E+00    0.8628565763E-14    0.8628565763E-14    0.9999941134E+00    0.9999941134E+00
    1    0.1188333333E+02   -0.3483418059E+00   -0.6966836119E+00   -0.3510873572E+00    0.0000000000E+00    0.0000000000E+00    0.0000000000E+00    0.0000000000E+00    0.0000000000E+00    0.0000000000E+00    0.6567398137E-15    0.6567398200E-15    0.9999956682E+00    0.9999956682E+00
    2    0.1188333333E+02    0.4644557413E+00    0.1161139353E+00    0.1111444807E+00    0.0000000000E+00    0.0000000000E+00    0.0000000000E+00    0.0000000000E+00    0.0000000000E+00    0.0000000000E+00    0.1295238630E-13    0.1295238630E-13    0.9999957897E+00    0.9999957897E+00
    3    0.1188333333E+02   -0.3483418059E+00    0.1161139353E+00    0.5708478186E+00    0.0000000000E+00    0.0000000000E+00    0.0000000000E+00    0.0000000000E+00    0.0000000000E+00    0.0000000000E+00    0.3299873775E-11    0.3299873775E-11    0.9999918712E+00    0.9999918712E+00
    4    0.1188333333E+02    0.4644557413E+00   -0.6966836119E+00    0.4167016588E+00    0.4644557413E+00   -0.6966836119E+00    0.4167016588E+00   -0.2468372518E+01    0.3008445943E+01   -0.4184803225E+01    0.9381127919E-15    0.9381127924E-15    0.9999944865E+00    0.9999944865E+00
    1    0.1214166667E+02    0.4644557413E+00    0.1161139353E+00    0.1680424369E+00    0.0000000000E+00    0.0000000000E+00    0.0000000000E+00    0.0000000000E+00    0.0000000000E+00    0.0000000000E+00    0.1300199980E-14    0.1300199980E-14    0.9999952063E+00    0.9999952063E+00
    2    0.1214166667E+02   -0.3483418059E+00   -0.6966836119E+00   -0.2946696443E+00    0.0000000000E+00    0.0000000000E+00    0.0000000000E+00    0.0000000000E+00    0.0000000000E+00    0.0000000000E+00    0.7097478168E-14    0.7097478184E-14    0.9999954012E+00    0.9999954012E+00
    3    0.1214166667E+02   -0.3483418059E+00    0.1161139353E+00   -0.4956648491E+00    0.0000000000E+00    0.0000000000E+00    0.0000000000E+00    0.0000000000E+00    0.0000000000E+00    0.0000000000E+00    0.4002537202E-14    0.4002537575E-14    0.9999934947E+00    0.9999934947E+00
    4    0.1214166667E+02    0.4644557413E+00   -0.6966836119E+00    0.4860613313E+00    0.0000000000E+00    0.0000000000E+00    0.0000000000E+00    0.0000000000E+00    0.0000000000E+00    0.0000000000E+00    0.5287143030E-16    0.5287143043E-16    0.9999945291E+00    0.9999945291E+00
    1    0.1240000000E+02    0.4644557413E+00    0.1161139353E+00    0.2322153581E+00    0.0000000000E+00    0.0000000000E+00    0.0000000000E+00    0.0000000000E+00    0.0000000000E+00    0.0000000000E+00    0.1892567565E-14    0.1892567566E-14    0.9999944151E+00    0.9999944151E+00
    2    0.1240000000E+02   -0.3483418059E+00   -0.6966836119E+00   -0.2347448172E+00    0.0000000000E+00    0.0000000000E+00    0.0000000000E+00    0.0000000000E+00    0.0000000000E+00    0.0000000000E+00    0.9622032404E-14    0.9622032407E-14    0.9999948941E+00    0.9999948941E+00
    3    0.1240000000E+02   -0.3483418059E+00    0.1161139353E+00   -0.4111421772E+00    0.0000000000E+00    0.0000000000E+00    0.0000000000E+00    0.0000000000E+00    0.0000000000E+00    0.0000000000E+00    0.4474195794E-15    0.4474195803E-15    0.9999926938E+00    0.9999926938E+00
    4    0.1240000000E+02    0.4644557413E+00   -0.6966836119E+00    0.5551369510E+00    0.0000000000E+00    0.0000000000E+00    0.0000000000E+00    0.0000000000E+00    0.0000000000E+00    0.0000000000E+00    0.9252143863E-15    0.9252169336E-15    0.9999942969E+00    0.9999942969E+00
    1    0.1265833333E+02    0.4644557413E+00    0.1161139353E+00    0.3060104789E+00    0.0000000000E+00    0.0000000000E+00    0.0000000000E+00    0.0000000000E+00    0.0000000000E+00    0.0000000000E+00    0.4884759300E-15    0.4884759397E-15    0.9999934250E+00    0.9999934250E+00
    2    0.1265833333E+02   -0.3483418059E+00   -0.6966836119E+00   -0.1674257312E+00    0.0000000000E+00    0.0000000000E+00    0.0000000000E+00    0.0000000000E+00    0.0000000000E+00    0.0000000000E+00    0.1783741147E-13    0.1783741151E-13    0.9999939047E+00    0.9999939047E+00
    3    0.1265833333E+02   -0.3483418059E+00    0.1161139353E+00   -0.3085685774E+00    0.0000000000E+00    0.0000000000E+00    0.0000000000E+00    0.0000000000E+00    0.0000000000E+00    0.0000000000E+00    0.1018837504E-12    0.1018837504E-12    0.9999897770E+00    0.9999897770E+00
    4    0.1265833333E+02    0.4644557413E+00   -0.6966836119E+00   -0.5220166666E+00    0.0000000000E+00    0.0000000000E+00    0.0000000000E+00    0.0000000000E+00    0.0000000000E+00    0.0000000000E+00    0.3349183145E-14    0.3349190950E-14    0.9999937429E+00    0.9999937429E+00
    1    0.1291666667E+02    0.4644557413E+00    0.1161139353E+00    0.3898220164E+00    0.0000000000E+00    0.0000000000E+00    0.0000000000E+00    0.0000000000E+00    0.0000000000E+00    0.0000000000E+00    0.3679448477E-16    0.3679448485E-16    0.9999925826E+00    0.9999925826E+00
    2    0.1291666667E+02    0.4644557413E+00   -0.6966836119E+00   -0.4416775528E+00    0.0000000000E+00    0.0000000000E+00    0.0000000000E+00    0.0000000000E+00    0.0000000000E+00    0.0000000000E+00    0.1366358793E-13    0.1366358793E-13    0.9999926375E+00    0.9999926375E+00
    3    0.1291666667E+02   -0.3483418059E+00   -0.6966836119E+00   -0.8025474196E-01    0.0000000000E+00    0.0000000000E+00    0.0000000000E+00    0.0000000000E+00    0.0000000000E+00    0.0000000000E+00    0.4016291096E-11    0.4016291096E-11    0.9999903662E+00    0.9999903662E+00
    1    0.1317500000E+02    0.4644557413E+00    0.1161139353E+00    0.4781704457E+00    0.4644557413E+00    0.1161139353E+00    0.4781704457E+00   -0.3134413075E+01   -0.1535028545E+01   -0.3412913829E+01    0.2503656577E-13    0.2503656577E-13    0.9999924055E+00    0.9999924055E+00
    2    0.1317500000E+02    0.4644557413E+00   -0.6966836119E+00   -0.3429208999E+00    0.0000000000E+00    0.0000000000E+00    0.0000000000E+00    0.0000000000E+00    0.0000000000E+00    0.0000000000E+00    0.5415862004E-13    0.5415862004E-13    0.9999899713E+00    0.9999899713E+00
    1    0.1343333333E+02   -0.3483418059E+00   -0.6966836119E+00    0.4962566408E+00    0.0000000000E+00    0.0000000000E+00    0.0000000000E+00    0.0000000000E+00    0.0000000000E+00    0.0000000000E+00    0.4370816862E-11    0.4370816862E-11    0.9999638403E+00    0.9999638403E+00
    2    0.1343333333E+02    0.4644557413E+00    0.1161139353E+00    0.5639638657E+00    0.0000000000E+00    0.0000000000E+00    0.0000000000E+00    0.0000000000E+00    0.0000000000E+00    0.0000000000E+00    0.2130673959E-12    0.2130673959E-12    0.9999924095E+00    0.9999924095E+00
    3    0.1343333333E+02    0.4644557413E+00    0.1161139353E+00    0.2552677084E+00    0.0000000000E+00    0.0000000000E+00    0.0000000000E+00    0.0000000000E+00    0.0000000000E+00    0.0000000000E+00    0.2839957561E-11    0.2839957561E-11    0.9999726769E+00    0.9999726769E+00
    4    0.1343333333E+02   -0.3483418059E+00   -0.6966836119E+00    0.2275014269E+00    0.0000000000E+00    0.0000000000E+00    0.0000000000E+00    0.0000000000E+00    0.0000000000E+00    0.0000000000E+00    0.1312149526E-11    0.1312149526E-11    0.9999724948E+00    0.9999724948E+00
    5    0.1343333333E+02    0.4644557413E+00   -0.6966836119E+00   -0.1635400657E+00    0.4644557413E+00   -0.6966836119E+00   -0.1635400657E+00   -0.9878055146E+00    0.5328982639E+00   -0.4724696098E+00    0.4280519860E-11    0.4280519860E-11    0.9999668676E+00    0.9999668676E+00
    6    0.1343333333E+02    0.4644557413E+00   -0.6966836119E+00    0.5613658427E-01    0.4644557413E+00   -0.6966836119E+00    0.5613658427E-01   -0.1466921278E+01   -0.3645182150E-01   -0.4008551073E+00    0.3913812376E-09    0.3913812376E-09    0.9999467754E+00    0.9999467754E+00
    1    0.1369166667E+02    0.4644557413E+00    0.1161139353E+00   -0.5038935480E+00    0.0000000000E+00    0.0000000000E+00    0.0000000000E+00    0.0000000000E+00    0.0000000000E+00    0.0000000000E+00    0.8814330462E-12    0.8814330462E-12    0.9999923477E+00    0.9999923477E+00
    2    0.1369166667E+02    0.4644557413E+00    0.1161139353E+00    0.4622935479E+00    0.0000000000E+00    0.0000000000E+00    0.0000000000E+00    0.0000000000E+00    0.0000000000E+00    0.0000000000E+00    0.1228927744E-12    0.1228927744E-12    0.9999855165E+00    0.9999855165E+00
    3    0.1369166667E+02   -0.3483418059E+00   -0.6966836119E+00    0.3734849369E+00    0.0000000000E+00    0.0000000000E+00    0.0000000000E+00    0.0000000000E+00    0.0000000000E+00    0.0000000000E+00    0.8305097819E-11    0.8305097819E-11    0.9999493650E+00    0.9999493650E+00
    4    0.1369166667E+02   -0.3483418059E+00   -0.6966836119E+00    0.2142633860E+00    0.0000000000E+00    0.0000000000E+00    0.0000000000E+00    0.0000000000E+00    0.0000000000E+00    0.0000000000E+00    0.7995848281E-11    0.7995848281E-11    0.9999759339E+00    0.9999759339E+00
    5    0.1369166667E+02   -0.3483418059E+00    0.1161139353E+00    0.2525184285E+00    0.0000000000E+00    0.0000000000E+00    0.0000000000E+00    0.0000000000E+00    0.0000000000E+00    0.0000000000E+00    0.2503681034E-11    0.2503681034E-11    0.9999749076E+00    0.9999749076E+00
    6    0.1369166667E+02    0.4644557413E+00   -0.6966836119E+00    0.2921376915E+00    0.0000000000E+00    0.0000000000E+00    0.0000000000E+00    0.0000000000E+00    0.0000000000E+00    0.0000000000E+00    0.9137142586E-12    0.9137142586E-12    0.9999844876E+00    0.9999844876E+00
    7    0.1369166667E+02    0.4644557413E+00    0.1161139353E+00    0.2838415185E+00    0.0000000000E+00    0.0000000000E+00    0.0000000000E+00    0.0000000000E+00    0.0000000000E+00    0.0000000000E+00    0.1319925089E-11    0.1319925089E-11    0.9999826763E+00    0.9999826763E+00
    1    0.1395000000E+02   -0.3483418059E+00    0.1161139353E+00    0.4959247115E-01    0.0000000000E+00    0.0000000000E+00    0.0000000000E+00    0.0000000000E+00    0.0000000000E+00    0.0000000000E+00    0.4257059088E-10    0.4257059088E-10    0.9999651883E+00    0.9999651883E+00
    2    0.1395000000E+02   -0.3483418059E+00    0.1161139353E+00    0.2062797310E+00    0.0000000000E+00    0.0000000000E+00    0.0000000000E+00    0.0000000000E+00    0.0000000000E+00    0.0000000000E+00    0.8409745275E-11    0.8409745275E-11    0.9999584280E+00    0.9999584280E+00
    3    0.1395000000E+02    0.4644557413E+00    0.1161139353E+00   -0.4236159317E+00    0.0000000000E+00    0.0000000000E+00    0.0000000000E+00    0.0000000000E+00    0.0000000000E+00    0.0000000000E+00    0.1524137774E-11    0.1524137774E-11    0.9999921224E+00    0.9999921224E+00
    4    0.1395000000E+02    0.4644557413E+00    0.1161139353E+00   -0.5449308474E+00    0.0000000000E+00    0.0000000000E+00    0.0000000000E+00    0.0000000000E+00    0.0000000000E+00    0.0000000000E+00    0.7827182723E-12    0.7827182723E-12    0.9999875552E+00    0.9999875552E+00
    5    0.1395000000E+02   -0.3483418059E+00    0.1161139353E+00    0.3853309245E+00    0.0000000000E+00    0.0000000000E+00    0.0000000000E+00    0.0000000000E+00    0.0000000000E+00    0.0000000000E+00    0.2244674869E-10    0.2244674869E-10    0.9999723186E+00    0.9999723186E+00
    6    0.1395000000E+02   -0.3483418059E+00    0.1161139353E+00    0.5269935469E+00    0.0000000000E+00    0.0000000000E+00    0.0000000000E+00    0.0000000000E+00    0.0000000000E+00    0.0000000000E+00    0.2643871885E-10    0.2643871885E-10    0.9999691352E+00    0.9999691352E+00
    7    0.1395000000E+02    0.4644557413E+00   -0.6966836119E+00    0.4712368770E+00    0.0000000000E+00    0.0000000000E+00    0.0000000000E+00    0.0000000000E+00    0.0000000000E+00    0.0000000000E+00    0.7883444975E-13    0.7883444975E-13    0.9999815287E+00    0.9999815287E+00
    8    0.1395000000E+02    0.4644557413E+00    0.1161139353E+00    0.4432566722E+00    0.0000000000E+00    0.0000000000E+00    0.0000000000E+00    0.0000000000E+00    0.0000000000E+00    0.0000000000E+00    0.1594506546E-11    0.1594506546E-11    0.9999869117E+00    0.9999869117E+00
    1    0.1420833333E+02    0.4644557413E+00   -0.6966836119E+00    0.9812366198E-01    0.0000000000E+00    0.0000000000E+00    0.0000000000E+00    0.0000000000E+00    0.0000000000E+00    0.0000000000E+00    0.2129897018E-09    0.2129897018E-09    0.9999105675E+00    0.9999105675E+00
    2    0.1420833333E+02    0.4644557413E+00    0.1161139353E+00   -0.5661290044E+00    0.0000000000E+00    0.0000000000E+00    0.0000000000E+00    0.0000000000E+00    0.0000000000E+00    0.0000000000E+00    0.1001167848E-11    0.1001167848E-11    0.9999863637E+00    0.9999863637E+00
    3    0.1420833333E+02    0.4644557413E+00    0.1161139353E+00   -0.4102651650E+00    0.0000000000E+00    0.0000000000E+00    0.0000000000E+00    0.0000000000E+00    0.0000000000E+00    0.0000000000E+00    0.1689812444E-12    0.1689812444E-12    0.9999870676E+00    0.9999870676E+00
    4    0.1420833333E+02    0.4644557413E+00    0.1161139353E+00   -0.3375487160E+00    0.4644557413E+00    0.1161139353E+00   -0.3375487160E+00   -0.7337139566E+00   -0.8025417457E+00    0.1908137902E+00    0.4539668930E-12    0.4539668930E-12    0.9999914411E+00    0.9999914411E+00
    5    0.1420833333E+02    0.4644557413E+00   -0.6966836119E+00   -0.3628995281E+00    0.0000000000E+00    0.0000000000E+00    0.0000000000E+00    0.0000000000E+00    0.0000000000E+00    0.0000000000E+00    0.1632511761E-09    0.1632511761E-09    0.9999274882E+00    0.9999274882E+00
    1    0.1446666667E+02    0.4644557413E+00    0.1161139353E+00   -0.4061204147E+00    0.0000000000E+00    0.0000000000E+00    0.0000000000E+00    0.0000000000E+00    0.0000000000E+00    0.0000000000E+00    0.7492188273E-12    0.7492188273E-12    0.9999825304E+00    0.9999825304E+00
    2    0.1446666667E+02    0.4644557413E+00    0.1161139353E+00   -0.2637324837E+00    0.0000000000E+00    0.0000000000E+00    0.0000000000E+00    0.0000000000E+00    0.0000000000E+00    0.0000000000E+00    0.1592856667E-11    0.1592856667E-11    0.9999850403E+00    0.9999850403E+00
    3    0.1446666667E+02    0.4644557413E+00    0.1161139353E+00   -0.2218405933E+00    0.0000000000E+00    0.0000000000E+00    0.0000000000E+00    0.0000000000E+00    0.0000000000E+00    0.0000000000E+00    0.1286766267E-11    0.1286766267E-11    0.9999849426E+00    0.9999849426E+00
    1    0.1472500000E+02    0.4644557413E+00    0.1161139353E+00   -0.1530945620E+00    0.0000000000E+00    0.0000000000E+00    0.0000000000E+00    0.0000000000E+00    0.0000000000E+00    0.0000000000E+00    0.7358364120E-10    0.7358364120E-10    0.9999564135E+00    0.9999564135E+00
    2    0.1472500000E+02    0.4644557413E+00    0.1161139353E+00   -0.8897704859E-01    0.0000000000E+00    0.0000000000E+00    0.0000000000E+00    0.0000000000E+00    0.0000000000E+00    0.0000000000E+00    0.5998908283E-10    0.5998908283E-10    0.9999687050E+00    0.9999687050E+00
