    1    0.2583333333E+00    0.0000000000E+00   -0.4644557413E+00    0.2628806821E-01    0.0000000000E+00    0.0000000000E+00    0.0000000000E+00    0.0000000000E+00    0.0000000000E+00    0.0000000000E+00    0.9799593007E-14    0.9799593007E-14    0.9999997653E+00    0.9999997653E+00
    1    0.5166666667E+00    0.0000000000E+00   -0.4644557413E+00    0.7122893427E-01    0.0000000000E+00    0.0000000000E+00    0.0000000000E+00    0.0000000000E+00    0.0000000000E+00    0.0000000000E+00    0.4257212662E-14    0.4257212662E-14    0.9999998085E+00    0.9999998085E+00
    1    0.7750000000E+00    0.0000000000E+00   -0.4644557413E+00    0.1114607826E+00    0.0000000000E+00    0.0000000000E+00    0.0000000000E+00    0.0000000000E+00    0.0000000000E+00    0.0000000000E+00    0.2849195537E-14    0.2849195537E-14    0.9999997644E+00    0.9999997644E+00
    1    0.1033333333E+01    0.0000000000E+00   -0.4644557413E+00    0.1510497291E+00    0.0000000000E+00    0.0000000000E+00    0.0000000000E+00    0.0000000000E+00    0.0000000000E+00    0.0000000000E+00    0.9497727990E-15    0.9497727990E-15    0.9999997068E+00    0.9999997068E+00
    2    0.1033333333E+01    0.0000000000E+00   -0.4644557413E+00    0.1466460969E+00    0.0000000000E+00    0.0000000000E+00    0.0000000000E+00    0.0000000000E+00    0.0000000000E+00    0.0000000000E+00    0.6429003018E-16    0.6429003018E-16    0.9999996294E+00    0.9999996294E+00
    1    0.1291666667E+01    0.0000000000E+00   -0.4644557413E+00    0.1907089591E+00    0.0000000000E+00    0.0000000000E+00    0.0000000000E+00    0.0000000000E+00    0.0000000000E+00    0.0000000000E+00    0.4557549187E-18    0.4557549187E-18    0.9999996424E+00    0.9999996424E+00
    2    0.1291666667E+01    0.0000000000E+00   -0.4644557413E+00    0.1908466208E+00    0.0000000000E+00    0.0000000000E+00    0.0000000000E+00    0.0000000000E+00    0.0000000000E+00    0.0000000000E+00    0.5539941017E-19    0.5539941017E-19    0.9999996351E+00    0.9999996351E+00
    1    0.1550000000E+01    0.0000000000E+00   -0.4644557413E+00    0.2307883719E+00    0.0000000000E+00    0.0000000000E+00    0.0000000000E+00    0.0000000000E+00    0.0000000000E+00    0.0000000000E+00    0.7506312828E-15    0.7506312828E-15    0.9999995723E+00    0.9999995723E+00
    2    0.1550000000E+01    0.0000000000E+00   -0.4644557413E+00    0.2299288064E+00    0.0000000000E+00    0.0000000000E+00    0.0000000000E+00    0.0000000000E+00    0.0000000000E+00    0.0000000000E+00    0.3224000922E-13    0.3224000922E-13    0.9999995280E+00    0.9999995280E+00
    3    0.1550000000E+01    0.0000000000E+00   -0.4644557413E+00    0.1932300849E-01    0.0000000000E+00    0.0000000000E+00    0.0000000000E+00    0.0000000000E+00    0.0000000000E+00    0.0000000000E+00    0.1084533822E-12    0.1084533822E-12    0.9999991907E+00    0.9999991907E+00
    1    0.1808333333E+01    0.0000000000E+00   -0.4644557413E+00    0.2715830981E+00    0.0000000000E+00    0.0000000000E+00    0.0000000000E+00    0.0000000000E+00    0.0000000000E+00    0.0000000000E+00    0.1847730330E-14    0.1847730330E-14    0.9999994957E+00    0.9999994957E+00
    2    0.1808333333E+01    0.0000000000E+00   -0.4644557413E+00    0.6550823159E-01    0.0000000000E+00    0.0000000000E+00    0.0000000000E+00    0.0000000000E+00    0.0000000000E+00    0.0000000000E+00    0.4544749608E-14    0.4544749608E-14    0.9999995872E+00    0.9999995872E+00
    3    0.1808333333E+01    0.0000000000E+00   -0.4644557413E+00    0.2674699805E+00    0.0000000000E+00    0.0000000000E+00    0.0000000000E+00    0.0000000000E+00    0.0000000000E+00    0.0000000000E+00    0.1939098351E-14    0.1939098351E-14    0.9999995283E+00    0.9999995283E+00
    1    0.2066666667E+01    0.0000000000E+00   -0.4644557413E+00    0.3134223778E+00    0.0000000000E+00    0.0000000000E+00    0.0000000000E+00    0.0000000000E+00    0.0000000000E+00    0.0000000000E+00    0.1571365606E-14    0.1571365606E-14    0.9999994105E+00    0.9999994105E+00
    2    0.2066666667E+01    0.0000000000E+00   -0.4644557413E+00    0.3047543747E+00    0.0000000000E+00    0.0000000000E+00    0.0000000000E+00    0.0000000000E+00    0.0000000000E+00    0.0000000000E+00    0.1217681121E-14    0.1217681121E-14    0.9999994529E+00    0.9999994529E+00
    3    0.2066666667E+01    0.0000000000E+00   -0.4644557413E+00    0.9759081900E-01    0.0000000000E+00    0.0000000000E+00    0.0000000000E+00    0.0000000000E+00    0.0000000000E+00    0.0000000000E+00    0.3269205287E-15    0.3269205287E-15    0.9999996121E+00    0.9999996121E+00
    1    0.2325000000E+01    0.0000000000E+00   -0.4644557413E+00    0.3567254368E+00    0.0000000000E+00    0.0000000000E+00    0.0000000000E+00    0.0000000000E+00    0.0000000000E+00    0.0000000000E+00    0.3283635725E-15    0.3283635725E-15    0.9999993133E+00    0.9999993133E+00
    2    0.2325000000E+01    0.0000000000E+00   -0.4644557413E+00    0.1263618288E+00    0.0000000000E+00    0.0000000000E+00    0.0000000000E+00    0.0000000000E+00    0.0000000000E+00    0.0000000000E+00    0.1435873744E-14    0.1435873744E-14    0.9999995439E+00    0.9999995439E+00
    3    0.2325000000E+01    0.0000000000E+00   -0.4644557413E+00    0.3425092349E+00    0.0000000000E+00    0.0000000000E+00    0.0000000000E+00    0.0000000000E+00    0.0000000000E+00    0.0000000000E+00    0.1638984145E-14    0.1638984145E-14    0.9999994311E+00    0.9999994311E+00
    1    0.2583333333E+01    0.0000000000E+00   -0.4644557413E+00    0.4020691541E+00    0.0000000000E+00    0.0000000000E+00    0.0000000000E+00    0.0000000000E+00    0.0000000000E+00    0.0000000000E+00    0.1815317579E-15    0.1815317579E-15    0.9999991982E+00    0.9999991982E+00
    2    0.2583333333E+01    0.0000000000E+00   -0.4644557413E+00    0.1534933472E+00    0.0000000000E+00    0.0000000000E+00    0.0000000000E+00    0.0000000000E+00    0.0000000000E+00    0.0000000000E+00    0.2400030158E-14    0.2400030158E-14    0.9999995155E+00    0.9999995155E+00
    3    0.2583333333E+01    0.0000000000E+00   -0.4644557413E+00    0.3813178362E+00    0.0000000000E+00    0.0000000000E+00    0.0000000000E+00    0.0000000000E+00    0.0000000000E+00    0.0000000000E+00    0.2122127932E-14    0.2122127932E-14    0.9999993478E+00    0.9999993478E+00
    1    0.2841666667E+01    0.0000000000E+00   -0.4644557413E+00    0.4503073190E+00    0.0000000000E+00    0.0000000000E+00    0.0000000000E+00    0.0000000000E+00    0.0000000000E+00    0.0000000000E+00    0.2044187018E-14    0.2044187018E-14    0.9999990549E+00    0.9999990549E+00
    2    0.2841666667E+01    0.0000000000E+00   -0.4644557413E+00    0.1796249295E+00    0.0000000000E+00    0.0000000000E+00    0.0000000000E+00    0.0000000000E+00    0.0000000000E+00    0.0000000000E+00    0.1809307231E-14    0.1809307231E-14    0.9999994831E+00    0.9999994831E+00
    3    0.2841666667E+01    0.0000000000E+00   -0.4644557413E+00    0.4217952791E+00    0.0000000000E+00   -0.4644557413E+00    0.4217952791E+00   -0.5186844377E-10   -0.1024314039E+01    0.2025962253E+01    0.3266321017E-14    0.3266321017E-14    0.9999992468E+00    0.9999992468E+00
    1    0.3100000000E+01    0.0000000000E+00    0.3483418059E+00   -0.4548499679E+00    0.0000000000E+00    0.0000000000E+00    0.0000000000E+00    0.0000000000E+00    0.0000000000E+00    0.0000000000E+00    0.8733122041E-10    0.8733122041E-10    0.9999774933E+00    0.9999774933E+00
    2    0.3100000000E+01    0.0000000000E+00   -0.4644557413E+00    0.5028708507E+00    0.0000000000E+00    0.0000000000E+00    0.0000000000E+00    0.0000000000E+00    0.0000000000E+00    0.0000000000E+00    0.7464700539E-14    0.7464700551E-14    0.9999988591E+00    0.9999988591E+00
    3    0.3100000000E+01    0.0000000000E+00    0.3483418059E+00    0.5114463504E+00    0.0000000000E+00    0.0000000000E+00    0.0000000000E+00    0.0000000000E+00    0.0000000000E+00    0.0000000000E+00    0.9294662775E-10    0.9294662775E-10    0.9999774979E+00    0.9999774979E+00
    4    0.3100000000E+01    0.0000000000E+00   -0.4644557413E+00    0.2050843737E+00    0.0000000000E+00    0.0000000000E+00    0.0000000000E+00    0.0000000000E+00    0.0000000000E+00    0.0000000000E+00    0.5511459504E-15    0.5511459504E-15    0.9999994486E+00    0.9999994486E+00
    5    0.3100000000E+01    0.0000000000E+00   -0.4644557413E+00    0.4647267402E+00    0.0000000000E+00    0.0000000000E+00    0.0000000000E+00    0.0000000000E+00    0.0000000000E+00    0.0000000000E+00    0.4766739500E-14    0.4766739500E-14    0.9999991196E+00    0.9999991196E+00
    1    0.3358333333E+01    0.0000000000E+00    0.3483418059E+00   -0.1650934593E+00    0.0000000000E+00    0.0000000000E+00    0.0000000000E+00    0.0000000000E+00    0.0000000000E+00    0.0000000000E+00    0.2546874935E-12    0.2546874935E-12    0.9999939976E+00    0.9999939976E+00
    2    0.3358333333E+01    0.0000000000E+00    0.3483418059E+00   -0.4289517645E+00    0.0000000000E+00    0.0000000000E+00    0.0000000000E+00    0.0000000000E+00    0.0000000000E+00    0.0000000000E+00    0.1270359273E-12    0.1270359273E-12    0.9999971540E+00    0.9999971540E+00
    3    0.3358333333E+01    0.8127975472E+00   -0.4644557413E+00   -0.4061289171E+00    0.8127975472E+00   -0.4644557413E+00   -0.4061289171E+00    0.0000000000E+00    0.0000000000E+00    0.0000000000E+00    0.6189621741E-14    0.6189621742E-14    0.9999958069E+00    0.9999958069E+00
    4    0.3358333333E+01    0.0000000000E+00   -0.4644557413E+00    0.5662965997E+00    0.0000000000E+00    0.0000000000E+00    0.0000000000E+00    0.0000000000E+00    0.0000000000E+00    0.0000000000E+00    0.7079478680E-12    0.7079478680E-12    0.9999976186E+00    0.9999976186E+00
    5    0.3358333333E+01    0.0000000000E+00   -0.4644557413E+00    0.2300693726E+00    0.0000000000E+00    0.0000000000E+00    0.0000000000E+00    0.0000000000E+00    0.0000000000E+00    0.0000000000E+00    0.2893450685E-15    0.2893451369E-15    0.9999994132E+00    0.9999994132E+00
    6    0.3358333333E+01    0.0000000000E+00   -0.4644557413E+00    0.5112607680E+00    0.0000000000E+00   -0.4644557413E+00   -0.6382085470E+00    0.1130584571E-09    0.7244164966E+00   -0.2638720211E+01    0.3355636401E-14    0.3355636411E-14    0.9999989495E+00    0.9999989495E+00
    7    0.3358333333E+01    0.0000000000E+00    0.3483418059E+00   -0.3651543981E+00    0.0000000000E+00    0.0000000000E+00    0.0000000000E+00    0.0000000000E+00    0.0000000000E+00    0.0000000000E+00    0.2070033004E-12    0.2070033004E-12    0.9999983806E+00    0.9999983806E+00
    8    0.3358333333E+01    0.8127975472E+00   -0.4644557413E+00   -0.3920191556E+00    0.8127975472E+00   -0.4644557413E+00   -0.3920191556E+00    0.0000000000E+00    0.0000000000E+00    0.0000000000E+00    0.5753277500E-15    0.5753277506E-15    0.9999965753E+00    0.9999965753E+00
    9    0.3358333333E+01    0.0000000000E+00    0.3483418059E+00   -0.5592937000E+00    0.0000000000E+00    0.0000000000E+00    0.0000000000E+00    0.0000000000E+00    0.0000000000E+00    0.0000000000E+00    0.4776473851E-12    0.4776473851E-12    0.9999979417E+00    0.9999979417E+00
    1    0.3616666667E+01    0.8127975472E+00   -0.4644557413E+00   -0.2769205583E+00    0.8127975472E+00   -0.4644557413E+00   -0.2769205583E+00    0.0000000000E+00    0.0000000000E+00    0.0000000000E+00    0.6934403867E-13    0.6934403867E-13    0.9999973564E+00    0.9999973564E+00
    2    0.3616666667E+01    0.0000000000E+00    0.3483418059E+00   -0.3141571889E+00    0.0000000000E+00    0.0000000000E+00    0.0000000000E+00    0.0000000000E+00    0.0000000000E+00    0.0000000000E+00    0.1855866916E-13    0.1855866916E-13    0.9999973875E+00    0.9999973875E+00
    3    0.3616666667E+01    0.0000000000E+00   -0.4644557413E+00   -0.5218597899E+00    0.0000000000E+00    0.0000000000E+00    0.0000000000E+00    0.0000000000E+00    0.0000000000E+00    0.0000000000E+00    0.2232209647E-13    0.2232209647E-13    0.9999981366E+00    0.9999981366E+00
    4    0.3616666667E+01    0.8127975472E+00   -0.4644557413E+00   -0.4906703938E+00    0.8127975472E+00   -0.4644557413E+00   -0.4906703938E+00    0.0000000000E+00    0.0000000000E+00    0.0000000000E+00    0.3650676479E-13    0.3650676479E-13    0.9999979644E+00    0.9999979644E+00
    5    0.3616666667E+01    0.0000000000E+00   -0.4644557413E+00    0.2547125066E+00    0.0000000000E+00    0.0000000000E+00    0.0000000000E+00    0.0000000000E+00    0.0000000000E+00    0.0000000000E+00    0.1082235144E-14    0.1082235144E-14    0.9999993790E+00    0.9999993790E+00
    6    0.3616666667E+01    0.8127975472E+00   -0.4644557413E+00   -0.2731181019E+00    0.8127975472E+00   -0.4644557413E+00   -0.2731181019E+00    0.0000000000E+00    0.0000000000E+00    0.0000000000E+00    0.6459851046E-13    0.6459851047E-13    0.9999973622E+00    0.9999973622E+00
    7    0.3616666667E+01    0.0000000000E+00    0.3483418059E+00   -0.3083491059E+00    0.0000000000E+00    0.0000000000E+00    0.0000000000E+00    0.0000000000E+00    0.0000000000E+00    0.0000000000E+00    0.4147539384E-14    0.4147539410E-14    0.9999988191E+00    0.9999988191E+00
    8    0.3616666667E+01    0.0000000000E+00   -0.4644557413E+00    0.5633281342E+00    0.0000000000E+00    0.0000000000E+00    0.0000000000E+00    0.0000000000E+00    0.0000000000E+00    0.0000000000E+00    0.2010738756E-14    0.2010738756E-14    0.9999986961E+00    0.9999986961E+00
    9    0.3616666667E+01    0.8127975472E+00   -0.4644557413E+00   -0.4849215132E+00    0.8127975472E+00   -0.4644557413E+00   -0.4849215132E+00    0.0000000000E+00    0.0000000000E+00    0.0000000000E+00    0.5734389599E-13    0.5734389599E-13    0.9999980075E+00    0.9999980075E+00
   10    0.3616666667E+01    0.0000000000E+00    0.3483418059E+00   -0.4945018577E+00    0.0000000000E+00    0.0000000000E+00    0.0000000000E+00    0.0000000000E+00    0.0000000000E+00    0.0000000000E+00    0.8651819733E-14    0.8651819736E-14    0.9999987180E+00    0.9999987180E+00
    1    0.3875000000E+01    0.0000000000E+00    0.3483418059E+00   -0.1987338357E+00    0.0000000000E+00    0.0000000000E+00    0.0000000000E+00    0.0000000000E+00    0.0000000000E+00    0.0000000000E+00    0.1964525494E-14    0.1964525499E-14    0.9999966812E+00    0.9999966812E+00
    2    0.3875000000E+01    0.8127975472E+00   -0.4644557413E+00   -0.1630635682E+00    0.8127975472E+00   -0.4644557413E+00   -0.1630635682E+00    0.0000000000E+00    0.0000000000E+00    0.0000000000E+00    0.1231516081E-12    0.1231516081E-12    0.9999967074E+00    0.9999967074E+00
    3    0.3875000000E+01    0.0000000000E+00   -0.4644557413E+00    0.2791097837E+00    0.0000000000E+00    0.0000000000E+00    0.0000000000E+00    0.0000000000E+00    0.0000000000E+00    0.0000000000E+00    0.2494781769E-14    0.2494781770E-14    0.9999993388E+00    0.9999993388E+00
    4    0.3875000000E+01    0.0000000000E+00   -0.4644557413E+00   -0.4325167881E+00    0.0000000000E+00    0.0000000000E+00    0.0000000000E+00    0.0000000000E+00    0.0000000000E+00    0.0000000000E+00    0.3022622459E-15    0.3022622460E-15    0.9999972931E+00    0.9999972931E+00
    5    0.3875000000E+01    0.8127975472E+00   -0.4644557413E+00   -0.4187975269E+00    0.8127975472E+00   -0.4644557413E+00   -0.4187975269E+00    0.0000000000E+00    0.0000000000E+00    0.0000000000E+00    0.6930081855E-13    0.6930081856E-13    0.9999983485E+00    0.9999983485E+00
    6    0.3875000000E+01    0.8127975472E+00   -0.4644557413E+00   -0.1612403454E+00    0.8127975472E+00   -0.4644557413E+00   -0.1612403454E+00    0.0000000000E+00    0.0000000000E+00    0.0000000000E+00    0.1304139670E-12    0.1304139670E-12    0.9999967045E+00    0.9999967045E+00
    7    0.3875000000E+01    0.0000000000E+00    0.3483418059E+00   -0.2631284335E+00    0.0000000000E+00    0.0000000000E+00    0.0000000000E+00    0.0000000000E+00    0.0000000000E+00    0.0000000000E+00    0.5404897700E-14    0.5404897700E-14    0.9999989177E+00    0.9999989177E+00
    8    0.3875000000E+01    0.0000000000E+00   -0.4644557413E+00   -0.5250953075E+00    0.0000000000E+00    0.0000000000E+00    0.0000000000E+00    0.0000000000E+00    0.0000000000E+00    0.0000000000E+00    0.7317450594E-14    0.7317450595E-14    0.9999983050E+00    0.9999983050E+00
    9    0.3875000000E+01    0.0000000000E+00    0.3483418059E+00   -0.4449384909E+00    0.0000000000E+00    0.0000000000E+00    0.0000000000E+00    0.0000000000E+00    0.0000000000E+00    0.0000000000E+00    0.4929441263E-14    0.4929441275E-14    0.9999988178E+00    0.9999988178E+00
   10    0.3875000000E+01    0.8127975472E+00   -0.4644557413E+00   -0.4128483526E+00    0.8127975472E+00   -0.4644557413E+00   -0.4128483526E+00    0.0000000000E+00    0.0000000000E+00    0.0000000000E+00    0.7428684872E-13    0.7428684872E-13    0.9999983836E+00    0.9999983836E+00
    1    0.4133333333E+01    0.0000000000E+00   -0.4644557413E+00   -0.2863540592E+00    0.0000000000E+00    0.0000000000E+00    0.0000000000E+00    0.0000000000E+00    0.0000000000E+00    0.0000000000E+00    0.1613394366E-12    0.1613394366E-12    0.9999939756E+00    0.9999939756E+00
    2    0.4133333333E+01    0.8127975472E+00   -0.4644557413E+00   -0.3612997374E+00    0.8127975472E+00   -0.4644557413E+00   -0.3612997374E+00    0.0000000000E+00    0.0000000000E+00    0.0000000000E+00    0.5042801869E-15    0.5042802255E-15    0.9999985357E+00    0.9999985357E+00
    3    0.4133333333E+01    0.0000000000E+00   -0.4644557413E+00    0.3033357802E+00    0.0000000000E+00    0.0000000000E+00    0.0000000000E+00    0.0000000000E+00    0.0000000000E+00    0.0000000000E+00    0.2399173945E-14    0.2399173984E-14    0.9999992964E+00    0.9999992964E+00
    4    0.4133333333E+01    0.0000000000E+00   -0.4644557413E+00   -0.4461770718E+00    0.0000000000E+00    0.0000000000E+00    0.0000000000E+00    0.0000000000E+00    0.0000000000E+00    0.0000000000E+00    0.3030713477E-13    0.3030713514E-13    0.9999974765E+00    0.9999974765E+00
    5    0.4133333333E+01    0.0000000000E+00    0.3483418059E+00   -0.4006483084E+00    0.0000000000E+00    0.0000000000E+00    0.0000000000E+00    0.0000000000E+00    0.0000000000E+00    0.0000000000E+00    0.1090447889E-13    0.1090447890E-13    0.9999988350E+00    0.9999988350E+00
    6    0.4133333333E+01    0.8127975472E+00   -0.4644557413E+00   -0.3556830412E+00    0.8127975472E+00   -0.4644557413E+00   -0.3556830412E+00    0.0000000000E+00    0.0000000000E+00    0.0000000000E+00    0.5846998163E-15    0.5846998214E-15    0.9999985458E+00    0.9999985458E+00
    7    0.4133333333E+01    0.0000000000E+00    0.3483418059E+00   -0.2227653756E+00    0.0000000000E+00    0.3483418059E+00    0.9267039395E+00    0.7969620112E-10   -0.4221930539E+00    0.1611597175E+01    0.1140366295E-13    0.1140366295E-13    0.9999989396E+00    0.9999989396E+00
    1    0.4391666667E+01    0.8127975472E+00    0.3483418059E+00    0.1296416174E+00    0.8127975472E+00    0.3483418059E+00    0.1296416174E+00    0.0000000000E+00    0.0000000000E+00    0.0000000000E+00    0.1001546133E-10    0.1001546133E-10    0.9999922759E+00    0.9999922759E+00
    2    0.4391666667E+01    0.8127975472E+00    0.3483418059E+00   -0.1564489316E-01    0.8127975472E+00    0.3483418059E+00   -0.1564489316E-01    0.0000000000E+00    0.0000000000E+00    0.0000000000E+00    0.1212267141E-10    0.1212267141E-10    0.9999914519E+00    0.9999914519E+00
    3    0.4391666667E+01    0.8127975472E+00   -0.4644557413E+00   -0.3100377578E+00    0.8127975472E+00   -0.4644557413E+00   -0.3100377578E+00    0.0000000000E+00    0.0000000000E+00    0.0000000000E+00    0.5031646349E-14    0.5031646352E-14    0.9999985727E+00    0.9999985727E+00
    4    0.4391666667E+01    0.0000000000E+00   -0.4644557413E+00    0.3273670129E+00    0.0000000000E+00    0.0000000000E+00    0.0000000000E+00    0.0000000000E+00    0.0000000000E+00    0.0000000000E+00    0.8023381012E-13    0.8023381012E-13    0.9999988420E+00    0.9999988420E+00
    5    0.4391666667E+01    0.0000000000E+00    0.3483418059E+00   -0.3590556353E+00    0.0000000000E+00    0.0000000000E+00    0.0000000000E+00    0.0000000000E+00    0.0000000000E+00    0.0000000000E+00    0.9319449023E-14    0.9319449023E-14    0.9999988193E+00    0.9999988193E+00
    6    0.4391666667E+01    0.0000000000E+00   -0.4644557413E+00   -0.3134491285E+00    0.0000000000E+00    0.0000000000E+00    0.0000000000E+00    0.0000000000E+00    0.0000000000E+00    0.0000000000E+00    0.3043590916E-12    0.3043590916E-12    0.9999943458E+00    0.9999943458E+00
    7    0.4391666667E+01    0.8127975472E+00   -0.4644557413E+00   -0.3047917039E+00    0.8127975472E+00   -0.4644557413E+00   -0.3047917039E+00    0.0000000000E+00    0.0000000000E+00    0.0000000000E+00    0.4658308064E-14    0.4658308064E-14    0.9999985832E+00    0.9999985832E+00
    8    0.4391666667E+01    0.0000000000E+00    0.3483418059E+00   -0.1845809155E+00    0.0000000000E+00    0.0000000000E+00    0.0000000000E+00    0.0000000000E+00    0.0000000000E+00    0.0000000000E+00    0.9185257653E-14    0.9185257654E-14    0.9999989091E+00    0.9999989091E+00
    9    0.4391666667E+01    0.8127975472E+00    0.3483418059E+00    0.1498220523E+00    0.8127975472E+00    0.3483418059E+00    0.1498220523E+00    0.0000000000E+00    0.0000000000E+00    0.0000000000E+00    0.1210359024E-14    0.1210359024E-14    0.9999947119E+00    0.9999947119E+00
    1    0.4650000000E+01    0.8127975472E+00   -0.4644557413E+00   -0.2619933695E+00    0.8127975472E+00   -0.4644557413E+00   -0.2619933695E+00    0.0000000000E+00    0.0000000000E+00    0.0000000000E+00    0.6778489116E-14    0.6778489268E-14    0.9999985566E+00    0.9999985566E+00
    2    0.4650000000E+01    0.8127975472E+00    0.3483418059E+00    0.1031282137E+00    0.8127975472E+00    0.3483418059E+00    0.1031282137E+00    0.0000000000E+00    0.0000000000E+00    0.0000000000E+00    0.1579249053E-13    0.1579249053E-13    0.9999973711E+00    0.9999973711E+00
    3    0.4650000000E+01    0.8127975472E+00    0.3483418059E+00    0.2532324473E+00    0.8127975472E+00    0.3483418059E+00    0.2532324473E+00    0.0000000000E+00    0.0000000000E+00    0.0000000000E+00    0.1091068981E-13    0.1091068981E-13    0.9999973915E+00    0.9999973915E+00
    4    0.4650000000E+01    0.0000000000E+00    0.3483418059E+00   -0.3188408305E+00    0.0000000000E+00    0.0000000000E+00    0.0000000000E+00    0.0000000000E+00    0.0000000000E+00    0.0000000000E+00    0.4565658965E-14    0.4565659060E-14    0.9999987779E+00    0.9999987779E+00
    5    0.4650000000E+01    0.0000000000E+00    0.3483418059E+00   -0.1467215339E+00    0.0000000000E+00    0.0000000000E+00    0.0000000000E+00    0.0000000000E+00    0.0000000000E+00    0.0000000000E+00    0.1076020484E-13    0.1076020485E-13    0.9999988258E+00    0.9999988258E+00
    6    0.4650000000E+01    0.8127975472E+00   -0.4644557413E+00   -0.2570849401E+00    0.8127975472E+00   -0.4644557413E+00   -0.2570849401E+00    0.0000000000E+00    0.0000000000E+00    0.0000000000E+00    0.5916054733E-14    0.5916054734E-14    0.9999985661E+00    0.9999985661E+00
    7    0.4650000000E+01    0.0000000000E+00   -0.4644557413E+00    0.3514794451E+00    0.0000000000E+00    0.0000000000E+00    0.0000000000E+00    0.0000000000E+00    0.0000000000E+00    0.0000000000E+00    0.4651904137E-15    0.4651904141E-15    0.9999992637E+00    0.9999992637E+00
    8    0.4650000000E+01    0.8127975472E+00    0.3483418059E+00    0.1101371266E+00    0.8127975472E+00    0.3483418059E+00    0.1101371266E+00    0.0000000000E+00    0.0000000000E+00    0.0000000000E+00    0.9399432355E-14    0.9399432355E-14    0.9999974833E+00    0.9999974833E+00
    9    0.4650000000E+01    0.8127975472E+00    0.3483418059E+00    0.2606173167E+00    0.8127975472E+00    0.3483418059E+00    0.2606173167E+00    0.0000000000E+00    0.0000000000E+00    0.0000000000E+00    0.4620973705E-14    0.4620973707E-14    0.9999974712E+00    0.9999974712E+00
    1    0.4908333333E+01    0.8127975472E+00    0.3483418059E+00    0.1780003432E+00    0.8127975472E+00    0.3483418059E+00    0.1780003432E+00    0.0000000000E+00    0.0000000000E+00    0.0000000000E+00    0.4712891999E-13    0.4712891999E-13    0.9999978127E+00    0.9999978127E+00
    2    0.4908333333E+01    0.8127975472E+00    0.3483418059E+00    0.3283103928E+00    0.8127975472E+00    0.3483418059E+00    0.3283103928E+00    0.0000000000E+00    0.0000000000E+00    0.0000000000E+00    0.5249106306E-13    0.5249106306E-13    0.9999977846E+00    0.9999977846E+00
    3    0.4908333333E+01    0.8127975472E+00   -0.4644557413E+00   -0.2152326598E+00    0.8127975472E+00   -0.4644557413E+00   -0.2152326598E+00    0.0000000000E+00    0.0000000000E+00    0.0000000000E+00    0.1937064607E-14    0.1937064607E-14    0.9999984890E+00    0.9999984890E+00
    4    0.4908333333E+01    0.8127975472E+00    0.3483418059E+00    0.1830795207E+00    0.8127975472E+00    0.3483418059E+00    0.1830795207E+00    0.0000000000E+00    0.0000000000E+00    0.0000000000E+00    0.4945440440E-13    0.4945440440E-13    0.9999978526E+00    0.9999978526E+00
    5    0.4908333333E+01    0.0000000000E+00    0.3483418059E+00   -0.2790933879E+00    0.0000000000E+00    0.0000000000E+00    0.0000000000E+00    0.0000000000E+00    0.0000000000E+00    0.0000000000E+00    0.3476539877E-14    0.3476539877E-14    0.9999987122E+00    0.9999987122E+00
    6    0.4908333333E+01    0.8127975472E+00   -0.4644557413E+00   -0.2105875488E+00    0.8127975472E+00   -0.4644557413E+00   -0.2105875488E+00    0.0000000000E+00    0.0000000000E+00    0.0000000000E+00    0.1276460745E-14    0.1276460745E-14    0.9999984957E+00    0.9999984957E+00
    7    0.4908333333E+01    0.0000000000E+00    0.3483418059E+00   -0.1068086645E+00    0.0000000000E+00    0.0000000000E+00    0.0000000000E+00    0.0000000000E+00    0.0000000000E+00    0.0000000000E+00    0.5832023595E-13    0.5832023595E-13    0.9999986333E+00    0.9999986333E+00
    8    0.4908333333E+01    0.8127975472E+00    0.3483418059E+00    0.3338925335E+00    0.8127975472E+00    0.3483418059E+00    0.3338925335E+00    0.0000000000E+00    0.0000000000E+00    0.0000000000E+00    0.5352142481E-13    0.5352142482E-13    0.9999978150E+00    0.9999978150E+00
    9    0.4908333333E+01    0.0000000000E+00   -0.4644557413E+00    0.3755017713E+00    0.0000000000E+00    0.0000000000E+00    0.0000000000E+00    0.0000000000E+00    0.0000000000E+00    0.0000000000E+00    0.3130605120E-16    0.3130606119E-16    0.9999992234E+00    0.9999992234E+00
    1    0.5166666667E+01    0.8127975472E+00   -0.4644557413E+00   -0.1677098656E+00    0.8127975472E+00   -0.4644557413E+00   -0.1677098656E+00    0.0000000000E+00    0.0000000000E+00    0.0000000000E+00    0.4601445576E-14    0.4601445576E-14    0.9999983377E+00    0.9999983377E+00
    2    0.5166666667E+01    0.8127975472E+00    0.3483418059E+00    0.2424453739E+00    0.8127975472E+00    0.3483418059E+00    0.2424453739E+00    0.0000000000E+00    0.0000000000E+00    0.0000000000E+00    0.4317624422E-13    0.4317624422E-13    0.9999978770E+00    0.9999978770E+00
    3    0.5166666667E+01    0.8127975472E+00    0.3483418059E+00    0.3944913606E+00    0.8127975472E+00    0.3483418059E+00    0.3944913606E+00    0.0000000000E+00    0.0000000000E+00    0.0000000000E+00    0.4241910722E-13    0.4241910722E-13    0.9999977713E+00    0.9999977713E+00
    4    0.5166666667E+01    0.0000000000E+00    0.3483418059E+00   -0.2389688828E+00    0.0000000000E+00    0.0000000000E+00    0.0000000000E+00    0.0000000000E+00    0.0000000000E+00    0.0000000000E+00    0.8559910107E-14    0.8559910107E-14    0.9999986142E+00    0.9999986142E+00
    5    0.5166666667E+01    0.0000000000E+00    0.3483418059E+00   -0.5790269564E-01    0.0000000000E+00    0.0000000000E+00    0.0000000000E+00    0.0000000000E+00    0.0000000000E+00    0.0000000000E+00    0.4773088674E-12    0.4773088674E-12    0.9999979155E+00    0.9999979155E+00
    6    0.5166666667E+01    0.8127975472E+00   -0.4644557413E+00   -0.1631754901E+00    0.8127975472E+00   -0.4644557413E+00   -0.1631754901E+00    0.0000000000E+00    0.0000000000E+00    0.0000000000E+00    0.6753064527E-14    0.6753064527E-14    0.9999983370E+00    0.9999983370E+00
    7    0.5166666667E+01    0.8127975472E+00    0.3483418059E+00    0.2466981336E+00    0.8127975472E+00    0.3483418059E+00    0.2466981336E+00    0.0000000000E+00    0.0000000000E+00    0.0000000000E+00    0.3944823335E-13    0.3944823335E-13    0.9999978913E+00    0.9999978913E+00
    8    0.5166666667E+01    0.8127975472E+00    0.3483418059E+00    0.3995461695E+00    0.8127975472E+00    0.3483418059E+00    0.3995461695E+00    0.0000000000E+00    0.0000000000E+00    0.0000000000E+00    0.3905536371E-13    0.3905536371E-13    0.9999977787E+00    0.9999977787E+00
    9    0.5166666667E+01    0.0000000000E+00   -0.4644557413E+00    0.3995365925E+00    0.0000000000E+00    0.0000000000E+00    0.0000000000E+00    0.0000000000E+00    0.0000000000E+00    0.0000000000E+00    0.1498227716E-15    0.1498227876E-15    0.9999991818E+00    0.9999991818E+00
    1    0.5425000000E+01    0.8127975472E+00   -0.4644557413E+00   -0.1155627476E+00    0.8127975472E+00   -0.4644557413E+00   -0.1155627476E+00    0.0000000000E+00    0.0000000000E+00    0.0000000000E+00    0.1219776646E-12    0.1219776646E-12    0.9999979559E+00    0.9999979559E+00
    2    0.5425000000E+01    0.8127975472E+00    0.3483418059E+00    0.4632113007E+00    0.8127975472E+00    0.3483418059E+00    0.4632113007E+00    0.0000000000E+00    0.0000000000E+00    0.0000000000E+00    0.1552757334E-12    0.1552757334E-12    0.9999972950E+00    0.9999972950E+00
    3    0.5425000000E+01    0.8127975472E+00    0.3483418059E+00    0.3050928918E+00    0.8127975472E+00    0.3483418059E+00    0.3050928918E+00    0.0000000000E+00    0.0000000000E+00    0.0000000000E+00    0.6657108204E-14    0.6657108205E-14    0.9999977286E+00    0.9999977286E+00
    4    0.5425000000E+01    0.0000000000E+00    0.3483418059E+00   -0.1973871372E+00    0.0000000000E+00    0.0000000000E+00    0.0000000000E+00    0.0000000000E+00    0.0000000000E+00    0.0000000000E+00    0.1519535274E-15    0.1519535293E-15    0.9999984709E+00    0.9999984709E+00
    5    0.5425000000E+01    0.8127975472E+00   -0.4644557413E+00   -0.1106947773E+00    0.8127975472E+00   -0.4644557413E+00   -0.1106947773E+00    0.0000000000E+00    0.0000000000E+00    0.0000000000E+00    0.1468684015E-12    0.1468684064E-12    0.9999979247E+00    0.9999979247E+00
    6    0.5425000000E+01    0.8127975472E+00    0.3483418059E+00    0.4688843180E+00    0.8127975472E+00    0.3483418059E+00    0.4688843180E+00    0.0000000000E+00    0.0000000000E+00    0.0000000000E+00    0.2044123974E-12    0.2044123974E-12    0.9999972404E+00    0.9999972404E+00
    7    0.5425000000E+01    0.8127975472E+00    0.3483418059E+00    0.3090242869E+00    0.8127975472E+00    0.3483418059E+00    0.3090242869E+00    0.0000000000E+00    0.0000000000E+00    0.0000000000E+00    0.7963410968E-14    0.7963410969E-14    0.9999977207E+00    0.9999977207E+00
    8    0.5425000000E+01    0.0000000000E+00   -0.4644557413E+00    0.4236189473E+00    0.0000000000E+00    0.0000000000E+00    0.0000000000E+00    0.0000000000E+00    0.0000000000E+00    0.0000000000E+00    0.8554409349E-15    0.8554409351E-15    0.9999991389E+00    0.9999991389E+00
    1    0.5683333333E+01    0.8127975472E+00   -0.4644557413E+00   -0.3909975220E-01    0.8127975472E+00   -0.4644557413E+00   -0.3909975220E-01    0.0000000000E+00    0.0000000000E+00    0.0000000000E+00    0.3860921931E-11    0.3860921931E-11    0.9999949899E+00    0.9999949899E+00
    2    0.5683333333E+01    0.8127975472E+00    0.3483418059E+00    0.3739213936E+00    0.8127975472E+00    0.3483418059E+00    0.3739213936E+00    0.0000000000E+00    0.0000000000E+00    0.0000000000E+00    0.6569499781E-15    0.6569499782E-15    0.9999971308E+00    0.9999971308E+00
    3    0.5683333333E+01    0.0000000000E+00    0.3483418059E+00   -0.1524155620E+00    0.0000000000E+00    0.0000000000E+00    0.0000000000E+00    0.0000000000E+00    0.0000000000E+00    0.0000000000E+00    0.1859873667E-13    0.1859873670E-13    0.9999982111E+00    0.9999982111E+00
    4    0.5683333333E+01    0.8127975472E+00   -0.4644557413E+00   -0.2756391743E-01    0.8127975472E+00   -0.4644557413E+00   -0.2756391743E-01    0.0000000000E+00    0.0000000000E+00    0.0000000000E+00    0.8134809986E-11    0.8134809986E-11    0.9999930986E+00    0.9999930986E+00
    5    0.5683333333E+01    0.8127975472E+00    0.3483418059E+00    0.3781333758E+00    0.8127975472E+00    0.3483418059E+00    0.3781333758E+00    0.0000000000E+00    0.0000000000E+00    0.0000000000E+00    0.2239084811E-15    0.2239084811E-15    0.9999970987E+00    0.9999970987E+00
    6    0.5683333333E+01    0.0000000000E+00   -0.4644557413E+00    0.4477809141E+00    0.0000000000E+00    0.0000000000E+00    0.0000000000E+00    0.0000000000E+00    0.0000000000E+00    0.0000000000E+00    0.1815632379E-14    0.1815632399E-14    0.9999990946E+00    0.9999990946E+00
    1    0.5941666667E+01    0.8127975472E+00    0.3483418059E+00    0.4824135812E+00    0.8127975472E+00    0.3483418059E+00    0.4824135812E+00    0.0000000000E+00    0.0000000000E+00    0.0000000000E+00    0.2727523434E-11    0.2727523434E-11    0.9999919644E+00    0.9999919644E+00
    2    0.5941666667E+01    0.0000000000E+00    0.3483418059E+00   -0.9875631390E-01    0.0000000000E+00    0.0000000000E+00    0.0000000000E+00    0.0000000000E+00    0.0000000000E+00    0.0000000000E+00    0.3201938175E-12    0.3201938175E-12    0.9999975480E+00    0.9999975480E+00
    3    0.5941666667E+01    0.8127975472E+00    0.3483418059E+00    0.4924448129E+00    0.8127975472E+00    0.3483418059E+00    0.4924448129E+00    0.0000000000E+00    0.0000000000E+00    0.0000000000E+00    0.5102054293E-11    0.5102054293E-11    0.9999905559E+00    0.9999905559E+00
    4    0.5941666667E+01    0.0000000000E+00   -0.4644557413E+00    0.4720531243E+00    0.0000000000E+00    0.0000000000E+00    0.0000000000E+00    0.0000000000E+00    0.0000000000E+00    0.0000000000E+00    0.2491549580E-14    0.2491615751E-14    0.9999990490E+00    0.9999990490E+00
    1    0.6200000000E+01    0.0000000000E+00   -0.4644557413E+00    0.4964655639E+00    0.0000000000E+00    0.0000000000E+00    0.0000000000E+00    0.0000000000E+00    0.0000000000E+00    0.0000000000E+00    0.2472593620E-14    0.2472593620E-14    0.9999990013E+00    0.9999990013E+00
    1    0.6458333333E+01    0.0000000000E+00   -0.4644557413E+00    0.5210482052E+00    0.0000000000E+00    0.0000000000E+00    0.0000000000E+00    0.0000000000E+00    0.0000000000E+00    0.0000000000E+00    0.1738971784E-14    0.1738971784E-14    0.9999989521E+00    0.9999989521E+00
    1    0.6716666667E+01    0.0000000000E+00   -0.4644557413E+00    0.5458316266E+00    0.0000000000E+00    0.0000000000E+00    0.0000000000E+00    0.0000000000E+00    0.0000000000E+00    0.0000000000E+00    0.7543010089E-15    0.7543010089E-15    0.9999989008E+00    0.9999989008E+00
    1    0.6975000000E+01    0.0000000000E+00   -0.4644557413E+00    0.5708509077E+00    0.0000000000E+00    0.0000000000E+00    0.0000000000E+00    0.0000000000E+00    0.0000000000E+00    0.0000000000E+00    0.8041165459E-15    0.8041165459E-15    0.9999988459E+00    0.9999988459E+00
    1    0.7233333333E+01    0.0000000000E+00   -0.4644557413E+00   -0.5533439873E+00    0.0000000000E+00    0.0000000000E+00    0.0000000000E+00    0.0000000000E+00    0.0000000000E+00    0.0000000000E+00    0.5698812088E-15    0.5698812088E-15    0.9999987914E+00    0.9999987914E+00
    1    0.7491666667E+01    0.0000000000E+00   -0.4644557413E+00   -0.5277637386E+00    0.0000000000E+00    0.0000000000E+00    0.0000000000E+00    0.0000000000E+00    0.0000000000E+00    0.0000000000E+00    0.1759028099E-14    0.1759028099E-14    0.9999987328E+00    0.9999987328E+00
    2    0.7491666667E+01    0.0000000000E+00    0.3483418059E+00    0.6265160227E-01    0.0000000000E+00    0.0000000000E+00    0.0000000000E+00    0.0000000000E+00    0.0000000000E+00    0.0000000000E+00    0.8033847551E-12    0.8033847551E-12    0.9999971782E+00    0.9999971782E+00
    1    0.7750000000E+01    0.0000000000E+00   -0.4644557413E+00   -0.5018469078E+00    0.0000000000E+00    0.0000000000E+00    0.0000000000E+00    0.0000000000E+00    0.0000000000E+00    0.0000000000E+00    0.3112649877E-14    0.3112649877E-14    0.9999986711E+00    0.9999986711E+00
    2    0.7750000000E+01    0.0000000000E+00    0.3483418059E+00    0.1095918742E+00    0.0000000000E+00    0.0000000000E+00    0.0000000000E+00    0.0000000000E+00    0.0000000000E+00    0.0000000000E+00    0.1284971614E-12    0.1284971614E-12    0.9999979063E+00    0.9999979063E+00
    1    0.8008333333E+01    0.0000000000E+00   -0.4644557413E+00   -0.4755531383E+00    0.0000000000E+00    0.0000000000E+00    0.0000000000E+00    0.0000000000E+00    0.0000000000E+00    0.0000000000E+00    0.3696783638E-14    0.3696783638E-14    0.9999986060E+00    0.9999986060E+00
    2    0.8008333333E+01    0.0000000000E+00    0.3483418059E+00    0.1483441333E+00    0.0000000000E+00    0.0000000000E+00    0.0000000000E+00    0.0000000000E+00    0.0000000000E+00    0.0000000000E+00    0.2000231576E-13    0.2000231576E-13    0.9999980474E+00    0.9999980474E+00
    1    0.8266666667E+01    0.8127975472E+00   -0.4644557413E+00    0.4777650768E-01    0.8127975472E+00   -0.4644557413E+00    0.4777650768E-01    0.0000000000E+00    0.0000000000E+00    0.0000000000E+00    0.4457173605E-11    0.4457173605E-11    0.9999943314E+00    0.9999943314E+00
    2    0.8266666667E+01    0.8127975472E+00   -0.4644557413E+00    0.5430557036E-01    0.8127975472E+00   -0.4644557413E+00    0.5430557036E-01    0.0000000000E+00    0.0000000000E+00    0.0000000000E+00    0.3184812391E-11    0.3184812391E-11    0.9999949810E+00    0.9999949810E+00
    3    0.8266666667E+01    0.0000000000E+00    0.3483418059E+00    0.1846831290E+00    0.0000000000E+00    0.0000000000E+00    0.0000000000E+00    0.0000000000E+00    0.0000000000E+00    0.0000000000E+00    0.2975233022E-15    0.2975233022E-15    0.9999980541E+00    0.9999980541E+00
    4    0.8266666667E+01    0.0000000000E+00   -0.4644557413E+00   -0.4488388356E+00    0.0000000000E+00    0.0000000000E+00    0.0000000000E+00    0.0000000000E+00    0.0000000000E+00    0.0000000000E+00    0.3002178941E-14    0.3002178941E-14    0.9999985371E+00    0.9999985371E+00
    1    0.8525000000E+01    0.8127975472E+00   -0.4644557413E+00    0.1155948537E+00    0.8127975472E+00   -0.4644557413E+00    0.1155948537E+00    0.0000000000E+00    0.0000000000E+00    0.0000000000E+00    0.2481374252E-12    0.2481374252E-12    0.9999970414E+00    0.9999970414E+00
    2    0.8525000000E+01    0.0000000000E+00    0.3483418059E+00    0.2204029089E+00    0.0000000000E+00    0.0000000000E+00    0.0000000000E+00    0.0000000000E+00    0.0000000000E+00    0.0000000000E+00    0.2898562792E-14    0.2898562792E-14    0.9999979978E+00    0.9999979978E+00
    3    0.8525000000E+01    0.8127975472E+00   -0.4644557413E+00    0.1187021542E+00    0.8127975472E+00   -0.4644557413E+00    0.1187021542E+00    0.0000000000E+00    0.0000000000E+00    0.0000000000E+00    0.2111883083E-12    0.2111883083E-12    0.9999971048E+00    0.9999971048E+00
    4    0.8525000000E+01    0.0000000000E+00   -0.4644557413E+00   -0.4216563636E+00    0.0000000000E+00    0.0000000000E+00    0.0000000000E+00    0.0000000000E+00    0.0000000000E+00    0.0000000000E+00    0.1417387119E-14    0.1417387119E-14    0.9999984638E+00    0.9999984638E+00
    1    0.8783333333E+01    0.8127975472E+00   -0.4644557413E+00    0.1636635176E+00    0.8127975472E+00   -0.4644557413E+00    0.1636635176E+00    0.0000000000E+00    0.0000000000E+00    0.0000000000E+00    0.1395162944E-13    0.1395162944E-13    0.9999974137E+00    0.9999974137E+00
    2    0.8783333333E+01    0.0000000000E+00   -0.4644557413E+00   -0.3939533086E+00    0.0000000000E+00    0.0000000000E+00    0.0000000000E+00    0.0000000000E+00    0.0000000000E+00    0.0000000000E+00    0.1332776079E-15    0.1332776079E-15    0.9999983858E+00    0.9999983858E+00
    3    0.8783333333E+01    0.0000000000E+00    0.3483418059E+00    0.2564539719E+00    0.0000000000E+00    0.0000000000E+00    0.0000000000E+00    0.0000000000E+00    0.0000000000E+00    0.0000000000E+00    0.7258961669E-14    0.7258961669E-14    0.9999978966E+00    0.9999978966E+00
    4    0.8783333333E+01    0.8127975472E+00   -0.4644557413E+00    0.1660498110E+00    0.8127975472E+00   -0.4644557413E+00    0.1660498110E+00    0.0000000000E+00    0.0000000000E+00    0.0000000000E+00    0.1091969461E-13    0.1091969461E-13    0.9999974407E+00    0.9999974407E+00
    1    0.9041666667E+01    0.8127975472E+00   -0.4644557413E+00    0.2069188595E+00    0.8127975472E+00   -0.4644557413E+00    0.2069188595E+00    0.0000000000E+00    0.0000000000E+00    0.0000000000E+00    0.1715905918E-14    0.1715905920E-14    0.9999974968E+00    0.9999974968E+00
    2    0.9041666667E+01    0.0000000000E+00   -0.4644557413E+00   -0.3656716356E+00    0.0000000000E+00    0.0000000000E+00    0.0000000000E+00    0.0000000000E+00    0.0000000000E+00    0.0000000000E+00    0.3645113411E-15    0.3645113459E-15    0.9999983022E+00    0.9999983022E+00
    3    0.9041666667E+01    0.0000000000E+00    0.3483418059E+00    0.8633269064E-01    0.0000000000E+00    0.0000000000E+00    0.0000000000E+00    0.0000000000E+00    0.0000000000E+00    0.0000000000E+00    0.1480720655E-11    0.1480720655E-11    0.9999954858E+00    0.9999954858E+00
    4    0.9041666667E+01    0.0000000000E+00    0.3483418059E+00    0.2935524023E+00    0.0000000000E+00    0.0000000000E+00    0.0000000000E+00    0.0000000000E+00    0.0000000000E+00    0.0000000000E+00    0.7491005298E-14    0.7491005341E-14    0.9999977549E+00    0.9999977549E+00
    5    0.9041666667E+01    0.8127975472E+00   -0.4644557413E+00    0.2089527809E+00    0.8127975472E+00   -0.4644557413E+00    0.2089527809E+00    0.0000000000E+00    0.0000000000E+00    0.0000000000E+00    0.2053336049E-14    0.2053336050E-14    0.9999975125E+00    0.9999975125E+00
    1    0.9300000000E+01    0.8127975472E+00   -0.4644557413E+00    0.2486488668E+00    0.8127975472E+00   -0.4644557413E+00    0.2486488668E+00    0.0000000000E+00    0.0000000000E+00    0.0000000000E+00    0.7680847169E-14    0.7680847169E-14    0.9999974620E+00    0.9999974620E+00
    2    0.9300000000E+01    0.0000000000E+00   -0.4644557413E+00   -0.3367466798E+00    0.0000000000E+00   -0.4644557413E+00    0.8127226352E+00    0.1737653022E-10   -0.4652982022E+01    0.2046165625E+01    0.2306026459E-14    0.2306026459E-14    0.9999982123E+00    0.9999982123E+00
    3    0.9300000000E+01    0.0000000000E+00    0.3483418059E+00    0.1486173201E+00    0.0000000000E+00    0.0000000000E+00    0.0000000000E+00    0.0000000000E+00    0.0000000000E+00    0.0000000000E+00    0.9604511187E-13    0.9604511187E-13    0.9999966629E+00    0.9999966629E+00
    4    0.9300000000E+01    0.8127975472E+00   -0.4644557413E+00    0.2504711782E+00    0.8127975472E+00   -0.4644557413E+00    0.2504711782E+00    0.0000000000E+00    0.0000000000E+00    0.0000000000E+00    0.7545051847E-14    0.7545051847E-14    0.9999974721E+00    0.9999974721E+00
    5    0.9300000000E+01    0.0000000000E+00    0.3483418059E+00    0.3324168301E+00    0.0000000000E+00    0.0000000000E+00    0.0000000000E+00    0.0000000000E+00    0.0000000000E+00    0.0000000000E+00    0.1785587536E-13    0.1785587536E-13    0.9999975564E+00    0.9999975564E+00
    1    0.9558333333E+01    0.8127975472E+00   -0.4644557413E+00    0.2904731191E+00    0.8127975472E+00   -0.4644557413E+00    0.2904731191E+00    0.0000000000E+00    0.0000000000E+00    0.0000000000E+00    0.4871856769E-14    0.4871856769E-14    0.9999973452E+00    0.9999973452E+00
    2    0.9558333333E+01    0.0000000000E+00   -0.4644557413E+00   -0.3071059137E+00    0.0000000000E+00    0.0000000000E+00    0.0000000000E+00    0.0000000000E+00    0.0000000000E+00    0.0000000000E+00    0.4672531400E-14    0.4672531400E-14    0.9999981155E+00    0.9999981155E+00
    3    0.9558333333E+01    0.0000000000E+00    0.3483418059E+00    0.2004063439E+00    0.0000000000E+00    0.0000000000E+00    0.0000000000E+00    0.0000000000E+00    0.0000000000E+00    0.0000000000E+00    0.4405303447E-13    0.4405303447E-13    0.9999968571E+00    0.9999968571E+00
    4    0.9558333333E+01    0.8127975472E+00   -0.4644557413E+00    0.2921641226E+00    0.8127975472E+00   -0.4644557413E+00    0.2921641226E+00    0.0000000000E+00    0.0000000000E+00    0.0000000000E+00    0.4634985487E-14    0.4634985487E-14    0.9999973514E+00    0.9999973514E+00
    5    0.9558333333E+01    0.0000000000E+00    0.3483418059E+00    0.3739542169E+00    0.0000000000E+00    0.0000000000E+00    0.0000000000E+00    0.0000000000E+00    0.0000000000E+00    0.0000000000E+00    0.4253559628E-13    0.4253559628E-13    0.9999972840E+00    0.9999972840E+00
    1    0.9816666667E+01    0.8127975472E+00   -0.4644557413E+00    0.3336803104E+00    0.8127975472E+00   -0.4644557413E+00    0.3336803104E+00    0.0000000000E+00    0.0000000000E+00    0.0000000000E+00    0.2229606372E-14    0.2229606374E-14    0.9999971400E+00    0.9999971400E+00
    2    0.9816666667E+01    0.0000000000E+00   -0.4644557413E+00   -0.2766674038E+00    0.0000000000E+00    0.0000000000E+00    0.0000000000E+00    0.0000000000E+00    0.0000000000E+00    0.0000000000E+00    0.5421091774E-14    0.5426510361E-14    0.9999980108E+00    0.9999980108E+00
    3    0.9816666667E+01    0.0000000000E+00    0.3483418059E+00    0.2503262962E+00    0.0000000000E+00    0.0000000000E+00    0.0000000000E+00    0.0000000000E+00    0.0000000000E+00    0.0000000000E+00    0.6260432505E-13    0.6260432505E-13    0.9999967496E+00    0.9999967496E+00
    4    0.9816666667E+01    0.0000000000E+00    0.3483418059E+00    0.4195540029E+00    0.0000000000E+00    0.0000000000E+00    0.0000000000E+00    0.0000000000E+00    0.0000000000E+00    0.0000000000E+00    0.4132780015E-13    0.4132780022E-13    0.9999968848E+00    0.9999968848E+00
    5    0.9816666667E+01    0.8127975472E+00   -0.4644557413E+00    0.3353061643E+00    0.8127975472E+00   -0.4644557413E+00    0.3353061643E+00    0.0000000000E+00    0.0000000000E+00    0.0000000000E+00    0.2278231011E-14    0.2278231011E-14    0.9999971419E+00    0.9999971419E+00
    1    0.1007500000E+02    0.8127975472E+00    0.3483418059E+00   -0.4153229763E+00    0.8127975472E+00    0.3483418059E+00   -0.4153229763E+00    0.0000000000E+00    0.0000000000E+00    0.0000000000E+00    0.9744788723E-13    0.9744788723E-13    0.9999940511E+00    0.9999940511E+00
    2    0.1007500000E+02    0.8127975472E+00   -0.4644557413E+00    0.3798695923E+00    0.8127975472E+00   -0.4644557413E+00    0.3798695923E+00    0.0000000000E+00    0.0000000000E+00    0.0000000000E+00    0.6040757659E-16    0.6040757713E-16    0.9999967940E+00    0.9999967940E+00
    3    0.1007500000E+02    0.0000000000E+00   -0.4644557413E+00   -0.2453378375E+00    0.0000000000E+00    0.0000000000E+00    0.0000000000E+00    0.0000000000E+00    0.0000000000E+00    0.0000000000E+00    0.3614386556E-14    0.3614386556E-14    0.9999978958E+00    0.9999978958E+00
    4    0.1007500000E+02    0.8127975472E+00    0.3483418059E+00   -0.4146552131E+00    0.8127975472E+00    0.3483418059E+00   -0.4146552131E+00    0.0000000000E+00    0.0000000000E+00    0.0000000000E+00    0.9301735411E-13    0.9301735411E-13    0.9999940799E+00    0.9999940799E+00
    5    0.1007500000E+02    0.0000000000E+00    0.3483418059E+00    0.3027481701E+00    0.0000000000E+00    0.0000000000E+00    0.0000000000E+00    0.0000000000E+00    0.0000000000E+00    0.0000000000E+00    0.1891073895E-13    0.1891073895E-13    0.9999963336E+00    0.9999963336E+00
    6    0.1007500000E+02    0.0000000000E+00    0.3483418059E+00    0.4718453609E+00    0.0000000000E+00    0.0000000000E+00    0.0000000000E+00    0.0000000000E+00    0.0000000000E+00    0.0000000000E+00    0.7829332840E-14    0.7829332840E-14    0.9999962148E+00    0.9999962148E+00
    7    0.1007500000E+02    0.8127975472E+00   -0.4644557413E+00    0.3815153866E+00    0.8127975472E+00   -0.4644557413E+00    0.3815153866E+00    0.0000000000E+00    0.0000000000E+00    0.0000000000E+00    0.1652808064E-16    0.1652808070E-16    0.9999967885E+00    0.9999967885E+00
    1    0.1033333333E+02    0.8127975472E+00    0.3483418059E+00   -0.3385072259E+00    0.8127975472E+00    0.3483418059E+00   -0.3385072259E+00    0.0000000000E+00    0.0000000000E+00    0.0000000000E+00    0.4576923315E-13    0.4576923315E-13    0.9999953027E+00    0.9999953027E+00
    2    0.1033333333E+02    0.8127975472E+00   -0.4644557413E+00    0.4321204186E+00    0.8127975472E+00   -0.4644557413E+00    0.4321204186E+00    0.0000000000E+00    0.0000000000E+00    0.0000000000E+00    0.7923924008E-13    0.7923924008E-13    0.9999961085E+00    0.9999961085E+00
    3    0.1033333333E+02    0.0000000000E+00   -0.4644557413E+00   -0.2130099297E+00    0.0000000000E+00    0.0000000000E+00    0.0000000000E+00    0.0000000000E+00    0.0000000000E+00    0.0000000000E+00    0.7865355939E-15    0.7865355939E-15    0.9999977702E+00    0.9999977702E+00
    4    0.1033333333E+02    0.8127975472E+00    0.3483418059E+00   -0.3380609222E+00    0.8127975472E+00    0.3483418059E+00   -0.3380609222E+00    0.0000000000E+00    0.0000000000E+00    0.0000000000E+00    0.4719342665E-13    0.4719342665E-13    0.9999953101E+00    0.9999953101E+00
    5    0.1033333333E+02    0.0000000000E+00    0.3483418059E+00    0.3649842189E+00    0.0000000000E+00    0.0000000000E+00    0.0000000000E+00    0.0000000000E+00    0.0000000000E+00    0.0000000000E+00    0.8156157878E-12    0.8156157878E-12    0.9999950396E+00    0.9999950396E+00
    6    0.1033333333E+02    0.8127975472E+00   -0.4644557413E+00    0.4339714879E+00    0.8127975472E+00   -0.4644557413E+00    0.4339714879E+00    0.0000000000E+00    0.0000000000E+00    0.0000000000E+00    0.9165048487E-13    0.9165048487E-13    0.9999960816E+00    0.9999960816E+00
    7    0.1033333333E+02    0.0000000000E+00    0.3483418059E+00    0.5378748021E+00    0.0000000000E+00    0.0000000000E+00    0.0000000000E+00    0.0000000000E+00    0.0000000000E+00    0.0000000000E+00    0.8286810432E-12    0.8286810432E-12    0.9999946386E+00    0.9999946386E+00
    1    0.1059166667E+02    0.8127975472E+00    0.3483418059E+00   -0.2713249846E+00    0.8127975472E+00    0.3483418059E+00   -0.2713249846E+00    0.0000000000E+00    0.0000000000E+00    0.0000000000E+00    0.2678692180E-12    0.2678692180E-12    0.9999952033E+00    0.9999952033E+00
    2    0.1059166667E+02    0.8127975472E+00   -0.4644557413E+00    0.5018185501E+00    0.8127975472E+00   -0.4644557413E+00    0.5018185501E+00    0.0000000000E+00    0.0000000000E+00    0.0000000000E+00    0.3385711886E-11    0.3385711886E-11    0.9999934989E+00    0.9999934989E+00
    3    0.1059166667E+02    0.8127975472E+00    0.3483418059E+00   -0.5043845636E+00    0.8127975472E+00    0.3483418059E+00   -0.5043845636E+00    0.0000000000E+00    0.0000000000E+00    0.0000000000E+00    0.5226812500E-11    0.5226812500E-11    0.9999925051E+00    0.9999925051E+00
    4    0.1059166667E+02    0.0000000000E+00   -0.4644557413E+00   -0.1795589099E+00    0.0000000000E+00    0.0000000000E+00    0.0000000000E+00    0.0000000000E+00    0.0000000000E+00    0.0000000000E+00    0.2818311880E-15    0.2818311880E-15    0.9999976316E+00    0.9999976316E+00
    5    0.1059166667E+02    0.8127975472E+00    0.3483418059E+00   -0.2709447771E+00    0.8127975472E+00    0.3483418059E+00   -0.2709447771E+00    0.0000000000E+00    0.0000000000E+00    0.0000000000E+00    0.2453692083E-12    0.2453692083E-12    0.9999954755E+00    0.9999954755E+00
    6    0.1059166667E+02    0.8127975472E+00   -0.4644557413E+00    0.5048840529E+00    0.8127975472E+00   -0.4644557413E+00    0.5048840529E+00    0.0000000000E+00    0.0000000000E+00    0.0000000000E+00    0.3944908391E-11    0.3944908391E-11    0.9999932496E+00    0.9999932496E+00
    7    0.1059166667E+02    0.8127975472E+00    0.3483418059E+00   -0.5063668276E+00    0.8127975472E+00    0.3483418059E+00   -0.5063668276E+00    0.0000000000E+00    0.0000000000E+00    0.0000000000E+00    0.5760520007E-11    0.5760520007E-11    0.9999920512E+00    0.9999920512E+00
    1    0.1085000000E+02    0.8127975472E+00    0.3483418059E+00   -0.4249457028E+00    0.8127975472E+00    0.3483418059E+00   -0.4249457028E+00    0.0000000000E+00    0.0000000000E+00    0.0000000000E+00    0.2363001380E-12    0.2363001380E-12    0.9999954269E+00    0.9999954269E+00
    2    0.1085000000E+02    0.8127975472E+00    0.3483418059E+00   -0.2015410496E+00    0.8127975472E+00    0.3483418059E+00   -0.2015410496E+00    0.0000000000E+00    0.0000000000E+00    0.0000000000E+00    0.1126594654E-12    0.1126594654E-12    0.9999945834E+00    0.9999945834E+00
    3    0.1085000000E+02    0.8127975472E+00    0.3483418059E+00   -0.4261649370E+00    0.8127975472E+00    0.3483418059E+00   -0.4261649370E+00    0.0000000000E+00    0.0000000000E+00    0.0000000000E+00    0.2272949553E-12    0.2272949553E-12    0.9999952848E+00    0.9999952848E+00
    4    0.1085000000E+02    0.8127975472E+00    0.3483418059E+00   -0.2011594997E+00    0.8127975472E+00    0.3483418059E+00   -0.2011594997E+00    0.0000000000E+00    0.0000000000E+00    0.0000000000E+00    0.1282494948E-12    0.1282494948E-12    0.9999947094E+00    0.9999947094E+00
    5    0.1085000000E+02    0.0000000000E+00   -0.4644557413E+00   -0.1448375667E+00    0.0000000000E+00    0.0000000000E+00    0.0000000000E+00    0.0000000000E+00    0.0000000000E+00    0.0000000000E+00    0.4001195998E-14    0.4001195998E-14    0.9999974776E+00    0.9999974776E+00
    1    0.1110833333E+02    0.8127975472E+00    0.3483418059E+00   -0.3640305045E+00    0.8127975472E+00    0.3483418059E+00   -0.3640305045E+00    0.0000000000E+00    0.0000000000E+00    0.0000000000E+00    0.1962955429E-12    0.1962955429E-12    0.9999958220E+00    0.9999958220E+00
    2    0.1110833333E+02    0.8127975472E+00    0.3483418059E+00   -0.1127349422E+00    0.8127975472E+00    0.3483418059E+00   -0.1127349422E+00    0.0000000000E+00    0.0000000000E+00    0.0000000000E+00    0.3089338628E-11    0.3089338628E-11    0.9999915805E+00    0.9999915805E+00
    3    0.1110833333E+02    0.8127975472E+00    0.3483418059E+00   -0.3651937075E+00    0.8127975472E+00    0.3483418059E+00   -0.3651937075E+00    0.0000000000E+00    0.0000000000E+00    0.0000000000E+00    0.1561181341E-13    0.1561181341E-13    0.9999955899E+00    0.9999955899E+00
    4    0.1110833333E+02    0.8127975472E+00    0.3483418059E+00   -0.1121897366E+00    0.8127975472E+00    0.3483418059E+00   -0.1121897366E+00    0.0000000000E+00    0.0000000000E+00    0.0000000000E+00    0.3351307106E-11    0.3351307106E-11    0.9999917817E+00    0.9999917817E+00
    5    0.1110833333E+02    0.0000000000E+00   -0.4644557413E+00   -0.1086688657E+00    0.0000000000E+00    0.0000000000E+00    0.0000000000E+00    0.0000000000E+00    0.0000000000E+00    0.0000000000E+00    0.9447595489E-14    0.9447595489E-14    0.9999973047E+00    0.9999973047E+00
    1    0.1136666667E+02    0.8127975472E+00    0.3483418059E+00   -0.3065768020E+00    0.8127975472E+00    0.3483418059E+00   -0.3065768020E+00    0.0000000000E+00    0.0000000000E+00    0.0000000000E+00    0.4113678111E-13    0.4113678111E-13    0.9999957077E+00    0.9999957077E+00
    2    0.1136666667E+02    0.0000000000E+00   -0.4644557413E+00   -0.7083386074E-01    0.0000000000E+00    0.0000000000E+00    0.0000000000E+00    0.0000000000E+00    0.0000000000E+00    0.0000000000E+00    0.1160782036E-13    0.1160782036E-13    0.9999971082E+00    0.9999971082E+00
    3    0.1136666667E+02    0.8127975472E+00    0.3483418059E+00   -0.3078304432E+00    0.8127975472E+00    0.3483418059E+00   -0.3078304432E+00    0.0000000000E+00    0.0000000000E+00    0.0000000000E+00    0.4086167400E-13    0.4086167400E-13    0.9999957187E+00    0.9999957187E+00
    1    0.1162500000E+02    0.8127975472E+00    0.3483418059E+00   -0.2475632521E+00    0.8127975472E+00    0.3483418059E+00   -0.2475632521E+00    0.0000000000E+00    0.0000000000E+00    0.0000000000E+00    0.5293724619E-13    0.5293724619E-13    0.9999953227E+00    0.9999953227E+00
    2    0.1162500000E+02    0.0000000000E+00    0.3483418059E+00    0.2728490031E+00    0.0000000000E+00    0.0000000000E+00    0.0000000000E+00    0.0000000000E+00    0.0000000000E+00    0.0000000000E+00    0.4265173917E-11    0.4265173917E-11    0.9999741395E+00    0.9999741395E+00
    3    0.1162500000E+02    0.8127975472E+00    0.3483418059E+00   -0.2490324788E+00    0.8127975472E+00    0.3483418059E+00   -0.2490324788E+00    0.0000000000E+00    0.0000000000E+00    0.0000000000E+00    0.5370479605E-13    0.5370479605E-13    0.9999953456E+00    0.9999953456E+00
    4    0.1162500000E+02    0.0000000000E+00   -0.4644557413E+00   -0.3104436690E-01    0.0000000000E+00    0.0000000000E+00    0.0000000000E+00    0.0000000000E+00    0.0000000000E+00    0.0000000000E+00    0.1232592042E-13    0.1232592042E-13    0.9999968790E+00    0.9999968790E+00
    1    0.1188333333E+02    0.8127975472E+00    0.3483418059E+00   -0.1816925446E+00    0.8127975472E+00    0.3483418059E+00   -0.1816925446E+00    0.0000000000E+00    0.0000000000E+00    0.0000000000E+00    0.8447428354E-14    0.8447428360E-14    0.9999943576E+00    0.9999943576E+00
    2    0.1188333333E+02    0.0000000000E+00    0.3483418059E+00    0.4634298173E+00    0.0000000000E+00    0.0000000000E+00    0.0000000000E+00    0.0000000000E+00    0.0000000000E+00    0.0000000000E+00    0.2050514022E-13    0.2050514301E-13    0.9999912121E+00    0.9999912121E+00
    3    0.1188333333E+02    0.8127975472E+00    0.3483418059E+00   -0.1836217296E+00    0.8127975472E+00    0.3483418059E+00   -0.1836217296E+00    0.0000000000E+00    0.0000000000E+00    0.0000000000E+00    0.5219386066E-14    0.5219386066E-14    0.9999944126E+00    0.9999944126E+00
    4    0.1188333333E+02    0.0000000000E+00   -0.4644557413E+00    0.1089397382E-01    0.0000000000E+00    0.0000000000E+00    0.0000000000E+00    0.0000000000E+00    0.0000000000E+00    0.0000000000E+00    0.4866581943E-13    0.4866581943E-13    0.9999965833E+00    0.9999965833E+00
    1    0.1214166667E+02    0.8127975472E+00   -0.4644557413E+00   -0.3247612641E+00    0.8127975472E+00   -0.4644557413E+00   -0.3247612641E+00    0.0000000000E+00    0.0000000000E+00    0.0000000000E+00    0.6318799938E-12    0.6318799938E-12    0.9999738400E+00    0.9999738400E+00
    2    0.1214166667E+02    0.8127975472E+00    0.3483418059E+00   -0.9291592153E-01    0.8127975472E+00    0.3483418059E+00   -0.9291592153E-01    0.0000000000E+00    0.0000000000E+00    0.0000000000E+00    0.5939514015E-11    0.5939514015E-11    0.9999903606E+00    0.9999903606E+00
    3    0.1214166667E+02    0.0000000000E+00    0.3483418059E+00    0.5600743751E+00    0.0000000000E+00    0.0000000000E+00    0.0000000000E+00    0.0000000000E+00    0.0000000000E+00    0.0000000000E+00    0.3081361010E-15    0.3081361039E-15    0.9999928730E+00    0.9999928730E+00
    4    0.1214166667E+02    0.8127975472E+00   -0.4644557413E+00   -0.3456879945E+00    0.8127975472E+00   -0.4644557413E+00   -0.3456879945E+00    0.0000000000E+00    0.0000000000E+00    0.0000000000E+00    0.1638271864E-12    0.1638271864E-12    0.9999782043E+00    0.9999782043E+00
    5    0.1214166667E+02    0.0000000000E+00   -0.4644557413E+00    0.5589704672E-01    0.0000000000E+00    0.0000000000E+00    0.0000000000E+00    0.0000000000E+00    0.0000000000E+00    0.0000000000E+00    0.1451569415E-13    0.1451569415E-13    0.9999962859E+00    0.9999962859E+00
    6    0.1214166667E+02    0.8127975472E+00    0.3483418059E+00   -0.9654739059E-01    0.8127975472E+00    0.3483418059E+00   -0.9654739059E-01    0.0000000000E+00    0.0000000000E+00    0.0000000000E+00    0.5024305086E-11    0.5024305086E-11    0.9999907178E+00    0.9999907178E+00
    1    0.1240000000E+02    0.0000000000E+00    0.3483418059E+00   -0.4974804188E+00    0.0000000000E+00    0.0000000000E+00    0.0000000000E+00    0.0000000000E+00    0.0000000000E+00    0.0000000000E+00    0.1944195233E-13    0.1944195233E-13    0.9999920021E+00    0.9999920021E+00
    2    0.1240000000E+02    0.0000000000E+00   -0.4644557413E+00    0.1045332426E+00    0.0000000000E+00    0.0000000000E+00    0.0000000000E+00    0.0000000000E+00    0.0000000000E+00    0.0000000000E+00    0.1325983321E-13    0.1325983321E-13    0.9999958547E+00    0.9999958547E+00
    1    0.1265833333E+02    0.0000000000E+00   -0.4644557413E+00    0.1585655571E+00    0.0000000000E+00    0.0000000000E+00    0.0000000000E+00    0.0000000000E+00    0.0000000000E+00    0.0000000000E+00    0.2101111889E-14    0.2101111890E-14    0.9999952005E+00    0.9999952005E+00
    2    0.1265833333E+02    0.0000000000E+00    0.3483418059E+00   -0.3807241729E+00    0.0000000000E+00    0.0000000000E+00    0.0000000000E+00    0.0000000000E+00    0.0000000000E+00    0.0000000000E+00    0.4084368982E-15    0.4084369044E-15    0.9999876925E+00    0.9999876925E+00
    1    0.1291666667E+02    0.0000000000E+00   -0.4644557413E+00    0.2224585306E+00    0.0000000000E+00    0.0000000000E+00    0.0000000000E+00    0.0000000000E+00    0.0000000000E+00    0.0000000000E+00    0.1784494333E-18    0.1784494333E-18    0.9999938737E+00    0.9999938737E+00
    1    0.1317500000E+02    0.0000000000E+00   -0.4644557413E+00    0.3127916878E+00    0.0000000000E+00    0.0000000000E+00    0.0000000000E+00    0.0000000000E+00    0.0000000000E+00    0.0000000000E+00    0.1275599194E-12    0.1275599194E-12    0.9999899531E+00    0.9999899531E+00
    1    0.1343333333E+02    0.8127975472E+00    0.3483418059E+00    0.1249704512E+00    0.8127975472E+00    0.3483418059E+00    0.1249704512E+00    0.0000000000E+00    0.0000000000E+00    0.0000000000E+00    0.2906487975E-10    0.2906487975E-10    0.9999745950E+00    0.9999745950E+00
    2    0.1343333333E+02    0.0000000000E+00   -0.4644557413E+00    0.3901570071E+00    0.0000000000E+00    0.0000000000E+00    0.0000000000E+00    0.0000000000E+00    0.0000000000E+00    0.0000000000E+00    0.4206586394E-14    0.4206586394E-14    0.9999805101E+00    0.9999805101E+00
    3    0.1343333333E+02    0.8127975472E+00    0.3483418059E+00    0.4659520783E+00    0.8127975472E+00    0.3483418059E+00    0.4659520783E+00    0.0000000000E+00    0.0000000000E+00    0.0000000000E+00    0.4490833206E-09    0.4490833206E-09    0.9999053643E+00    0.9999053643E+00
    4    0.1343333333E+02    0.8127975472E+00    0.3483418059E+00    0.1153958828E+00    0.8127975472E+00    0.3483418059E+00    0.1153958828E+00    0.0000000000E+00    0.0000000000E+00    0.0000000000E+00    0.1024685939E-10    0.1024685939E-10    0.9999750732E+00    0.9999750732E+00
    5    0.1343333333E+02    0.0000000000E+00   -0.4644557413E+00    0.1848989740E+00    0.0000000000E+00   -0.4644557413E+00   -0.9645703410E+00   -0.5739752766E-15   -0.7837064977E+00    0.1077908162E+01    0.2324253815E-11    0.2324253815E-11    0.9999756728E+00    0.9999756728E+00
    6    0.1343333333E+02    0.8127975472E+00    0.3483418059E+00    0.4191718212E+00    0.8127975472E+00    0.3483418059E+00    0.4191718212E+00    0.0000000000E+00    0.0000000000E+00    0.0000000000E+00    0.4521405628E-10    0.4521405628E-10    0.9999310929E+00    0.9999310929E+00
    7    0.1343333333E+02    0.0000000000E+00   -0.4644557413E+00    0.4465323014E+00    0.0000000000E+00    0.0000000000E+00    0.0000000000E+00    0.0000000000E+00    0.0000000000E+00    0.0000000000E+00    0.1830692163E-11    0.1830692163E-11    0.9999860465E+00    0.9999860465E+00
    1    0.1369166667E+02    0.0000000000E+00    0.3483418059E+00    0.1967658061E+00    0.0000000000E+00    0.0000000000E+00    0.0000000000E+00    0.0000000000E+00    0.0000000000E+00    0.0000000000E+00    0.2908988576E-13    0.2908988576E-13    0.9999827144E+00    0.9999827144E+00
    2    0.1369166667E+02    0.0000000000E+00   -0.4644557413E+00    0.5445630568E+00    0.0000000000E+00    0.0000000000E+00    0.0000000000E+00    0.0000000000E+00    0.0000000000E+00    0.0000000000E+00    0.7350193933E-12    0.7350193933E-12    0.9999891173E+00    0.9999891173E+00
    3    0.1369166667E+02    0.0000000000E+00   -0.4644557413E+00    0.3316621085E+00    0.0000000000E+00    0.0000000000E+00    0.0000000000E+00    0.0000000000E+00    0.0000000000E+00    0.0000000000E+00    0.1774773680E-12    0.1774773680E-12    0.9999914774E+00    0.9999914774E+00
    4    0.1369166667E+02    0.0000000000E+00   -0.4644557413E+00    0.5630732893E+00    0.0000000000E+00    0.0000000000E+00    0.0000000000E+00    0.0000000000E+00    0.0000000000E+00    0.0000000000E+00    0.5757309325E-12    0.5757309325E-12    0.9999902860E+00    0.9999902860E+00
    1    0.1395000000E+02    0.0000000000E+00    0.3483418059E+00    0.8716988611E-01    0.0000000000E+00    0.0000000000E+00    0.0000000000E+00    0.0000000000E+00    0.0000000000E+00    0.0000000000E+00    0.3071504414E-09    0.3071504414E-09    0.9999408560E+00    0.9999408560E+00
    2    0.1395000000E+02    0.0000000000E+00   -0.4644557413E+00   -0.4995169642E+00    0.0000000000E+00    0.0000000000E+00    0.0000000000E+00    0.0000000000E+00    0.0000000000E+00    0.0000000000E+00    0.1854475717E-12    0.1854475717E-12    0.9999910368E+00    0.9999910368E+00
    3    0.1395000000E+02    0.0000000000E+00    0.3483418059E+00    0.3701404561E+00    0.0000000000E+00    0.3483418059E+00   -0.7793288590E+00   -0.2546149659E-11    0.8513402124E+00    0.1110470557E+01    0.1939197036E-11    0.1939197036E-11    0.9999835018E+00    0.9999835018E+00
    4    0.1395000000E+02    0.8127975472E+00   -0.4644557413E+00    0.3090293419E+00    0.8127975472E+00   -0.4644557413E+00    0.3090293419E+00    0.0000000000E+00    0.0000000000E+00    0.0000000000E+00    0.5637549360E-11    0.5637549360E-11    0.9999786012E+00    0.9999786012E+00
    5    0.1395000000E+02    0.0000000000E+00   -0.4644557413E+00   -0.4893503356E+00    0.0000000000E+00    0.0000000000E+00    0.0000000000E+00    0.0000000000E+00    0.0000000000E+00    0.0000000000E+00    0.4174076317E-12    0.4174076317E-12    0.9999913918E+00    0.9999913918E+00
    6    0.1395000000E+02    0.8127975472E+00   -0.4644557413E+00    0.3083966126E+00    0.8127975472E+00   -0.4644557413E+00    0.3083966126E+00    0.0000000000E+00    0.0000000000E+00    0.0000000000E+00    0.5827935046E-11    0.5827935046E-11    0.9999788305E+00    0.9999788305E+00
    7    0.1395000000E+02    0.0000000000E+00   -0.4644557413E+00    0.4237129436E+00    0.0000000000E+00    0.0000000000E+00    0.0000000000E+00    0.0000000000E+00    0.0000000000E+00    0.0000000000E+00    0.1370100116E-12    0.1370100116E-12    0.9999918292E+00    0.9999918292E+00
    1    0.1420833333E+02    0.0000000000E+00   -0.4644557413E+00   -0.4047490271E+00    0.0000000000E+00    0.0000000000E+00    0.0000000000E+00    0.0000000000E+00    0.0000000000E+00    0.0000000000E+00    0.2408084139E-13    0.2408084140E-13    0.9999912578E+00    0.9999912578E+00
    2    0.1420833333E+02    0.0000000000E+00    0.3483418059E+00   -0.1850371217E+00    0.0000000000E+00    0.0000000000E+00    0.0000000000E+00    0.0000000000E+00    0.0000000000E+00    0.0000000000E+00    0.1403087557E-06    0.1403087557E-06    0.9990401560E+00    0.9990401560E+00
    3    0.1420833333E+02    0.0000000000E+00    0.3483418059E+00    0.2486482891E+00    0.0000000000E+00    0.3483418059E+00    0.2486482891E+00    0.2252400426E-10   -0.2687995060E+01   -0.1808910315E+01    0.1429627811E-06    0.1429627811E-06    0.9991470190E+00    0.9991470190E+00
    4    0.1420833333E+02    0.0000000000E+00   -0.4644557413E+00   -0.3977964645E+00    0.0000000000E+00   -0.4644557413E+00   -0.3977964645E+00    0.3349124346E-10    0.1130557358E+00    0.9532774288E+00    0.8162833673E-13    0.8162833795E-13    0.9999914462E+00    0.9999914462E+00
    5    0.1420833333E+02    0.0000000000E+00    0.3483418059E+00    0.4462829967E+00    0.0000000000E+00    0.0000000000E+00    0.0000000000E+00    0.0000000000E+00    0.0000000000E+00    0.0000000000E+00    0.2892951154E-08    0.2892951154E-08    0.9998712346E+00    0.9998712346E+00
    6    0.1420833333E+02    0.0000000000E+00   -0.4644557413E+00    0.5179074860E+00    0.0000000000E+00    0.0000000000E+00    0.0000000000E+00    0.0000000000E+00    0.0000000000E+00    0.0000000000E+00    0.1729274351E-12    0.1729274352E-12    0.9999906436E+00    0.9999906436E+00
    1    0.1446666667E+02    0.0000000000E+00   -0.4644557413E+00   -0.3078315833E+00    0.0000000000E+00    0.0000000000E+00    0.0000000000E+00    0.0000000000E+00    0.0000000000E+00    0.0000000000E+00    0.4803637608E-12    0.4803637608E-12    0.9999902535E+00    0.9999902535E+00
    2    0.1446666667E+02    0.0000000000E+00   -0.4644557413E+00   -0.5226669553E+00    0.0000000000E+00    0.0000000000E+00    0.0000000000E+00    0.0000000000E+00    0.0000000000E+00    0.0000000000E+00    0.2242565520E-12    0.2242565520E-12    0.9999885902E+00    0.9999885902E+00
    3    0.1446666667E+02    0.0000000000E+00   -0.4644557413E+00   -0.3007558569E+00    0.0000000000E+00    0.0000000000E+00    0.0000000000E+00    0.0000000000E+00    0.0000000000E+00    0.0000000000E+00    0.8834920566E-12    0.8834920566E-12    0.9999900489E+00    0.9999900489E+00
    1    0.1472500000E+02    0.0000000000E+00   -0.4644557413E+00   -0.1897279989E+00    0.0000000000E+00    0.0000000000E+00    0.0000000000E+00    0.0000000000E+00    0.0000000000E+00    0.0000000000E+00    0.3207601630E-14    0.3207601630E-14    0.9999860354E+00    0.9999860354E+00
    2    0.1472500000E+02    0.0000000000E+00   -0.4644557413E+00   -0.3823151593E+00    0.0000000000E+00    0.0000000000E+00    0.0000000000E+00    0.0000000000E+00    0.0000000000E+00    0.0000000000E+00    0.7309024880E-13    0.7309024880E-13    0.9999837516E+00    0.9999837516E+00
    3    0.1472500000E+02    0.0000000000E+00   -0.4644557413E+00   -0.1772233466E+00    0.0000000000E+00    0.0000000000E+00    0.0000000000E+00    0.0000000000E+00    0.0000000000E+00    0.0000000000E+00    0.3883789933E-12    0.3883789933E-12    0.9999848522E+00    0.9999848522E+00
    1    0.1498333333E+02    0.0000000000E+00   -0.4644557413E+00   -0.1262234658E+00    0.0000000000E+00    0.0000000000E+00    0.0000000000E+00    0.0000000000E+00    0.0000000000E+00    0.0000000000E+00    0.9072441636E-10    0.9072441636E-10    0.9999484217E+00    0.9999484217E+00
