    1    0.1550000000E+01   -0.4644557413E+00    0.1161139353E+00    0.7228068099E-01    0.0000000000E+00    0.0000000000E+00    0.0000000000E+00    0.0000000000E+00    0.0000000000E+00    0.0000000000E+00    0.1043185997E-12    0.1043185997E-12    0.9999990305E+00    0.9999990305E+00
    1    0.1808333333E+01   -0.4644557413E+00    0.1161139353E+00   -0.1113457446E+00    0.0000000000E+00    0.0000000000E+00    0.0000000000E+00    0.0000000000E+00    0.0000000000E+00    0.0000000000E+00    0.9280226284E-12    0.9280226284E-12    0.9999974906E+00    0.9999974906E+00
    2    0.1808333333E+01   -0.4644557413E+00    0.1161139353E+00    0.1394387511E+00    0.0000000000E+00    0.0000000000E+00    0.0000000000E+00    0.0000000000E+00    0.0000000000E+00    0.0000000000E+00    0.1100000582E-12    0.1100000582E-12    0.9999991158E+00    0.9999991158E+00
    3    0.1808333333E+01   -0.4644557413E+00    0.1161139353E+00    0.2006512950E+00    0.0000000000E+00    0.0000000000E+00    0.0000000000E+00    0.0000000000E+00    0.0000000000E+00    0.0000000000E+00    0.6971389702E-12    0.6971389702E-12    0.9999980678E+00    0.9999980678E+00
    1    0.2066666667E+01   -0.4644557413E+00    0.1161139353E+00    0.2885979022E+00    0.0000000000E+00    0.0000000000E+00    0.0000000000E+00    0.0000000000E+00    0.0000000000E+00    0.0000000000E+00    0.5848627842E-15    0.5848627842E-15    0.9999991273E+00    0.9999991273E+00
    2    0.2066666667E+01   -0.4644557413E+00    0.1161139353E+00    0.1906457200E+00    0.0000000000E+00    0.0000000000E+00    0.0000000000E+00    0.0000000000E+00    0.0000000000E+00    0.0000000000E+00    0.3066730888E-15    0.3066730888E-15    0.9999993516E+00    0.9999993516E+00
    1    0.2325000000E+01   -0.4644557413E+00    0.1161139353E+00    0.3441762071E+00    0.0000000000E+00    0.0000000000E+00    0.0000000000E+00    0.0000000000E+00    0.0000000000E+00    0.0000000000E+00    0.5020327099E-15    0.5020327099E-15    0.9999992181E+00    0.9999992181E+00
    2    0.2325000000E+01   -0.4644557413E+00    0.1161139353E+00    0.2359017925E+00    0.0000000000E+00    0.0000000000E+00    0.0000000000E+00    0.0000000000E+00    0.0000000000E+00    0.0000000000E+00    0.2507870497E-14    0.2507870497E-14    0.9999993096E+00    0.9999993096E+00
    1    0.2583333333E+01   -0.4644557413E+00    0.1161139353E+00    0.3931438959E+00    0.0000000000E+00    0.0000000000E+00    0.0000000000E+00    0.0000000000E+00    0.0000000000E+00    0.0000000000E+00    0.1479657497E-15    0.1479657497E-15    0.9999991929E+00    0.9999991929E+00
    2    0.2583333333E+01   -0.4644557413E+00    0.1161139353E+00    0.2787146341E+00    0.0000000000E+00    0.0000000000E+00    0.0000000000E+00    0.0000000000E+00    0.0000000000E+00    0.0000000000E+00    0.3411401272E-14    0.3411401272E-14    0.9999992644E+00    0.9999992644E+00
    1    0.2841666667E+01   -0.4644557413E+00    0.1161139353E+00    0.4402790376E+00    0.0000000000E+00    0.0000000000E+00    0.0000000000E+00    0.0000000000E+00    0.0000000000E+00    0.0000000000E+00    0.6381015190E-15    0.6381015190E-15    0.9999991335E+00    0.9999991335E+00
    2    0.2841666667E+01   -0.4644557413E+00    0.1161139353E+00    0.3205304149E+00    0.0000000000E+00    0.0000000000E+00    0.0000000000E+00    0.0000000000E+00    0.0000000000E+00    0.0000000000E+00    0.1979443737E-14    0.1979443737E-14    0.9999991920E+00    0.9999991920E+00
    1    0.3100000000E+01   -0.4644557413E+00   -0.6966836119E+00   -0.1717146758E+00    0.0000000000E+00    0.0000000000E+00    0.0000000000E+00    0.0000000000E+00    0.0000000000E+00    0.0000000000E+00    0.1167179685E-11    0.1167179685E-11    0.9999925557E+00    0.9999925557E+00
    2    0.3100000000E+01   -0.4644557413E+00    0.1161139353E+00    0.4880097633E+00    0.0000000000E+00    0.0000000000E+00    0.0000000000E+00    0.0000000000E+00    0.0000000000E+00    0.0000000000E+00    0.2039674017E-14    0.2039674017E-14    0.9999990267E+00    0.9999990267E+00
    3    0.3100000000E+01   -0.4644557413E+00    0.1161139353E+00    0.3622858073E+00    0.0000000000E+00    0.0000000000E+00    0.0000000000E+00    0.0000000000E+00    0.0000000000E+00    0.0000000000E+00    0.4263939030E-15    0.4263939030E-15    0.9999991096E+00    0.9999991096E+00
    4    0.3100000000E+01   -0.4644557413E+00   -0.6966836119E+00    0.3771886422E+00    0.0000000000E+00    0.0000000000E+00    0.0000000000E+00    0.0000000000E+00    0.0000000000E+00    0.0000000000E+00    0.1121534778E-11    0.1121534778E-11    0.9999958623E+00    0.9999958623E+00
    1    0.3358333333E+01   -0.4644557413E+00    0.1161139353E+00    0.5307808898E-01    0.0000000000E+00    0.0000000000E+00    0.0000000000E+00    0.0000000000E+00    0.0000000000E+00    0.0000000000E+00    0.2448997124E-12    0.2448997124E-12    0.9999984859E+00    0.9999984859E+00
    2    0.3358333333E+01   -0.4644557413E+00   -0.6966836119E+00   -0.3711381371E+00    0.0000000000E+00    0.0000000000E+00    0.0000000000E+00    0.0000000000E+00    0.0000000000E+00    0.0000000000E+00    0.2616342572E-11    0.2616342572E-11    0.9999952145E+00    0.9999952145E+00
    3    0.3358333333E+01   -0.4644557413E+00    0.1161139353E+00    0.4047771377E+00    0.0000000000E+00    0.0000000000E+00    0.0000000000E+00    0.0000000000E+00    0.0000000000E+00    0.0000000000E+00    0.3018572090E-14    0.3018572090E-14    0.9999990843E+00    0.9999990843E+00
    4    0.3358333333E+01   -0.4644557413E+00   -0.6966836119E+00    0.4437741417E+00    0.0000000000E+00    0.0000000000E+00    0.0000000000E+00    0.0000000000E+00    0.0000000000E+00    0.0000000000E+00    0.1968430796E-11    0.1968430796E-11    0.9999961618E+00    0.9999961618E+00
    5    0.3358333333E+01   -0.4644557413E+00    0.1161139353E+00    0.5385773204E+00    0.0000000000E+00    0.0000000000E+00    0.0000000000E+00    0.0000000000E+00    0.0000000000E+00    0.0000000000E+00    0.4124313391E-13    0.4124313391E-13    0.9999987254E+00    0.9999987254E+00
    6    0.3358333333E+01   -0.4644557413E+00   -0.6966836119E+00   -0.5610616899E+00    0.0000000000E+00    0.0000000000E+00    0.0000000000E+00    0.0000000000E+00    0.0000000000E+00    0.0000000000E+00    0.1407243223E-11    0.1407243223E-11    0.9999964528E+00    0.9999964528E+00
    1    0.3616666667E+01   -0.4644557413E+00    0.1161139353E+00    0.1060605828E+00    0.0000000000E+00    0.0000000000E+00    0.0000000000E+00    0.0000000000E+00    0.0000000000E+00    0.0000000000E+00    0.2417214836E-13    0.2417214837E-13    0.9999989048E+00    0.9999989048E+00
    2    0.3616666667E+01    0.3483418059E+00    0.1161139353E+00   -0.2303996881E+00    0.0000000000E+00    0.0000000000E+00    0.0000000000E+00    0.0000000000E+00    0.0000000000E+00    0.0000000000E+00    0.2246174391E-12    0.2246174393E-12    0.9999969019E+00    0.9999969019E+00
    3    0.3616666667E+01   -0.4644557413E+00   -0.6966836119E+00   -0.2607972821E+00    0.0000000000E+00    0.0000000000E+00    0.0000000000E+00    0.0000000000E+00    0.0000000000E+00    0.0000000000E+00    0.9763847958E-14    0.9763848153E-14    0.9999981828E+00    0.9999981828E+00
    4    0.3616666667E+01   -0.4644557413E+00   -0.6966836119E+00   -0.4434588201E+00    0.0000000000E+00    0.0000000000E+00    0.0000000000E+00    0.0000000000E+00    0.0000000000E+00    0.0000000000E+00    0.1653505064E-13    0.1653505065E-13    0.9999976786E+00    0.9999976786E+00
    5    0.3616666667E+01   -0.4644557413E+00    0.1161139353E+00    0.4488645005E+00    0.0000000000E+00    0.0000000000E+00    0.0000000000E+00    0.0000000000E+00    0.0000000000E+00    0.0000000000E+00    0.1015201968E-13    0.1015201968E-13    0.9999989456E+00    0.9999989456E+00
    6    0.3616666667E+01   -0.4644557413E+00    0.1161139353E+00   -0.5574001440E+00    0.0000000000E+00    0.0000000000E+00    0.0000000000E+00    0.0000000000E+00    0.0000000000E+00    0.0000000000E+00    0.5589951897E-13    0.5589951897E-13    0.9999984946E+00    0.9999984946E+00
    7    0.3616666667E+01    0.3483418059E+00    0.1161139353E+00    0.4994638986E+00    0.0000000000E+00    0.0000000000E+00    0.0000000000E+00    0.0000000000E+00    0.0000000000E+00    0.0000000000E+00    0.1327576431E-10    0.1327576431E-10    0.9999849685E+00    0.9999849685E+00
    8    0.3616666667E+01   -0.4644557413E+00   -0.6966836119E+00    0.5252555854E+00    0.0000000000E+00    0.0000000000E+00    0.0000000000E+00    0.0000000000E+00    0.0000000000E+00    0.0000000000E+00    0.1697756586E-13    0.1697756618E-13    0.9999984669E+00    0.9999984669E+00
    1    0.3875000000E+01   -0.4644557413E+00    0.1161139353E+00    0.1468818117E+00    0.0000000000E+00    0.0000000000E+00    0.0000000000E+00    0.0000000000E+00    0.0000000000E+00    0.0000000000E+00    0.2125963629E-14    0.2125963999E-14    0.9999990186E+00    0.9999990186E+00
    2    0.3875000000E+01    0.3483418059E+00    0.1161139353E+00   -0.1292993438E+00    0.0000000000E+00    0.0000000000E+00    0.0000000000E+00    0.0000000000E+00    0.0000000000E+00    0.0000000000E+00    0.7367129885E-13    0.7367129886E-13    0.9999976563E+00    0.9999976563E+00
    3    0.3875000000E+01   -0.4644557413E+00   -0.6966836119E+00   -0.1947841734E+00    0.0000000000E+00    0.0000000000E+00    0.0000000000E+00    0.0000000000E+00    0.0000000000E+00    0.0000000000E+00    0.1224748028E-13    0.1224748028E-13    0.9999984816E+00    0.9999984816E+00
    4    0.3875000000E+01   -0.4644557413E+00   -0.6966836119E+00   -0.5701052554E+00    0.0000000000E+00    0.0000000000E+00    0.0000000000E+00    0.0000000000E+00    0.0000000000E+00    0.0000000000E+00    0.1753584246E-12    0.1753584246E-12    0.9999983339E+00    0.9999983339E+00
    5    0.3875000000E+01   -0.4644557413E+00   -0.6966836119E+00   -0.3491239842E+00    0.0000000000E+00    0.0000000000E+00    0.0000000000E+00    0.0000000000E+00    0.0000000000E+00    0.0000000000E+00    0.1240479504E-13    0.1240479504E-13    0.9999976745E+00    0.9999976745E+00
    6    0.3875000000E+01    0.3483418059E+00    0.1161139353E+00   -0.3583347896E+00    0.0000000000E+00    0.0000000000E+00    0.0000000000E+00    0.0000000000E+00    0.0000000000E+00    0.0000000000E+00    0.8868154048E-15    0.8868154066E-15    0.9999974803E+00    0.9999974803E+00
    1    0.4133333333E+01   -0.4644557413E+00    0.1161139353E+00    0.1838116922E+00    0.0000000000E+00    0.0000000000E+00    0.0000000000E+00    0.0000000000E+00    0.0000000000E+00    0.0000000000E+00    0.6421799821E-15    0.6422035928E-15    0.9999989744E+00    0.9999989744E+00
    2    0.4133333333E+01   -0.4644557413E+00   -0.6966836119E+00   -0.1377994479E+00    0.0000000000E+00    0.0000000000E+00    0.0000000000E+00    0.0000000000E+00    0.0000000000E+00    0.0000000000E+00    0.2091842276E-13    0.2091842508E-13    0.9999984656E+00    0.9999984656E+00
    3    0.4133333333E+01   -0.4644557413E+00   -0.6966836119E+00   -0.2537245426E+00    0.0000000000E+00    0.0000000000E+00    0.0000000000E+00    0.0000000000E+00    0.0000000000E+00    0.0000000000E+00    0.3327010969E-13    0.3327011020E-13    0.9999971983E+00    0.9999971983E+00
    4    0.4133333333E+01    0.3483418059E+00    0.1161139353E+00   -0.2758051341E+00    0.0000000000E+00    0.0000000000E+00    0.0000000000E+00    0.0000000000E+00    0.0000000000E+00    0.0000000000E+00    0.9991118478E-14    0.1019260576E-13    0.9999979570E+00    0.9999979570E+00
    5    0.4133333333E+01   -0.4644557413E+00    0.1161139353E+00   -0.4061089958E+00    0.0000000000E+00    0.0000000000E+00    0.0000000000E+00    0.0000000000E+00    0.0000000000E+00    0.0000000000E+00    0.1031662527E-14    0.1031664081E-14    0.9999972875E+00    0.9999972875E+00
    6    0.4133333333E+01   -0.4644557413E+00    0.1161139353E+00    0.5465311516E+00    0.0000000000E+00    0.0000000000E+00    0.0000000000E+00    0.0000000000E+00    0.0000000000E+00    0.0000000000E+00    0.6511014365E-14    0.6511052935E-14    0.9999984633E+00    0.9999984633E+00
    7    0.4133333333E+01   -0.4644557413E+00   -0.6966836119E+00   -0.5200115419E+00    0.0000000000E+00    0.0000000000E+00    0.0000000000E+00    0.0000000000E+00    0.0000000000E+00    0.0000000000E+00    0.8897471373E-14    0.8897494627E-14    0.9999987243E+00    0.9999987243E+00
    1    0.4391666667E+01    0.3483418059E+00    0.1161139353E+00   -0.3960177278E+00    0.0000000000E+00    0.0000000000E+00    0.0000000000E+00    0.0000000000E+00    0.0000000000E+00    0.0000000000E+00    0.2141975923E-12    0.2141975923E-12    0.9999972672E+00    0.9999972672E+00
    2    0.4391666667E+01   -0.4644557413E+00   -0.6966836119E+00   -0.4736467914E+00    0.0000000000E+00    0.0000000000E+00    0.0000000000E+00    0.0000000000E+00    0.0000000000E+00    0.0000000000E+00    0.3363624764E-13    0.3363624764E-13    0.9999985764E+00    0.9999985764E+00
    3    0.4391666667E+01    0.3483418059E+00    0.1161139353E+00   -0.5431769795E+00    0.0000000000E+00    0.0000000000E+00    0.0000000000E+00    0.0000000000E+00    0.0000000000E+00    0.0000000000E+00    0.1683500047E-12    0.1683500047E-12    0.9999976820E+00    0.9999976820E+00
    4    0.4391666667E+01   -0.4644557413E+00    0.1161139353E+00   -0.5447817110E+00    0.0000000000E+00    0.0000000000E+00    0.0000000000E+00    0.0000000000E+00    0.0000000000E+00    0.0000000000E+00    0.1277954040E-13    0.1277954040E-13    0.9999978462E+00    0.9999978462E+00
    5    0.4391666667E+01    0.3483418059E+00   -0.6966836119E+00    0.2022020322E-01    0.0000000000E+00    0.0000000000E+00    0.0000000000E+00    0.0000000000E+00    0.0000000000E+00    0.0000000000E+00    0.1099597327E-11    0.1099597327E-11    0.9999962280E+00    0.9999962280E+00
    6    0.4391666667E+01   -0.4644557413E+00    0.1161139353E+00   -0.2574197587E+00    0.0000000000E+00    0.0000000000E+00    0.0000000000E+00    0.0000000000E+00    0.0000000000E+00    0.0000000000E+00    0.2265003360E-12    0.2265003360E-12    0.9999936647E+00    0.9999936647E+00
    7    0.4391666667E+01    0.3483418059E+00    0.1161139353E+00   -0.2035827661E+00    0.0000000000E+00    0.0000000000E+00    0.0000000000E+00    0.0000000000E+00    0.0000000000E+00    0.0000000000E+00    0.5153925567E-13    0.5153925568E-13    0.9999979259E+00    0.9999979259E+00
    8    0.4391666667E+01   -0.4644557413E+00   -0.6966836119E+00   -0.1299509879E+00    0.0000000000E+00    0.0000000000E+00    0.0000000000E+00    0.0000000000E+00    0.0000000000E+00    0.0000000000E+00    0.6054797054E-12    0.6054797054E-12    0.9999952244E+00    0.9999952244E+00
    9    0.4391666667E+01   -0.4644557413E+00   -0.6966836119E+00   -0.7713614854E-01    0.0000000000E+00    0.0000000000E+00    0.0000000000E+00    0.0000000000E+00    0.0000000000E+00    0.0000000000E+00    0.2955918925E-12    0.2955918925E-12    0.9999979713E+00    0.9999979713E+00
   10    0.4391666667E+01    0.3483418059E+00   -0.6966836119E+00    0.1975310465E+00    0.0000000000E+00    0.0000000000E+00    0.0000000000E+00    0.0000000000E+00    0.0000000000E+00    0.0000000000E+00    0.7395236266E-12    0.7395236266E-12    0.9999958095E+00    0.9999958095E+00
   11    0.4391666667E+01   -0.4644557413E+00    0.1161139353E+00    0.2189265301E+00    0.0000000000E+00    0.0000000000E+00    0.0000000000E+00    0.0000000000E+00    0.0000000000E+00    0.0000000000E+00    0.2575821410E-13    0.2575821410E-13    0.9999989655E+00    0.9999989655E+00
    1    0.4650000000E+01    0.3483418059E+00   -0.6966836119E+00    0.4030749108E+00    0.0000000000E+00    0.0000000000E+00    0.0000000000E+00    0.0000000000E+00    0.0000000000E+00    0.0000000000E+00    0.5646143169E-13    0.5646143169E-13    0.9999970647E+00    0.9999970647E+00
    2    0.4650000000E+01    0.3483418059E+00   -0.6966836119E+00    0.2902669525E+00    0.0000000000E+00    0.0000000000E+00    0.0000000000E+00    0.0000000000E+00    0.0000000000E+00    0.0000000000E+00    0.2168325812E-13    0.2168325812E-13    0.9999975554E+00    0.9999975554E+00
    3    0.4650000000E+01   -0.4644557413E+00    0.1161139353E+00    0.2528712864E+00    0.0000000000E+00    0.0000000000E+00    0.0000000000E+00    0.0000000000E+00    0.0000000000E+00    0.0000000000E+00    0.6824273561E-14    0.6824273561E-14    0.9999989066E+00    0.9999989066E+00
    4    0.4650000000E+01    0.3483418059E+00   -0.6966836119E+00    0.1119165733E+00    0.0000000000E+00    0.0000000000E+00    0.0000000000E+00    0.0000000000E+00    0.0000000000E+00    0.0000000000E+00    0.8020237134E-13    0.8020237134E-13    0.9999976268E+00    0.9999976268E+00
    5    0.4650000000E+01    0.3483418059E+00    0.1161139353E+00   -0.3077439920E+00    0.0000000000E+00    0.0000000000E+00    0.0000000000E+00    0.0000000000E+00    0.0000000000E+00    0.0000000000E+00    0.1146336210E-13    0.1146336210E-13    0.9999972254E+00    0.9999972254E+00
    6    0.4650000000E+01    0.3483418059E+00    0.1161139353E+00   -0.1251613358E+00    0.0000000000E+00    0.0000000000E+00    0.0000000000E+00    0.0000000000E+00    0.0000000000E+00    0.0000000000E+00    0.1984181971E-12    0.1984181971E-12    0.9999972841E+00    0.9999972841E+00
    7    0.4650000000E+01    0.3483418059E+00   -0.6966836119E+00   -0.7152132278E-01    0.0000000000E+00    0.0000000000E+00    0.0000000000E+00    0.0000000000E+00    0.0000000000E+00    0.0000000000E+00    0.1066275629E-12    0.1066275629E-12    0.9999969938E+00    0.9999969938E+00
    8    0.4650000000E+01   -0.4644557413E+00   -0.6966836119E+00   -0.4283986513E+00    0.0000000000E+00    0.0000000000E+00    0.0000000000E+00    0.0000000000E+00    0.0000000000E+00    0.0000000000E+00    0.3753403765E-15    0.3753403768E-15    0.9999986180E+00    0.9999986180E+00
    9    0.4650000000E+01    0.3483418059E+00    0.1161139353E+00   -0.4726049661E+00    0.0000000000E+00    0.0000000000E+00    0.0000000000E+00    0.0000000000E+00    0.0000000000E+00    0.0000000000E+00    0.5967149913E-13    0.5967149913E-13    0.9999979816E+00    0.9999979816E+00
   10    0.4650000000E+01   -0.4644557413E+00    0.1161139353E+00   -0.4734976669E+00    0.0000000000E+00    0.0000000000E+00    0.0000000000E+00    0.0000000000E+00    0.0000000000E+00    0.0000000000E+00    0.3290721443E-13    0.3290721443E-13    0.9999975561E+00    0.9999975561E+00
    1    0.4908333333E+01    0.3483418059E+00   -0.6966836119E+00    0.4894618739E+00    0.0000000000E+00    0.0000000000E+00    0.0000000000E+00    0.0000000000E+00    0.0000000000E+00    0.0000000000E+00    0.2219219336E-12    0.2219219336E-12    0.9999972814E+00    0.9999972814E+00
    2    0.4908333333E+01    0.3483418059E+00   -0.6966836119E+00    0.3645040925E+00    0.0000000000E+00    0.0000000000E+00    0.0000000000E+00    0.0000000000E+00    0.0000000000E+00    0.0000000000E+00    0.6685907001E-13    0.6685907001E-13    0.9999976506E+00    0.9999976506E+00
    3    0.4908333333E+01   -0.4644557413E+00    0.1161139353E+00    0.2863311348E+00    0.0000000000E+00    0.0000000000E+00    0.0000000000E+00    0.0000000000E+00    0.0000000000E+00    0.0000000000E+00    0.1260425840E-13    0.1260425840E-13    0.9999987965E+00    0.9999987965E+00
    4    0.4908333333E+01    0.3483418059E+00   -0.6966836119E+00    0.1810062281E+00    0.0000000000E+00    0.0000000000E+00    0.0000000000E+00    0.0000000000E+00    0.0000000000E+00    0.0000000000E+00    0.8506592041E-13    0.8506592041E-13    0.9999978450E+00    0.9999978450E+00
    5    0.4908333333E+01    0.3483418059E+00    0.1161139353E+00   -0.2002081671E+00    0.0000000000E+00    0.0000000000E+00    0.0000000000E+00    0.0000000000E+00    0.0000000000E+00    0.0000000000E+00    0.9038449392E-15    0.9038449393E-15    0.9999952582E+00    0.9999952582E+00
    6    0.4908333333E+01    0.3483418059E+00   -0.6966836119E+00    0.6318274246E-02    0.0000000000E+00    0.0000000000E+00    0.0000000000E+00    0.0000000000E+00    0.0000000000E+00    0.0000000000E+00    0.1831789369E-11    0.1831789369E-11    0.9999961556E+00    0.9999961556E+00
    7    0.4908333333E+01    0.3483418059E+00    0.1161139353E+00   -0.4081938128E+00    0.0000000000E+00    0.0000000000E+00    0.0000000000E+00    0.0000000000E+00    0.0000000000E+00    0.0000000000E+00    0.1366103340E-14    0.1366103340E-14    0.9999978379E+00    0.9999978379E+00
    8    0.4908333333E+01   -0.4644557413E+00    0.1161139353E+00   -0.3703552239E+00    0.0000000000E+00    0.0000000000E+00    0.0000000000E+00    0.0000000000E+00    0.0000000000E+00    0.0000000000E+00    0.1314359637E-13    0.1314359637E-13    0.9999956705E+00    0.9999956705E+00
    9    0.4908333333E+01   -0.4644557413E+00   -0.6966836119E+00   -0.3830955325E+00    0.0000000000E+00    0.0000000000E+00    0.0000000000E+00    0.0000000000E+00    0.0000000000E+00    0.0000000000E+00    0.1478874784E-20    0.1479371387E-20    0.9999985232E+00    0.9999985232E+00
    1    0.5166666667E+01    0.3483418059E+00   -0.6966836119E+00    0.4462918526E+00    0.0000000000E+00    0.0000000000E+00    0.0000000000E+00    0.0000000000E+00    0.0000000000E+00    0.0000000000E+00    0.3311738835E-13    0.3311738835E-13    0.9999963711E+00    0.9999963711E+00
    2    0.5166666667E+01    0.3483418059E+00    0.1161139353E+00   -0.3420167376E+00    0.0000000000E+00    0.0000000000E+00    0.0000000000E+00    0.0000000000E+00    0.0000000000E+00    0.0000000000E+00    0.3783568276E-15    0.3783568276E-15    0.9999976523E+00    0.9999976523E+00
    3    0.5166666667E+01   -0.4644557413E+00   -0.6966836119E+00   -0.3366594453E+00    0.0000000000E+00    0.0000000000E+00    0.0000000000E+00    0.0000000000E+00    0.0000000000E+00    0.0000000000E+00    0.1551782709E-14    0.1551782709E-14    0.9999983874E+00    0.9999983874E+00
    4    0.5166666667E+01   -0.4644557413E+00    0.1161139353E+00    0.3194389231E+00    0.0000000000E+00    0.0000000000E+00    0.0000000000E+00    0.0000000000E+00    0.0000000000E+00    0.0000000000E+00    0.1768400536E-15    0.1768400536E-15    0.9999988759E+00    0.9999988759E+00
    5    0.5166666667E+01    0.3483418059E+00   -0.6966836119E+00    0.2455746607E+00    0.0000000000E+00    0.0000000000E+00    0.0000000000E+00    0.0000000000E+00    0.0000000000E+00    0.0000000000E+00    0.1556800191E-13    0.1556800191E-13    0.9999977086E+00    0.9999977086E+00
    6    0.5166666667E+01    0.3483418059E+00   -0.6966836119E+00    0.7885450448E-01    0.0000000000E+00    0.0000000000E+00    0.0000000000E+00    0.0000000000E+00    0.0000000000E+00    0.0000000000E+00    0.1237631332E-13    0.1237631332E-13    0.9999977396E+00    0.9999977396E+00
    1    0.5425000000E+01    0.3483418059E+00    0.1161139353E+00   -0.2672354492E+00    0.0000000000E+00    0.0000000000E+00    0.0000000000E+00    0.0000000000E+00    0.0000000000E+00    0.0000000000E+00    0.4802215637E-15    0.4802215637E-15    0.9999970387E+00    0.9999970387E+00
    2    0.5425000000E+01   -0.4644557413E+00   -0.6966836119E+00   -0.2877510391E+00    0.0000000000E+00    0.0000000000E+00    0.0000000000E+00    0.0000000000E+00    0.0000000000E+00    0.0000000000E+00    0.8196392574E-14    0.8196392576E-14    0.9999981878E+00    0.9999981878E+00
    3    0.5425000000E+01    0.3483418059E+00   -0.6966836119E+00    0.1434253246E+00    0.0000000000E+00    0.0000000000E+00    0.0000000000E+00    0.0000000000E+00    0.0000000000E+00    0.0000000000E+00    0.1598466587E-14    0.1598466587E-14    0.9999977353E+00    0.9999977353E+00
    4    0.5425000000E+01    0.3483418059E+00   -0.6966836119E+00    0.3161738463E+00    0.0000000000E+00    0.0000000000E+00    0.0000000000E+00    0.0000000000E+00    0.0000000000E+00    0.0000000000E+00    0.1779882913E-14    0.1779882913E-14    0.9999971566E+00    0.9999971566E+00
    5    0.5425000000E+01   -0.4644557413E+00    0.1161139353E+00    0.3524200033E+00    0.0000000000E+00    0.0000000000E+00    0.0000000000E+00    0.0000000000E+00    0.0000000000E+00    0.0000000000E+00    0.9232343460E-16    0.9232343461E-16    0.9999988239E+00    0.9999988239E+00
    1    0.5683333333E+01    0.3483418059E+00    0.1161139353E+00   -0.1644066848E+00    0.0000000000E+00    0.0000000000E+00    0.0000000000E+00    0.0000000000E+00    0.0000000000E+00    0.0000000000E+00    0.3164963106E-13    0.3164963106E-13    0.9999947975E+00    0.9999947975E+00
    2    0.5683333333E+01   -0.4644557413E+00   -0.6966836119E+00   -0.2341744273E+00    0.0000000000E+00    0.0000000000E+00    0.0000000000E+00    0.0000000000E+00    0.0000000000E+00    0.0000000000E+00    0.1037800911E-13    0.1037800911E-13    0.9999978640E+00    0.9999978640E+00
    3    0.5683333333E+01    0.3483418059E+00   -0.6966836119E+00    0.2087225694E+00    0.0000000000E+00    0.0000000000E+00    0.0000000000E+00    0.0000000000E+00    0.0000000000E+00    0.0000000000E+00    0.3332717504E-13    0.3332717504E-13    0.9999975007E+00    0.9999975007E+00
    4    0.5683333333E+01    0.3483418059E+00   -0.6966836119E+00    0.4211868191E+00    0.0000000000E+00    0.0000000000E+00    0.0000000000E+00    0.0000000000E+00    0.0000000000E+00    0.0000000000E+00    0.4793082918E-13    0.4793082918E-13    0.9999943874E+00    0.9999943874E+00
    5    0.5683333333E+01   -0.4644557413E+00    0.1161139353E+00    0.3853476469E+00    0.0000000000E+00    0.0000000000E+00    0.0000000000E+00    0.0000000000E+00    0.0000000000E+00    0.0000000000E+00    0.8024496851E-18    0.8024498483E-18    0.9999987687E+00    0.9999987687E+00
    1    0.5941666667E+01   -0.4644557413E+00   -0.6966836119E+00   -0.1709878980E+00    0.0000000000E+00    0.0000000000E+00    0.0000000000E+00    0.0000000000E+00    0.0000000000E+00    0.0000000000E+00    0.1291142650E-13    0.1291142652E-13    0.9999972029E+00    0.9999972029E+00
    2    0.5941666667E+01    0.3483418059E+00   -0.6966836119E+00    0.5507471954E+00    0.0000000000E+00    0.0000000000E+00    0.0000000000E+00    0.0000000000E+00    0.0000000000E+00    0.0000000000E+00    0.7918520503E-13    0.7918520503E-13    0.9999959984E+00    0.9999959984E+00
    3    0.5941666667E+01    0.3483418059E+00   -0.6966836119E+00    0.2823832965E+00    0.0000000000E+00    0.0000000000E+00    0.0000000000E+00    0.0000000000E+00    0.0000000000E+00    0.0000000000E+00    0.8013931592E-13    0.8013931592E-13    0.9999967196E+00    0.9999967196E+00
    4    0.5941666667E+01   -0.4644557413E+00    0.1161139353E+00    0.4182870483E+00    0.0000000000E+00    0.0000000000E+00    0.0000000000E+00    0.0000000000E+00    0.0000000000E+00    0.0000000000E+00    0.2612207354E-15    0.2612207440E-15    0.9999987119E+00    0.9999987119E+00
    1    0.6200000000E+01    0.3483418059E+00   -0.6966836119E+00   -0.4479701166E+00    0.0000000000E+00    0.0000000000E+00    0.0000000000E+00    0.0000000000E+00    0.0000000000E+00    0.0000000000E+00    0.2467999907E-09    0.2467999907E-09    0.9999636325E+00    0.9999636325E+00
    2    0.6200000000E+01   -0.4644557413E+00   -0.6966836119E+00   -0.7648375335E-01    0.0000000000E+00    0.0000000000E+00    0.0000000000E+00    0.0000000000E+00    0.0000000000E+00    0.0000000000E+00    0.3501027609E-11    0.3501027609E-11    0.9999940526E+00    0.9999940526E+00
    3    0.6200000000E+01    0.3483418059E+00   -0.6966836119E+00    0.4236374241E+00    0.0000000000E+00    0.0000000000E+00    0.0000000000E+00    0.0000000000E+00    0.0000000000E+00    0.0000000000E+00    0.2426579529E-09    0.2426579529E-09    0.9999640389E+00    0.9999640389E+00
    4    0.6200000000E+01   -0.4644557413E+00    0.1161139353E+00    0.4512691200E+00    0.0000000000E+00    0.0000000000E+00    0.0000000000E+00    0.0000000000E+00    0.0000000000E+00    0.0000000000E+00    0.9420888941E-15    0.9420888994E-15    0.9999986542E+00    0.9999986542E+00
    1    0.6458333333E+01   -0.4644557413E+00    0.1161139353E+00    0.4843015290E+00    0.0000000000E+00    0.0000000000E+00    0.0000000000E+00    0.0000000000E+00    0.0000000000E+00    0.0000000000E+00    0.1451220948E-14    0.1451220948E-14    0.9999985963E+00    0.9999985963E+00
    1    0.6716666667E+01   -0.4644557413E+00   -0.6966836119E+00    0.6451893657E-01    0.0000000000E+00    0.0000000000E+00    0.0000000000E+00    0.0000000000E+00    0.0000000000E+00    0.0000000000E+00    0.8281143845E-12    0.8281143845E-12    0.9999971300E+00    0.9999971300E+00
    2    0.6716666667E+01   -0.4644557413E+00    0.1161139353E+00    0.5173766041E+00    0.0000000000E+00    0.0000000000E+00    0.0000000000E+00    0.0000000000E+00    0.0000000000E+00    0.0000000000E+00    0.1127337188E-14    0.1127337188E-14    0.9999985388E+00    0.9999985388E+00
    1    0.6975000000E+01   -0.4644557413E+00   -0.6966836119E+00    0.1163867910E+00    0.0000000000E+00    0.0000000000E+00    0.0000000000E+00    0.0000000000E+00    0.0000000000E+00    0.0000000000E+00    0.1017880185E-12    0.1017880185E-12    0.9999979509E+00    0.9999979509E+00
    2    0.6975000000E+01   -0.4644557413E+00    0.1161139353E+00    0.5504793304E+00    0.0000000000E+00    0.0000000000E+00    0.0000000000E+00    0.0000000000E+00    0.0000000000E+00    0.0000000000E+00    0.2316269154E-15    0.2316269156E-15    0.9999984820E+00    0.9999984820E+00
    1    0.7233333333E+01   -0.4644557413E+00    0.1161139353E+00   -0.5658756347E+00    0.0000000000E+00    0.0000000000E+00    0.0000000000E+00    0.0000000000E+00    0.0000000000E+00    0.0000000000E+00    0.1509528168E-16    0.1509528168E-16    0.9999984255E+00    0.9999984255E+00
    2    0.7233333333E+01   -0.4644557413E+00   -0.6966836119E+00    0.1582063271E+00    0.0000000000E+00    0.0000000000E+00    0.0000000000E+00    0.0000000000E+00    0.0000000000E+00    0.0000000000E+00    0.1024815977E-13    0.1024815977E-13    0.9999981073E+00    0.9999981073E+00
    1    0.7491666667E+01   -0.4644557413E+00    0.1161139353E+00   -0.5327534855E+00    0.0000000000E+00    0.0000000000E+00    0.0000000000E+00    0.0000000000E+00    0.0000000000E+00    0.0000000000E+00    0.1050837384E-14    0.1050837384E-14    0.9999983693E+00    0.9999983693E+00
    2    0.7491666667E+01   -0.4644557413E+00   -0.6966836119E+00    0.1970374265E+00    0.0000000000E+00    0.0000000000E+00    0.0000000000E+00    0.0000000000E+00    0.0000000000E+00    0.0000000000E+00    0.1455404734E-15    0.1455404734E-15    0.9999981213E+00    0.9999981213E+00
    1    0.7750000000E+01   -0.4644557413E+00    0.1161139353E+00   -0.4996194042E+00    0.0000000000E+00    0.0000000000E+00    0.0000000000E+00    0.0000000000E+00    0.0000000000E+00    0.0000000000E+00    0.2785327736E-14    0.2785327736E-14    0.9999983122E+00    0.9999983122E+00
    2    0.7750000000E+01    0.3483418059E+00    0.1161139353E+00    0.2589520592E-01    0.0000000000E+00    0.0000000000E+00    0.0000000000E+00    0.0000000000E+00    0.0000000000E+00    0.0000000000E+00    0.5169726466E-10    0.5169726466E-10    0.9999828245E+00    0.9999828245E+00
    3    0.7750000000E+01   -0.4644557413E+00   -0.6966836119E+00    0.2349905532E+00    0.0000000000E+00    0.0000000000E+00    0.0000000000E+00    0.0000000000E+00    0.0000000000E+00    0.0000000000E+00    0.4580716479E-14    0.4580716479E-14    0.9999980692E+00    0.9999980692E+00
    1    0.8008333333E+01   -0.4644557413E+00    0.1161139353E+00   -0.4664495278E+00    0.0000000000E+00    0.0000000000E+00    0.0000000000E+00    0.0000000000E+00    0.0000000000E+00    0.0000000000E+00    0.3368554362E-14    0.3368554362E-14    0.9999982533E+00    0.9999982533E+00
    2    0.8008333333E+01    0.3483418059E+00    0.1161139353E+00    0.1377069853E+00    0.0000000000E+00    0.0000000000E+00    0.0000000000E+00    0.0000000000E+00    0.0000000000E+00    0.0000000000E+00    0.1833576769E-12    0.1833576769E-12    0.9999963300E+00    0.9999963300E+00
    3    0.8008333333E+01   -0.4644557413E+00   -0.6966836119E+00    0.2731710814E+00    0.0000000000E+00    0.0000000000E+00    0.0000000000E+00    0.0000000000E+00    0.0000000000E+00    0.0000000000E+00    0.6889916121E-14    0.6889916121E-14    0.9999979704E+00    0.9999979704E+00
    1    0.8266666667E+01   -0.4644557413E+00    0.1161139353E+00   -0.4332021878E+00    0.0000000000E+00    0.0000000000E+00    0.0000000000E+00    0.0000000000E+00    0.0000000000E+00    0.0000000000E+00    0.2066710706E-14    0.2066710706E-14    0.9999981914E+00    0.9999981914E+00
    2    0.8266666667E+01    0.3483418059E+00    0.1161139353E+00    0.1981741657E+00    0.0000000000E+00    0.0000000000E+00    0.0000000000E+00    0.0000000000E+00    0.0000000000E+00    0.0000000000E+00    0.6997222752E-15    0.6997222752E-15    0.9999970549E+00    0.9999970549E+00
    3    0.8266666667E+01   -0.4644557413E+00   -0.6966836119E+00    0.3124064786E+00    0.0000000000E+00    0.0000000000E+00    0.0000000000E+00    0.0000000000E+00    0.0000000000E+00    0.0000000000E+00    0.4645791240E-14    0.4645791240E-14    0.9999978263E+00    0.9999978263E+00
    1    0.8525000000E+01   -0.4644557413E+00    0.1161139353E+00   -0.3998175843E+00    0.0000000000E+00    0.0000000000E+00    0.0000000000E+00    0.0000000000E+00    0.0000000000E+00    0.0000000000E+00    0.3055001869E-15    0.3055001869E-15    0.9999981254E+00    0.9999981254E+00
    2    0.8525000000E+01    0.3483418059E+00    0.1161139353E+00    0.2492812996E+00    0.0000000000E+00    0.0000000000E+00    0.0000000000E+00    0.0000000000E+00    0.0000000000E+00    0.0000000000E+00    0.1330935825E-13    0.1330935825E-13    0.9999972660E+00    0.9999972660E+00
    3    0.8525000000E+01   -0.4644557413E+00   -0.6966836119E+00    0.3535226537E+00    0.0000000000E+00    0.0000000000E+00    0.0000000000E+00    0.0000000000E+00    0.0000000000E+00    0.0000000000E+00    0.1017470449E-14    0.1017470449E-14    0.9999976274E+00    0.9999976274E+00
    1    0.8783333333E+01   -0.4644557413E+00    0.1161139353E+00   -0.3662187168E+00    0.0000000000E+00    0.0000000000E+00    0.0000000000E+00    0.0000000000E+00    0.0000000000E+00    0.0000000000E+00    0.3406209469E-15    0.3406209469E-15    0.9999980539E+00    0.9999980539E+00
    2    0.8783333333E+01    0.3483418059E+00    0.1161139353E+00    0.2969678492E+00    0.0000000000E+00    0.0000000000E+00    0.0000000000E+00    0.0000000000E+00    0.0000000000E+00    0.0000000000E+00    0.7957822397E-14    0.7957822397E-14    0.9999972910E+00    0.9999972910E+00
    3    0.8783333333E+01   -0.4644557413E+00   -0.6966836119E+00    0.3975543867E+00    0.0000000000E+00    0.0000000000E+00    0.0000000000E+00    0.0000000000E+00    0.0000000000E+00    0.0000000000E+00    0.2412901716E-15    0.2412901716E-15    0.9999973497E+00    0.9999973497E+00
    1    0.9041666667E+01   -0.4644557413E+00    0.1161139353E+00   -0.3323123877E+00    0.0000000000E+00    0.0000000000E+00    0.0000000000E+00    0.0000000000E+00    0.0000000000E+00    0.0000000000E+00    0.2674314960E-14    0.2674314960E-14    0.9999979754E+00    0.9999979754E+00
    2    0.9041666667E+01    0.3483418059E+00    0.1161139353E+00    0.8452324801E-01    0.0000000000E+00    0.0000000000E+00    0.0000000000E+00    0.0000000000E+00    0.0000000000E+00    0.0000000000E+00    0.5312826523E-11    0.5312826523E-11    0.9999917376E+00    0.9999917376E+00
    3    0.9041666667E+01    0.3483418059E+00    0.1161139353E+00    0.3438797212E+00    0.0000000000E+00    0.0000000000E+00    0.0000000000E+00    0.0000000000E+00    0.0000000000E+00    0.0000000000E+00    0.7413146215E-14    0.7413146215E-14    0.9999971845E+00    0.9999971845E+00
    4    0.9041666667E+01   -0.4644557413E+00   -0.6966836119E+00    0.4460633569E+00    0.0000000000E+00    0.0000000000E+00    0.0000000000E+00    0.0000000000E+00    0.0000000000E+00    0.0000000000E+00    0.3555963902E-14    0.3555963903E-14    0.9999969409E+00    0.9999969409E+00
    1    0.9300000000E+01    0.3483418059E+00    0.1161139353E+00    0.1807924412E+00    0.0000000000E+00    0.0000000000E+00    0.0000000000E+00    0.0000000000E+00    0.0000000000E+00    0.0000000000E+00    0.6067323675E-14    0.6067323795E-14    0.9999953331E+00    0.9999953331E+00
    2    0.9300000000E+01    0.3483418059E+00   -0.6966836119E+00   -0.3554994647E+00    0.0000000000E+00    0.0000000000E+00    0.0000000000E+00    0.0000000000E+00    0.0000000000E+00    0.0000000000E+00    0.1005514582E-10    0.1005514582E-10    0.9999902962E+00    0.9999902962E+00
    3    0.9300000000E+01   -0.4644557413E+00    0.1161139353E+00   -0.2979896463E+00    0.0000000000E+00    0.0000000000E+00    0.0000000000E+00    0.0000000000E+00    0.0000000000E+00    0.0000000000E+00    0.5881818856E-14    0.5883718311E-14    0.9999978909E+00    0.9999978909E+00
    4    0.9300000000E+01    0.3483418059E+00    0.1161139353E+00    0.3919128102E+00    0.0000000000E+00    0.0000000000E+00    0.0000000000E+00    0.0000000000E+00    0.0000000000E+00    0.0000000000E+00    0.8115002974E-15    0.8115003278E-15    0.9999969757E+00    0.9999969757E+00
    5    0.9300000000E+01    0.3483418059E+00   -0.6966836119E+00    0.4979452465E+00    0.0000000000E+00    0.0000000000E+00    0.0000000000E+00    0.0000000000E+00    0.0000000000E+00    0.0000000000E+00    0.1009049133E-10    0.1009049133E-10    0.9999904771E+00    0.9999904771E+00
    6    0.9300000000E+01   -0.4644557413E+00   -0.6966836119E+00    0.5018972168E+00    0.0000000000E+00    0.0000000000E+00    0.0000000000E+00    0.0000000000E+00    0.0000000000E+00    0.0000000000E+00    0.6219268352E-14    0.6219268498E-14    0.9999962663E+00    0.9999962663E+00
    1    0.9558333333E+01   -0.4644557413E+00   -0.6966836119E+00    0.4403339540E-01    0.0000000000E+00    0.0000000000E+00    0.0000000000E+00    0.0000000000E+00    0.0000000000E+00    0.0000000000E+00    0.2107110140E-09    0.2107112618E-09    0.9999626497E+00    0.9999626497E+00
    2    0.9558333333E+01    0.3483418059E+00    0.1161139353E+00    0.2514492734E+00    0.0000000000E+00    0.0000000000E+00    0.0000000000E+00    0.0000000000E+00    0.0000000000E+00    0.0000000000E+00    0.2297421067E-13    0.2297421121E-13    0.9999958015E+00    0.9999958015E+00
    3    0.9558333333E+01    0.3483418059E+00    0.1161139353E+00    0.4431985203E+00    0.0000000000E+00    0.0000000000E+00    0.0000000000E+00    0.0000000000E+00    0.0000000000E+00    0.0000000000E+00    0.4720556207E-14    0.4720556777E-14    0.9999966032E+00    0.9999966032E+00
    4    0.9558333333E+01   -0.4644557413E+00   -0.6966836119E+00    0.5719492996E+00    0.0000000000E+00    0.0000000000E+00    0.0000000000E+00    0.0000000000E+00    0.0000000000E+00    0.0000000000E+00    0.1040483880E-11    0.1040560247E-11    0.9999946034E+00    0.9999946034E+00
    5    0.9558333333E+01    0.3483418059E+00   -0.6966836119E+00   -0.5457783320E+00    0.0000000000E+00    0.0000000000E+00    0.0000000000E+00    0.0000000000E+00    0.0000000000E+00    0.0000000000E+00    0.2562529879E-13    0.2562535812E-13    0.9999944397E+00    0.9999944397E+00
    6    0.9558333333E+01    0.3483418059E+00   -0.6966836119E+00   -0.2466509846E+00    0.0000000000E+00    0.0000000000E+00    0.0000000000E+00    0.0000000000E+00    0.0000000000E+00    0.0000000000E+00    0.1858336004E-12    0.1858336021E-12    0.9999942232E+00    0.9999942232E+00
    7    0.9558333333E+01   -0.4644557413E+00    0.1161139353E+00   -0.2631252073E+00    0.0000000000E+00    0.0000000000E+00    0.0000000000E+00    0.0000000000E+00    0.0000000000E+00    0.0000000000E+00    0.4828007280E-14    0.4828009291E-14    0.9999977918E+00    0.9999977918E+00
    1    0.9816666667E+01    0.3483418059E+00   -0.6966836119E+00   -0.1506057660E+00    0.0000000000E+00    0.0000000000E+00    0.0000000000E+00    0.0000000000E+00    0.0000000000E+00    0.0000000000E+00    0.6151354227E-12    0.6151354227E-12    0.9999929759E+00    0.9999929759E+00
    2    0.9816666667E+01   -0.4644557413E+00   -0.6966836119E+00    0.2872482893E+00    0.0000000000E+00    0.0000000000E+00    0.0000000000E+00    0.0000000000E+00    0.0000000000E+00    0.0000000000E+00    0.2089877302E-10    0.2089877302E-10    0.9999828217E+00    0.9999828217E+00
    3    0.9816666667E+01    0.3483418059E+00    0.1161139353E+00    0.3191904289E+00    0.0000000000E+00    0.0000000000E+00    0.0000000000E+00    0.0000000000E+00    0.0000000000E+00    0.0000000000E+00    0.2760840113E-13    0.2760840113E-13    0.9999954676E+00    0.9999954676E+00
    4    0.9816666667E+01    0.3483418059E+00    0.1161139353E+00    0.5015647855E+00    0.0000000000E+00    0.0000000000E+00    0.0000000000E+00    0.0000000000E+00    0.0000000000E+00    0.0000000000E+00    0.2768031077E-13    0.2768031077E-13    0.9999958436E+00    0.9999958436E+00
    5    0.9816666667E+01   -0.4644557413E+00    0.1161139353E+00   -0.2275754507E+00    0.0000000000E+00    0.0000000000E+00    0.0000000000E+00    0.0000000000E+00    0.0000000000E+00    0.0000000000E+00    0.1918558386E-14    0.1918558386E-14    0.9999976830E+00    0.9999976830E+00
    6    0.9816666667E+01   -0.4644557413E+00   -0.6966836119E+00   -0.4588815837E+00    0.0000000000E+00    0.0000000000E+00    0.0000000000E+00    0.0000000000E+00    0.0000000000E+00    0.0000000000E+00    0.2084536942E-10    0.2084536942E-10    0.9999862537E+00    0.9999862537E+00
    7    0.9816666667E+01    0.3483418059E+00   -0.6966836119E+00   -0.4563483708E+00    0.0000000000E+00    0.0000000000E+00    0.0000000000E+00    0.0000000000E+00    0.0000000000E+00    0.0000000000E+00    0.1580401237E-12    0.1580401237E-12    0.9999939303E+00    0.9999939303E+00
    1    0.1007500000E+02   -0.4644557413E+00    0.1161139353E+00   -0.1911745484E+00    0.0000000000E+00    0.0000000000E+00    0.0000000000E+00    0.0000000000E+00    0.0000000000E+00    0.0000000000E+00    0.3007332308E-18    0.3008341778E-18    0.9999975598E+00    0.9999975598E+00
    2    0.1007500000E+02    0.3483418059E+00    0.1161139353E+00    0.4012487273E+00    0.0000000000E+00    0.0000000000E+00    0.0000000000E+00    0.0000000000E+00    0.0000000000E+00    0.0000000000E+00    0.3485649000E-11    0.3485649000E-11    0.9999928779E+00    0.9999928779E+00
    3    0.1007500000E+02    0.3483418059E+00   -0.6966836119E+00   -0.3560113702E+00    0.0000000000E+00    0.0000000000E+00    0.0000000000E+00    0.0000000000E+00    0.0000000000E+00    0.0000000000E+00    0.8914227200E-14    0.8914227201E-14    0.9999931960E+00    0.9999931960E+00
    4    0.1007500000E+02    0.3483418059E+00    0.1161139353E+00   -0.5695472183E+00    0.0000000000E+00    0.0000000000E+00    0.0000000000E+00    0.0000000000E+00    0.0000000000E+00    0.0000000000E+00    0.5114518298E-11    0.5114518298E-11    0.9999924188E+00    0.9999924188E+00
    1    0.1033333333E+02    0.3483418059E+00   -0.6966836119E+00   -0.2541598194E+00    0.0000000000E+00    0.0000000000E+00    0.0000000000E+00    0.0000000000E+00    0.0000000000E+00    0.0000000000E+00    0.2123719689E-12    0.2123719689E-12    0.9999930210E+00    0.9999930210E+00
    2    0.1033333333E+02   -0.4644557413E+00    0.1161139353E+00   -0.1537279989E+00    0.0000000000E+00    0.0000000000E+00    0.0000000000E+00    0.0000000000E+00    0.0000000000E+00    0.0000000000E+00    0.2675221259E-14    0.2675221259E-14    0.9999974190E+00    0.9999974190E+00
    1    0.1059166667E+02    0.3483418059E+00   -0.6966836119E+00   -0.1381655088E+00    0.0000000000E+00    0.0000000000E+00    0.0000000000E+00    0.0000000000E+00    0.0000000000E+00    0.0000000000E+00    0.1875262821E-11    0.1875262821E-11    0.9999899517E+00    0.9999899517E+00
    2    0.1059166667E+02   -0.4644557413E+00    0.1161139353E+00   -0.1150021028E+00    0.0000000000E+00    0.0000000000E+00    0.0000000000E+00    0.0000000000E+00    0.0000000000E+00    0.0000000000E+00    0.8996363555E-14    0.8996363555E-14    0.9999972563E+00    0.9999972563E+00
    1    0.1085000000E+02    0.3483418059E+00   -0.6966836119E+00    0.5249488459E+00    0.0000000000E+00    0.0000000000E+00    0.0000000000E+00    0.0000000000E+00    0.0000000000E+00    0.0000000000E+00    0.1991003347E-10    0.1991003347E-10    0.9999878993E+00    0.9999878993E+00
    2    0.1085000000E+02    0.3483418059E+00   -0.6966836119E+00   -0.4198926685E+00    0.0000000000E+00    0.0000000000E+00    0.0000000000E+00    0.0000000000E+00    0.0000000000E+00    0.0000000000E+00    0.1991346080E-10    0.1991346080E-10    0.9999873006E+00    0.9999873006E+00
    3    0.1085000000E+02   -0.4644557413E+00    0.1161139353E+00   -0.7470506776E-01    0.0000000000E+00    0.0000000000E+00    0.0000000000E+00    0.0000000000E+00    0.0000000000E+00    0.0000000000E+00    0.1476233389E-13    0.1476233389E-13    0.9999970652E+00    0.9999970652E+00
    1    0.1110833333E+02    0.3483418059E+00   -0.6966836119E+00   -0.5279539878E+00    0.0000000000E+00    0.0000000000E+00    0.0000000000E+00    0.0000000000E+00    0.0000000000E+00    0.0000000000E+00    0.1176777554E-12    0.1176777554E-12    0.9999947979E+00    0.9999947979E+00
    2    0.1110833333E+02    0.3483418059E+00   -0.6966836119E+00   -0.3097861488E+00    0.0000000000E+00    0.0000000000E+00    0.0000000000E+00    0.0000000000E+00    0.0000000000E+00    0.0000000000E+00    0.1618295376E-12    0.1618295376E-12    0.9999933919E+00    0.9999933919E+00
    3    0.1110833333E+02   -0.4644557413E+00   -0.6966836119E+00    0.1503660733E+00    0.0000000000E+00    0.0000000000E+00    0.0000000000E+00    0.0000000000E+00    0.0000000000E+00    0.0000000000E+00    0.8522532292E-12    0.8522532292E-12    0.9999898389E+00    0.9999898389E+00
    4    0.1110833333E+02   -0.4644557413E+00    0.1161139353E+00   -0.3242613040E-01    0.0000000000E+00    0.0000000000E+00    0.0000000000E+00    0.0000000000E+00    0.0000000000E+00    0.0000000000E+00    0.2976708568E-13    0.2976708568E-13    0.9999968277E+00    0.9999968277E+00
    1    0.1136666667E+02    0.3483418059E+00   -0.6966836119E+00   -0.4637672765E+00    0.0000000000E+00    0.0000000000E+00    0.0000000000E+00    0.0000000000E+00    0.0000000000E+00    0.0000000000E+00    0.2315613501E-13    0.2315613501E-13    0.9999955646E+00    0.9999955646E+00
    2    0.1136666667E+02    0.3483418059E+00   -0.6966836119E+00   -0.2175895994E+00    0.0000000000E+00    0.0000000000E+00    0.0000000000E+00    0.0000000000E+00    0.0000000000E+00    0.0000000000E+00    0.8468041877E-13    0.8468041877E-13    0.9999925951E+00    0.9999925951E+00
    3    0.1136666667E+02   -0.4644557413E+00   -0.6966836119E+00    0.2597984214E+00    0.0000000000E+00    0.0000000000E+00    0.0000000000E+00    0.0000000000E+00    0.0000000000E+00    0.0000000000E+00    0.1204566685E-12    0.1204566685E-12    0.9999931509E+00    0.9999931509E+00
    4    0.1136666667E+02   -0.4644557413E+00    0.1161139353E+00    0.1157409305E-01    0.0000000000E+00    0.0000000000E+00    0.0000000000E+00    0.0000000000E+00    0.0000000000E+00    0.0000000000E+00    0.1795562352E-12    0.1795562352E-12    0.9999964432E+00    0.9999964432E+00
    1    0.1162500000E+02    0.3483418059E+00   -0.6966836119E+00   -0.4065352167E+00    0.0000000000E+00    0.0000000000E+00    0.0000000000E+00    0.0000000000E+00    0.0000000000E+00    0.0000000000E+00    0.2163534296E-13    0.2163534296E-13    0.9999957324E+00    0.9999957324E+00
    2    0.1162500000E+02    0.3483418059E+00   -0.6966836119E+00   -0.8607505293E-01    0.3483418059E+00    0.9289114825E+00   -0.8607505293E-01    0.4138367208E+00   -0.6147441701E+01    0.2969898574E+00    0.2224285645E-10    0.2224285645E-10    0.9999834736E+00    0.9999834736E+00
    3    0.1162500000E+02   -0.4644557413E+00    0.1161139353E+00    0.5953317495E-01    0.0000000000E+00    0.0000000000E+00    0.0000000000E+00    0.0000000000E+00    0.0000000000E+00    0.0000000000E+00    0.2223892507E-13    0.2223892507E-13    0.9999962241E+00    0.9999962241E+00
    4    0.1162500000E+02    0.3483418059E+00    0.1161139353E+00    0.4491240916E+00    0.0000000000E+00    0.0000000000E+00    0.0000000000E+00    0.0000000000E+00    0.0000000000E+00    0.0000000000E+00    0.4903140712E-13    0.4903140718E-13    0.9999834157E+00    0.9999834157E+00
    5    0.1162500000E+02   -0.4644557413E+00   -0.6966836119E+00    0.3432430591E+00    0.0000000000E+00    0.0000000000E+00    0.0000000000E+00    0.0000000000E+00    0.0000000000E+00    0.0000000000E+00    0.8628568890E-14    0.8628568890E-14    0.9999941134E+00    0.9999941134E+00
    1    0.1188333333E+02    0.3483418059E+00   -0.6966836119E+00   -0.3510873572E+00    0.0000000000E+00    0.0000000000E+00    0.0000000000E+00    0.0000000000E+00    0.0000000000E+00    0.0000000000E+00    0.6573959567E-15    0.6573959647E-15    0.9999956682E+00    0.9999956682E+00
    2    0.1188333333E+02   -0.4644557413E+00    0.1161139353E+00    0.1111444807E+00    0.0000000000E+00    0.0000000000E+00    0.0000000000E+00    0.0000000000E+00    0.0000000000E+00    0.0000000000E+00    0.1295239718E-13    0.1295239718E-13    0.9999957897E+00    0.9999957897E+00
    3    0.1188333333E+02    0.3483418059E+00    0.1161139353E+00    0.5708478186E+00    0.0000000000E+00    0.0000000000E+00    0.0000000000E+00    0.0000000000E+00    0.0000000000E+00    0.0000000000E+00    0.3299881979E-11    0.3299881979E-11    0.9999918712E+00    0.9999918712E+00
    4    0.1188333333E+02   -0.4644557413E+00   -0.6966836119E+00    0.4167016588E+00   -0.4644557413E+00   -0.6966836119E+00    0.4167016588E+00    0.2468372518E+01    0.3008445943E+01   -0.4184803225E+01    0.9381335448E-15    0.9381335449E-15    0.9999944865E+00    0.9999944865E+00
    1    0.1214166667E+02   -0.4644557413E+00    0.1161139353E+00    0.1680424369E+00    0.0000000000E+00    0.0000000000E+00    0.0000000000E+00    0.0000000000E+00    0.0000000000E+00    0.0000000000E+00    0.1300200306E-14    0.1300200306E-14    0.9999952063E+00    0.9999952063E+00
    2    0.1214166667E+02    0.3483418059E+00   -0.6966836119E+00   -0.2946696443E+00    0.0000000000E+00    0.0000000000E+00    0.0000000000E+00    0.0000000000E+00    0.0000000000E+00    0.0000000000E+00    0.7097470649E-14    0.7097470687E-14    0.9999954012E+00    0.9999954012E+00
    3    0.1214166667E+02    0.3483418059E+00    0.1161139353E+00   -0.4956648491E+00    0.0000000000E+00    0.0000000000E+00    0.0000000000E+00    0.0000000000E+00    0.0000000000E+00    0.0000000000E+00    0.4002745524E-14    0.4002745759E-14    0.9999934947E+00    0.9999934947E+00
    4    0.1214166667E+02   -0.4644557413E+00   -0.6966836119E+00    0.4860613313E+00    0.0000000000E+00    0.0000000000E+00    0.0000000000E+00    0.0000000000E+00    0.0000000000E+00    0.0000000000E+00    0.5286886220E-16    0.5286886232E-16    0.9999945291E+00    0.9999945291E+00
    1    0.1240000000E+02   -0.4644557413E+00    0.1161139353E+00    0.2322153581E+00    0.0000000000E+00    0.0000000000E+00    0.0000000000E+00    0.0000000000E+00    0.0000000000E+00    0.0000000000E+00    0.1892574434E-14    0.1892574436E-14    0.9999944151E+00    0.9999944151E+00
    2    0.1240000000E+02    0.3483418059E+00   -0.6966836119E+00   -0.2347448172E+00    0.0000000000E+00    0.0000000000E+00    0.0000000000E+00    0.0000000000E+00    0.0000000000E+00    0.0000000000E+00    0.9622037960E-14    0.9622037963E-14    0.9999948941E+00    0.9999948941E+00
    3    0.1240000000E+02    0.3483418059E+00    0.1161139353E+00   -0.4111421772E+00    0.0000000000E+00    0.0000000000E+00    0.0000000000E+00    0.0000000000E+00    0.0000000000E+00    0.0000000000E+00    0.4474168446E-15    0.4474168550E-15    0.9999926938E+00    0.9999926938E+00
    4    0.1240000000E+02   -0.4644557413E+00   -0.6966836119E+00    0.5551369510E+00    0.0000000000E+00    0.0000000000E+00    0.0000000000E+00    0.0000000000E+00    0.0000000000E+00    0.0000000000E+00    0.9245361089E-15    0.9245401037E-15    0.9999942969E+00    0.9999942969E+00
    1    0.1265833333E+02   -0.4644557413E+00    0.1161139353E+00    0.3060104789E+00    0.0000000000E+00    0.0000000000E+00    0.0000000000E+00    0.0000000000E+00    0.0000000000E+00    0.0000000000E+00    0.4884595334E-15    0.4884595374E-15    0.9999934250E+00    0.9999934250E+00
    2    0.1265833333E+02    0.3483418059E+00   -0.6966836119E+00   -0.1674257312E+00    0.0000000000E+00    0.0000000000E+00    0.0000000000E+00    0.0000000000E+00    0.0000000000E+00    0.0000000000E+00    0.1783737693E-13    0.1783737693E-13    0.9999939047E+00    0.9999939047E+00
    3    0.1265833333E+02    0.3483418059E+00    0.1161139353E+00   -0.3085685774E+00    0.0000000000E+00    0.0000000000E+00    0.0000000000E+00    0.0000000000E+00    0.0000000000E+00    0.0000000000E+00    0.1018836470E-12    0.1018836470E-12    0.9999897770E+00    0.9999897770E+00
    4    0.1265833333E+02   -0.4644557413E+00   -0.6966836119E+00   -0.5220166666E+00    0.0000000000E+00    0.0000000000E+00    0.0000000000E+00    0.0000000000E+00    0.0000000000E+00    0.0000000000E+00    0.3348971183E-14    0.3348977033E-14    0.9999937429E+00    0.9999937429E+00
    1    0.1291666667E+02   -0.4644557413E+00    0.1161139353E+00    0.3898220164E+00    0.0000000000E+00    0.0000000000E+00    0.0000000000E+00    0.0000000000E+00    0.0000000000E+00    0.0000000000E+00    0.3679988233E-16    0.3679988234E-16    0.9999925826E+00    0.9999925826E+00
    2    0.1291666667E+02   -0.4644557413E+00   -0.6966836119E+00   -0.4416775528E+00    0.0000000000E+00    0.0000000000E+00    0.0000000000E+00    0.0000000000E+00    0.0000000000E+00    0.0000000000E+00    0.1366359418E-13    0.1366359418E-13    0.9999926374E+00    0.9999926374E+00
    3    0.1291666667E+02    0.3483418059E+00   -0.6966836119E+00   -0.8025474196E-01    0.0000000000E+00    0.0000000000E+00    0.0000000000E+00    0.0000000000E+00    0.0000000000E+00    0.0000000000E+00    0.4016289520E-11    0.4016289520E-11    0.9999903662E+00    0.9999903662E+00
    1    0.1317500000E+02   -0.4644557413E+00    0.1161139353E+00    0.4781704457E+00   -0.4644557413E+00    0.1161139353E+00    0.4781704457E+00    0.3134413075E+01   -0.1535028545E+01   -0.3412913829E+01    0.2503655573E-13    0.2503655573E-13    0.9999924055E+00    0.9999924055E+00
    2    0.1317500000E+02   -0.4644557413E+00   -0.6966836119E+00   -0.3429208999E+00    0.0000000000E+00    0.0000000000E+00    0.0000000000E+00    0.0000000000E+00    0.0000000000E+00    0.0000000000E+00    0.5415892074E-13    0.5415892074E-13    0.9999899713E+00    0.9999899713E+00
    1    0.1343333333E+02    0.3483418059E+00   -0.6966836119E+00    0.4962566408E+00    0.0000000000E+00    0.0000000000E+00    0.0000000000E+00    0.0000000000E+00    0.0000000000E+00    0.0000000000E+00    0.4370817603E-11    0.4370817603E-11    0.9999638403E+00    0.9999638403E+00
    2    0.1343333333E+02   -0.4644557413E+00    0.1161139353E+00    0.5639638657E+00    0.0000000000E+00    0.0000000000E+00    0.0000000000E+00    0.0000000000E+00    0.0000000000E+00    0.0000000000E+00    0.2130679607E-12    0.2130679607E-12    0.9999924095E+00    0.9999924095E+00
    3    0.1343333333E+02   -0.4644557413E+00    0.1161139353E+00    0.2552677084E+00    0.0000000000E+00    0.0000000000E+00    0.0000000000E+00    0.0000000000E+00    0.0000000000E+00    0.0000000000E+00    0.2839958181E-11    0.2839958181E-11    0.9999726769E+00    0.9999726769E+00
    4    0.1343333333E+02    0.3483418059E+00   -0.6966836119E+00    0.2275014269E+00    0.0000000000E+00    0.0000000000E+00    0.0000000000E+00    0.0000000000E+00    0.0000000000E+00    0.0000000000E+00    0.1312150447E-11    0.1312150447E-11    0.9999724948E+00    0.9999724948E+00
    5    0.1343333333E+02   -0.4644557413E+00   -0.6966836119E+00   -0.1635400656E+00   -0.4644557413E+00   -0.6966836119E+00   -0.1635400656E+00    0.9878055146E+00    0.5328982639E+00   -0.4724696098E+00    0.4280479718E-11    0.4280479718E-11    0.9999668676E+00    0.9999668676E+00
    6    0.1343333333E+02   -0.4644557413E+00   -0.6966836119E+00    0.5613658427E-01   -0.4644557413E+00   -0.6966836119E+00    0.5613658427E-01    0.1466921278E+01   -0.3645182149E-01   -0.4008551072E+00    0.3913819345E-09    0.3913819345E-09    0.9999467754E+00    0.9999467754E+00
    1    0.1369166667E+02   -0.4644557413E+00    0.1161139353E+00   -0.5038935480E+00    0.0000000000E+00    0.0000000000E+00    0.0000000000E+00    0.0000000000E+00    0.0000000000E+00    0.0000000000E+00    0.8814333670E-12    0.8814333670E-12    0.9999923477E+00    0.9999923477E+00
    2    0.1369166667E+02   -0.4644557413E+00    0.1161139353E+00    0.4622935479E+00    0.0000000000E+00    0.0000000000E+00    0.0000000000E+00    0.0000000000E+00    0.0000000000E+00    0.0000000000E+00    0.1228927368E-12    0.1228927368E-12    0.9999855165E+00    0.9999855165E+00
    3    0.1369166667E+02    0.3483418059E+00   -0.6966836119E+00    0.3734849369E+00    0.0000000000E+00    0.0000000000E+00    0.0000000000E+00    0.0000000000E+00    0.0000000000E+00    0.0000000000E+00    0.8305098112E-11    0.8305098112E-11    0.9999493650E+00    0.9999493650E+00
    4    0.1369166667E+02    0.3483418059E+00   -0.6966836119E+00    0.2142633860E+00    0.0000000000E+00    0.0000000000E+00    0.0000000000E+00    0.0000000000E+00    0.0000000000E+00    0.0000000000E+00    0.7995849345E-11    0.7995849345E-11    0.9999759339E+00    0.9999759339E+00
    5    0.1369166667E+02    0.3483418059E+00    0.1161139353E+00    0.2525184285E+00    0.0000000000E+00    0.0000000000E+00    0.0000000000E+00    0.0000000000E+00    0.0000000000E+00    0.0000000000E+00    0.2503681043E-11    0.2503681043E-11    0.9999749076E+00    0.9999749076E+00
    6    0.1369166667E+02   -0.4644557413E+00   -0.6966836119E+00    0.2921376915E+00    0.0000000000E+00    0.0000000000E+00    0.0000000000E+00    0.0000000000E+00    0.0000000000E+00    0.0000000000E+00    0.9137142487E-12    0.9137142487E-12    0.9999844876E+00    0.9999844876E+00
    7    0.1369166667E+02   -0.4644557413E+00    0.1161139353E+00    0.2838415185E+00    0.0000000000E+00    0.0000000000E+00    0.0000000000E+00    0.0000000000E+00    0.0000000000E+00    0.0000000000E+00    0.1319924932E-11    0.1319924932E-11    0.9999826763E+00    0.9999826763E+00
    1    0.1395000000E+02    0.3483418059E+00    0.1161139353E+00    0.4959247115E-01    0.0000000000E+00    0.0000000000E+00    0.0000000000E+00    0.0000000000E+00    0.0000000000E+00    0.0000000000E+00    0.4257058462E-10    0.4257058462E-10    0.9999651883E+00    0.9999651883E+00
    2    0.1395000000E+02    0.3483418059E+00    0.1161139353E+00    0.2062797310E+00    0.0000000000E+00    0.0000000000E+00    0.0000000000E+00    0.0000000000E+00    0.0000000000E+00    0.0000000000E+00    0.8409745530E-11    0.8409745530E-11    0.9999584280E+00    0.9999584280E+00
    3    0.1395000000E+02   -0.4644557413E+00    0.1161139353E+00   -0.4236159317E+00    0.0000000000E+00    0.0000000000E+00    0.0000000000E+00    0.0000000000E+00    0.0000000000E+00    0.0000000000E+00    0.1524139006E-11    0.1524139006E-11    0.9999921224E+00    0.9999921224E+00
    4    0.1395000000E+02   -0.4644557413E+00    0.1161139353E+00   -0.5449308474E+00    0.0000000000E+00    0.0000000000E+00    0.0000000000E+00    0.0000000000E+00    0.0000000000E+00    0.0000000000E+00    0.7827182278E-12    0.7827182278E-12    0.9999875552E+00    0.9999875552E+00
    5    0.1395000000E+02    0.3483418059E+00    0.1161139353E+00    0.3853309245E+00    0.0000000000E+00    0.0000000000E+00    0.0000000000E+00    0.0000000000E+00    0.0000000000E+00    0.0000000000E+00    0.2244674668E-10    0.2244674668E-10    0.9999723186E+00    0.9999723186E+00
    6    0.1395000000E+02    0.3483418059E+00    0.1161139353E+00    0.5269935469E+00    0.0000000000E+00    0.0000000000E+00    0.0000000000E+00    0.0000000000E+00    0.0000000000E+00    0.0000000000E+00    0.2643871533E-10    0.2643871533E-10    0.9999691352E+00    0.9999691352E+00
    7    0.1395000000E+02   -0.4644557413E+00   -0.6966836119E+00    0.4712368770E+00    0.0000000000E+00    0.0000000000E+00    0.0000000000E+00    0.0000000000E+00    0.0000000000E+00    0.0000000000E+00    0.7883549358E-13    0.7883549359E-13    0.9999815287E+00    0.9999815287E+00
    8    0.1395000000E+02   -0.4644557413E+00    0.1161139353E+00    0.4432566722E+00    0.0000000000E+00    0.0000000000E+00    0.0000000000E+00    0.0000000000E+00    0.0000000000E+00    0.0000000000E+00    0.1594506167E-11    0.1594506167E-11    0.9999869117E+00    0.9999869117E+00
    1    0.1420833333E+02   -0.4644557413E+00   -0.6966836119E+00    0.9812366198E-01    0.0000000000E+00    0.0000000000E+00    0.0000000000E+00    0.0000000000E+00    0.0000000000E+00    0.0000000000E+00    0.2129896990E-09    0.2129896990E-09    0.9999105675E+00    0.9999105675E+00
    2    0.1420833333E+02   -0.4644557413E+00    0.1161139353E+00   -0.5661290044E+00    0.0000000000E+00    0.0000000000E+00    0.0000000000E+00    0.0000000000E+00    0.0000000000E+00    0.0000000000E+00    0.1001167953E-11    0.1001167953E-11    0.9999863637E+00    0.9999863637E+00
    3    0.1420833333E+02   -0.4644557413E+00    0.1161139353E+00   -0.4102651650E+00    0.0000000000E+00    0.0000000000E+00    0.0000000000E+00    0.0000000000E+00    0.0000000000E+00    0.0000000000E+00    0.1689811830E-12    0.1689811830E-12    0.9999870676E+00    0.9999870676E+00
    4    0.1420833333E+02   -0.4644557413E+00    0.1161139353E+00   -0.3375487160E+00   -0.4644557413E+00    0.1161139353E+00   -0.3375487160E+00    0.7337139566E+00   -0.8025417457E+00    0.1908137902E+00    0.4539669814E-12    0.4539669815E-12    0.9999914411E+00    0.9999914411E+00
    5    0.1420833333E+02   -0.4644557413E+00   -0.6966836119E+00   -0.3628995281E+00    0.0000000000E+00    0.0000000000E+00    0.0000000000E+00    0.0000000000E+00    0.0000000000E+00    0.0000000000E+00    0.1632511659E-09    0.1632511659E-09    0.9999274882E+00    0.9999274882E+00
    1    0.1446666667E+02   -0.4644557413E+00    0.1161139353E+00   -0.4061204147E+00    0.0000000000E+00    0.0000000000E+00    0.0000000000E+00    0.0000000000E+00    0.0000000000E+00    0.0000000000E+00    0.7492188616E-12    0.7492188616E-12    0.9999825304E+00    0.9999825304E+00
    2    0.1446666667E+02   -0.4644557413E+00    0.1161139353E+00   -0.2637324837E+00    0.0000000000E+00    0.0000000000E+00    0.0000000000E+00    0.0000000000E+00    0.0000000000E+00    0.0000000000E+00    0.1592856486E-11    0.1592856486E-11    0.9999850403E+00    0.9999850403E+00
    3    0.1446666667E+02   -0.4644557413E+00    0.1161139353E+00   -0.2218405933E+00    0.0000000000E+00    0.0000000000E+00    0.0000000000E+00    0.0000000000E+00    0.0000000000E+00    0.0000000000E+00    0.1286766112E-11    0.1286766112E-11    0.9999849426E+00    0.9999849426E+00
    1    0.1472500000E+02   -0.4644557413E+00    0.1161139353E+00   -0.1530945620E+00    0.0000000000E+00    0.0000000000E+00    0.0000000000E+00    0.0000000000E+00    0.0000000000E+00    0.0000000000E+00    0.7358364093E-10    0.7358364093E-10    0.9999564135E+00    0.9999564135E+00
    2    0.1472500000E+02   -0.4644557413E+00    0.1161139353E+00   -0.8897704859E-01    0.0000000000E+00    0.0000000000E+00    0.0000000000E+00    0.0000000000E+00    0.0000000000E+00    0.0000000000E+00    0.5998908259E-10    0.5998908259E-10    0.9999687050E+00    0.9999687050E+00
