    1    0.2583333333E+00    0.0000000000E+00    0.4644557413E+00    0.2628806821E-01    0.0000000000E+00    0.0000000000E+00    0.0000000000E+00    0.0000000000E+00    0.0000000000E+00    0.0000000000E+00    0.9799593298E-14    0.9799593298E-14    0.9999997653E+00    0.9999997653E+00
    1    0.5166666667E+00    0.0000000000E+00    0.4644557413E+00    0.7122893427E-01    0.0000000000E+00    0.0000000000E+00    0.0000000000E+00    0.0000000000E+00    0.0000000000E+00    0.0000000000E+00    0.4257190624E-14    0.4257190624E-14    0.9999998085E+00    0.9999998085E+00
    1    0.7750000000E+00    0.0000000000E+00    0.4644557413E+00    0.1114607826E+00    0.0000000000E+00    0.0000000000E+00    0.0000000000E+00    0.0000000000E+00    0.0000000000E+00    0.0000000000E+00    0.2849195263E-14    0.2849195263E-14    0.9999997644E+00    0.9999997644E+00
    1    0.1033333333E+01    0.0000000000E+00    0.4644557413E+00    0.1510497291E+00    0.0000000000E+00    0.0000000000E+00    0.0000000000E+00    0.0000000000E+00    0.0000000000E+00    0.0000000000E+00    0.9497746523E-15    0.9497746523E-15    0.9999997068E+00    0.9999997068E+00
    2    0.1033333333E+01    0.0000000000E+00    0.4644557413E+00    0.1466460969E+00    0.0000000000E+00    0.0000000000E+00    0.0000000000E+00    0.0000000000E+00    0.0000000000E+00    0.0000000000E+00    0.6428897440E-16    0.6428897440E-16    0.9999996294E+00    0.9999996294E+00
    1    0.1291666667E+01    0.0000000000E+00    0.4644557413E+00    0.1907089591E+00    0.0000000000E+00    0.0000000000E+00    0.0000000000E+00    0.0000000000E+00    0.0000000000E+00    0.0000000000E+00    0.4557508521E-18    0.4557508521E-18    0.9999996424E+00    0.9999996424E+00
    2    0.1291666667E+01    0.0000000000E+00    0.4644557413E+00    0.1908466208E+00    0.0000000000E+00    0.0000000000E+00    0.0000000000E+00    0.0000000000E+00    0.0000000000E+00    0.0000000000E+00    0.5539844963E-19    0.5539844963E-19    0.9999996351E+00    0.9999996351E+00
    1    0.1550000000E+01    0.0000000000E+00    0.4644557413E+00    0.2307883719E+00    0.0000000000E+00    0.0000000000E+00    0.0000000000E+00    0.0000000000E+00    0.0000000000E+00    0.0000000000E+00    0.7506316415E-15    0.7506316415E-15    0.9999995723E+00    0.9999995723E+00
    2    0.1550000000E+01    0.0000000000E+00    0.4644557413E+00    0.1932300849E-01    0.0000000000E+00    0.0000000000E+00    0.0000000000E+00    0.0000000000E+00    0.0000000000E+00    0.0000000000E+00    0.1169207107E-12    0.1169207107E-12    0.9999991781E+00    0.9999991781E+00
    3    0.1550000000E+01    0.0000000000E+00    0.4644557413E+00    0.2299288064E+00    0.0000000000E+00    0.0000000000E+00    0.0000000000E+00    0.0000000000E+00    0.0000000000E+00    0.0000000000E+00    0.2377273083E-13    0.2377273083E-13    0.9999995405E+00    0.9999995405E+00
    1    0.1808333333E+01    0.0000000000E+00    0.4644557413E+00    0.2715830981E+00    0.0000000000E+00    0.0000000000E+00    0.0000000000E+00    0.0000000000E+00    0.0000000000E+00    0.0000000000E+00    0.1847733362E-14    0.1847733362E-14    0.9999994957E+00    0.9999994957E+00
    2    0.1808333333E+01    0.0000000000E+00    0.4644557413E+00    0.6550823159E-01    0.0000000000E+00    0.0000000000E+00    0.0000000000E+00    0.0000000000E+00    0.0000000000E+00    0.0000000000E+00    0.4544748079E-14    0.4544748079E-14    0.9999995872E+00    0.9999995872E+00
    3    0.1808333333E+01    0.0000000000E+00    0.4644557413E+00    0.2674699805E+00    0.0000000000E+00    0.0000000000E+00    0.0000000000E+00    0.0000000000E+00    0.0000000000E+00    0.0000000000E+00    0.1939097287E-14    0.1939097287E-14    0.9999995283E+00    0.9999995283E+00
    1    0.2066666667E+01    0.0000000000E+00    0.4644557413E+00    0.3134223778E+00    0.0000000000E+00    0.0000000000E+00    0.0000000000E+00    0.0000000000E+00    0.0000000000E+00    0.0000000000E+00    0.1571364938E-14    0.1571364938E-14    0.9999994105E+00    0.9999994105E+00
    2    0.2066666667E+01    0.0000000000E+00    0.4644557413E+00    0.3047543747E+00    0.0000000000E+00    0.0000000000E+00    0.0000000000E+00    0.0000000000E+00    0.0000000000E+00    0.0000000000E+00    0.1217681320E-14    0.1217681320E-14    0.9999994529E+00    0.9999994529E+00
    3    0.2066666667E+01    0.0000000000E+00    0.4644557413E+00    0.9759081900E-01    0.0000000000E+00    0.0000000000E+00    0.0000000000E+00    0.0000000000E+00    0.0000000000E+00    0.0000000000E+00    0.3269194597E-15    0.3269194597E-15    0.9999996121E+00    0.9999996121E+00
    1    0.2325000000E+01    0.0000000000E+00    0.4644557413E+00    0.3567254368E+00    0.0000000000E+00    0.0000000000E+00    0.0000000000E+00    0.0000000000E+00    0.0000000000E+00    0.0000000000E+00    0.3283641943E-15    0.3283641943E-15    0.9999993133E+00    0.9999993133E+00
    2    0.2325000000E+01    0.0000000000E+00    0.4644557413E+00    0.1263618288E+00    0.0000000000E+00    0.0000000000E+00    0.0000000000E+00    0.0000000000E+00    0.0000000000E+00    0.0000000000E+00    0.1435874732E-14    0.1435874732E-14    0.9999995439E+00    0.9999995439E+00
    3    0.2325000000E+01    0.0000000000E+00    0.4644557413E+00    0.3425092349E+00    0.0000000000E+00    0.0000000000E+00    0.0000000000E+00    0.0000000000E+00    0.0000000000E+00    0.0000000000E+00    0.1638985256E-14    0.1638985256E-14    0.9999994311E+00    0.9999994311E+00
    1    0.2583333333E+01    0.0000000000E+00    0.4644557413E+00    0.4020691541E+00    0.0000000000E+00    0.0000000000E+00    0.0000000000E+00    0.0000000000E+00    0.0000000000E+00    0.0000000000E+00    0.1815383687E-15    0.1815383687E-15    0.9999991982E+00    0.9999991982E+00
    2    0.2583333333E+01    0.0000000000E+00    0.4644557413E+00    0.1534933472E+00    0.0000000000E+00    0.0000000000E+00    0.0000000000E+00    0.0000000000E+00    0.0000000000E+00    0.0000000000E+00    0.2400599013E-14    0.2400599013E-14    0.9999995155E+00    0.9999995155E+00
    3    0.2583333333E+01    0.0000000000E+00    0.4644557413E+00    0.3813178362E+00    0.0000000000E+00    0.0000000000E+00    0.0000000000E+00    0.0000000000E+00    0.0000000000E+00    0.0000000000E+00    0.2121974265E-14    0.2121974265E-14    0.9999993478E+00    0.9999993478E+00
    1    0.2841666667E+01    0.0000000000E+00    0.4644557413E+00    0.4503073190E+00    0.0000000000E+00    0.0000000000E+00    0.0000000000E+00    0.0000000000E+00    0.0000000000E+00    0.0000000000E+00    0.2044187698E-14    0.2044187698E-14    0.9999990549E+00    0.9999990549E+00
    2    0.2841666667E+01    0.0000000000E+00    0.4644557413E+00    0.1796249295E+00    0.0000000000E+00    0.0000000000E+00    0.0000000000E+00    0.0000000000E+00    0.0000000000E+00    0.0000000000E+00    0.1809291464E-14    0.1809291464E-14    0.9999994831E+00    0.9999994831E+00
    3    0.2841666667E+01    0.0000000000E+00    0.4644557413E+00    0.4217952791E+00    0.0000000000E+00    0.4644557413E+00    0.4217952791E+00   -0.5842832861E-10    0.1024314038E+01    0.2025962252E+01    0.3266325864E-14    0.3266325864E-14    0.9999992468E+00    0.9999992468E+00
    1    0.3100000000E+01    0.0000000000E+00   -0.3483418059E+00   -0.4548499679E+00    0.0000000000E+00    0.0000000000E+00    0.0000000000E+00    0.0000000000E+00    0.0000000000E+00    0.0000000000E+00    0.8733121888E-10    0.8733121888E-10    0.9999774933E+00    0.9999774933E+00
    2    0.3100000000E+01    0.0000000000E+00    0.4644557413E+00    0.5028708507E+00    0.0000000000E+00    0.0000000000E+00    0.0000000000E+00    0.0000000000E+00    0.0000000000E+00    0.0000000000E+00    0.7464994240E-14    0.7464994264E-14    0.9999988591E+00    0.9999988591E+00
    3    0.3100000000E+01    0.0000000000E+00   -0.3483418059E+00    0.5114463504E+00    0.0000000000E+00    0.0000000000E+00    0.0000000000E+00    0.0000000000E+00    0.0000000000E+00    0.0000000000E+00    0.9294662535E-10    0.9294662535E-10    0.9999774979E+00    0.9999774979E+00
    4    0.3100000000E+01    0.0000000000E+00    0.4644557413E+00    0.2050843737E+00    0.0000000000E+00    0.0000000000E+00    0.0000000000E+00    0.0000000000E+00    0.0000000000E+00    0.0000000000E+00    0.5510137870E-15    0.5510137870E-15    0.9999994486E+00    0.9999994486E+00
    5    0.3100000000E+01    0.0000000000E+00    0.4644557413E+00    0.4647267402E+00    0.0000000000E+00    0.0000000000E+00    0.0000000000E+00    0.0000000000E+00    0.0000000000E+00    0.0000000000E+00    0.4784173944E-14    0.4784173944E-14    0.9999991195E+00    0.9999991195E+00
    1    0.3358333333E+01    0.0000000000E+00   -0.3483418059E+00   -0.1650934593E+00    0.0000000000E+00    0.0000000000E+00    0.0000000000E+00    0.0000000000E+00    0.0000000000E+00    0.0000000000E+00    0.2546875454E-12    0.2546875454E-12    0.9999939976E+00    0.9999939976E+00
    2    0.3358333333E+01    0.0000000000E+00   -0.3483418059E+00   -0.4289517645E+00    0.0000000000E+00    0.0000000000E+00    0.0000000000E+00    0.0000000000E+00    0.0000000000E+00    0.0000000000E+00    0.1270358735E-12    0.1270358735E-12    0.9999971540E+00    0.9999971540E+00
    3    0.3358333333E+01    0.8127975472E+00    0.4644557413E+00   -0.4061289171E+00    0.8127975472E+00    0.4644557413E+00   -0.4061289171E+00    0.0000000000E+00    0.0000000000E+00    0.0000000000E+00    0.6189603138E-14    0.6189603139E-14    0.9999958069E+00    0.9999958069E+00
    4    0.3358333333E+01    0.0000000000E+00    0.4644557413E+00    0.5662965997E+00    0.0000000000E+00    0.0000000000E+00    0.0000000000E+00    0.0000000000E+00    0.0000000000E+00    0.0000000000E+00    0.7079477457E-12    0.7079477457E-12    0.9999976186E+00    0.9999976186E+00
    5    0.3358333333E+01    0.0000000000E+00    0.4644557413E+00    0.2300693726E+00    0.0000000000E+00    0.0000000000E+00    0.0000000000E+00    0.0000000000E+00    0.0000000000E+00    0.0000000000E+00    0.2895852734E-15    0.2895859130E-15    0.9999994132E+00    0.9999994132E+00
    6    0.3358333333E+01    0.0000000000E+00    0.4644557413E+00    0.5112607680E+00    0.0000000000E+00    0.4644557413E+00   -0.6382085470E+00    0.3869709607E-11   -0.7244164963E+00   -0.2638720211E+01    0.3355480502E-14    0.3355480518E-14    0.9999989495E+00    0.9999989495E+00
    7    0.3358333333E+01    0.0000000000E+00   -0.3483418059E+00   -0.3651543981E+00    0.0000000000E+00    0.0000000000E+00    0.0000000000E+00    0.0000000000E+00    0.0000000000E+00    0.0000000000E+00    0.2070030203E-12    0.2070030203E-12    0.9999983806E+00    0.9999983806E+00
    8    0.3358333333E+01    0.8127975472E+00    0.4644557413E+00   -0.3920191556E+00    0.8127975472E+00    0.4644557413E+00   -0.3920191556E+00    0.0000000000E+00    0.0000000000E+00    0.0000000000E+00    0.5753259377E-15    0.5753259377E-15    0.9999965753E+00    0.9999965753E+00
    9    0.3358333333E+01    0.0000000000E+00   -0.3483418059E+00   -0.5592937000E+00    0.0000000000E+00    0.0000000000E+00    0.0000000000E+00    0.0000000000E+00    0.0000000000E+00    0.0000000000E+00    0.4776468920E-12    0.4776468921E-12    0.9999979417E+00    0.9999979417E+00
    1    0.3616666667E+01    0.8127975472E+00    0.4644557413E+00   -0.2769205583E+00    0.8127975472E+00    0.4644557413E+00   -0.2769205583E+00    0.0000000000E+00    0.0000000000E+00    0.0000000000E+00    0.6934403880E-13    0.6934403880E-13    0.9999973564E+00    0.9999973564E+00
    2    0.3616666667E+01    0.0000000000E+00   -0.3483418059E+00   -0.3141571889E+00    0.0000000000E+00    0.0000000000E+00    0.0000000000E+00    0.0000000000E+00    0.0000000000E+00    0.0000000000E+00    0.1855866070E-13    0.1855866070E-13    0.9999973875E+00    0.9999973875E+00
    3    0.3616666667E+01    0.0000000000E+00    0.4644557413E+00   -0.5218597899E+00    0.0000000000E+00    0.0000000000E+00    0.0000000000E+00    0.0000000000E+00    0.0000000000E+00    0.0000000000E+00    0.2232209201E-13    0.2232209201E-13    0.9999981366E+00    0.9999981366E+00
    4    0.3616666667E+01    0.0000000000E+00    0.4644557413E+00    0.2547125066E+00    0.0000000000E+00    0.0000000000E+00    0.0000000000E+00    0.0000000000E+00    0.0000000000E+00    0.0000000000E+00    0.1082233871E-14    0.1082233871E-14    0.9999993790E+00    0.9999993790E+00
    5    0.3616666667E+01    0.8127975472E+00    0.4644557413E+00   -0.4906703938E+00    0.8127975472E+00    0.4644557413E+00   -0.4906703938E+00    0.0000000000E+00    0.0000000000E+00    0.0000000000E+00    0.3650677243E-13    0.3650677243E-13    0.9999979644E+00    0.9999979644E+00
    6    0.3616666667E+01    0.8127975472E+00    0.4644557413E+00   -0.2731181019E+00    0.8127975472E+00    0.4644557413E+00   -0.2731181019E+00    0.0000000000E+00    0.0000000000E+00    0.0000000000E+00    0.6459850870E-13    0.6459850870E-13    0.9999973622E+00    0.9999973622E+00
    7    0.3616666667E+01    0.0000000000E+00   -0.3483418059E+00   -0.3083491059E+00    0.0000000000E+00    0.0000000000E+00    0.0000000000E+00    0.0000000000E+00    0.0000000000E+00    0.0000000000E+00    0.4147531611E-14    0.4147531664E-14    0.9999988191E+00    0.9999988191E+00
    8    0.3616666667E+01    0.0000000000E+00    0.4644557413E+00    0.5633281342E+00    0.0000000000E+00    0.0000000000E+00    0.0000000000E+00    0.0000000000E+00    0.0000000000E+00    0.0000000000E+00    0.2010737952E-14    0.2010737952E-14    0.9999986961E+00    0.9999986961E+00
    9    0.3616666667E+01    0.8127975472E+00    0.4644557413E+00   -0.4849215132E+00    0.8127975472E+00    0.4644557413E+00   -0.4849215132E+00    0.0000000000E+00    0.0000000000E+00    0.0000000000E+00    0.5734372135E-13    0.5734372135E-13    0.9999980075E+00    0.9999980075E+00
   10    0.3616666667E+01    0.0000000000E+00   -0.3483418059E+00   -0.4945018577E+00    0.0000000000E+00    0.0000000000E+00    0.0000000000E+00    0.0000000000E+00    0.0000000000E+00    0.0000000000E+00    0.8651863351E-14    0.8651863351E-14    0.9999987180E+00    0.9999987180E+00
    1    0.3875000000E+01    0.0000000000E+00   -0.3483418059E+00   -0.1987338357E+00    0.0000000000E+00    0.0000000000E+00    0.0000000000E+00    0.0000000000E+00    0.0000000000E+00    0.0000000000E+00    0.1964528758E-14    0.1964528759E-14    0.9999966812E+00    0.9999966812E+00
    2    0.3875000000E+01    0.8127975472E+00    0.4644557413E+00   -0.1630635682E+00    0.8127975472E+00    0.4644557413E+00   -0.1630635682E+00    0.0000000000E+00    0.0000000000E+00    0.0000000000E+00    0.1231516264E-12    0.1231516264E-12    0.9999967074E+00    0.9999967074E+00
    3    0.3875000000E+01    0.0000000000E+00    0.4644557413E+00    0.2791097837E+00    0.0000000000E+00    0.0000000000E+00    0.0000000000E+00    0.0000000000E+00    0.0000000000E+00    0.0000000000E+00    0.2494786806E-14    0.2494786806E-14    0.9999993388E+00    0.9999993388E+00
    4    0.3875000000E+01    0.0000000000E+00    0.4644557413E+00   -0.4325167881E+00    0.0000000000E+00    0.0000000000E+00    0.0000000000E+00    0.0000000000E+00    0.0000000000E+00    0.0000000000E+00    0.3022042047E-15    0.3022042050E-15    0.9999972931E+00    0.9999972931E+00
    5    0.3875000000E+01    0.8127975472E+00    0.4644557413E+00   -0.4187975269E+00    0.8127975472E+00    0.4644557413E+00   -0.4187975269E+00    0.0000000000E+00    0.0000000000E+00    0.0000000000E+00    0.6930080993E-13    0.6930080994E-13    0.9999983485E+00    0.9999983485E+00
    6    0.3875000000E+01    0.8127975472E+00    0.4644557413E+00   -0.1612403454E+00    0.8127975472E+00    0.4644557413E+00   -0.1612403454E+00    0.0000000000E+00    0.0000000000E+00    0.0000000000E+00    0.1304139256E-12    0.1304139256E-12    0.9999967045E+00    0.9999967045E+00
    7    0.3875000000E+01    0.0000000000E+00    0.4644557413E+00   -0.5250953075E+00    0.0000000000E+00    0.0000000000E+00    0.0000000000E+00    0.0000000000E+00    0.0000000000E+00    0.0000000000E+00    0.7317457259E-14    0.7317457260E-14    0.9999983050E+00    0.9999983050E+00
    8    0.3875000000E+01    0.0000000000E+00   -0.3483418059E+00   -0.2631284335E+00    0.0000000000E+00    0.0000000000E+00    0.0000000000E+00    0.0000000000E+00    0.0000000000E+00    0.0000000000E+00    0.5404900382E-14    0.5404900382E-14    0.9999989177E+00    0.9999989177E+00
    9    0.3875000000E+01    0.0000000000E+00   -0.3483418059E+00   -0.4449384909E+00    0.0000000000E+00    0.0000000000E+00    0.0000000000E+00    0.0000000000E+00    0.0000000000E+00    0.0000000000E+00    0.4929440591E-14    0.4929440597E-14    0.9999988178E+00    0.9999988178E+00
   10    0.3875000000E+01    0.8127975472E+00    0.4644557413E+00   -0.4128483526E+00    0.8127975472E+00    0.4644557413E+00   -0.4128483526E+00    0.0000000000E+00    0.0000000000E+00    0.0000000000E+00    0.7428692438E-13    0.7428692438E-13    0.9999983836E+00    0.9999983836E+00
    1    0.4133333333E+01    0.0000000000E+00    0.4644557413E+00   -0.2863540592E+00    0.0000000000E+00    0.0000000000E+00    0.0000000000E+00    0.0000000000E+00    0.0000000000E+00    0.0000000000E+00    0.1613393929E-12    0.1613393929E-12    0.9999939756E+00    0.9999939756E+00
    2    0.4133333333E+01    0.8127975472E+00    0.4644557413E+00   -0.3612997374E+00    0.8127975472E+00    0.4644557413E+00   -0.3612997374E+00    0.0000000000E+00    0.0000000000E+00    0.0000000000E+00    0.5042578140E-15    0.5042578278E-15    0.9999985357E+00    0.9999985357E+00
    3    0.4133333333E+01    0.0000000000E+00    0.4644557413E+00    0.3033357802E+00    0.0000000000E+00    0.0000000000E+00    0.0000000000E+00    0.0000000000E+00    0.0000000000E+00    0.0000000000E+00    0.2398746160E-14    0.2398746168E-14    0.9999992964E+00    0.9999992964E+00
    4    0.4133333333E+01    0.0000000000E+00    0.4644557413E+00   -0.4461770718E+00    0.0000000000E+00    0.0000000000E+00    0.0000000000E+00    0.0000000000E+00    0.0000000000E+00    0.0000000000E+00    0.3031714875E-13    0.3031714889E-13    0.9999974766E+00    0.9999974766E+00
    5    0.4133333333E+01    0.0000000000E+00   -0.3483418059E+00   -0.4006483084E+00    0.0000000000E+00    0.0000000000E+00    0.0000000000E+00    0.0000000000E+00    0.0000000000E+00    0.0000000000E+00    0.1090447381E-13    0.1090447381E-13    0.9999988350E+00    0.9999988350E+00
    6    0.4133333333E+01    0.8127975472E+00    0.4644557413E+00   -0.3556830412E+00    0.8127975472E+00    0.4644557413E+00   -0.3556830412E+00    0.0000000000E+00    0.0000000000E+00    0.0000000000E+00    0.5848023164E-15    0.5848023341E-15    0.9999985458E+00    0.9999985458E+00
    7    0.4133333333E+01    0.0000000000E+00   -0.3483418059E+00   -0.2227653756E+00    0.0000000000E+00   -0.3483418059E+00    0.9267039395E+00    0.2044884200E-14    0.4221930542E+00    0.1611597175E+01    0.1140366997E-13    0.1140366997E-13    0.9999989396E+00    0.9999989396E+00
    1    0.4391666667E+01    0.8127975472E+00   -0.3483418059E+00    0.1296416174E+00    0.8127975472E+00   -0.3483418059E+00    0.1296416174E+00    0.0000000000E+00    0.0000000000E+00    0.0000000000E+00    0.1001546166E-10    0.1001546166E-10    0.9999922759E+00    0.9999922759E+00
    2    0.4391666667E+01    0.8127975472E+00   -0.3483418059E+00   -0.1564489316E-01    0.8127975472E+00   -0.3483418059E+00   -0.1564489316E-01    0.0000000000E+00    0.0000000000E+00    0.0000000000E+00    0.1212267212E-10    0.1212267212E-10    0.9999914519E+00    0.9999914519E+00
    3    0.4391666667E+01    0.8127975472E+00    0.4644557413E+00   -0.3100377578E+00    0.8127975472E+00    0.4644557413E+00   -0.3100377578E+00    0.0000000000E+00    0.0000000000E+00    0.0000000000E+00    0.5031637261E-14    0.5031637264E-14    0.9999985727E+00    0.9999985727E+00
    4    0.4391666667E+01    0.0000000000E+00    0.4644557413E+00    0.3273670129E+00    0.0000000000E+00    0.0000000000E+00    0.0000000000E+00    0.0000000000E+00    0.0000000000E+00    0.0000000000E+00    0.8023330930E-13    0.8023330930E-13    0.9999988420E+00    0.9999988420E+00
    5    0.4391666667E+01    0.8127975472E+00   -0.3483418059E+00    0.1498220523E+00    0.8127975472E+00   -0.3483418059E+00    0.1498220523E+00    0.0000000000E+00    0.0000000000E+00    0.0000000000E+00    0.1210354313E-14    0.1210354313E-14    0.9999947119E+00    0.9999947119E+00
    6    0.4391666667E+01    0.0000000000E+00   -0.3483418059E+00   -0.3590556353E+00    0.0000000000E+00    0.0000000000E+00    0.0000000000E+00    0.0000000000E+00    0.0000000000E+00    0.0000000000E+00    0.9319471798E-14    0.9319471798E-14    0.9999988193E+00    0.9999988193E+00
    7    0.4391666667E+01    0.0000000000E+00   -0.3483418059E+00   -0.1845809155E+00    0.0000000000E+00    0.0000000000E+00    0.0000000000E+00    0.0000000000E+00    0.0000000000E+00    0.0000000000E+00    0.9185295928E-14    0.9185295932E-14    0.9999989091E+00    0.9999989091E+00
    8    0.4391666667E+01    0.0000000000E+00    0.4644557413E+00   -0.3134491285E+00    0.0000000000E+00    0.0000000000E+00    0.0000000000E+00    0.0000000000E+00    0.0000000000E+00    0.0000000000E+00    0.3043583196E-12    0.3043583196E-12    0.9999943459E+00    0.9999943459E+00
    9    0.4391666667E+01    0.8127975472E+00    0.4644557413E+00   -0.3047917039E+00    0.8127975472E+00    0.4644557413E+00   -0.3047917039E+00    0.0000000000E+00    0.0000000000E+00    0.0000000000E+00    0.4658315722E-14    0.4658315722E-14    0.9999985832E+00    0.9999985832E+00
    1    0.4650000000E+01    0.8127975472E+00    0.4644557413E+00   -0.2619933695E+00    0.8127975472E+00    0.4644557413E+00   -0.2619933695E+00    0.0000000000E+00    0.0000000000E+00    0.0000000000E+00    0.6778513723E-14    0.6778513883E-14    0.9999985566E+00    0.9999985566E+00
    2    0.4650000000E+01    0.8127975472E+00   -0.3483418059E+00    0.2532324473E+00    0.8127975472E+00   -0.3483418059E+00    0.2532324473E+00    0.0000000000E+00    0.0000000000E+00    0.0000000000E+00    0.1039525503E-13    0.1039525503E-13    0.9999973839E+00    0.9999973839E+00
    3    0.4650000000E+01    0.8127975472E+00   -0.3483418059E+00    0.1031282137E+00    0.8127975472E+00   -0.3483418059E+00    0.1031282137E+00    0.0000000000E+00    0.0000000000E+00    0.0000000000E+00    0.1630790014E-13    0.1630790014E-13    0.9999973787E+00    0.9999973787E+00
    4    0.4650000000E+01    0.0000000000E+00   -0.3483418059E+00   -0.3188408305E+00    0.0000000000E+00    0.0000000000E+00    0.0000000000E+00    0.0000000000E+00    0.0000000000E+00    0.0000000000E+00    0.4565781128E-14    0.4565781276E-14    0.9999987779E+00    0.9999987779E+00
    5    0.4650000000E+01    0.0000000000E+00   -0.3483418059E+00   -0.1467215339E+00    0.0000000000E+00    0.0000000000E+00    0.0000000000E+00    0.0000000000E+00    0.0000000000E+00    0.0000000000E+00    0.1075721479E-13    0.1075721480E-13    0.9999988257E+00    0.9999988257E+00
    6    0.4650000000E+01    0.8127975472E+00    0.4644557413E+00   -0.2570849401E+00    0.8127975472E+00    0.4644557413E+00   -0.2570849401E+00    0.0000000000E+00    0.0000000000E+00    0.0000000000E+00    0.5916068075E-14    0.5916068083E-14    0.9999985661E+00    0.9999985661E+00
    7    0.4650000000E+01    0.0000000000E+00    0.4644557413E+00    0.3514794451E+00    0.0000000000E+00    0.0000000000E+00    0.0000000000E+00    0.0000000000E+00    0.0000000000E+00    0.0000000000E+00    0.4651772553E-15    0.4651772562E-15    0.9999992637E+00    0.9999992637E+00
    8    0.4650000000E+01    0.8127975472E+00   -0.3483418059E+00    0.2606173167E+00    0.8127975472E+00   -0.3483418059E+00    0.2606173167E+00    0.0000000000E+00    0.0000000000E+00    0.0000000000E+00    0.4521729259E-14    0.4521729259E-14    0.9999974939E+00    0.9999974939E+00
    9    0.4650000000E+01    0.8127975472E+00   -0.3483418059E+00    0.1101371266E+00    0.8127975472E+00   -0.3483418059E+00    0.1101371266E+00    0.0000000000E+00    0.0000000000E+00    0.0000000000E+00    0.9498692649E-14    0.9498692650E-14    0.9999974606E+00    0.9999974606E+00
    1    0.4908333333E+01    0.8127975472E+00   -0.3483418059E+00    0.1780003432E+00    0.8127975472E+00   -0.3483418059E+00    0.1780003432E+00    0.0000000000E+00    0.0000000000E+00    0.0000000000E+00    0.4712891707E-13    0.4712891707E-13    0.9999978127E+00    0.9999978127E+00
    2    0.4908333333E+01    0.8127975472E+00   -0.3483418059E+00    0.3283103928E+00    0.8127975472E+00   -0.3483418059E+00    0.3283103928E+00    0.0000000000E+00    0.0000000000E+00    0.0000000000E+00    0.5249104832E-13    0.5249104832E-13    0.9999977846E+00    0.9999977846E+00
    3    0.4908333333E+01    0.8127975472E+00    0.4644557413E+00   -0.2152326598E+00    0.8127975472E+00    0.4644557413E+00   -0.2152326598E+00    0.0000000000E+00    0.0000000000E+00    0.0000000000E+00    0.1937095293E-14    0.1937095293E-14    0.9999984890E+00    0.9999984890E+00
    4    0.4908333333E+01    0.8127975472E+00   -0.3483418059E+00    0.1830795207E+00    0.8127975472E+00   -0.3483418059E+00    0.1830795207E+00    0.0000000000E+00    0.0000000000E+00    0.0000000000E+00    0.4945475422E-13    0.4945475422E-13    0.9999978526E+00    0.9999978526E+00
    5    0.4908333333E+01    0.0000000000E+00    0.4644557413E+00    0.3755017713E+00    0.0000000000E+00    0.0000000000E+00    0.0000000000E+00    0.0000000000E+00    0.0000000000E+00    0.0000000000E+00    0.3131152787E-16    0.3131154509E-16    0.9999992234E+00    0.9999992234E+00
    6    0.4908333333E+01    0.8127975472E+00   -0.3483418059E+00    0.3338925335E+00    0.8127975472E+00   -0.3483418059E+00    0.3338925335E+00    0.0000000000E+00    0.0000000000E+00    0.0000000000E+00    0.5352148291E-13    0.5352148291E-13    0.9999978150E+00    0.9999978150E+00
    7    0.4908333333E+01    0.0000000000E+00   -0.3483418059E+00   -0.2790933879E+00    0.0000000000E+00    0.0000000000E+00    0.0000000000E+00    0.0000000000E+00    0.0000000000E+00    0.0000000000E+00    0.3476531790E-14    0.3476531790E-14    0.9999987122E+00    0.9999987122E+00
    8    0.4908333333E+01    0.0000000000E+00   -0.3483418059E+00   -0.1068086645E+00    0.0000000000E+00    0.0000000000E+00    0.0000000000E+00    0.0000000000E+00    0.0000000000E+00    0.0000000000E+00    0.5831998494E-13    0.5831998494E-13    0.9999986333E+00    0.9999986333E+00
    9    0.4908333333E+01    0.8127975472E+00    0.4644557413E+00   -0.2105875488E+00    0.8127975472E+00    0.4644557413E+00   -0.2105875488E+00    0.0000000000E+00    0.0000000000E+00    0.0000000000E+00    0.1276459488E-14    0.1276459488E-14    0.9999984957E+00    0.9999984957E+00
    1    0.5166666667E+01    0.8127975472E+00    0.4644557413E+00   -0.1677098656E+00    0.8127975472E+00    0.4644557413E+00   -0.1677098656E+00    0.0000000000E+00    0.0000000000E+00    0.0000000000E+00    0.4601441182E-14    0.4601441182E-14    0.9999983377E+00    0.9999983377E+00
    2    0.5166666667E+01    0.8127975472E+00   -0.3483418059E+00    0.2424453739E+00    0.8127975472E+00   -0.3483418059E+00    0.2424453739E+00    0.0000000000E+00    0.0000000000E+00    0.0000000000E+00    0.4317639519E-13    0.4317639519E-13    0.9999978770E+00    0.9999978770E+00
    3    0.5166666667E+01    0.8127975472E+00   -0.3483418059E+00    0.3944913606E+00    0.8127975472E+00   -0.3483418059E+00    0.3944913606E+00    0.0000000000E+00    0.0000000000E+00    0.0000000000E+00    0.4241888260E-13    0.4241888260E-13    0.9999977713E+00    0.9999977713E+00
    4    0.5166666667E+01    0.0000000000E+00   -0.3483418059E+00   -0.2389688828E+00    0.0000000000E+00    0.0000000000E+00    0.0000000000E+00    0.0000000000E+00    0.0000000000E+00    0.0000000000E+00    0.8559924002E-14    0.8559924002E-14    0.9999986142E+00    0.9999986142E+00
    5    0.5166666667E+01    0.8127975472E+00    0.4644557413E+00   -0.1631754901E+00    0.8127975472E+00    0.4644557413E+00   -0.1631754901E+00    0.0000000000E+00    0.0000000000E+00    0.0000000000E+00    0.6753069782E-14    0.6753069783E-14    0.9999983370E+00    0.9999983370E+00
    6    0.5166666667E+01    0.0000000000E+00   -0.3483418059E+00   -0.5790269564E-01    0.0000000000E+00    0.0000000000E+00    0.0000000000E+00    0.0000000000E+00    0.0000000000E+00    0.0000000000E+00    0.4773089719E-12    0.4773089719E-12    0.9999979155E+00    0.9999979155E+00
    7    0.5166666667E+01    0.8127975472E+00   -0.3483418059E+00    0.2466981336E+00    0.8127975472E+00   -0.3483418059E+00    0.2466981336E+00    0.0000000000E+00    0.0000000000E+00    0.0000000000E+00    0.3944829027E-13    0.3944829027E-13    0.9999978913E+00    0.9999978913E+00
    8    0.5166666667E+01    0.0000000000E+00    0.4644557413E+00    0.3995365925E+00    0.0000000000E+00    0.0000000000E+00    0.0000000000E+00    0.0000000000E+00    0.0000000000E+00    0.0000000000E+00    0.1497714718E-15    0.1497714909E-15    0.9999991818E+00    0.9999991818E+00
    9    0.5166666667E+01    0.8127975472E+00   -0.3483418059E+00    0.3995461695E+00    0.8127975472E+00   -0.3483418059E+00    0.3995461695E+00    0.0000000000E+00    0.0000000000E+00    0.0000000000E+00    0.3905541099E-13    0.3905541099E-13    0.9999977787E+00    0.9999977787E+00
    1    0.5425000000E+01    0.8127975472E+00    0.4644557413E+00   -0.1155627476E+00    0.8127975472E+00    0.4644557413E+00   -0.1155627476E+00    0.0000000000E+00    0.0000000000E+00    0.0000000000E+00    0.1219777129E-12    0.1219777129E-12    0.9999979559E+00    0.9999979559E+00
    2    0.5425000000E+01    0.8127975472E+00   -0.3483418059E+00    0.4632113007E+00    0.8127975472E+00   -0.3483418059E+00    0.4632113007E+00    0.0000000000E+00    0.0000000000E+00    0.0000000000E+00    0.1552757468E-12    0.1552757468E-12    0.9999972950E+00    0.9999972950E+00
    3    0.5425000000E+01    0.8127975472E+00   -0.3483418059E+00    0.3050928918E+00    0.8127975472E+00   -0.3483418059E+00    0.3050928918E+00    0.0000000000E+00    0.0000000000E+00    0.0000000000E+00    0.6657098250E-14    0.6657098252E-14    0.9999977286E+00    0.9999977286E+00
    4    0.5425000000E+01    0.8127975472E+00    0.4644557413E+00   -0.1106947773E+00    0.8127975472E+00    0.4644557413E+00   -0.1106947773E+00    0.0000000000E+00    0.0000000000E+00    0.0000000000E+00    0.1468212563E-12    0.1468212623E-12    0.9999979247E+00    0.9999979247E+00
    5    0.5425000000E+01    0.0000000000E+00   -0.3483418059E+00   -0.1973871372E+00    0.0000000000E+00    0.0000000000E+00    0.0000000000E+00    0.0000000000E+00    0.0000000000E+00    0.0000000000E+00    0.1519455654E-15    0.1519455703E-15    0.9999984709E+00    0.9999984709E+00
    6    0.5425000000E+01    0.8127975472E+00   -0.3483418059E+00    0.4688843180E+00    0.8127975472E+00   -0.3483418059E+00    0.4688843180E+00    0.0000000000E+00    0.0000000000E+00    0.0000000000E+00    0.2044125711E-12    0.2044125711E-12    0.9999972404E+00    0.9999972404E+00
    7    0.5425000000E+01    0.8127975472E+00   -0.3483418059E+00    0.3090242869E+00    0.8127975472E+00   -0.3483418059E+00    0.3090242869E+00    0.0000000000E+00    0.0000000000E+00    0.0000000000E+00    0.7963420060E-14    0.7963420061E-14    0.9999977207E+00    0.9999977207E+00
    8    0.5425000000E+01    0.0000000000E+00    0.4644557413E+00    0.4236189473E+00    0.0000000000E+00    0.0000000000E+00    0.0000000000E+00    0.0000000000E+00    0.0000000000E+00    0.0000000000E+00    0.8554451894E-15    0.8554451898E-15    0.9999991389E+00    0.9999991389E+00
    1    0.5683333333E+01    0.8127975472E+00    0.4644557413E+00   -0.3909975220E-01    0.8127975472E+00    0.4644557413E+00   -0.3909975220E-01    0.0000000000E+00    0.0000000000E+00    0.0000000000E+00    0.3860922158E-11    0.3860922158E-11    0.9999949899E+00    0.9999949899E+00
    2    0.5683333333E+01    0.8127975472E+00   -0.3483418059E+00    0.3739213936E+00    0.8127975472E+00   -0.3483418059E+00    0.3739213936E+00    0.0000000000E+00    0.0000000000E+00    0.0000000000E+00    0.6569503940E-15    0.6569503941E-15    0.9999971308E+00    0.9999971308E+00
    3    0.5683333333E+01    0.0000000000E+00   -0.3483418059E+00   -0.1524155620E+00    0.0000000000E+00    0.0000000000E+00    0.0000000000E+00    0.0000000000E+00    0.0000000000E+00    0.0000000000E+00    0.1859874104E-13    0.1859874134E-13    0.9999982111E+00    0.9999982111E+00
    4    0.5683333333E+01    0.8127975472E+00    0.4644557413E+00   -0.2756391743E-01    0.8127975472E+00    0.4644557413E+00   -0.2756391743E-01    0.0000000000E+00    0.0000000000E+00    0.0000000000E+00    0.8134808050E-11    0.8134808050E-11    0.9999930986E+00    0.9999930986E+00
    5    0.5683333333E+01    0.8127975472E+00   -0.3483418059E+00    0.3781333758E+00    0.8127975472E+00   -0.3483418059E+00    0.3781333758E+00    0.0000000000E+00    0.0000000000E+00    0.0000000000E+00    0.2239081837E-15    0.2239081837E-15    0.9999970987E+00    0.9999970987E+00
    6    0.5683333333E+01    0.0000000000E+00    0.4644557413E+00    0.4477809141E+00    0.0000000000E+00    0.0000000000E+00    0.0000000000E+00    0.0000000000E+00    0.0000000000E+00    0.0000000000E+00    0.1815639589E-14    0.1815639615E-14    0.9999990946E+00    0.9999990946E+00
    1    0.5941666667E+01    0.8127975472E+00   -0.3483418059E+00    0.4824135812E+00    0.8127975472E+00   -0.3483418059E+00    0.4824135812E+00    0.0000000000E+00    0.0000000000E+00    0.0000000000E+00    0.2727522674E-11    0.2727522674E-11    0.9999919644E+00    0.9999919644E+00
    2    0.5941666667E+01    0.0000000000E+00    0.4644557413E+00    0.4720531244E+00    0.0000000000E+00    0.0000000000E+00    0.0000000000E+00    0.0000000000E+00    0.0000000000E+00    0.0000000000E+00    0.2479990969E-14    0.2480043039E-14    0.9999990492E+00    0.9999990492E+00
    3    0.5941666667E+01    0.8127975472E+00   -0.3483418059E+00    0.4924448129E+00    0.8127975472E+00   -0.3483418059E+00    0.4924448129E+00    0.0000000000E+00    0.0000000000E+00    0.0000000000E+00    0.5102056581E-11    0.5102056581E-11    0.9999905559E+00    0.9999905559E+00
    4    0.5941666667E+01    0.0000000000E+00   -0.3483418059E+00   -0.9875631390E-01    0.0000000000E+00    0.0000000000E+00    0.0000000000E+00    0.0000000000E+00    0.0000000000E+00    0.0000000000E+00    0.3201969574E-12    0.3201969574E-12    0.9999975480E+00    0.9999975480E+00
    1    0.6200000000E+01    0.0000000000E+00    0.4644557413E+00    0.4964655639E+00    0.0000000000E+00    0.0000000000E+00    0.0000000000E+00    0.0000000000E+00    0.0000000000E+00    0.0000000000E+00    0.2472593346E-14    0.2472593346E-14    0.9999990013E+00    0.9999990013E+00
    1    0.6458333333E+01    0.0000000000E+00    0.4644557413E+00    0.5210482052E+00    0.0000000000E+00    0.0000000000E+00    0.0000000000E+00    0.0000000000E+00    0.0000000000E+00    0.0000000000E+00    0.1738911661E-14    0.1738911661E-14    0.9999989521E+00    0.9999989521E+00
    1    0.6716666667E+01    0.0000000000E+00    0.4644557413E+00    0.5458316266E+00    0.0000000000E+00    0.0000000000E+00    0.0000000000E+00    0.0000000000E+00    0.0000000000E+00    0.0000000000E+00    0.7542988656E-15    0.7542988656E-15    0.9999989008E+00    0.9999989008E+00
    1    0.6975000000E+01    0.0000000000E+00    0.4644557413E+00    0.5708509077E+00    0.0000000000E+00    0.0000000000E+00    0.0000000000E+00    0.0000000000E+00    0.0000000000E+00    0.0000000000E+00    0.8041158529E-15    0.8041158529E-15    0.9999988459E+00    0.9999988459E+00
    1    0.7233333333E+01    0.0000000000E+00    0.4644557413E+00   -0.5533439873E+00    0.0000000000E+00    0.0000000000E+00    0.0000000000E+00    0.0000000000E+00    0.0000000000E+00    0.0000000000E+00    0.5698806748E-15    0.5698806748E-15    0.9999987914E+00    0.9999987914E+00
    1    0.7491666667E+01    0.0000000000E+00    0.4644557413E+00   -0.5277637386E+00    0.0000000000E+00    0.0000000000E+00    0.0000000000E+00    0.0000000000E+00    0.0000000000E+00    0.0000000000E+00    0.1759030053E-14    0.1759030053E-14    0.9999987328E+00    0.9999987328E+00
    2    0.7491666667E+01    0.0000000000E+00   -0.3483418059E+00    0.6265160227E-01    0.0000000000E+00    0.0000000000E+00    0.0000000000E+00    0.0000000000E+00    0.0000000000E+00    0.0000000000E+00    0.8033845335E-12    0.8033845335E-12    0.9999971782E+00    0.9999971782E+00
    1    0.7750000000E+01    0.0000000000E+00    0.4644557413E+00   -0.5018469078E+00    0.0000000000E+00    0.0000000000E+00    0.0000000000E+00    0.0000000000E+00    0.0000000000E+00    0.0000000000E+00    0.3112665953E-14    0.3112665953E-14    0.9999986711E+00    0.9999986711E+00
    2    0.7750000000E+01    0.0000000000E+00   -0.3483418059E+00    0.1095918742E+00    0.0000000000E+00    0.0000000000E+00    0.0000000000E+00    0.0000000000E+00    0.0000000000E+00    0.0000000000E+00    0.1284971489E-12    0.1284971489E-12    0.9999979063E+00    0.9999979063E+00
    1    0.8008333333E+01    0.0000000000E+00    0.4644557413E+00   -0.4755531383E+00    0.0000000000E+00    0.0000000000E+00    0.0000000000E+00    0.0000000000E+00    0.0000000000E+00    0.0000000000E+00    0.3696795092E-14    0.3696795092E-14    0.9999986060E+00    0.9999986060E+00
    2    0.8008333333E+01    0.0000000000E+00   -0.3483418059E+00    0.1483441333E+00    0.0000000000E+00    0.0000000000E+00    0.0000000000E+00    0.0000000000E+00    0.0000000000E+00    0.0000000000E+00    0.2000229936E-13    0.2000229936E-13    0.9999980474E+00    0.9999980474E+00
    1    0.8266666667E+01    0.8127975472E+00    0.4644557413E+00    0.4777650768E-01    0.8127975472E+00    0.4644557413E+00    0.4777650768E-01    0.0000000000E+00    0.0000000000E+00    0.0000000000E+00    0.4457178849E-11    0.4457178849E-11    0.9999943314E+00    0.9999943314E+00
    2    0.8266666667E+01    0.0000000000E+00    0.4644557413E+00   -0.4488388356E+00    0.0000000000E+00    0.0000000000E+00    0.0000000000E+00    0.0000000000E+00    0.0000000000E+00    0.0000000000E+00    0.3002179743E-14    0.3002179743E-14    0.9999985371E+00    0.9999985371E+00
    3    0.8266666667E+01    0.8127975472E+00    0.4644557413E+00    0.5430557036E-01    0.8127975472E+00    0.4644557413E+00    0.5430557036E-01    0.0000000000E+00    0.0000000000E+00    0.0000000000E+00    0.3184812477E-11    0.3184812477E-11    0.9999949810E+00    0.9999949810E+00
    4    0.8266666667E+01    0.0000000000E+00   -0.3483418059E+00    0.1846831290E+00    0.0000000000E+00    0.0000000000E+00    0.0000000000E+00    0.0000000000E+00    0.0000000000E+00    0.0000000000E+00    0.2975239325E-15    0.2975239325E-15    0.9999980541E+00    0.9999980541E+00
    1    0.8525000000E+01    0.8127975472E+00    0.4644557413E+00    0.1155948537E+00    0.8127975472E+00    0.4644557413E+00    0.1155948537E+00    0.0000000000E+00    0.0000000000E+00    0.0000000000E+00    0.2481374348E-12    0.2481374348E-12    0.9999970414E+00    0.9999970414E+00
    2    0.8525000000E+01    0.0000000000E+00    0.4644557413E+00   -0.4216563636E+00    0.0000000000E+00    0.0000000000E+00    0.0000000000E+00    0.0000000000E+00    0.0000000000E+00    0.0000000000E+00    0.1417388067E-14    0.1417388067E-14    0.9999984638E+00    0.9999984638E+00
    3    0.8525000000E+01    0.0000000000E+00   -0.3483418059E+00    0.2204029089E+00    0.0000000000E+00    0.0000000000E+00    0.0000000000E+00    0.0000000000E+00    0.0000000000E+00    0.0000000000E+00    0.2898561658E-14    0.2898561659E-14    0.9999979978E+00    0.9999979978E+00
    4    0.8525000000E+01    0.8127975472E+00    0.4644557413E+00    0.1187021542E+00    0.8127975472E+00    0.4644557413E+00    0.1187021542E+00    0.0000000000E+00    0.0000000000E+00    0.0000000000E+00    0.2111882666E-12    0.2111882666E-12    0.9999971048E+00    0.9999971048E+00
    1    0.8783333333E+01    0.8127975472E+00    0.4644557413E+00    0.1636635176E+00    0.8127975472E+00    0.4644557413E+00    0.1636635176E+00    0.0000000000E+00    0.0000000000E+00    0.0000000000E+00    0.1395163368E-13    0.1395163368E-13    0.9999974137E+00    0.9999974137E+00
    2    0.8783333333E+01    0.0000000000E+00    0.4644557413E+00   -0.3939533086E+00    0.0000000000E+00    0.0000000000E+00    0.0000000000E+00    0.0000000000E+00    0.0000000000E+00    0.0000000000E+00    0.1332769555E-15    0.1332769555E-15    0.9999983858E+00    0.9999983858E+00
    3    0.8783333333E+01    0.0000000000E+00   -0.3483418059E+00    0.2564539719E+00    0.0000000000E+00    0.0000000000E+00    0.0000000000E+00    0.0000000000E+00    0.0000000000E+00    0.0000000000E+00    0.7258971943E-14    0.7258971943E-14    0.9999978966E+00    0.9999978966E+00
    4    0.8783333333E+01    0.8127975472E+00    0.4644557413E+00    0.1660498110E+00    0.8127975472E+00    0.4644557413E+00    0.1660498110E+00    0.0000000000E+00    0.0000000000E+00    0.0000000000E+00    0.1091969384E-13    0.1091969384E-13    0.9999974407E+00    0.9999974407E+00
    1    0.9041666667E+01    0.8127975472E+00    0.4644557413E+00    0.2069188595E+00    0.8127975472E+00    0.4644557413E+00    0.2069188595E+00    0.0000000000E+00    0.0000000000E+00    0.0000000000E+00    0.1716075205E-14    0.1716075207E-14    0.9999974968E+00    0.9999974968E+00
    2    0.9041666667E+01    0.0000000000E+00    0.4644557413E+00   -0.3656716356E+00    0.0000000000E+00    0.0000000000E+00    0.0000000000E+00    0.0000000000E+00    0.0000000000E+00    0.0000000000E+00    0.3644865648E-15    0.3644865679E-15    0.9999983022E+00    0.9999983022E+00
    3    0.9041666667E+01    0.0000000000E+00   -0.3483418059E+00    0.8633269064E-01    0.0000000000E+00    0.0000000000E+00    0.0000000000E+00    0.0000000000E+00    0.0000000000E+00    0.0000000000E+00    0.1480699517E-11    0.1480699518E-11    0.9999954858E+00    0.9999954858E+00
    4    0.9041666667E+01    0.0000000000E+00   -0.3483418059E+00    0.2935524023E+00    0.0000000000E+00    0.0000000000E+00    0.0000000000E+00    0.0000000000E+00    0.0000000000E+00    0.0000000000E+00    0.7489981191E-14    0.7489981220E-14    0.9999977549E+00    0.9999977549E+00
    5    0.9041666667E+01    0.8127975472E+00    0.4644557413E+00    0.2089527809E+00    0.8127975472E+00    0.4644557413E+00    0.2089527809E+00    0.0000000000E+00    0.0000000000E+00    0.0000000000E+00    0.2053343114E-14    0.2053343115E-14    0.9999975125E+00    0.9999975125E+00
    1    0.9300000000E+01    0.8127975472E+00    0.4644557413E+00    0.2486488668E+00    0.8127975472E+00    0.4644557413E+00    0.2486488668E+00    0.0000000000E+00    0.0000000000E+00    0.0000000000E+00    0.7680860679E-14    0.7680860679E-14    0.9999974620E+00    0.9999974620E+00
    2    0.9300000000E+01    0.0000000000E+00    0.4644557413E+00   -0.3367466798E+00    0.0000000000E+00    0.4644557413E+00    0.8127226352E+00   -0.2054756381E-10    0.4652982022E+01    0.2046165625E+01    0.2309110852E-14    0.2309110854E-14    0.9999982124E+00    0.9999982124E+00
    3    0.9300000000E+01    0.0000000000E+00   -0.3483418059E+00    0.1486173201E+00    0.0000000000E+00    0.0000000000E+00    0.0000000000E+00    0.0000000000E+00    0.0000000000E+00    0.0000000000E+00    0.9604517798E-13    0.9604517798E-13    0.9999966629E+00    0.9999966629E+00
    4    0.9300000000E+01    0.8127975472E+00    0.4644557413E+00    0.2504711782E+00    0.8127975472E+00    0.4644557413E+00    0.2504711782E+00    0.0000000000E+00    0.0000000000E+00    0.0000000000E+00    0.7545051597E-14    0.7545051597E-14    0.9999974721E+00    0.9999974721E+00
    5    0.9300000000E+01    0.0000000000E+00   -0.3483418059E+00    0.3324168301E+00    0.0000000000E+00    0.0000000000E+00    0.0000000000E+00    0.0000000000E+00    0.0000000000E+00    0.0000000000E+00    0.1785588781E-13    0.1785588781E-13    0.9999975564E+00    0.9999975564E+00
    1    0.9558333333E+01    0.8127975472E+00    0.4644557413E+00    0.2904731191E+00    0.8127975472E+00    0.4644557413E+00    0.2904731191E+00    0.0000000000E+00    0.0000000000E+00    0.0000000000E+00    0.4871861417E-14    0.4871861417E-14    0.9999973452E+00    0.9999973452E+00
    2    0.9558333333E+01    0.0000000000E+00    0.4644557413E+00   -0.3071059137E+00    0.0000000000E+00    0.0000000000E+00    0.0000000000E+00    0.0000000000E+00    0.0000000000E+00    0.0000000000E+00    0.4672531861E-14    0.4672531861E-14    0.9999981155E+00    0.9999981155E+00
    3    0.9558333333E+01    0.0000000000E+00   -0.3483418059E+00    0.2004063439E+00    0.0000000000E+00    0.0000000000E+00    0.0000000000E+00    0.0000000000E+00    0.0000000000E+00    0.0000000000E+00    0.4407376628E-13    0.4407376628E-13    0.9999968572E+00    0.9999968572E+00
    4    0.9558333333E+01    0.0000000000E+00   -0.3483418059E+00    0.3739542169E+00    0.0000000000E+00    0.0000000000E+00    0.0000000000E+00    0.0000000000E+00    0.0000000000E+00    0.0000000000E+00    0.4255484776E-13    0.4255484776E-13    0.9999972841E+00    0.9999972841E+00
    5    0.9558333333E+01    0.8127975472E+00    0.4644557413E+00    0.2921641226E+00    0.8127975472E+00    0.4644557413E+00    0.2921641226E+00    0.0000000000E+00    0.0000000000E+00    0.0000000000E+00    0.4634985177E-14    0.4634985177E-14    0.9999973514E+00    0.9999973514E+00
    1    0.9816666667E+01    0.8127975472E+00    0.4644557413E+00    0.3336803104E+00    0.8127975472E+00    0.4644557413E+00    0.3336803104E+00    0.0000000000E+00    0.0000000000E+00    0.0000000000E+00    0.2229616898E-14    0.2229616902E-14    0.9999971400E+00    0.9999971400E+00
    2    0.9816666667E+01    0.0000000000E+00    0.4644557413E+00   -0.2766674038E+00    0.0000000000E+00    0.0000000000E+00    0.0000000000E+00    0.0000000000E+00    0.0000000000E+00    0.0000000000E+00    0.5413602008E-14    0.5416429856E-14    0.9999980091E+00    0.9999980091E+00
    3    0.9816666667E+01    0.0000000000E+00   -0.3483418059E+00    0.2503262962E+00    0.0000000000E+00    0.0000000000E+00    0.0000000000E+00    0.0000000000E+00    0.0000000000E+00    0.0000000000E+00    0.6260426132E-13    0.6260426132E-13    0.9999967496E+00    0.9999967496E+00
    4    0.9816666667E+01    0.8127975472E+00    0.4644557413E+00    0.3353061643E+00    0.8127975472E+00    0.4644557413E+00    0.3353061643E+00    0.0000000000E+00    0.0000000000E+00    0.0000000000E+00    0.2278228798E-14    0.2278228799E-14    0.9999971419E+00    0.9999971419E+00
    5    0.9816666667E+01    0.0000000000E+00   -0.3483418059E+00    0.4195540029E+00    0.0000000000E+00    0.0000000000E+00    0.0000000000E+00    0.0000000000E+00    0.0000000000E+00    0.0000000000E+00    0.4132775878E-13    0.4132775880E-13    0.9999968848E+00    0.9999968848E+00
    1    0.1007500000E+02    0.8127975472E+00   -0.3483418059E+00   -0.4153229763E+00    0.8127975472E+00   -0.3483418059E+00   -0.4153229763E+00    0.0000000000E+00    0.0000000000E+00    0.0000000000E+00    0.9744781413E-13    0.9744781413E-13    0.9999940511E+00    0.9999940511E+00
    2    0.1007500000E+02    0.8127975472E+00    0.4644557413E+00    0.3798695923E+00    0.8127975472E+00    0.4644557413E+00    0.3798695923E+00    0.0000000000E+00    0.0000000000E+00    0.0000000000E+00    0.6040461341E-16    0.6040461460E-16    0.9999967940E+00    0.9999967940E+00
    3    0.1007500000E+02    0.0000000000E+00    0.4644557413E+00   -0.2453378375E+00    0.0000000000E+00    0.0000000000E+00    0.0000000000E+00    0.0000000000E+00    0.0000000000E+00    0.0000000000E+00    0.3614389016E-14    0.3614389016E-14    0.9999978958E+00    0.9999978958E+00
    4    0.1007500000E+02    0.8127975472E+00   -0.3483418059E+00   -0.4146552131E+00    0.8127975472E+00   -0.3483418059E+00   -0.4146552131E+00    0.0000000000E+00    0.0000000000E+00    0.0000000000E+00    0.9301714498E-13    0.9301714498E-13    0.9999940799E+00    0.9999940799E+00
    5    0.1007500000E+02    0.0000000000E+00   -0.3483418059E+00    0.3027481701E+00    0.0000000000E+00    0.0000000000E+00    0.0000000000E+00    0.0000000000E+00    0.0000000000E+00    0.0000000000E+00    0.1891065822E-13    0.1891065822E-13    0.9999963336E+00    0.9999963336E+00
    6    0.1007500000E+02    0.8127975472E+00    0.4644557413E+00    0.3815153866E+00    0.8127975472E+00    0.4644557413E+00    0.3815153866E+00    0.0000000000E+00    0.0000000000E+00    0.0000000000E+00    0.1652772099E-16    0.1652772163E-16    0.9999967885E+00    0.9999967885E+00
    7    0.1007500000E+02    0.0000000000E+00   -0.3483418059E+00    0.4718453609E+00    0.0000000000E+00    0.0000000000E+00    0.0000000000E+00    0.0000000000E+00    0.0000000000E+00    0.0000000000E+00    0.7829340552E-14    0.7829340552E-14    0.9999962148E+00    0.9999962148E+00
    1    0.1033333333E+02    0.8127975472E+00   -0.3483418059E+00   -0.3385072259E+00    0.8127975472E+00   -0.3483418059E+00   -0.3385072259E+00    0.0000000000E+00    0.0000000000E+00    0.0000000000E+00    0.4576919453E-13    0.4576919453E-13    0.9999953027E+00    0.9999953027E+00
    2    0.1033333333E+02    0.8127975472E+00    0.4644557413E+00    0.4321204186E+00    0.8127975472E+00    0.4644557413E+00    0.4321204186E+00    0.0000000000E+00    0.0000000000E+00    0.0000000000E+00    0.7923981257E-13    0.7923981257E-13    0.9999961085E+00    0.9999961085E+00
    3    0.1033333333E+02    0.0000000000E+00    0.4644557413E+00   -0.2130099297E+00    0.0000000000E+00    0.0000000000E+00    0.0000000000E+00    0.0000000000E+00    0.0000000000E+00    0.0000000000E+00    0.7865328331E-15    0.7865328331E-15    0.9999977702E+00    0.9999977702E+00
    4    0.1033333333E+02    0.8127975472E+00   -0.3483418059E+00   -0.3380609222E+00    0.8127975472E+00   -0.3483418059E+00   -0.3380609222E+00    0.0000000000E+00    0.0000000000E+00    0.0000000000E+00    0.4719346112E-13    0.4719346113E-13    0.9999953101E+00    0.9999953101E+00
    5    0.1033333333E+02    0.0000000000E+00   -0.3483418059E+00    0.3649842189E+00    0.0000000000E+00    0.0000000000E+00    0.0000000000E+00    0.0000000000E+00    0.0000000000E+00    0.0000000000E+00    0.8156158002E-12    0.8156158002E-12    0.9999950396E+00    0.9999950396E+00
    6    0.1033333333E+02    0.8127975472E+00    0.4644557413E+00    0.4339714879E+00    0.8127975472E+00    0.4644557413E+00    0.4339714879E+00    0.0000000000E+00    0.0000000000E+00    0.0000000000E+00    0.9165052241E-13    0.9165052241E-13    0.9999960816E+00    0.9999960816E+00
    7    0.1033333333E+02    0.0000000000E+00   -0.3483418059E+00    0.5378748021E+00    0.0000000000E+00    0.0000000000E+00    0.0000000000E+00    0.0000000000E+00    0.0000000000E+00    0.0000000000E+00    0.8286810534E-12    0.8286810534E-12    0.9999946386E+00    0.9999946386E+00
    1    0.1059166667E+02    0.8127975472E+00    0.4644557413E+00    0.5018185501E+00    0.8127975472E+00    0.4644557413E+00    0.5018185501E+00    0.0000000000E+00    0.0000000000E+00    0.0000000000E+00    0.3385711559E-11    0.3385711559E-11    0.9999934989E+00    0.9999934989E+00
    2    0.1059166667E+02    0.8127975472E+00   -0.3483418059E+00   -0.2713249846E+00    0.8127975472E+00   -0.3483418059E+00   -0.2713249846E+00    0.0000000000E+00    0.0000000000E+00    0.0000000000E+00    0.2678680932E-12    0.2678680932E-12    0.9999952033E+00    0.9999952033E+00
    3    0.1059166667E+02    0.8127975472E+00   -0.3483418059E+00   -0.5043845636E+00    0.8127975472E+00   -0.3483418059E+00   -0.5043845636E+00    0.0000000000E+00    0.0000000000E+00    0.0000000000E+00    0.5226817000E-11    0.5226817000E-11    0.9999925051E+00    0.9999925051E+00
    4    0.1059166667E+02    0.0000000000E+00    0.4644557413E+00   -0.1795589099E+00    0.0000000000E+00    0.0000000000E+00    0.0000000000E+00    0.0000000000E+00    0.0000000000E+00    0.0000000000E+00    0.2818245174E-15    0.2818245174E-15    0.9999976316E+00    0.9999976316E+00
    5    0.1059166667E+02    0.8127975472E+00   -0.3483418059E+00   -0.2709447771E+00    0.8127975472E+00   -0.3483418059E+00   -0.2709447771E+00    0.0000000000E+00    0.0000000000E+00    0.0000000000E+00    0.2453691562E-12    0.2453691562E-12    0.9999954755E+00    0.9999954755E+00
    6    0.1059166667E+02    0.8127975472E+00    0.4644557413E+00    0.5048840529E+00    0.8127975472E+00    0.4644557413E+00    0.5048840529E+00    0.0000000000E+00    0.0000000000E+00    0.0000000000E+00    0.3944908272E-11    0.3944908272E-11    0.9999932496E+00    0.9999932496E+00
    7    0.1059166667E+02    0.8127975472E+00   -0.3483418059E+00   -0.5063668276E+00    0.8127975472E+00   -0.3483418059E+00   -0.5063668276E+00    0.0000000000E+00    0.0000000000E+00    0.0000000000E+00    0.5760520008E-11    0.5760520008E-11    0.9999920512E+00    0.9999920512E+00
    1    0.1085000000E+02    0.8127975472E+00   -0.3483418059E+00   -0.2015410496E+00    0.8127975472E+00   -0.3483418059E+00   -0.2015410496E+00    0.0000000000E+00    0.0000000000E+00    0.0000000000E+00    0.1402326361E-12    0.1402326361E-12    0.9999947640E+00    0.9999947640E+00
    2    0.1085000000E+02    0.8127975472E+00   -0.3483418059E+00   -0.4249457028E+00    0.8127975472E+00   -0.3483418059E+00   -0.4249457028E+00    0.0000000000E+00    0.0000000000E+00    0.0000000000E+00    0.2087269766E-12    0.2087269766E-12    0.9999952463E+00    0.9999952463E+00
    3    0.1085000000E+02    0.0000000000E+00    0.4644557413E+00   -0.1448375667E+00    0.0000000000E+00    0.0000000000E+00    0.0000000000E+00    0.0000000000E+00    0.0000000000E+00    0.0000000000E+00    0.4001191556E-14    0.4001191556E-14    0.9999974776E+00    0.9999974776E+00
    4    0.1085000000E+02    0.8127975472E+00   -0.3483418059E+00   -0.2011594997E+00    0.8127975472E+00   -0.3483418059E+00   -0.2011594997E+00    0.0000000000E+00    0.0000000000E+00    0.0000000000E+00    0.1218851248E-12    0.1218851248E-12    0.9999946398E+00    0.9999946398E+00
    5    0.1085000000E+02    0.8127975472E+00   -0.3483418059E+00   -0.4261649370E+00    0.8127975472E+00   -0.3483418059E+00   -0.4261649370E+00    0.0000000000E+00    0.0000000000E+00    0.0000000000E+00    0.2336593293E-12    0.2336593293E-12    0.9999953544E+00    0.9999953544E+00
    1    0.1110833333E+02    0.8127975472E+00   -0.3483418059E+00   -0.3640305045E+00    0.8127975472E+00   -0.3483418059E+00   -0.3640305045E+00    0.0000000000E+00    0.0000000000E+00    0.0000000000E+00    0.1962950067E-12    0.1962950067E-12    0.9999958220E+00    0.9999958220E+00
    2    0.1110833333E+02    0.8127975472E+00   -0.3483418059E+00   -0.1127349422E+00    0.8127975472E+00   -0.3483418059E+00   -0.1127349422E+00    0.0000000000E+00    0.0000000000E+00    0.0000000000E+00    0.3089338269E-11    0.3089338269E-11    0.9999915805E+00    0.9999915805E+00
    3    0.1110833333E+02    0.8127975472E+00   -0.3483418059E+00   -0.3651937075E+00    0.8127975472E+00   -0.3483418059E+00   -0.3651937075E+00    0.0000000000E+00    0.0000000000E+00    0.0000000000E+00    0.1561181366E-13    0.1561181366E-13    0.9999955899E+00    0.9999955899E+00
    4    0.1110833333E+02    0.8127975472E+00   -0.3483418059E+00   -0.1121897366E+00    0.8127975472E+00   -0.3483418059E+00   -0.1121897366E+00    0.0000000000E+00    0.0000000000E+00    0.0000000000E+00    0.3351307029E-11    0.3351307029E-11    0.9999917817E+00    0.9999917817E+00
    5    0.1110833333E+02    0.0000000000E+00    0.4644557413E+00   -0.1086688657E+00    0.0000000000E+00    0.0000000000E+00    0.0000000000E+00    0.0000000000E+00    0.0000000000E+00    0.0000000000E+00    0.9447594096E-14    0.9447594096E-14    0.9999973047E+00    0.9999973047E+00
    1    0.1136666667E+02    0.8127975472E+00   -0.3483418059E+00   -0.3065768020E+00    0.8127975472E+00   -0.3483418059E+00   -0.3065768020E+00    0.0000000000E+00    0.0000000000E+00    0.0000000000E+00    0.4113674871E-13    0.4113674871E-13    0.9999957077E+00    0.9999957077E+00
    2    0.1136666667E+02    0.0000000000E+00    0.4644557413E+00   -0.7083386074E-01    0.0000000000E+00    0.0000000000E+00    0.0000000000E+00    0.0000000000E+00    0.0000000000E+00    0.0000000000E+00    0.1160784126E-13    0.1160784126E-13    0.9999971082E+00    0.9999971082E+00
    3    0.1136666667E+02    0.8127975472E+00   -0.3483418059E+00   -0.3078304432E+00    0.8127975472E+00   -0.3483418059E+00   -0.3078304432E+00    0.0000000000E+00    0.0000000000E+00    0.0000000000E+00    0.4086167480E-13    0.4086167480E-13    0.9999957187E+00    0.9999957187E+00
    1    0.1162500000E+02    0.8127975472E+00   -0.3483418059E+00   -0.2475632521E+00    0.8127975472E+00   -0.3483418059E+00   -0.2475632521E+00    0.0000000000E+00    0.0000000000E+00    0.0000000000E+00    0.5293723893E-13    0.5293723893E-13    0.9999953227E+00    0.9999953227E+00
    2    0.1162500000E+02    0.0000000000E+00   -0.3483418059E+00    0.2728490031E+00    0.0000000000E+00    0.0000000000E+00    0.0000000000E+00    0.0000000000E+00    0.0000000000E+00    0.0000000000E+00    0.4265173771E-11    0.4265173771E-11    0.9999741395E+00    0.9999741395E+00
    3    0.1162500000E+02    0.0000000000E+00    0.4644557413E+00   -0.3104436690E-01    0.0000000000E+00    0.0000000000E+00    0.0000000000E+00    0.0000000000E+00    0.0000000000E+00    0.0000000000E+00    0.1232525893E-13    0.1232525894E-13    0.9999968790E+00    0.9999968790E+00
    4    0.1162500000E+02    0.8127975472E+00   -0.3483418059E+00   -0.2490324788E+00    0.8127975472E+00   -0.3483418059E+00   -0.2490324788E+00    0.0000000000E+00    0.0000000000E+00    0.0000000000E+00    0.5370478573E-13    0.5370478573E-13    0.9999953456E+00    0.9999953456E+00
    1    0.1188333333E+02    0.8127975472E+00   -0.3483418059E+00   -0.1816925446E+00    0.8127975472E+00   -0.3483418059E+00   -0.1816925446E+00    0.0000000000E+00    0.0000000000E+00    0.0000000000E+00    0.8447411609E-14    0.8447411611E-14    0.9999943576E+00    0.9999943576E+00
    2    0.1188333333E+02    0.0000000000E+00   -0.3483418059E+00    0.4634298173E+00    0.0000000000E+00    0.0000000000E+00    0.0000000000E+00    0.0000000000E+00    0.0000000000E+00    0.0000000000E+00    0.2050281824E-13    0.2050281887E-13    0.9999912121E+00    0.9999912121E+00
    3    0.1188333333E+02    0.8127975472E+00   -0.3483418059E+00   -0.1836217296E+00    0.8127975472E+00   -0.3483418059E+00   -0.1836217296E+00    0.0000000000E+00    0.0000000000E+00    0.0000000000E+00    0.5219391484E-14    0.5219391484E-14    0.9999944126E+00    0.9999944126E+00
    4    0.1188333333E+02    0.0000000000E+00    0.4644557413E+00    0.1089397382E-01    0.0000000000E+00    0.0000000000E+00    0.0000000000E+00    0.0000000000E+00    0.0000000000E+00    0.0000000000E+00    0.4866578802E-13    0.4866578803E-13    0.9999965833E+00    0.9999965833E+00
    1    0.1214166667E+02    0.8127975472E+00    0.4644557413E+00   -0.3247612641E+00    0.8127975472E+00    0.4644557413E+00   -0.3247612641E+00    0.0000000000E+00    0.0000000000E+00    0.0000000000E+00    0.6318794754E-12    0.6318794754E-12    0.9999738400E+00    0.9999738400E+00
    2    0.1214166667E+02    0.8127975472E+00   -0.3483418059E+00   -0.9291592153E-01    0.8127975472E+00   -0.3483418059E+00   -0.9291592153E-01    0.0000000000E+00    0.0000000000E+00    0.0000000000E+00    0.5939515003E-11    0.5939515003E-11    0.9999903606E+00    0.9999903606E+00
    3    0.1214166667E+02    0.0000000000E+00   -0.3483418059E+00    0.5600743751E+00    0.0000000000E+00    0.0000000000E+00    0.0000000000E+00    0.0000000000E+00    0.0000000000E+00    0.0000000000E+00    0.3081364421E-15    0.3081364424E-15    0.9999928730E+00    0.9999928730E+00
    4    0.1214166667E+02    0.8127975472E+00    0.4644557413E+00   -0.3456879945E+00    0.8127975472E+00    0.4644557413E+00   -0.3456879945E+00    0.0000000000E+00    0.0000000000E+00    0.0000000000E+00    0.1638272219E-12    0.1638272219E-12    0.9999782043E+00    0.9999782043E+00
    5    0.1214166667E+02    0.0000000000E+00    0.4644557413E+00    0.5589704672E-01    0.0000000000E+00    0.0000000000E+00    0.0000000000E+00    0.0000000000E+00    0.0000000000E+00    0.0000000000E+00    0.1451561052E-13    0.1451561052E-13    0.9999962859E+00    0.9999962859E+00
    6    0.1214166667E+02    0.8127975472E+00   -0.3483418059E+00   -0.9654739059E-01    0.8127975472E+00   -0.3483418059E+00   -0.9654739059E-01    0.0000000000E+00    0.0000000000E+00    0.0000000000E+00    0.5024304737E-11    0.5024304737E-11    0.9999907178E+00    0.9999907178E+00
    1    0.1240000000E+02    0.0000000000E+00   -0.3483418059E+00   -0.4974804188E+00    0.0000000000E+00    0.0000000000E+00    0.0000000000E+00    0.0000000000E+00    0.0000000000E+00    0.0000000000E+00    0.1944195494E-13    0.1944195494E-13    0.9999920021E+00    0.9999920021E+00
    2    0.1240000000E+02    0.0000000000E+00    0.4644557413E+00    0.1045332426E+00    0.0000000000E+00    0.0000000000E+00    0.0000000000E+00    0.0000000000E+00    0.0000000000E+00    0.0000000000E+00    0.1325984254E-13    0.1325984254E-13    0.9999958547E+00    0.9999958547E+00
    1    0.1265833333E+02    0.0000000000E+00   -0.3483418059E+00   -0.3807241729E+00    0.0000000000E+00    0.0000000000E+00    0.0000000000E+00    0.0000000000E+00    0.0000000000E+00    0.0000000000E+00    0.4084508016E-15    0.4084508079E-15    0.9999876925E+00    0.9999876925E+00
    2    0.1265833333E+02    0.0000000000E+00    0.4644557413E+00    0.1585655571E+00    0.0000000000E+00    0.0000000000E+00    0.0000000000E+00    0.0000000000E+00    0.0000000000E+00    0.0000000000E+00    0.2101112303E-14    0.2101112303E-14    0.9999952005E+00    0.9999952005E+00
    1    0.1291666667E+02    0.0000000000E+00    0.4644557413E+00    0.2224585306E+00    0.0000000000E+00    0.0000000000E+00    0.0000000000E+00    0.0000000000E+00    0.0000000000E+00    0.0000000000E+00    0.1789004365E-18    0.1789004365E-18    0.9999938737E+00    0.9999938737E+00
    1    0.1317500000E+02    0.0000000000E+00    0.4644557413E+00    0.3127916878E+00    0.0000000000E+00    0.0000000000E+00    0.0000000000E+00    0.0000000000E+00    0.0000000000E+00    0.0000000000E+00    0.1275599417E-12    0.1275599417E-12    0.9999899531E+00    0.9999899531E+00
    1    0.1343333333E+02    0.8127975472E+00   -0.3483418059E+00    0.1249704512E+00    0.8127975472E+00   -0.3483418059E+00    0.1249704512E+00    0.0000000000E+00    0.0000000000E+00    0.0000000000E+00    0.2906487929E-10    0.2906487929E-10    0.9999745950E+00    0.9999745950E+00
    2    0.1343333333E+02    0.0000000000E+00    0.4644557413E+00    0.3901570071E+00    0.0000000000E+00    0.0000000000E+00    0.0000000000E+00    0.0000000000E+00    0.0000000000E+00    0.0000000000E+00    0.4206470002E-14    0.4206470003E-14    0.9999805101E+00    0.9999805101E+00
    3    0.1343333333E+02    0.8127975472E+00   -0.3483418059E+00    0.4659520783E+00    0.8127975472E+00   -0.3483418059E+00    0.4659520783E+00    0.0000000000E+00    0.0000000000E+00    0.0000000000E+00    0.4490833177E-09    0.4490833177E-09    0.9999053643E+00    0.9999053643E+00
    4    0.1343333333E+02    0.8127975472E+00   -0.3483418059E+00    0.1153958828E+00    0.8127975472E+00   -0.3483418059E+00    0.1153958828E+00    0.0000000000E+00    0.0000000000E+00    0.0000000000E+00    0.1024685310E-10    0.1024685310E-10    0.9999750732E+00    0.9999750732E+00
    5    0.1343333333E+02    0.0000000000E+00    0.4644557413E+00    0.1848989740E+00    0.0000000000E+00    0.4644557413E+00   -0.9645703410E+00    0.5183450514E-15    0.7837064977E+00    0.1077908162E+01    0.2324261302E-11    0.2324261302E-11    0.9999756728E+00    0.9999756728E+00
    6    0.1343333333E+02    0.0000000000E+00    0.4644557413E+00    0.4465323014E+00    0.0000000000E+00    0.0000000000E+00    0.0000000000E+00    0.0000000000E+00    0.0000000000E+00    0.0000000000E+00    0.1830690073E-11    0.1830690073E-11    0.9999860465E+00    0.9999860465E+00
    7    0.1343333333E+02    0.8127975472E+00   -0.3483418059E+00    0.4191718212E+00    0.8127975472E+00   -0.3483418059E+00    0.4191718212E+00    0.0000000000E+00    0.0000000000E+00    0.0000000000E+00    0.4521405352E-10    0.4521405352E-10    0.9999310929E+00    0.9999310929E+00
    1    0.1369166667E+02    0.0000000000E+00   -0.3483418059E+00    0.1967658061E+00    0.0000000000E+00    0.0000000000E+00    0.0000000000E+00    0.0000000000E+00    0.0000000000E+00    0.0000000000E+00    0.2908987968E-13    0.2908987968E-13    0.9999827144E+00    0.9999827144E+00
    2    0.1369166667E+02    0.0000000000E+00    0.4644557413E+00    0.5445630568E+00    0.0000000000E+00    0.0000000000E+00    0.0000000000E+00    0.0000000000E+00    0.0000000000E+00    0.0000000000E+00    0.7350194402E-12    0.7350194402E-12    0.9999891173E+00    0.9999891173E+00
    3    0.1369166667E+02    0.0000000000E+00    0.4644557413E+00    0.3316621085E+00    0.0000000000E+00    0.0000000000E+00    0.0000000000E+00    0.0000000000E+00    0.0000000000E+00    0.0000000000E+00    0.1774773614E-12    0.1774773614E-12    0.9999914774E+00    0.9999914774E+00
    4    0.1369166667E+02    0.0000000000E+00    0.4644557413E+00    0.5630732893E+00    0.0000000000E+00    0.0000000000E+00    0.0000000000E+00    0.0000000000E+00    0.0000000000E+00    0.0000000000E+00    0.5757309187E-12    0.5757309187E-12    0.9999902860E+00    0.9999902860E+00
    1    0.1395000000E+02    0.0000000000E+00   -0.3483418059E+00    0.8716988611E-01    0.0000000000E+00    0.0000000000E+00    0.0000000000E+00    0.0000000000E+00    0.0000000000E+00    0.0000000000E+00    0.3071504400E-09    0.3071504400E-09    0.9999408560E+00    0.9999408560E+00
    2    0.1395000000E+02    0.0000000000E+00    0.4644557413E+00   -0.4995169642E+00    0.0000000000E+00    0.0000000000E+00    0.0000000000E+00    0.0000000000E+00    0.0000000000E+00    0.0000000000E+00    0.1854476276E-12    0.1854476276E-12    0.9999910368E+00    0.9999910368E+00
    3    0.1395000000E+02    0.0000000000E+00   -0.3483418059E+00    0.3701404561E+00    0.0000000000E+00   -0.3483418059E+00   -0.7793288590E+00    0.9874700760E-11   -0.8513402123E+00    0.1110470557E+01    0.1939197004E-11    0.1939197004E-11    0.9999835018E+00    0.9999835018E+00
    4    0.1395000000E+02    0.8127975472E+00    0.4644557413E+00    0.3090293419E+00    0.8127975472E+00    0.4644557413E+00    0.3090293419E+00    0.0000000000E+00    0.0000000000E+00    0.0000000000E+00    0.5637549588E-11    0.5637549588E-11    0.9999786012E+00    0.9999786012E+00
    5    0.1395000000E+02    0.0000000000E+00    0.4644557413E+00   -0.4893503356E+00    0.0000000000E+00    0.0000000000E+00    0.0000000000E+00    0.0000000000E+00    0.0000000000E+00    0.0000000000E+00    0.4174076149E-12    0.4174076149E-12    0.9999913918E+00    0.9999913918E+00
    6    0.1395000000E+02    0.8127975472E+00    0.4644557413E+00    0.3083966126E+00    0.8127975472E+00    0.4644557413E+00    0.3083966126E+00    0.0000000000E+00    0.0000000000E+00    0.0000000000E+00    0.5827935120E-11    0.5827935120E-11    0.9999788305E+00    0.9999788305E+00
    7    0.1395000000E+02    0.0000000000E+00    0.4644557413E+00    0.4237129436E+00    0.0000000000E+00    0.0000000000E+00    0.0000000000E+00    0.0000000000E+00    0.0000000000E+00    0.0000000000E+00    0.1370098880E-12    0.1370098880E-12    0.9999918292E+00    0.9999918292E+00
    1    0.1420833333E+02    0.0000000000E+00    0.4644557413E+00   -0.4047490271E+00    0.0000000000E+00    0.0000000000E+00    0.0000000000E+00    0.0000000000E+00    0.0000000000E+00    0.0000000000E+00    0.2408095469E-13    0.2408095469E-13    0.9999912578E+00    0.9999912578E+00
    2    0.1420833333E+02    0.0000000000E+00   -0.3483418059E+00   -0.1850371217E+00    0.0000000000E+00    0.0000000000E+00    0.0000000000E+00    0.0000000000E+00    0.0000000000E+00    0.0000000000E+00    0.1403087561E-06    0.1403087561E-06    0.9990401560E+00    0.9990401560E+00
    3    0.1420833333E+02    0.0000000000E+00   -0.3483418059E+00    0.2486482891E+00    0.0000000000E+00   -0.3483418059E+00    0.2486482891E+00   -0.2400713714E-11    0.2687995060E+01   -0.1808910315E+01    0.1429627796E-06    0.1429627796E-06    0.9991470190E+00    0.9991470190E+00
    4    0.1420833333E+02    0.0000000000E+00    0.4644557413E+00   -0.3977964645E+00    0.0000000000E+00    0.4644557413E+00   -0.3977964645E+00    0.2796169307E-10   -0.1130557356E+00    0.9532774288E+00    0.8163428366E-13    0.8163428569E-13    0.9999914462E+00    0.9999914462E+00
    5    0.1420833333E+02    0.0000000000E+00   -0.3483418059E+00    0.4462829967E+00    0.0000000000E+00    0.0000000000E+00    0.0000000000E+00    0.0000000000E+00    0.0000000000E+00    0.0000000000E+00    0.2892951171E-08    0.2892951171E-08    0.9998712346E+00    0.9998712346E+00
    6    0.1420833333E+02    0.0000000000E+00    0.4644557413E+00    0.5179074860E+00    0.0000000000E+00    0.0000000000E+00    0.0000000000E+00    0.0000000000E+00    0.0000000000E+00    0.0000000000E+00    0.1729278187E-12    0.1729278191E-12    0.9999906436E+00    0.9999906436E+00
    1    0.1446666667E+02    0.0000000000E+00    0.4644557413E+00   -0.3078315833E+00    0.0000000000E+00    0.0000000000E+00    0.0000000000E+00    0.0000000000E+00    0.0000000000E+00    0.0000000000E+00    0.4803637393E-12    0.4803637393E-12    0.9999902535E+00    0.9999902535E+00
    2    0.1446666667E+02    0.0000000000E+00    0.4644557413E+00   -0.3007558569E+00    0.0000000000E+00    0.0000000000E+00    0.0000000000E+00    0.0000000000E+00    0.0000000000E+00    0.0000000000E+00    0.9019528030E-12    0.9019528030E-12    0.9999901086E+00    0.9999901086E+00
    3    0.1446666667E+02    0.0000000000E+00    0.4644557413E+00   -0.5226669553E+00    0.0000000000E+00    0.0000000000E+00    0.0000000000E+00    0.0000000000E+00    0.0000000000E+00    0.0000000000E+00    0.2057958022E-12    0.2057958022E-12    0.9999885305E+00    0.9999885305E+00
    1    0.1472500000E+02    0.0000000000E+00    0.4644557413E+00   -0.1897279989E+00    0.0000000000E+00    0.0000000000E+00    0.0000000000E+00    0.0000000000E+00    0.0000000000E+00    0.0000000000E+00    0.3207603073E-14    0.3207603073E-14    0.9999860354E+00    0.9999860354E+00
    2    0.1472500000E+02    0.0000000000E+00    0.4644557413E+00   -0.3823151593E+00    0.0000000000E+00    0.0000000000E+00    0.0000000000E+00    0.0000000000E+00    0.0000000000E+00    0.0000000000E+00    0.7309024883E-13    0.7309024883E-13    0.9999837516E+00    0.9999837516E+00
    3    0.1472500000E+02    0.0000000000E+00    0.4644557413E+00   -0.1772233466E+00    0.0000000000E+00    0.0000000000E+00    0.0000000000E+00    0.0000000000E+00    0.0000000000E+00    0.0000000000E+00    0.3883790005E-12    0.3883790005E-12    0.9999848522E+00    0.9999848522E+00
    1    0.1498333333E+02    0.0000000000E+00    0.4644557413E+00   -0.1262234658E+00    0.0000000000E+00    0.0000000000E+00    0.0000000000E+00    0.0000000000E+00    0.0000000000E+00    0.0000000000E+00    0.9072441577E-10    0.9072441577E-10    0.9999484217E+00    0.9999484217E+00
