    1    0.1550000000E+01    0.4644557413E+00   -0.1161139353E+00    0.7228068099E-01    0.0000000000E+00    0.0000000000E+00    0.0000000000E+00    0.0000000000E+00    0.0000000000E+00    0.0000000000E+00    0.1043185768E-12    0.1043185768E-12    0.9999990305E+00    0.9999990305E+00
    1    0.1808333333E+01    0.4644557413E+00   -0.1161139353E+00   -0.1113457446E+00    0.0000000000E+00    0.0000000000E+00    0.0000000000E+00    0.0000000000E+00    0.0000000000E+00    0.0000000000E+00    0.9280227250E-12    0.9280227250E-12    0.9999974906E+00    0.9999974906E+00
    2    0.1808333333E+01    0.4644557413E+00   -0.1161139353E+00    0.1394387511E+00    0.0000000000E+00    0.0000000000E+00    0.0000000000E+00    0.0000000000E+00    0.0000000000E+00    0.0000000000E+00    0.1100000850E-12    0.1100000850E-12    0.9999991158E+00    0.9999991158E+00
    3    0.1808333333E+01    0.4644557413E+00   -0.1161139353E+00    0.2006512950E+00    0.0000000000E+00    0.0000000000E+00    0.0000000000E+00    0.0000000000E+00    0.0000000000E+00    0.0000000000E+00    0.6971388289E-12    0.6971388289E-12    0.9999980678E+00    0.9999980678E+00
    1    0.2066666667E+01    0.4644557413E+00   -0.1161139353E+00    0.2885979022E+00    0.0000000000E+00    0.0000000000E+00    0.0000000000E+00    0.0000000000E+00    0.0000000000E+00    0.0000000000E+00    0.5849191468E-15    0.5849191468E-15    0.9999991273E+00    0.9999991273E+00
    2    0.2066666667E+01    0.4644557413E+00   -0.1161139353E+00    0.1906457200E+00    0.0000000000E+00    0.0000000000E+00    0.0000000000E+00    0.0000000000E+00    0.0000000000E+00    0.0000000000E+00    0.3066800656E-15    0.3066800656E-15    0.9999993516E+00    0.9999993516E+00
    1    0.2325000000E+01    0.4644557413E+00   -0.1161139353E+00    0.3441762071E+00    0.0000000000E+00    0.0000000000E+00    0.0000000000E+00    0.0000000000E+00    0.0000000000E+00    0.0000000000E+00    0.5020326205E-15    0.5020326205E-15    0.9999992181E+00    0.9999992181E+00
    2    0.2325000000E+01    0.4644557413E+00   -0.1161139353E+00    0.2359017925E+00    0.0000000000E+00    0.0000000000E+00    0.0000000000E+00    0.0000000000E+00    0.0000000000E+00    0.0000000000E+00    0.2507870064E-14    0.2507870064E-14    0.9999993096E+00    0.9999993096E+00
    1    0.2583333333E+01    0.4644557413E+00   -0.1161139353E+00    0.3931438959E+00    0.0000000000E+00    0.0000000000E+00    0.0000000000E+00    0.0000000000E+00    0.0000000000E+00    0.0000000000E+00    0.1479283124E-15    0.1479283124E-15    0.9999991929E+00    0.9999991929E+00
    2    0.2583333333E+01    0.4644557413E+00   -0.1161139353E+00    0.2787146341E+00    0.0000000000E+00    0.0000000000E+00    0.0000000000E+00    0.0000000000E+00    0.0000000000E+00    0.0000000000E+00    0.3411409686E-14    0.3411409686E-14    0.9999992644E+00    0.9999992644E+00
    1    0.2841666667E+01    0.4644557413E+00   -0.1161139353E+00    0.4402790376E+00    0.0000000000E+00    0.0000000000E+00    0.0000000000E+00    0.0000000000E+00    0.0000000000E+00    0.0000000000E+00    0.6381025711E-15    0.6381025711E-15    0.9999991335E+00    0.9999991335E+00
    2    0.2841666667E+01    0.4644557413E+00   -0.1161139353E+00    0.3205304149E+00    0.0000000000E+00    0.0000000000E+00    0.0000000000E+00    0.0000000000E+00    0.0000000000E+00    0.0000000000E+00    0.1979445154E-14    0.1979445154E-14    0.9999991920E+00    0.9999991920E+00
    1    0.3100000000E+01    0.4644557413E+00    0.6966836119E+00   -0.1717146758E+00    0.0000000000E+00    0.0000000000E+00    0.0000000000E+00    0.0000000000E+00    0.0000000000E+00    0.0000000000E+00    0.1167179519E-11    0.1167179519E-11    0.9999925557E+00    0.9999925557E+00
    2    0.3100000000E+01    0.4644557413E+00   -0.1161139353E+00    0.4880097633E+00    0.0000000000E+00    0.0000000000E+00    0.0000000000E+00    0.0000000000E+00    0.0000000000E+00    0.0000000000E+00    0.2039675964E-14    0.2039675964E-14    0.9999990267E+00    0.9999990267E+00
    3    0.3100000000E+01    0.4644557413E+00   -0.1161139353E+00    0.3622858073E+00    0.0000000000E+00    0.0000000000E+00    0.0000000000E+00    0.0000000000E+00    0.0000000000E+00    0.0000000000E+00    0.4263943780E-15    0.4263943780E-15    0.9999991096E+00    0.9999991096E+00
    4    0.3100000000E+01    0.4644557413E+00    0.6966836119E+00    0.3771886422E+00    0.0000000000E+00    0.0000000000E+00    0.0000000000E+00    0.0000000000E+00    0.0000000000E+00    0.0000000000E+00    0.1121534647E-11    0.1121534647E-11    0.9999958623E+00    0.9999958623E+00
    1    0.3358333333E+01    0.4644557413E+00   -0.1161139353E+00    0.5307808898E-01    0.0000000000E+00    0.0000000000E+00    0.0000000000E+00    0.0000000000E+00    0.0000000000E+00    0.0000000000E+00    0.2448996945E-12    0.2448996945E-12    0.9999984859E+00    0.9999984859E+00
    2    0.3358333333E+01    0.4644557413E+00    0.6966836119E+00   -0.3711381371E+00    0.0000000000E+00    0.0000000000E+00    0.0000000000E+00    0.0000000000E+00    0.0000000000E+00    0.0000000000E+00    0.2616343222E-11    0.2616343222E-11    0.9999952145E+00    0.9999952145E+00
    3    0.3358333333E+01    0.4644557413E+00   -0.1161139353E+00    0.4047771377E+00    0.0000000000E+00    0.0000000000E+00    0.0000000000E+00    0.0000000000E+00    0.0000000000E+00    0.0000000000E+00    0.3018573011E-14    0.3018573011E-14    0.9999990843E+00    0.9999990843E+00
    4    0.3358333333E+01    0.4644557413E+00    0.6966836119E+00    0.4437741417E+00    0.0000000000E+00    0.0000000000E+00    0.0000000000E+00    0.0000000000E+00    0.0000000000E+00    0.0000000000E+00    0.1968429892E-11    0.1968429892E-11    0.9999961618E+00    0.9999961618E+00
    5    0.3358333333E+01    0.4644557413E+00   -0.1161139353E+00    0.5385773204E+00    0.0000000000E+00    0.0000000000E+00    0.0000000000E+00    0.0000000000E+00    0.0000000000E+00    0.0000000000E+00    0.4124317956E-13    0.4124317956E-13    0.9999987254E+00    0.9999987254E+00
    6    0.3358333333E+01    0.4644557413E+00    0.6966836119E+00   -0.5610616899E+00    0.0000000000E+00    0.0000000000E+00    0.0000000000E+00    0.0000000000E+00    0.0000000000E+00    0.0000000000E+00    0.1407242465E-11    0.1407242465E-11    0.9999964528E+00    0.9999964528E+00
    1    0.3616666667E+01    0.4644557413E+00   -0.1161139353E+00    0.1060605828E+00    0.0000000000E+00    0.0000000000E+00    0.0000000000E+00    0.0000000000E+00    0.0000000000E+00    0.0000000000E+00    0.2417205891E-13    0.2417205904E-13    0.9999989048E+00    0.9999989048E+00
    2    0.3616666667E+01   -0.3483418059E+00   -0.1161139353E+00   -0.2303996881E+00    0.0000000000E+00    0.0000000000E+00    0.0000000000E+00    0.0000000000E+00    0.0000000000E+00    0.0000000000E+00    0.2246006479E-12    0.2246006502E-12    0.9999969019E+00    0.9999969019E+00
    3    0.3616666667E+01    0.4644557413E+00    0.6966836119E+00   -0.2607972821E+00    0.0000000000E+00    0.0000000000E+00    0.0000000000E+00    0.0000000000E+00    0.0000000000E+00    0.0000000000E+00    0.9763811975E-14    0.9763812284E-14    0.9999981828E+00    0.9999981828E+00
    4    0.3616666667E+01    0.4644557413E+00    0.6966836119E+00   -0.4434588201E+00    0.0000000000E+00    0.0000000000E+00    0.0000000000E+00    0.0000000000E+00    0.0000000000E+00    0.0000000000E+00    0.1653562124E-13    0.1653562126E-13    0.9999976786E+00    0.9999976786E+00
    5    0.3616666667E+01    0.4644557413E+00   -0.1161139353E+00    0.4488645005E+00    0.0000000000E+00    0.0000000000E+00    0.0000000000E+00    0.0000000000E+00    0.0000000000E+00    0.0000000000E+00    0.1015206833E-13    0.1015206833E-13    0.9999989456E+00    0.9999989456E+00
    6    0.3616666667E+01    0.4644557413E+00   -0.1161139353E+00   -0.5574001440E+00    0.0000000000E+00    0.0000000000E+00    0.0000000000E+00    0.0000000000E+00    0.0000000000E+00    0.0000000000E+00    0.5589935548E-13    0.5589935549E-13    0.9999984946E+00    0.9999984946E+00
    7    0.3616666667E+01   -0.3483418059E+00   -0.1161139353E+00    0.4994638986E+00    0.0000000000E+00    0.0000000000E+00    0.0000000000E+00    0.0000000000E+00    0.0000000000E+00    0.0000000000E+00    0.1327670086E-10    0.1327670086E-10    0.9999849686E+00    0.9999849686E+00
    8    0.3616666667E+01    0.4644557413E+00    0.6966836119E+00    0.5252555854E+00    0.0000000000E+00    0.0000000000E+00    0.0000000000E+00    0.0000000000E+00    0.0000000000E+00    0.0000000000E+00    0.1694307802E-13    0.1694307905E-13    0.9999984669E+00    0.9999984669E+00
    1    0.3875000000E+01    0.4644557413E+00   -0.1161139353E+00    0.1468818117E+00    0.0000000000E+00    0.0000000000E+00    0.0000000000E+00    0.0000000000E+00    0.0000000000E+00    0.0000000000E+00    0.2126301412E-14    0.2126301614E-14    0.9999990186E+00    0.9999990186E+00
    2    0.3875000000E+01   -0.3483418059E+00   -0.1161139353E+00   -0.1292993438E+00    0.0000000000E+00    0.0000000000E+00    0.0000000000E+00    0.0000000000E+00    0.0000000000E+00    0.0000000000E+00    0.7367025019E-13    0.7367025020E-13    0.9999976563E+00    0.9999976563E+00
    3    0.3875000000E+01    0.4644557413E+00    0.6966836119E+00   -0.1947841734E+00    0.0000000000E+00    0.0000000000E+00    0.0000000000E+00    0.0000000000E+00    0.0000000000E+00    0.0000000000E+00    0.1224749376E-13    0.1224749376E-13    0.9999984816E+00    0.9999984816E+00
    4    0.3875000000E+01    0.4644557413E+00    0.6966836119E+00   -0.5701052554E+00    0.0000000000E+00    0.0000000000E+00    0.0000000000E+00    0.0000000000E+00    0.0000000000E+00    0.0000000000E+00    0.1753582970E-12    0.1753582970E-12    0.9999983339E+00    0.9999983339E+00
    5    0.3875000000E+01    0.4644557413E+00    0.6966836119E+00   -0.3491239842E+00    0.0000000000E+00    0.0000000000E+00    0.0000000000E+00    0.0000000000E+00    0.0000000000E+00    0.0000000000E+00    0.1240494857E-13    0.1240494857E-13    0.9999976745E+00    0.9999976745E+00
    6    0.3875000000E+01   -0.3483418059E+00   -0.1161139353E+00   -0.3583347896E+00    0.0000000000E+00    0.0000000000E+00    0.0000000000E+00    0.0000000000E+00    0.0000000000E+00    0.0000000000E+00    0.8867638980E-15    0.8867639005E-15    0.9999974802E+00    0.9999974802E+00
    1    0.4133333333E+01    0.4644557413E+00   -0.1161139353E+00    0.1838116922E+00    0.0000000000E+00    0.0000000000E+00    0.0000000000E+00    0.0000000000E+00    0.0000000000E+00    0.0000000000E+00    0.7528009602E-15    0.7528122784E-15    0.9999989769E+00    0.9999989769E+00
    2    0.4133333333E+01    0.4644557413E+00    0.6966836119E+00   -0.1377994479E+00    0.0000000000E+00    0.0000000000E+00    0.0000000000E+00    0.0000000000E+00    0.0000000000E+00    0.0000000000E+00    0.2092024628E-13    0.2092025908E-13    0.9999984656E+00    0.9999984656E+00
    3    0.4133333333E+01    0.4644557413E+00    0.6966836119E+00   -0.2537245426E+00    0.0000000000E+00    0.0000000000E+00    0.0000000000E+00    0.0000000000E+00    0.0000000000E+00    0.0000000000E+00    0.3326959674E-13    0.3326959913E-13    0.9999971984E+00    0.9999971984E+00
    4    0.4133333333E+01   -0.3483418059E+00   -0.1161139353E+00   -0.2758051377E+00    0.0000000000E+00    0.0000000000E+00    0.0000000000E+00    0.0000000000E+00    0.0000000000E+00    0.0000000000E+00    0.8946130425E-14    0.9231467442E-14    0.9999979642E+00    0.9999979642E+00
    5    0.4133333333E+01    0.4644557413E+00   -0.1161139353E+00   -0.4061089958E+00    0.0000000000E+00    0.0000000000E+00    0.0000000000E+00    0.0000000000E+00    0.0000000000E+00    0.0000000000E+00    0.9495259582E-15    0.9495273902E-15    0.9999972886E+00    0.9999972886E+00
    6    0.4133333333E+01    0.4644557413E+00   -0.1161139353E+00    0.5465311529E+00    0.0000000000E+00    0.0000000000E+00    0.0000000000E+00    0.0000000000E+00    0.0000000000E+00    0.0000000000E+00    0.2804726819E-14    0.2804759199E-14    0.9999984629E+00    0.9999984629E+00
    7    0.4133333333E+01    0.4644557413E+00    0.6966836119E+00   -0.5200115420E+00    0.0000000000E+00    0.0000000000E+00    0.0000000000E+00    0.0000000000E+00    0.0000000000E+00    0.0000000000E+00    0.8894506554E-14    0.8894747461E-14    0.9999987244E+00    0.9999987244E+00
    1    0.4391666667E+01   -0.3483418059E+00   -0.1161139353E+00   -0.3960177278E+00    0.0000000000E+00    0.0000000000E+00    0.0000000000E+00    0.0000000000E+00    0.0000000000E+00    0.0000000000E+00    0.2141952975E-12    0.2141952975E-12    0.9999972673E+00    0.9999972673E+00
    2    0.4391666667E+01    0.4644557413E+00    0.6966836119E+00   -0.4736467914E+00    0.0000000000E+00    0.0000000000E+00    0.0000000000E+00    0.0000000000E+00    0.0000000000E+00    0.0000000000E+00    0.3363567615E-13    0.3363567616E-13    0.9999985764E+00    0.9999985764E+00
    3    0.4391666667E+01   -0.3483418059E+00   -0.1161139353E+00   -0.5431769795E+00    0.0000000000E+00    0.0000000000E+00    0.0000000000E+00    0.0000000000E+00    0.0000000000E+00    0.0000000000E+00    0.1683482724E-12    0.1683482724E-12    0.9999976820E+00    0.9999976820E+00
    4    0.4391666667E+01    0.4644557413E+00   -0.1161139353E+00   -0.5447817110E+00    0.0000000000E+00    0.0000000000E+00    0.0000000000E+00    0.0000000000E+00    0.0000000000E+00    0.0000000000E+00    0.1277963740E-13    0.1277963740E-13    0.9999978462E+00    0.9999978462E+00
    5    0.4391666667E+01   -0.3483418059E+00    0.6966836119E+00    0.2022020322E-01    0.0000000000E+00    0.0000000000E+00    0.0000000000E+00    0.0000000000E+00    0.0000000000E+00    0.0000000000E+00    0.1099594885E-11    0.1099594885E-11    0.9999962280E+00    0.9999962280E+00
    6    0.4391666667E+01    0.4644557413E+00   -0.1161139353E+00   -0.2574197587E+00    0.0000000000E+00    0.0000000000E+00    0.0000000000E+00    0.0000000000E+00    0.0000000000E+00    0.0000000000E+00    0.2265002308E-12    0.2265002308E-12    0.9999936647E+00    0.9999936647E+00
    7    0.4391666667E+01   -0.3483418059E+00   -0.1161139353E+00   -0.2035827661E+00    0.0000000000E+00    0.0000000000E+00    0.0000000000E+00    0.0000000000E+00    0.0000000000E+00    0.0000000000E+00    0.5153966968E-13    0.5153966969E-13    0.9999979259E+00    0.9999979259E+00
    8    0.4391666667E+01    0.4644557413E+00    0.6966836119E+00   -0.1299509879E+00    0.0000000000E+00    0.0000000000E+00    0.0000000000E+00    0.0000000000E+00    0.0000000000E+00    0.0000000000E+00    0.6054798329E-12    0.6054798329E-12    0.9999952244E+00    0.9999952244E+00
    9    0.4391666667E+01    0.4644557413E+00    0.6966836119E+00   -0.7713614854E-01    0.0000000000E+00    0.0000000000E+00    0.0000000000E+00    0.0000000000E+00    0.0000000000E+00    0.0000000000E+00    0.2955914913E-12    0.2955914913E-12    0.9999979713E+00    0.9999979713E+00
   10    0.4391666667E+01   -0.3483418059E+00    0.6966836119E+00    0.1975310465E+00    0.0000000000E+00    0.0000000000E+00    0.0000000000E+00    0.0000000000E+00    0.0000000000E+00    0.0000000000E+00    0.7395234642E-12    0.7395234642E-12    0.9999958095E+00    0.9999958095E+00
   11    0.4391666667E+01    0.4644557413E+00   -0.1161139353E+00    0.2189265301E+00    0.0000000000E+00    0.0000000000E+00    0.0000000000E+00    0.0000000000E+00    0.0000000000E+00    0.0000000000E+00    0.2575817773E-13    0.2575817774E-13    0.9999989655E+00    0.9999989655E+00
    1    0.4650000000E+01   -0.3483418059E+00    0.6966836119E+00    0.4030749108E+00    0.0000000000E+00    0.0000000000E+00    0.0000000000E+00    0.0000000000E+00    0.0000000000E+00    0.0000000000E+00    0.5646140808E-13    0.5646140808E-13    0.9999970647E+00    0.9999970647E+00
    2    0.4650000000E+01   -0.3483418059E+00    0.6966836119E+00    0.2902669525E+00    0.0000000000E+00    0.0000000000E+00    0.0000000000E+00    0.0000000000E+00    0.0000000000E+00    0.0000000000E+00    0.2168324808E-13    0.2168324808E-13    0.9999975554E+00    0.9999975554E+00
    3    0.4650000000E+01    0.4644557413E+00   -0.1161139353E+00    0.2528712864E+00    0.0000000000E+00    0.0000000000E+00    0.0000000000E+00    0.0000000000E+00    0.0000000000E+00    0.0000000000E+00    0.6824287785E-14    0.6824287786E-14    0.9999989066E+00    0.9999989066E+00
    4    0.4650000000E+01   -0.3483418059E+00    0.6966836119E+00    0.1119165733E+00    0.0000000000E+00    0.0000000000E+00    0.0000000000E+00    0.0000000000E+00    0.0000000000E+00    0.0000000000E+00    0.8020260292E-13    0.8020260292E-13    0.9999976268E+00    0.9999976268E+00
    5    0.4650000000E+01   -0.3483418059E+00   -0.1161139353E+00   -0.3077439920E+00    0.0000000000E+00    0.0000000000E+00    0.0000000000E+00    0.0000000000E+00    0.0000000000E+00    0.0000000000E+00    0.1146332832E-13    0.1146332832E-13    0.9999972254E+00    0.9999972254E+00
    6    0.4650000000E+01   -0.3483418059E+00   -0.1161139353E+00   -0.1251613358E+00    0.0000000000E+00    0.0000000000E+00    0.0000000000E+00    0.0000000000E+00    0.0000000000E+00    0.0000000000E+00    0.1984182151E-12    0.1984182151E-12    0.9999972841E+00    0.9999972841E+00
    7    0.4650000000E+01   -0.3483418059E+00    0.6966836119E+00   -0.7152132278E-01    0.0000000000E+00    0.0000000000E+00    0.0000000000E+00    0.0000000000E+00    0.0000000000E+00    0.0000000000E+00    0.1066276702E-12    0.1066276702E-12    0.9999969938E+00    0.9999969938E+00
    8    0.4650000000E+01    0.4644557413E+00    0.6966836119E+00   -0.4283986513E+00    0.0000000000E+00    0.0000000000E+00    0.0000000000E+00    0.0000000000E+00    0.0000000000E+00    0.0000000000E+00    0.3753499580E-15    0.3753499582E-15    0.9999986180E+00    0.9999986180E+00
    9    0.4650000000E+01   -0.3483418059E+00   -0.1161139353E+00   -0.4726049661E+00    0.0000000000E+00    0.0000000000E+00    0.0000000000E+00    0.0000000000E+00    0.0000000000E+00    0.0000000000E+00    0.5967144706E-13    0.5967144706E-13    0.9999979816E+00    0.9999979816E+00
   10    0.4650000000E+01    0.4644557413E+00   -0.1161139353E+00   -0.4734976669E+00    0.0000000000E+00    0.0000000000E+00    0.0000000000E+00    0.0000000000E+00    0.0000000000E+00    0.0000000000E+00    0.3290731948E-13    0.3290731948E-13    0.9999975561E+00    0.9999975561E+00
    1    0.4908333333E+01   -0.3483418059E+00    0.6966836119E+00    0.4894618739E+00    0.0000000000E+00    0.0000000000E+00    0.0000000000E+00    0.0000000000E+00    0.0000000000E+00    0.0000000000E+00    0.2219218232E-12    0.2219218232E-12    0.9999972814E+00    0.9999972814E+00
    2    0.4908333333E+01   -0.3483418059E+00    0.6966836119E+00    0.3645040925E+00    0.0000000000E+00    0.0000000000E+00    0.0000000000E+00    0.0000000000E+00    0.0000000000E+00    0.0000000000E+00    0.6685899021E-13    0.6685899021E-13    0.9999976506E+00    0.9999976506E+00
    3    0.4908333333E+01    0.4644557413E+00   -0.1161139353E+00    0.2863311348E+00    0.0000000000E+00    0.0000000000E+00    0.0000000000E+00    0.0000000000E+00    0.0000000000E+00    0.0000000000E+00    0.1260429592E-13    0.1260429593E-13    0.9999987965E+00    0.9999987965E+00
    4    0.4908333333E+01   -0.3483418059E+00    0.6966836119E+00    0.1810062281E+00    0.0000000000E+00    0.0000000000E+00    0.0000000000E+00    0.0000000000E+00    0.0000000000E+00    0.0000000000E+00    0.8506589578E-13    0.8506589578E-13    0.9999978450E+00    0.9999978450E+00
    5    0.4908333333E+01   -0.3483418059E+00   -0.1161139353E+00   -0.2002081671E+00    0.0000000000E+00    0.0000000000E+00    0.0000000000E+00    0.0000000000E+00    0.0000000000E+00    0.0000000000E+00    0.9038514425E-15    0.9038514425E-15    0.9999952582E+00    0.9999952582E+00
    6    0.4908333333E+01   -0.3483418059E+00    0.6966836119E+00    0.6318274246E-02    0.0000000000E+00    0.0000000000E+00    0.0000000000E+00    0.0000000000E+00    0.0000000000E+00    0.0000000000E+00    0.1831789185E-11    0.1831789185E-11    0.9999961556E+00    0.9999961556E+00
    7    0.4908333333E+01   -0.3483418059E+00   -0.1161139353E+00   -0.4081938128E+00    0.0000000000E+00    0.0000000000E+00    0.0000000000E+00    0.0000000000E+00    0.0000000000E+00    0.0000000000E+00    0.1366109007E-14    0.1366109007E-14    0.9999978379E+00    0.9999978379E+00
    8    0.4908333333E+01    0.4644557413E+00   -0.1161139353E+00   -0.3703552239E+00    0.0000000000E+00    0.0000000000E+00    0.0000000000E+00    0.0000000000E+00    0.0000000000E+00    0.0000000000E+00    0.1314356341E-13    0.1314356341E-13    0.9999956705E+00    0.9999956705E+00
    9    0.4908333333E+01    0.4644557413E+00    0.6966836119E+00   -0.3830955325E+00    0.0000000000E+00    0.0000000000E+00    0.0000000000E+00    0.0000000000E+00    0.0000000000E+00    0.0000000000E+00    0.1457964669E-20    0.1458467942E-20    0.9999985232E+00    0.9999985232E+00
    1    0.5166666667E+01   -0.3483418059E+00    0.6966836119E+00    0.4462918526E+00    0.0000000000E+00    0.0000000000E+00    0.0000000000E+00    0.0000000000E+00    0.0000000000E+00    0.0000000000E+00    0.3311737812E-13    0.3311737812E-13    0.9999963711E+00    0.9999963711E+00
    2    0.5166666667E+01   -0.3483418059E+00   -0.1161139353E+00   -0.3420167376E+00    0.0000000000E+00    0.0000000000E+00    0.0000000000E+00    0.0000000000E+00    0.0000000000E+00    0.0000000000E+00    0.3783589232E-15    0.3783589232E-15    0.9999976523E+00    0.9999976523E+00
    3    0.5166666667E+01    0.4644557413E+00    0.6966836119E+00   -0.3366594453E+00    0.0000000000E+00    0.0000000000E+00    0.0000000000E+00    0.0000000000E+00    0.0000000000E+00    0.0000000000E+00    0.1551788764E-14    0.1551788764E-14    0.9999983874E+00    0.9999983874E+00
    4    0.5166666667E+01    0.4644557413E+00   -0.1161139353E+00    0.3194389231E+00    0.0000000000E+00    0.0000000000E+00    0.0000000000E+00    0.0000000000E+00    0.0000000000E+00    0.0000000000E+00    0.1768414759E-15    0.1768414759E-15    0.9999988759E+00    0.9999988759E+00
    5    0.5166666667E+01   -0.3483418059E+00    0.6966836119E+00    0.2455746607E+00    0.0000000000E+00    0.0000000000E+00    0.0000000000E+00    0.0000000000E+00    0.0000000000E+00    0.0000000000E+00    0.1556800039E-13    0.1556800039E-13    0.9999977086E+00    0.9999977086E+00
    6    0.5166666667E+01   -0.3483418059E+00    0.6966836119E+00    0.7885450448E-01    0.0000000000E+00    0.0000000000E+00    0.0000000000E+00    0.0000000000E+00    0.0000000000E+00    0.0000000000E+00    0.1237632108E-13    0.1237632108E-13    0.9999977396E+00    0.9999977396E+00
    1    0.5425000000E+01   -0.3483418059E+00   -0.1161139353E+00   -0.2672354492E+00    0.0000000000E+00    0.0000000000E+00    0.0000000000E+00    0.0000000000E+00    0.0000000000E+00    0.0000000000E+00    0.4802204531E-15    0.4802204531E-15    0.9999970387E+00    0.9999970387E+00
    2    0.5425000000E+01    0.4644557413E+00    0.6966836119E+00   -0.2877510391E+00    0.0000000000E+00    0.0000000000E+00    0.0000000000E+00    0.0000000000E+00    0.0000000000E+00    0.0000000000E+00    0.8195474377E-14    0.8195474377E-14    0.9999981878E+00    0.9999981878E+00
    3    0.5425000000E+01   -0.3483418059E+00    0.6966836119E+00    0.1434253246E+00    0.0000000000E+00    0.0000000000E+00    0.0000000000E+00    0.0000000000E+00    0.0000000000E+00    0.0000000000E+00    0.1598465427E-14    0.1598465427E-14    0.9999977353E+00    0.9999977353E+00
    4    0.5425000000E+01   -0.3483418059E+00    0.6966836119E+00    0.3161738463E+00    0.0000000000E+00    0.0000000000E+00    0.0000000000E+00    0.0000000000E+00    0.0000000000E+00    0.0000000000E+00    0.1779883080E-14    0.1779883081E-14    0.9999971566E+00    0.9999971566E+00
    5    0.5425000000E+01    0.4644557413E+00   -0.1161139353E+00    0.3524200033E+00    0.0000000000E+00    0.0000000000E+00    0.0000000000E+00    0.0000000000E+00    0.0000000000E+00    0.0000000000E+00    0.9232228535E-16    0.9232228535E-16    0.9999988239E+00    0.9999988239E+00
    1    0.5683333333E+01   -0.3483418059E+00   -0.1161139353E+00   -0.1644066848E+00    0.0000000000E+00    0.0000000000E+00    0.0000000000E+00    0.0000000000E+00    0.0000000000E+00    0.0000000000E+00    0.3164961462E-13    0.3164961462E-13    0.9999947975E+00    0.9999947975E+00
    2    0.5683333333E+01    0.4644557413E+00    0.6966836119E+00   -0.2341744273E+00    0.0000000000E+00    0.0000000000E+00    0.0000000000E+00    0.0000000000E+00    0.0000000000E+00    0.0000000000E+00    0.1037802764E-13    0.1037802764E-13    0.9999978640E+00    0.9999978640E+00
    3    0.5683333333E+01   -0.3483418059E+00    0.6966836119E+00    0.2087225694E+00    0.0000000000E+00    0.0000000000E+00    0.0000000000E+00    0.0000000000E+00    0.0000000000E+00    0.0000000000E+00    0.3332713333E-13    0.3332713333E-13    0.9999975007E+00    0.9999975007E+00
    4    0.5683333333E+01   -0.3483418059E+00    0.6966836119E+00    0.4211868191E+00    0.0000000000E+00    0.0000000000E+00    0.0000000000E+00    0.0000000000E+00    0.0000000000E+00    0.0000000000E+00    0.4793079331E-13    0.4793079331E-13    0.9999943874E+00    0.9999943874E+00
    5    0.5683333333E+01    0.4644557413E+00   -0.1161139353E+00    0.3853476469E+00    0.0000000000E+00    0.0000000000E+00    0.0000000000E+00    0.0000000000E+00    0.0000000000E+00    0.0000000000E+00    0.8017304024E-18    0.8017305859E-18    0.9999987687E+00    0.9999987687E+00
    1    0.5941666667E+01    0.4644557413E+00    0.6966836119E+00   -0.1709878980E+00    0.0000000000E+00    0.0000000000E+00    0.0000000000E+00    0.0000000000E+00    0.0000000000E+00    0.0000000000E+00    0.1291144303E-13    0.1291144304E-13    0.9999972029E+00    0.9999972029E+00
    2    0.5941666667E+01   -0.3483418059E+00    0.6966836119E+00    0.5507471954E+00    0.0000000000E+00    0.0000000000E+00    0.0000000000E+00    0.0000000000E+00    0.0000000000E+00    0.0000000000E+00    0.7918861023E-13    0.7918861023E-13    0.9999959984E+00    0.9999959984E+00
    3    0.5941666667E+01   -0.3483418059E+00    0.6966836119E+00    0.2823832965E+00    0.0000000000E+00    0.0000000000E+00    0.0000000000E+00    0.0000000000E+00    0.0000000000E+00    0.0000000000E+00    0.8014213963E-13    0.8014213963E-13    0.9999967196E+00    0.9999967196E+00
    4    0.5941666667E+01    0.4644557413E+00   -0.1161139353E+00    0.4182870483E+00    0.0000000000E+00    0.0000000000E+00    0.0000000000E+00    0.0000000000E+00    0.0000000000E+00    0.0000000000E+00    0.2616593019E-15    0.2616593344E-15    0.9999987119E+00    0.9999987119E+00
    1    0.6200000000E+01   -0.3483418059E+00    0.6966836119E+00   -0.4479701166E+00    0.0000000000E+00    0.0000000000E+00    0.0000000000E+00    0.0000000000E+00    0.0000000000E+00    0.0000000000E+00    0.2467999910E-09    0.2467999910E-09    0.9999636325E+00    0.9999636325E+00
    2    0.6200000000E+01    0.4644557413E+00    0.6966836119E+00   -0.7648375335E-01    0.0000000000E+00    0.0000000000E+00    0.0000000000E+00    0.0000000000E+00    0.0000000000E+00    0.0000000000E+00    0.3501026572E-11    0.3501026572E-11    0.9999940526E+00    0.9999940526E+00
    3    0.6200000000E+01   -0.3483418059E+00    0.6966836119E+00    0.4236374241E+00    0.0000000000E+00    0.0000000000E+00    0.0000000000E+00    0.0000000000E+00    0.0000000000E+00    0.0000000000E+00    0.2426579526E-09    0.2426579526E-09    0.9999640389E+00    0.9999640389E+00
    4    0.6200000000E+01    0.4644557413E+00   -0.1161139353E+00    0.4512691200E+00    0.0000000000E+00    0.0000000000E+00    0.0000000000E+00    0.0000000000E+00    0.0000000000E+00    0.0000000000E+00    0.9413663651E-15    0.9413663837E-15    0.9999986542E+00    0.9999986542E+00
    1    0.6458333333E+01    0.4644557413E+00   -0.1161139353E+00    0.4843015290E+00    0.0000000000E+00    0.0000000000E+00    0.0000000000E+00    0.0000000000E+00    0.0000000000E+00    0.0000000000E+00    0.1451206126E-14    0.1451206126E-14    0.9999985963E+00    0.9999985963E+00
    1    0.6716666667E+01    0.4644557413E+00    0.6966836119E+00    0.6451893657E-01    0.0000000000E+00    0.0000000000E+00    0.0000000000E+00    0.0000000000E+00    0.0000000000E+00    0.0000000000E+00    0.8281143534E-12    0.8281143534E-12    0.9999971300E+00    0.9999971300E+00
    2    0.6716666667E+01    0.4644557413E+00   -0.1161139353E+00    0.5173766041E+00    0.0000000000E+00    0.0000000000E+00    0.0000000000E+00    0.0000000000E+00    0.0000000000E+00    0.0000000000E+00    0.1127335983E-14    0.1127335983E-14    0.9999985388E+00    0.9999985388E+00
    1    0.6975000000E+01    0.4644557413E+00    0.6966836119E+00    0.1163867910E+00    0.0000000000E+00    0.0000000000E+00    0.0000000000E+00    0.0000000000E+00    0.0000000000E+00    0.0000000000E+00    0.1017880363E-12    0.1017880363E-12    0.9999979509E+00    0.9999979509E+00
    2    0.6975000000E+01    0.4644557413E+00   -0.1161139353E+00    0.5504793304E+00    0.0000000000E+00    0.0000000000E+00    0.0000000000E+00    0.0000000000E+00    0.0000000000E+00    0.0000000000E+00    0.2316110009E-15    0.2316110012E-15    0.9999984820E+00    0.9999984820E+00
    1    0.7233333333E+01    0.4644557413E+00   -0.1161139353E+00   -0.5658756347E+00    0.0000000000E+00    0.0000000000E+00    0.0000000000E+00    0.0000000000E+00    0.0000000000E+00    0.0000000000E+00    0.1509524177E-16    0.1509524177E-16    0.9999984255E+00    0.9999984255E+00
    2    0.7233333333E+01    0.4644557413E+00    0.6966836119E+00    0.1582063271E+00    0.0000000000E+00    0.0000000000E+00    0.0000000000E+00    0.0000000000E+00    0.0000000000E+00    0.0000000000E+00    0.1024843117E-13    0.1024843117E-13    0.9999981073E+00    0.9999981073E+00
    1    0.7491666667E+01    0.4644557413E+00   -0.1161139353E+00   -0.5327534855E+00    0.0000000000E+00    0.0000000000E+00    0.0000000000E+00    0.0000000000E+00    0.0000000000E+00    0.0000000000E+00    0.1050836524E-14    0.1050836524E-14    0.9999983693E+00    0.9999983693E+00
    2    0.7491666667E+01    0.4644557413E+00    0.6966836119E+00    0.1970374265E+00    0.0000000000E+00    0.0000000000E+00    0.0000000000E+00    0.0000000000E+00    0.0000000000E+00    0.0000000000E+00    0.1455426156E-15    0.1455426156E-15    0.9999981213E+00    0.9999981213E+00
    1    0.7750000000E+01    0.4644557413E+00   -0.1161139353E+00   -0.4996194042E+00    0.0000000000E+00    0.0000000000E+00    0.0000000000E+00    0.0000000000E+00    0.0000000000E+00    0.0000000000E+00    0.2785324916E-14    0.2785324916E-14    0.9999983122E+00    0.9999983122E+00
    2    0.7750000000E+01   -0.3483418059E+00   -0.1161139353E+00    0.2589520592E-01    0.0000000000E+00    0.0000000000E+00    0.0000000000E+00    0.0000000000E+00    0.0000000000E+00    0.0000000000E+00    0.5169726468E-10    0.5169726468E-10    0.9999828245E+00    0.9999828245E+00
    3    0.7750000000E+01    0.4644557413E+00    0.6966836119E+00    0.2349905532E+00    0.0000000000E+00    0.0000000000E+00    0.0000000000E+00    0.0000000000E+00    0.0000000000E+00    0.0000000000E+00    0.4580709858E-14    0.4580709858E-14    0.9999980692E+00    0.9999980692E+00
    1    0.8008333333E+01    0.4644557413E+00   -0.1161139353E+00   -0.4664495278E+00    0.0000000000E+00    0.0000000000E+00    0.0000000000E+00    0.0000000000E+00    0.0000000000E+00    0.0000000000E+00    0.3368553032E-14    0.3368553032E-14    0.9999982533E+00    0.9999982533E+00
    2    0.8008333333E+01   -0.3483418059E+00   -0.1161139353E+00    0.1377069853E+00    0.0000000000E+00    0.0000000000E+00    0.0000000000E+00    0.0000000000E+00    0.0000000000E+00    0.0000000000E+00    0.1833576704E-12    0.1833576704E-12    0.9999963300E+00    0.9999963300E+00
    3    0.8008333333E+01    0.4644557413E+00    0.6966836119E+00    0.2731710814E+00    0.0000000000E+00    0.0000000000E+00    0.0000000000E+00    0.0000000000E+00    0.0000000000E+00    0.0000000000E+00    0.6889915410E-14    0.6889915410E-14    0.9999979704E+00    0.9999979704E+00
    1    0.8266666667E+01    0.4644557413E+00   -0.1161139353E+00   -0.4332021878E+00    0.0000000000E+00    0.0000000000E+00    0.0000000000E+00    0.0000000000E+00    0.0000000000E+00    0.0000000000E+00    0.2066766164E-14    0.2066766164E-14    0.9999981914E+00    0.9999981914E+00
    2    0.8266666667E+01   -0.3483418059E+00   -0.1161139353E+00    0.1981741657E+00    0.0000000000E+00    0.0000000000E+00    0.0000000000E+00    0.0000000000E+00    0.0000000000E+00    0.0000000000E+00    0.6997261559E-15    0.6997261559E-15    0.9999970549E+00    0.9999970549E+00
    3    0.8266666667E+01    0.4644557413E+00    0.6966836119E+00    0.3124064786E+00    0.0000000000E+00    0.0000000000E+00    0.0000000000E+00    0.0000000000E+00    0.0000000000E+00    0.0000000000E+00    0.4645759039E-14    0.4645759039E-14    0.9999978263E+00    0.9999978263E+00
    1    0.8525000000E+01    0.4644557413E+00   -0.1161139353E+00   -0.3998175843E+00    0.0000000000E+00    0.0000000000E+00    0.0000000000E+00    0.0000000000E+00    0.0000000000E+00    0.0000000000E+00    0.3055009870E-15    0.3055009870E-15    0.9999981254E+00    0.9999981254E+00
    2    0.8525000000E+01   -0.3483418059E+00   -0.1161139353E+00    0.2492812996E+00    0.0000000000E+00    0.0000000000E+00    0.0000000000E+00    0.0000000000E+00    0.0000000000E+00    0.0000000000E+00    0.1330936600E-13    0.1330936600E-13    0.9999972660E+00    0.9999972660E+00
    3    0.8525000000E+01    0.4644557413E+00    0.6966836119E+00    0.3535226537E+00    0.0000000000E+00    0.0000000000E+00    0.0000000000E+00    0.0000000000E+00    0.0000000000E+00    0.0000000000E+00    0.1017470207E-14    0.1017470207E-14    0.9999976274E+00    0.9999976274E+00
    1    0.8783333333E+01    0.4644557413E+00   -0.1161139353E+00   -0.3662187168E+00    0.0000000000E+00    0.0000000000E+00    0.0000000000E+00    0.0000000000E+00    0.0000000000E+00    0.0000000000E+00    0.3406216240E-15    0.3406216240E-15    0.9999980539E+00    0.9999980539E+00
    2    0.8783333333E+01   -0.3483418059E+00   -0.1161139353E+00    0.2969678492E+00    0.0000000000E+00    0.0000000000E+00    0.0000000000E+00    0.0000000000E+00    0.0000000000E+00    0.0000000000E+00    0.7957819662E-14    0.7957819662E-14    0.9999972910E+00    0.9999972910E+00
    3    0.8783333333E+01    0.4644557413E+00    0.6966836119E+00    0.3975543867E+00    0.0000000000E+00    0.0000000000E+00    0.0000000000E+00    0.0000000000E+00    0.0000000000E+00    0.0000000000E+00    0.2412913696E-15    0.2412913696E-15    0.9999973497E+00    0.9999973497E+00
    1    0.9041666667E+01    0.4644557413E+00   -0.1161139353E+00   -0.3323123877E+00    0.0000000000E+00    0.0000000000E+00    0.0000000000E+00    0.0000000000E+00    0.0000000000E+00    0.0000000000E+00    0.2674293513E-14    0.2674293513E-14    0.9999979754E+00    0.9999979754E+00
    2    0.9041666667E+01   -0.3483418059E+00   -0.1161139353E+00    0.8452324801E-01    0.0000000000E+00    0.0000000000E+00    0.0000000000E+00    0.0000000000E+00    0.0000000000E+00    0.0000000000E+00    0.5312826646E-11    0.5312826646E-11    0.9999917376E+00    0.9999917376E+00
    3    0.9041666667E+01   -0.3483418059E+00   -0.1161139353E+00    0.3438797212E+00    0.0000000000E+00    0.0000000000E+00    0.0000000000E+00    0.0000000000E+00    0.0000000000E+00    0.0000000000E+00    0.7413063889E-14    0.7413063889E-14    0.9999971845E+00    0.9999971845E+00
    4    0.9041666667E+01    0.4644557413E+00    0.6966836119E+00    0.4460633569E+00    0.0000000000E+00    0.0000000000E+00    0.0000000000E+00    0.0000000000E+00    0.0000000000E+00    0.0000000000E+00    0.3558009476E-14    0.3558009477E-14    0.9999969407E+00    0.9999969407E+00
    1    0.9300000000E+01   -0.3483418059E+00   -0.1161139353E+00    0.1807924412E+00    0.0000000000E+00    0.0000000000E+00    0.0000000000E+00    0.0000000000E+00    0.0000000000E+00    0.0000000000E+00    0.6067334735E-14    0.6067334821E-14    0.9999953331E+00    0.9999953331E+00
    2    0.9300000000E+01   -0.3483418059E+00    0.6966836119E+00   -0.3554994647E+00    0.0000000000E+00    0.0000000000E+00    0.0000000000E+00    0.0000000000E+00    0.0000000000E+00    0.0000000000E+00    0.1005517651E-10    0.1005517651E-10    0.9999902962E+00    0.9999902962E+00
    3    0.9300000000E+01    0.4644557413E+00   -0.1161139353E+00   -0.2979896460E+00    0.0000000000E+00    0.0000000000E+00    0.0000000000E+00    0.0000000000E+00    0.0000000000E+00    0.0000000000E+00    0.5208430549E-14    0.5210594394E-14    0.9999978904E+00    0.9999978904E+00
    4    0.9300000000E+01   -0.3483418059E+00   -0.1161139353E+00    0.3919128102E+00    0.0000000000E+00    0.0000000000E+00    0.0000000000E+00    0.0000000000E+00    0.0000000000E+00    0.0000000000E+00    0.8114889344E-15    0.8114889710E-15    0.9999969757E+00    0.9999969757E+00
    5    0.9300000000E+01   -0.3483418059E+00    0.6966836119E+00    0.4979452465E+00    0.0000000000E+00    0.0000000000E+00    0.0000000000E+00    0.0000000000E+00    0.0000000000E+00    0.0000000000E+00    0.1009049236E-10    0.1009049236E-10    0.9999904771E+00    0.9999904771E+00
    6    0.9300000000E+01    0.4644557413E+00    0.6966836119E+00    0.5018972168E+00    0.0000000000E+00    0.0000000000E+00    0.0000000000E+00    0.0000000000E+00    0.0000000000E+00    0.0000000000E+00    0.6219344567E-14    0.6219344632E-14    0.9999962663E+00    0.9999962663E+00
    1    0.9558333333E+01    0.4644557413E+00    0.6966836119E+00    0.4403339640E-01    0.0000000000E+00    0.0000000000E+00    0.0000000000E+00    0.0000000000E+00    0.0000000000E+00    0.0000000000E+00    0.2108572705E-09    0.2108576095E-09    0.9999626382E+00    0.9999626382E+00
    2    0.9558333333E+01   -0.3483418059E+00   -0.1161139353E+00    0.2514492750E+00    0.0000000000E+00    0.0000000000E+00    0.0000000000E+00    0.0000000000E+00    0.0000000000E+00    0.0000000000E+00    0.2521718538E-13    0.2521718719E-13    0.9999957853E+00    0.9999957853E+00
    3    0.9558333333E+01   -0.3483418059E+00   -0.1161139353E+00    0.4431985203E+00    0.0000000000E+00    0.0000000000E+00    0.0000000000E+00    0.0000000000E+00    0.0000000000E+00    0.0000000000E+00    0.4673507202E-14    0.4673507657E-14    0.9999966031E+00    0.9999966031E+00
    4    0.9558333333E+01    0.4644557413E+00    0.6966836119E+00    0.5719492994E+00    0.0000000000E+00    0.0000000000E+00    0.0000000000E+00    0.0000000000E+00    0.0000000000E+00    0.0000000000E+00    0.1038519844E-11    0.1038604677E-11    0.9999946256E+00    0.9999946256E+00
    5    0.9558333333E+01   -0.3483418059E+00    0.6966836119E+00   -0.5457783320E+00    0.0000000000E+00    0.0000000000E+00    0.0000000000E+00    0.0000000000E+00    0.0000000000E+00    0.0000000000E+00    0.2562117509E-13    0.2562119757E-13    0.9999944396E+00    0.9999944396E+00
    6    0.9558333333E+01   -0.3483418059E+00    0.6966836119E+00   -0.2466509846E+00    0.0000000000E+00    0.0000000000E+00    0.0000000000E+00    0.0000000000E+00    0.0000000000E+00    0.0000000000E+00    0.1858399151E-12    0.1858399180E-12    0.9999942232E+00    0.9999942232E+00
    7    0.9558333333E+01    0.4644557413E+00   -0.1161139353E+00   -0.2631252073E+00    0.0000000000E+00    0.0000000000E+00    0.0000000000E+00    0.0000000000E+00    0.0000000000E+00    0.0000000000E+00    0.4827420035E-14    0.4827424182E-14    0.9999977918E+00    0.9999977918E+00
    1    0.9816666667E+01    0.4644557413E+00    0.6966836119E+00    0.2872482893E+00    0.0000000000E+00    0.0000000000E+00    0.0000000000E+00    0.0000000000E+00    0.0000000000E+00    0.0000000000E+00    0.2089877334E-10    0.2089877334E-10    0.9999828217E+00    0.9999828217E+00
    2    0.9816666667E+01   -0.3483418059E+00   -0.1161139353E+00    0.3191904289E+00    0.0000000000E+00    0.0000000000E+00    0.0000000000E+00    0.0000000000E+00    0.0000000000E+00    0.0000000000E+00    0.2760839993E-13    0.2760839993E-13    0.9999954676E+00    0.9999954676E+00
    3    0.9816666667E+01   -0.3483418059E+00   -0.1161139353E+00    0.5015647855E+00    0.0000000000E+00    0.0000000000E+00    0.0000000000E+00    0.0000000000E+00    0.0000000000E+00    0.0000000000E+00    0.2768030739E-13    0.2768030739E-13    0.9999958436E+00    0.9999958436E+00
    4    0.9816666667E+01   -0.3483418059E+00    0.6966836119E+00   -0.1506057660E+00    0.0000000000E+00    0.0000000000E+00    0.0000000000E+00    0.0000000000E+00    0.0000000000E+00    0.0000000000E+00    0.6151353062E-12    0.6151353062E-12    0.9999929759E+00    0.9999929759E+00
    5    0.9816666667E+01    0.4644557413E+00   -0.1161139353E+00   -0.2275754507E+00    0.0000000000E+00    0.0000000000E+00    0.0000000000E+00    0.0000000000E+00    0.0000000000E+00    0.0000000000E+00    0.1918558148E-14    0.1918558148E-14    0.9999976830E+00    0.9999976830E+00
    6    0.9816666667E+01    0.4644557413E+00    0.6966836119E+00   -0.4588815837E+00    0.0000000000E+00    0.0000000000E+00    0.0000000000E+00    0.0000000000E+00    0.0000000000E+00    0.0000000000E+00    0.2084536833E-10    0.2084536833E-10    0.9999862537E+00    0.9999862537E+00
    7    0.9816666667E+01   -0.3483418059E+00    0.6966836119E+00   -0.4563483708E+00    0.0000000000E+00    0.0000000000E+00    0.0000000000E+00    0.0000000000E+00    0.0000000000E+00    0.0000000000E+00    0.1580400090E-12    0.1580400090E-12    0.9999939303E+00    0.9999939303E+00
    1    0.1007500000E+02    0.4644557413E+00   -0.1161139353E+00   -0.1911745484E+00    0.0000000000E+00    0.0000000000E+00    0.0000000000E+00    0.0000000000E+00    0.0000000000E+00    0.0000000000E+00    0.2999457057E-18    0.3001373350E-18    0.9999975598E+00    0.9999975598E+00
    2    0.1007500000E+02   -0.3483418059E+00   -0.1161139353E+00    0.4012487273E+00    0.0000000000E+00    0.0000000000E+00    0.0000000000E+00    0.0000000000E+00    0.0000000000E+00    0.0000000000E+00    0.3485648974E-11    0.3485648974E-11    0.9999928779E+00    0.9999928779E+00
    3    0.1007500000E+02   -0.3483418059E+00    0.6966836119E+00   -0.3560113702E+00    0.0000000000E+00    0.0000000000E+00    0.0000000000E+00    0.0000000000E+00    0.0000000000E+00    0.0000000000E+00    0.8914157290E-14    0.8914157292E-14    0.9999931960E+00    0.9999931960E+00
    4    0.1007500000E+02   -0.3483418059E+00   -0.1161139353E+00   -0.5695472183E+00    0.0000000000E+00    0.0000000000E+00    0.0000000000E+00    0.0000000000E+00    0.0000000000E+00    0.0000000000E+00    0.5114519421E-11    0.5114519421E-11    0.9999924188E+00    0.9999924188E+00
    1    0.1033333333E+02   -0.3483418059E+00    0.6966836119E+00   -0.2541598194E+00    0.0000000000E+00    0.0000000000E+00    0.0000000000E+00    0.0000000000E+00    0.0000000000E+00    0.0000000000E+00    0.2123721816E-12    0.2123721816E-12    0.9999930210E+00    0.9999930210E+00
    2    0.1033333333E+02    0.4644557413E+00   -0.1161139353E+00   -0.1537279989E+00    0.0000000000E+00    0.0000000000E+00    0.0000000000E+00    0.0000000000E+00    0.0000000000E+00    0.0000000000E+00    0.2675218772E-14    0.2675218772E-14    0.9999974190E+00    0.9999974190E+00
    1    0.1059166667E+02   -0.3483418059E+00    0.6966836119E+00   -0.1381655088E+00    0.0000000000E+00    0.0000000000E+00    0.0000000000E+00    0.0000000000E+00    0.0000000000E+00    0.0000000000E+00    0.1875262095E-11    0.1875262095E-11    0.9999899517E+00    0.9999899517E+00
    2    0.1059166667E+02    0.4644557413E+00   -0.1161139353E+00   -0.1150021028E+00    0.0000000000E+00    0.0000000000E+00    0.0000000000E+00    0.0000000000E+00    0.0000000000E+00    0.0000000000E+00    0.8996347447E-14    0.8996347447E-14    0.9999972563E+00    0.9999972563E+00
    1    0.1085000000E+02   -0.3483418059E+00    0.6966836119E+00    0.5249488459E+00    0.0000000000E+00    0.0000000000E+00    0.0000000000E+00    0.0000000000E+00    0.0000000000E+00    0.0000000000E+00    0.1991003297E-10    0.1991003297E-10    0.9999878993E+00    0.9999878993E+00
    2    0.1085000000E+02   -0.3483418059E+00    0.6966836119E+00   -0.4198926685E+00    0.0000000000E+00    0.0000000000E+00    0.0000000000E+00    0.0000000000E+00    0.0000000000E+00    0.0000000000E+00    0.1991346108E-10    0.1991346108E-10    0.9999873006E+00    0.9999873006E+00
    3    0.1085000000E+02    0.4644557413E+00   -0.1161139353E+00   -0.7470506776E-01    0.0000000000E+00    0.0000000000E+00    0.0000000000E+00    0.0000000000E+00    0.0000000000E+00    0.0000000000E+00    0.1476274462E-13    0.1476274463E-13    0.9999970652E+00    0.9999970652E+00
    1    0.1110833333E+02   -0.3483418059E+00    0.6966836119E+00   -0.5279539878E+00    0.0000000000E+00    0.0000000000E+00    0.0000000000E+00    0.0000000000E+00    0.0000000000E+00    0.0000000000E+00    0.1176777459E-12    0.1176777459E-12    0.9999947979E+00    0.9999947979E+00
    2    0.1110833333E+02   -0.3483418059E+00    0.6966836119E+00   -0.3097861488E+00    0.0000000000E+00    0.0000000000E+00    0.0000000000E+00    0.0000000000E+00    0.0000000000E+00    0.0000000000E+00    0.1618295912E-12    0.1618295912E-12    0.9999933919E+00    0.9999933919E+00
    3    0.1110833333E+02    0.4644557413E+00   -0.1161139353E+00   -0.3242613040E-01    0.0000000000E+00    0.0000000000E+00    0.0000000000E+00    0.0000000000E+00    0.0000000000E+00    0.0000000000E+00    0.2976707774E-13    0.2976707774E-13    0.9999968277E+00    0.9999968277E+00
    4    0.1110833333E+02    0.4644557413E+00    0.6966836119E+00    0.1503660733E+00    0.0000000000E+00    0.0000000000E+00    0.0000000000E+00    0.0000000000E+00    0.0000000000E+00    0.0000000000E+00    0.8522533124E-12    0.8522533124E-12    0.9999898389E+00    0.9999898389E+00
    1    0.1136666667E+02   -0.3483418059E+00    0.6966836119E+00   -0.4637672765E+00    0.0000000000E+00    0.0000000000E+00    0.0000000000E+00    0.0000000000E+00    0.0000000000E+00    0.0000000000E+00    0.2315534892E-13    0.2315534892E-13    0.9999955645E+00    0.9999955645E+00
    2    0.1136666667E+02   -0.3483418059E+00    0.6966836119E+00   -0.2175895994E+00    0.0000000000E+00    0.0000000000E+00    0.0000000000E+00    0.0000000000E+00    0.0000000000E+00    0.0000000000E+00    0.8468009725E-13    0.8468009725E-13    0.9999925951E+00    0.9999925951E+00
    3    0.1136666667E+02    0.4644557413E+00    0.6966836119E+00    0.2597984214E+00    0.0000000000E+00    0.0000000000E+00    0.0000000000E+00    0.0000000000E+00    0.0000000000E+00    0.0000000000E+00    0.1204567052E-12    0.1204567052E-12    0.9999931509E+00    0.9999931509E+00
    4    0.1136666667E+02    0.4644557413E+00   -0.1161139353E+00    0.1157409305E-01    0.0000000000E+00    0.0000000000E+00    0.0000000000E+00    0.0000000000E+00    0.0000000000E+00    0.0000000000E+00    0.1795562342E-12    0.1795562342E-12    0.9999964432E+00    0.9999964432E+00
    1    0.1162500000E+02   -0.3483418059E+00    0.6966836119E+00   -0.4065352167E+00    0.0000000000E+00    0.0000000000E+00    0.0000000000E+00    0.0000000000E+00    0.0000000000E+00    0.0000000000E+00    0.2163511704E-13    0.2163511710E-13    0.9999957324E+00    0.9999957324E+00
    2    0.1162500000E+02   -0.3483418059E+00    0.6966836119E+00   -0.8607505293E-01   -0.3483418059E+00   -0.9289114825E+00   -0.8607505293E-01   -0.4138367208E+00    0.6147441701E+01    0.2969898575E+00    0.2224285728E-10    0.2224285728E-10    0.9999834736E+00    0.9999834736E+00
    3    0.1162500000E+02    0.4644557413E+00   -0.1161139353E+00    0.5953317495E-01    0.0000000000E+00    0.0000000000E+00    0.0000000000E+00    0.0000000000E+00    0.0000000000E+00    0.0000000000E+00    0.2223894364E-13    0.2223894364E-13    0.9999962241E+00    0.9999962241E+00
    4    0.1162500000E+02   -0.3483418059E+00   -0.1161139353E+00    0.4491240916E+00    0.0000000000E+00    0.0000000000E+00    0.0000000000E+00    0.0000000000E+00    0.0000000000E+00    0.0000000000E+00    0.4902289131E-13    0.4902289133E-13    0.9999834157E+00    0.9999834157E+00
    5    0.1162500000E+02    0.4644557413E+00    0.6966836119E+00    0.3432430591E+00    0.0000000000E+00    0.0000000000E+00    0.0000000000E+00    0.0000000000E+00    0.0000000000E+00    0.0000000000E+00    0.8628564013E-14    0.8628564013E-14    0.9999941134E+00    0.9999941134E+00
    1    0.1188333333E+02   -0.3483418059E+00    0.6966836119E+00   -0.3510873572E+00    0.0000000000E+00    0.0000000000E+00    0.0000000000E+00    0.0000000000E+00    0.0000000000E+00    0.0000000000E+00    0.6581137815E-15    0.6581138063E-15    0.9999956682E+00    0.9999956682E+00
    2    0.1188333333E+02    0.4644557413E+00   -0.1161139353E+00    0.1111444807E+00    0.0000000000E+00    0.0000000000E+00    0.0000000000E+00    0.0000000000E+00    0.0000000000E+00    0.0000000000E+00    0.1295239391E-13    0.1295239391E-13    0.9999957897E+00    0.9999957897E+00
    3    0.1188333333E+02   -0.3483418059E+00   -0.1161139353E+00    0.5708478186E+00    0.0000000000E+00    0.0000000000E+00    0.0000000000E+00    0.0000000000E+00    0.0000000000E+00    0.0000000000E+00    0.3299875087E-11    0.3299875087E-11    0.9999918712E+00    0.9999918712E+00
    4    0.1188333333E+02    0.4644557413E+00    0.6966836119E+00    0.4167016588E+00    0.4644557413E+00    0.6966836119E+00    0.4167016588E+00   -0.2468372518E+01   -0.3008445943E+01   -0.4184803225E+01    0.9381271913E-15    0.9381271918E-15    0.9999944865E+00    0.9999944865E+00
    1    0.1214166667E+02    0.4644557413E+00   -0.1161139353E+00    0.1680424369E+00    0.0000000000E+00    0.0000000000E+00    0.0000000000E+00    0.0000000000E+00    0.0000000000E+00    0.0000000000E+00    0.1300197796E-14    0.1300197796E-14    0.9999952063E+00    0.9999952063E+00
    2    0.1214166667E+02   -0.3483418059E+00    0.6966836119E+00   -0.2946696443E+00    0.0000000000E+00    0.0000000000E+00    0.0000000000E+00    0.0000000000E+00    0.0000000000E+00    0.0000000000E+00    0.7097530807E-14    0.7097530808E-14    0.9999954012E+00    0.9999954012E+00
    3    0.1214166667E+02   -0.3483418059E+00   -0.1161139353E+00   -0.4956648491E+00    0.0000000000E+00    0.0000000000E+00    0.0000000000E+00    0.0000000000E+00    0.0000000000E+00    0.0000000000E+00    0.4002627203E-14    0.4002627417E-14    0.9999934947E+00    0.9999934947E+00
    4    0.1214166667E+02    0.4644557413E+00    0.6966836119E+00    0.4860613313E+00    0.0000000000E+00    0.0000000000E+00    0.0000000000E+00    0.0000000000E+00    0.0000000000E+00    0.0000000000E+00    0.5286901536E-16    0.5286901539E-16    0.9999945291E+00    0.9999945291E+00
    1    0.1240000000E+02    0.4644557413E+00   -0.1161139353E+00    0.2322153581E+00    0.0000000000E+00    0.0000000000E+00    0.0000000000E+00    0.0000000000E+00    0.0000000000E+00    0.0000000000E+00    0.1892561072E-14    0.1892561073E-14    0.9999944151E+00    0.9999944151E+00
    2    0.1240000000E+02   -0.3483418059E+00    0.6966836119E+00   -0.2347448172E+00    0.0000000000E+00    0.0000000000E+00    0.0000000000E+00    0.0000000000E+00    0.0000000000E+00    0.0000000000E+00    0.9621994501E-14    0.9621994503E-14    0.9999948941E+00    0.9999948941E+00
    3    0.1240000000E+02   -0.3483418059E+00   -0.1161139353E+00   -0.4111421772E+00    0.0000000000E+00    0.0000000000E+00    0.0000000000E+00    0.0000000000E+00    0.0000000000E+00    0.0000000000E+00    0.4474157333E-15    0.4474157390E-15    0.9999926938E+00    0.9999926938E+00
    4    0.1240000000E+02    0.4644557413E+00    0.6966836119E+00    0.5551369510E+00    0.0000000000E+00    0.0000000000E+00    0.0000000000E+00    0.0000000000E+00    0.0000000000E+00    0.0000000000E+00    0.9246698228E-15    0.9246708744E-15    0.9999942969E+00    0.9999942969E+00
    1    0.1265833333E+02    0.4644557413E+00   -0.1161139353E+00    0.3060104789E+00    0.0000000000E+00    0.0000000000E+00    0.0000000000E+00    0.0000000000E+00    0.0000000000E+00    0.0000000000E+00    0.4884549388E-15    0.4884549468E-15    0.9999934250E+00    0.9999934250E+00
    2    0.1265833333E+02   -0.3483418059E+00    0.6966836119E+00   -0.1674257312E+00    0.0000000000E+00    0.0000000000E+00    0.0000000000E+00    0.0000000000E+00    0.0000000000E+00    0.0000000000E+00    0.1783737198E-13    0.1783737200E-13    0.9999939047E+00    0.9999939047E+00
    3    0.1265833333E+02   -0.3483418059E+00   -0.1161139353E+00   -0.3085685774E+00    0.0000000000E+00    0.0000000000E+00    0.0000000000E+00    0.0000000000E+00    0.0000000000E+00    0.0000000000E+00    0.1018837083E-12    0.1018837083E-12    0.9999897770E+00    0.9999897770E+00
    4    0.1265833333E+02    0.4644557413E+00    0.6966836119E+00   -0.5220166666E+00    0.0000000000E+00    0.0000000000E+00    0.0000000000E+00    0.0000000000E+00    0.0000000000E+00    0.0000000000E+00    0.3354175656E-14    0.3354182533E-14    0.9999937429E+00    0.9999937429E+00
    1    0.1291666667E+02    0.4644557413E+00   -0.1161139353E+00    0.3898220164E+00    0.0000000000E+00    0.0000000000E+00    0.0000000000E+00    0.0000000000E+00    0.0000000000E+00    0.0000000000E+00    0.3679373577E-16    0.3679373584E-16    0.9999925826E+00    0.9999925826E+00
    2    0.1291666667E+02    0.4644557413E+00    0.6966836119E+00   -0.4416775528E+00    0.0000000000E+00    0.0000000000E+00    0.0000000000E+00    0.0000000000E+00    0.0000000000E+00    0.0000000000E+00    0.1366359932E-13    0.1366359932E-13    0.9999926375E+00    0.9999926375E+00
    3    0.1291666667E+02   -0.3483418059E+00    0.6966836119E+00   -0.8025474196E-01    0.0000000000E+00    0.0000000000E+00    0.0000000000E+00    0.0000000000E+00    0.0000000000E+00    0.0000000000E+00    0.4016291381E-11    0.4016291381E-11    0.9999903662E+00    0.9999903662E+00
    1    0.1317500000E+02    0.4644557413E+00   -0.1161139353E+00    0.4781704457E+00    0.4644557413E+00   -0.1161139353E+00    0.4781704457E+00   -0.3134413075E+01    0.1535028545E+01   -0.3412913829E+01    0.2503655885E-13    0.2503655885E-13    0.9999924055E+00    0.9999924055E+00
    2    0.1317500000E+02    0.4644557413E+00    0.6966836119E+00   -0.3429208999E+00    0.0000000000E+00    0.0000000000E+00    0.0000000000E+00    0.0000000000E+00    0.0000000000E+00    0.0000000000E+00    0.5415921756E-13    0.5415921756E-13    0.9999899713E+00    0.9999899713E+00
    1    0.1343333333E+02   -0.3483418059E+00    0.6966836119E+00    0.4962566408E+00    0.0000000000E+00    0.0000000000E+00    0.0000000000E+00    0.0000000000E+00    0.0000000000E+00    0.0000000000E+00    0.4370817378E-11    0.4370817378E-11    0.9999638403E+00    0.9999638403E+00
    2    0.1343333333E+02    0.4644557413E+00   -0.1161139353E+00    0.5639638657E+00    0.0000000000E+00    0.0000000000E+00    0.0000000000E+00    0.0000000000E+00    0.0000000000E+00    0.0000000000E+00    0.2130681135E-12    0.2130681135E-12    0.9999924095E+00    0.9999924095E+00
    3    0.1343333333E+02    0.4644557413E+00   -0.1161139353E+00    0.2552677084E+00    0.0000000000E+00    0.0000000000E+00    0.0000000000E+00    0.0000000000E+00    0.0000000000E+00    0.0000000000E+00    0.2839957252E-11    0.2839957252E-11    0.9999726769E+00    0.9999726769E+00
    4    0.1343333333E+02   -0.3483418059E+00    0.6966836119E+00    0.2275014269E+00    0.0000000000E+00    0.0000000000E+00    0.0000000000E+00    0.0000000000E+00    0.0000000000E+00    0.0000000000E+00    0.1312150328E-11    0.1312150328E-11    0.9999724948E+00    0.9999724948E+00
    5    0.1343333333E+02    0.4644557413E+00    0.6966836119E+00   -0.1635400656E+00    0.4644557413E+00    0.6966836119E+00   -0.1635400656E+00   -0.9878055146E+00   -0.5328982639E+00   -0.4724696098E+00    0.4280532024E-11    0.4280532024E-11    0.9999668676E+00    0.9999668676E+00
    6    0.1343333333E+02    0.4644557413E+00    0.6966836119E+00    0.5613658427E-01    0.4644557413E+00    0.6966836119E+00    0.5613658427E-01   -0.1466921278E+01    0.3645182153E-01   -0.4008551073E+00    0.3913818034E-09    0.3913818034E-09    0.9999467754E+00    0.9999467754E+00
    1    0.1369166667E+02    0.4644557413E+00   -0.1161139353E+00   -0.5038935480E+00    0.0000000000E+00    0.0000000000E+00    0.0000000000E+00    0.0000000000E+00    0.0000000000E+00    0.0000000000E+00    0.8814332950E-12    0.8814332950E-12    0.9999923477E+00    0.9999923477E+00
    2    0.1369166667E+02    0.4644557413E+00   -0.1161139353E+00    0.4622935479E+00    0.0000000000E+00    0.0000000000E+00    0.0000000000E+00    0.0000000000E+00    0.0000000000E+00    0.0000000000E+00    0.1228927459E-12    0.1228927459E-12    0.9999855165E+00    0.9999855165E+00
    3    0.1369166667E+02   -0.3483418059E+00    0.6966836119E+00    0.3734849369E+00    0.0000000000E+00    0.0000000000E+00    0.0000000000E+00    0.0000000000E+00    0.0000000000E+00    0.0000000000E+00    0.8305096746E-11    0.8305096746E-11    0.9999493650E+00    0.9999493650E+00
    4    0.1369166667E+02   -0.3483418059E+00    0.6966836119E+00    0.2142633860E+00    0.0000000000E+00    0.0000000000E+00    0.0000000000E+00    0.0000000000E+00    0.0000000000E+00    0.0000000000E+00    0.7995847262E-11    0.7995847262E-11    0.9999759339E+00    0.9999759339E+00
    5    0.1369166667E+02   -0.3483418059E+00   -0.1161139353E+00    0.2525184285E+00    0.0000000000E+00    0.0000000000E+00    0.0000000000E+00    0.0000000000E+00    0.0000000000E+00    0.0000000000E+00    0.2503681047E-11    0.2503681047E-11    0.9999749076E+00    0.9999749076E+00
    6    0.1369166667E+02    0.4644557413E+00    0.6966836119E+00    0.2921376915E+00    0.0000000000E+00    0.0000000000E+00    0.0000000000E+00    0.0000000000E+00    0.0000000000E+00    0.0000000000E+00    0.9137138937E-12    0.9137138937E-12    0.9999844876E+00    0.9999844876E+00
    7    0.1369166667E+02    0.4644557413E+00   -0.1161139353E+00    0.2838415185E+00    0.0000000000E+00    0.0000000000E+00    0.0000000000E+00    0.0000000000E+00    0.0000000000E+00    0.0000000000E+00    0.1319924764E-11    0.1319924764E-11    0.9999826763E+00    0.9999826763E+00
    1    0.1395000000E+02   -0.3483418059E+00   -0.1161139353E+00    0.4959247115E-01    0.0000000000E+00    0.0000000000E+00    0.0000000000E+00    0.0000000000E+00    0.0000000000E+00    0.0000000000E+00    0.4257058650E-10    0.4257058650E-10    0.9999651883E+00    0.9999651883E+00
    2    0.1395000000E+02   -0.3483418059E+00   -0.1161139353E+00    0.2062797310E+00    0.0000000000E+00    0.0000000000E+00    0.0000000000E+00    0.0000000000E+00    0.0000000000E+00    0.0000000000E+00    0.8409745044E-11    0.8409745044E-11    0.9999584280E+00    0.9999584280E+00
    3    0.1395000000E+02    0.4644557413E+00   -0.1161139353E+00   -0.4236159317E+00    0.0000000000E+00    0.0000000000E+00    0.0000000000E+00    0.0000000000E+00    0.0000000000E+00    0.0000000000E+00    0.1524138524E-11    0.1524138524E-11    0.9999921224E+00    0.9999921224E+00
    4    0.1395000000E+02    0.4644557413E+00   -0.1161139353E+00   -0.5449308474E+00    0.0000000000E+00    0.0000000000E+00    0.0000000000E+00    0.0000000000E+00    0.0000000000E+00    0.0000000000E+00    0.7827184045E-12    0.7827184045E-12    0.9999875552E+00    0.9999875552E+00
    5    0.1395000000E+02   -0.3483418059E+00   -0.1161139353E+00    0.3853309245E+00    0.0000000000E+00    0.0000000000E+00    0.0000000000E+00    0.0000000000E+00    0.0000000000E+00    0.0000000000E+00    0.2244674698E-10    0.2244674698E-10    0.9999723186E+00    0.9999723186E+00
    6    0.1395000000E+02   -0.3483418059E+00   -0.1161139353E+00    0.5269935469E+00    0.0000000000E+00    0.0000000000E+00    0.0000000000E+00    0.0000000000E+00    0.0000000000E+00    0.0000000000E+00    0.2643872140E-10    0.2643872140E-10    0.9999691352E+00    0.9999691352E+00
    7    0.1395000000E+02    0.4644557413E+00    0.6966836119E+00    0.4712368770E+00    0.0000000000E+00    0.0000000000E+00    0.0000000000E+00    0.0000000000E+00    0.0000000000E+00    0.0000000000E+00    0.7883531475E-13    0.7883531479E-13    0.9999815287E+00    0.9999815287E+00
    8    0.1395000000E+02    0.4644557413E+00   -0.1161139353E+00    0.4432566722E+00    0.0000000000E+00    0.0000000000E+00    0.0000000000E+00    0.0000000000E+00    0.0000000000E+00    0.0000000000E+00    0.1594505572E-11    0.1594505572E-11    0.9999869117E+00    0.9999869117E+00
    1    0.1420833333E+02    0.4644557413E+00    0.6966836119E+00    0.9812366198E-01    0.0000000000E+00    0.0000000000E+00    0.0000000000E+00    0.0000000000E+00    0.0000000000E+00    0.0000000000E+00    0.2129897037E-09    0.2129897037E-09    0.9999105675E+00    0.9999105675E+00
    2    0.1420833333E+02    0.4644557413E+00   -0.1161139353E+00   -0.5661290044E+00    0.0000000000E+00    0.0000000000E+00    0.0000000000E+00    0.0000000000E+00    0.0000000000E+00    0.0000000000E+00    0.1001167817E-11    0.1001167817E-11    0.9999863637E+00    0.9999863637E+00
    3    0.1420833333E+02    0.4644557413E+00   -0.1161139353E+00   -0.4102651650E+00    0.0000000000E+00    0.0000000000E+00    0.0000000000E+00    0.0000000000E+00    0.0000000000E+00    0.0000000000E+00    0.1689812190E-12    0.1689812190E-12    0.9999870676E+00    0.9999870676E+00
    4    0.1420833333E+02    0.4644557413E+00   -0.1161139353E+00   -0.3375487160E+00    0.4644557413E+00   -0.1161139353E+00   -0.3375487160E+00   -0.7337139566E+00    0.8025417457E+00    0.1908137902E+00    0.4539670625E-12    0.4539670625E-12    0.9999914411E+00    0.9999914411E+00
    5    0.1420833333E+02    0.4644557413E+00    0.6966836119E+00   -0.3628995281E+00    0.0000000000E+00    0.0000000000E+00    0.0000000000E+00    0.0000000000E+00    0.0000000000E+00    0.0000000000E+00    0.1632511724E-09    0.1632511724E-09    0.9999274882E+00    0.9999274882E+00
    1    0.1446666667E+02    0.4644557413E+00   -0.1161139353E+00   -0.4061204147E+00    0.0000000000E+00    0.0000000000E+00    0.0000000000E+00    0.0000000000E+00    0.0000000000E+00    0.0000000000E+00    0.7492189082E-12    0.7492189082E-12    0.9999825304E+00    0.9999825304E+00
    2    0.1446666667E+02    0.4644557413E+00   -0.1161139353E+00   -0.2637324837E+00    0.0000000000E+00    0.0000000000E+00    0.0000000000E+00    0.0000000000E+00    0.0000000000E+00    0.0000000000E+00    0.1592856560E-11    0.1592856560E-11    0.9999850403E+00    0.9999850403E+00
    3    0.1446666667E+02    0.4644557413E+00   -0.1161139353E+00   -0.2218405933E+00    0.0000000000E+00    0.0000000000E+00    0.0000000000E+00    0.0000000000E+00    0.0000000000E+00    0.0000000000E+00    0.1286766282E-11    0.1286766282E-11    0.9999849426E+00    0.9999849426E+00
    1    0.1472500000E+02    0.4644557413E+00   -0.1161139353E+00   -0.1530945620E+00    0.0000000000E+00    0.0000000000E+00    0.0000000000E+00    0.0000000000E+00    0.0000000000E+00    0.0000000000E+00    0.7358364088E-10    0.7358364088E-10    0.9999564135E+00    0.9999564135E+00
    2    0.1472500000E+02    0.4644557413E+00   -0.1161139353E+00   -0.8897704859E-01    0.0000000000E+00    0.0000000000E+00    0.0000000000E+00    0.0000000000E+00    0.0000000000E+00    0.0000000000E+00    0.5998908266E-10    0.5998908266E-10    0.9999687050E+00    0.9999687050E+00
