    1    0.2066666667E+01    0.4644557413E+00    0.5805696766E+00    0.6552686440E-01    0.0000000000E+00    0.0000000000E+00    0.0000000000E+00    0.0000000000E+00    0.0000000000E+00    0.0000000000E+00    0.9788953770E-12    0.9788953770E-12    0.9999971185E+00    0.9999971185E+00
    1    0.2325000000E+01    0.4644557413E+00    0.5805696766E+00    0.1850110231E+00    0.0000000000E+00    0.0000000000E+00    0.0000000000E+00    0.0000000000E+00    0.0000000000E+00    0.0000000000E+00    0.9801804667E-16    0.9801804667E-16    0.9999984467E+00    0.9999984467E+00
    1    0.2583333333E+01    0.4644557413E+00    0.5805696766E+00   -0.1312833257E+00    0.0000000000E+00    0.0000000000E+00    0.0000000000E+00    0.0000000000E+00    0.0000000000E+00    0.0000000000E+00    0.2138040201E-12    0.2138040201E-12    0.9999981137E+00    0.9999981137E+00
    2    0.2583333333E+01    0.4644557413E+00    0.5805696766E+00    0.2406372932E+00    0.0000000000E+00    0.0000000000E+00    0.0000000000E+00    0.0000000000E+00    0.0000000000E+00    0.0000000000E+00    0.8649624067E-13    0.8649624067E-13    0.9999986086E+00    0.9999986086E+00
    3    0.2583333333E+01    0.4644557413E+00    0.5805696766E+00    0.3426335864E+00    0.0000000000E+00    0.0000000000E+00    0.0000000000E+00    0.0000000000E+00    0.0000000000E+00    0.0000000000E+00    0.1366467282E-12    0.1366467282E-12    0.9999985535E+00    0.9999985535E+00
    1    0.2841666667E+01    0.4644557413E+00    0.5805696766E+00    0.4190064884E+00    0.0000000000E+00    0.0000000000E+00    0.0000000000E+00    0.0000000000E+00    0.0000000000E+00    0.0000000000E+00    0.6664337783E-15    0.6664337783E-15    0.9999986783E+00    0.9999986783E+00
    2    0.2841666667E+01    0.4644557413E+00   -0.2322278706E+00    0.3005790327E+00    0.0000000000E+00    0.0000000000E+00    0.0000000000E+00    0.0000000000E+00    0.0000000000E+00    0.0000000000E+00    0.1544875531E-14    0.1544875532E-14    0.9999966605E+00    0.9999966605E+00
    3    0.2841666667E+01    0.4644557413E+00    0.5805696766E+00    0.3010174253E+00    0.0000000000E+00    0.0000000000E+00    0.0000000000E+00    0.0000000000E+00    0.0000000000E+00    0.0000000000E+00    0.4206888090E-14    0.4206888091E-14    0.9999990187E+00    0.9999990187E+00
    1    0.3100000000E+01    0.4644557413E+00   -0.2322278706E+00   -0.2327841257E+00    0.0000000000E+00    0.0000000000E+00    0.0000000000E+00    0.0000000000E+00    0.0000000000E+00    0.0000000000E+00    0.6206601427E-12    0.6206601427E-12    0.9999972355E+00    0.9999972355E+00
    2    0.3100000000E+01    0.4644557413E+00    0.5805696766E+00    0.4843970254E+00    0.0000000000E+00    0.0000000000E+00    0.0000000000E+00    0.0000000000E+00    0.0000000000E+00    0.0000000000E+00    0.2372032415E-14    0.2372037973E-14    0.9999987608E+00    0.9999987608E+00
    3    0.3100000000E+01    0.4644557413E+00   -0.2322278706E+00    0.4623697829E+00    0.0000000000E+00    0.0000000000E+00    0.0000000000E+00    0.0000000000E+00    0.0000000000E+00    0.0000000000E+00    0.4762917937E-12    0.4762917937E-12    0.9999969413E+00    0.9999969413E+00
    4    0.3100000000E+01    0.4644557413E+00   -0.2322278706E+00    0.3425994475E+00    0.0000000000E+00    0.0000000000E+00    0.0000000000E+00    0.0000000000E+00    0.0000000000E+00    0.0000000000E+00    0.1586025840E-12    0.1586025840E-12    0.9999982897E+00    0.9999982897E+00
    5    0.3100000000E+01    0.4644557413E+00    0.5805696766E+00    0.3517144976E+00    0.0000000000E+00    0.0000000000E+00    0.0000000000E+00    0.0000000000E+00    0.0000000000E+00    0.0000000000E+00    0.9290426306E-15    0.9290449776E-15    0.9999989354E+00    0.9999989354E+00
    1    0.3358333333E+01    0.4644557413E+00   -0.2322278706E+00   -0.1439357072E+00    0.0000000000E+00    0.0000000000E+00    0.0000000000E+00    0.0000000000E+00    0.0000000000E+00    0.0000000000E+00    0.1703137130E-13    0.1703137130E-13    0.9999984261E+00    0.9999984261E+00
    2    0.3358333333E+01    0.4644557413E+00   -0.2322278706E+00    0.5662750301E+00    0.0000000000E+00    0.0000000000E+00    0.0000000000E+00    0.0000000000E+00    0.0000000000E+00    0.0000000000E+00    0.2822633197E-12    0.2822633197E-12    0.9999976099E+00    0.9999976099E+00
    3    0.3358333333E+01    0.4644557413E+00    0.5805696766E+00    0.5494032578E+00    0.0000000000E+00    0.0000000000E+00    0.0000000000E+00    0.0000000000E+00    0.0000000000E+00    0.0000000000E+00    0.2328747828E-13    0.2328747828E-13    0.9999985708E+00    0.9999985708E+00
    4    0.3358333333E+01    0.4644557413E+00   -0.2322278706E+00    0.4185350430E+00    0.4644557413E+00   -0.2322278706E+00    0.4185350430E+00    0.2255906954E+01   -0.3584029990E+01    0.9249446553E+00    0.1865892023E-13    0.1865892023E-13    0.9999986272E+00    0.9999986272E+00
    5    0.3358333333E+01    0.4644557413E+00    0.5805696766E+00    0.3978843737E+00    0.0000000000E+00    0.0000000000E+00    0.0000000000E+00    0.0000000000E+00    0.0000000000E+00    0.0000000000E+00    0.3052567296E-14    0.3052567296E-14    0.9999989351E+00    0.9999989351E+00
    1    0.3616666667E+01    0.4644557413E+00   -0.2322278706E+00   -0.6942210525E-01    0.0000000000E+00    0.0000000000E+00    0.0000000000E+00    0.0000000000E+00    0.0000000000E+00    0.0000000000E+00    0.3542553780E-12    0.3542553780E-12    0.9999979579E+00    0.9999979579E+00
    2    0.3616666667E+01    0.4644557413E+00   -0.2322278706E+00   -0.4950056744E+00    0.0000000000E+00    0.0000000000E+00    0.0000000000E+00    0.0000000000E+00    0.0000000000E+00    0.0000000000E+00    0.1201069896E-13    0.1201069896E-13    0.9999979383E+00    0.9999979383E+00
    3    0.3616666667E+01    0.4644557413E+00    0.5805696766E+00   -0.5327467387E+00    0.0000000000E+00    0.0000000000E+00    0.0000000000E+00    0.0000000000E+00    0.0000000000E+00    0.0000000000E+00    0.9676059207E-14    0.9676059207E-14    0.9999982328E+00    0.9999982328E+00
    4    0.3616666667E+01    0.4644557413E+00   -0.2322278706E+00    0.4723087419E+00    0.0000000000E+00    0.0000000000E+00    0.0000000000E+00    0.0000000000E+00    0.0000000000E+00    0.0000000000E+00    0.1206177506E-13    0.1206177506E-13    0.9999987128E+00    0.9999987128E+00
    5    0.3616666667E+01    0.4644557413E+00    0.5805696766E+00    0.4414046313E+00    0.0000000000E+00    0.0000000000E+00    0.0000000000E+00    0.0000000000E+00    0.0000000000E+00    0.0000000000E+00    0.7794879150E-15    0.7794879158E-15    0.9999990100E+00    0.9999990100E+00
    1    0.3875000000E+01   -0.3483418059E+00    0.5805696766E+00    0.3160683344E+00    0.0000000000E+00    0.0000000000E+00    0.0000000000E+00    0.0000000000E+00    0.0000000000E+00    0.0000000000E+00    0.7413169054E-11    0.7413169054E-11    0.9999927674E+00    0.9999927674E+00
    2    0.3875000000E+01   -0.3483418059E+00    0.5805696766E+00   -0.2200663645E+00    0.0000000000E+00    0.0000000000E+00    0.0000000000E+00    0.0000000000E+00    0.0000000000E+00    0.0000000000E+00    0.7401323860E-11    0.7401323860E-11    0.9999932726E+00    0.9999932726E+00
    3    0.3875000000E+01    0.4644557413E+00    0.5805696766E+00    0.4834825876E+00    0.0000000000E+00    0.0000000000E+00    0.0000000000E+00    0.0000000000E+00    0.0000000000E+00    0.0000000000E+00    0.1797261506E-14    0.1797261506E-14    0.9999988341E+00    0.9999988341E+00
    4    0.3875000000E+01    0.4644557413E+00   -0.2322278706E+00    0.5192273025E+00    0.0000000000E+00    0.0000000000E+00    0.0000000000E+00    0.0000000000E+00    0.0000000000E+00    0.0000000000E+00    0.1211265034E-14    0.1211265034E-14    0.9999988107E+00    0.9999988107E+00
    5    0.3875000000E+01    0.4644557413E+00    0.5805696766E+00   -0.4550926940E+00    0.0000000000E+00    0.0000000000E+00    0.0000000000E+00    0.0000000000E+00    0.0000000000E+00    0.0000000000E+00    0.1994056531E-14    0.1994056531E-14    0.9999979346E+00    0.9999979346E+00
    6    0.3875000000E+01    0.4644557413E+00   -0.2322278706E+00   -0.4061482844E+00    0.0000000000E+00    0.0000000000E+00    0.0000000000E+00    0.0000000000E+00    0.0000000000E+00    0.0000000000E+00    0.7351157858E-15    0.7351157858E-15    0.9999977044E+00    0.9999977044E+00
    1    0.4133333333E+01   -0.3483418059E+00    0.5805696766E+00   -0.9893770810E-01    0.0000000000E+00    0.0000000000E+00    0.0000000000E+00    0.0000000000E+00    0.0000000000E+00    0.0000000000E+00    0.5336437500E-13    0.5336437502E-13    0.9999976344E+00    0.9999976344E+00
    2    0.4133333333E+01    0.4644557413E+00    0.5805696766E+00   -0.3599715520E+00    0.0000000000E+00    0.0000000000E+00    0.0000000000E+00    0.0000000000E+00    0.0000000000E+00    0.0000000000E+00    0.1678620776E-14    0.1678620788E-14    0.9999970543E+00    0.9999970543E+00
    3    0.4133333333E+01    0.4644557413E+00   -0.2322278706E+00   -0.3095273107E+00    0.0000000000E+00    0.0000000000E+00    0.0000000000E+00    0.0000000000E+00    0.0000000000E+00    0.0000000000E+00    0.2185560791E-13    0.2185560833E-13    0.9999971383E+00    0.9999971383E+00
    4    0.4133333333E+01   -0.3483418059E+00    0.5805696766E+00   -0.3304239912E+00    0.0000000000E+00    0.0000000000E+00    0.0000000000E+00    0.0000000000E+00    0.0000000000E+00    0.0000000000E+00    0.9613698939E-13    0.9613699049E-13    0.9999963959E+00    0.9999963959E+00
    5    0.4133333333E+01   -0.3483418059E+00    0.5805696766E+00    0.4771961898E+00    0.0000000000E+00    0.0000000000E+00    0.0000000000E+00    0.0000000000E+00    0.0000000000E+00    0.0000000000E+00    0.4605438780E-12    0.4605438901E-12    0.9999941369E+00    0.9999941369E+00
    6    0.4133333333E+01    0.4644557413E+00    0.5805696766E+00    0.5252563885E+00    0.0000000000E+00    0.0000000000E+00    0.0000000000E+00    0.0000000000E+00    0.0000000000E+00    0.0000000000E+00    0.1002538201E-14    0.1002538212E-14    0.9999988265E+00    0.9999988265E+00
    7    0.4133333333E+01    0.4644557413E+00   -0.2322278706E+00    0.5632824157E+00    0.0000000000E+00    0.0000000000E+00    0.0000000000E+00    0.0000000000E+00    0.0000000000E+00    0.0000000000E+00    0.1282998547E-13    0.1282998629E-13    0.9999988150E+00    0.9999988150E+00
    1    0.4391666667E+01   -0.3483418059E+00   -0.2322278706E+00    0.3463907849E+00    0.0000000000E+00    0.0000000000E+00    0.0000000000E+00    0.0000000000E+00    0.0000000000E+00    0.0000000000E+00    0.1999013493E-12    0.1999013500E-12    0.9999971368E+00    0.9999971368E+00
    2    0.4391666667E+01   -0.3483418059E+00   -0.2322278706E+00    0.4371842006E+00    0.0000000000E+00    0.0000000000E+00    0.0000000000E+00    0.0000000000E+00    0.0000000000E+00    0.0000000000E+00    0.1407241848E-11    0.1407241848E-11    0.9999954458E+00    0.9999954458E+00
    3    0.4391666667E+01    0.4644557413E+00    0.5805696766E+00    0.5678030070E+00    0.0000000000E+00    0.0000000000E+00    0.0000000000E+00    0.0000000000E+00    0.0000000000E+00    0.0000000000E+00    0.1395230785E-13    0.1395230799E-13    0.9999985714E+00    0.9999985714E+00
    4    0.4391666667E+01    0.4644557413E+00   -0.2322278706E+00   -0.5439496557E+00    0.0000000000E+00    0.0000000000E+00    0.0000000000E+00    0.0000000000E+00    0.0000000000E+00    0.0000000000E+00    0.2275335986E-14    0.2275336092E-14    0.9999986873E+00    0.9999986873E+00
    5    0.4391666667E+01    0.4644557413E+00   -0.2322278706E+00   -0.1873856620E+00    0.0000000000E+00    0.0000000000E+00    0.0000000000E+00    0.0000000000E+00    0.0000000000E+00    0.0000000000E+00    0.1517395042E-14    0.1517395069E-14    0.9999956899E+00    0.9999956899E+00
    6    0.4391666667E+01    0.4644557413E+00    0.5805696766E+00   -0.2237824239E+00    0.0000000000E+00    0.0000000000E+00    0.0000000000E+00    0.0000000000E+00    0.0000000000E+00    0.0000000000E+00    0.6272792667E-13    0.6272792668E-13    0.9999949994E+00    0.9999949994E+00
    7    0.4391666667E+01   -0.3483418059E+00   -0.2322278706E+00   -0.2418490372E+00    0.0000000000E+00    0.0000000000E+00    0.0000000000E+00    0.0000000000E+00    0.0000000000E+00    0.0000000000E+00    0.1486909062E-11    0.1486909062E-11    0.9999956195E+00    0.9999956195E+00
    8    0.4391666667E+01   -0.3483418059E+00    0.5805696766E+00   -0.2347208229E+00    0.0000000000E+00    0.0000000000E+00    0.0000000000E+00    0.0000000000E+00    0.0000000000E+00    0.0000000000E+00    0.1131420915E-14    0.1131420953E-14    0.9999977731E+00    0.9999977731E+00
    9    0.4391666667E+01   -0.3483418059E+00   -0.2322278706E+00   -0.1428845474E-01    0.0000000000E+00    0.0000000000E+00    0.0000000000E+00    0.0000000000E+00    0.0000000000E+00    0.0000000000E+00    0.1059785557E-11    0.1059785557E-11    0.9999966428E+00    0.9999966428E+00
    1    0.4650000000E+01   -0.3483418059E+00   -0.2322278706E+00    0.4460499419E+00    0.0000000000E+00    0.0000000000E+00    0.0000000000E+00    0.0000000000E+00    0.0000000000E+00    0.0000000000E+00    0.9244770870E-12    0.9244770870E-12    0.9999966813E+00    0.9999966813E+00
    2    0.4650000000E+01   -0.3483418059E+00   -0.2322278706E+00    0.5677413946E+00    0.0000000000E+00    0.0000000000E+00    0.0000000000E+00    0.0000000000E+00    0.0000000000E+00    0.0000000000E+00    0.9521310961E-11    0.9521310961E-11    0.9999923657E+00    0.9999923657E+00
    3    0.4650000000E+01    0.4644557413E+00    0.5805696766E+00   -0.5374346080E+00    0.0000000000E+00    0.0000000000E+00    0.0000000000E+00    0.0000000000E+00    0.0000000000E+00    0.0000000000E+00    0.5491827305E-14    0.5491827819E-14    0.9999986258E+00    0.9999986258E+00
    4    0.4650000000E+01    0.4644557413E+00   -0.2322278706E+00   -0.5013328573E+00    0.0000000000E+00    0.0000000000E+00    0.0000000000E+00    0.0000000000E+00    0.0000000000E+00    0.0000000000E+00    0.1226827477E-14    0.1226827485E-14    0.9999986839E+00    0.9999986839E+00
    5    0.4650000000E+01   -0.3483418059E+00    0.5805696766E+00   -0.1646831221E+00    0.0000000000E+00    0.0000000000E+00    0.0000000000E+00    0.0000000000E+00    0.0000000000E+00    0.0000000000E+00    0.1217948441E-14    0.1217948454E-14    0.9999979934E+00    0.9999979934E+00
    6    0.4650000000E+01   -0.3483418059E+00   -0.2322278706E+00   -0.1384266983E+00    0.0000000000E+00    0.0000000000E+00    0.0000000000E+00    0.0000000000E+00    0.0000000000E+00    0.0000000000E+00    0.1113284888E-12    0.1113284888E-12    0.9999973825E+00    0.9999973825E+00
    7    0.4650000000E+01   -0.3483418059E+00   -0.2322278706E+00    0.5079920667E-01    0.0000000000E+00    0.0000000000E+00    0.0000000000E+00    0.0000000000E+00    0.0000000000E+00    0.0000000000E+00    0.1934984565E-12    0.1934984565E-12    0.9999979028E+00    0.9999979028E+00
    8    0.4650000000E+01    0.4644557413E+00    0.5805696766E+00    0.7121437398E-01    0.0000000000E+00    0.0000000000E+00    0.0000000000E+00    0.0000000000E+00    0.0000000000E+00    0.0000000000E+00    0.3037162690E-12    0.3037162693E-12    0.9999980528E+00    0.9999980528E+00
    1    0.4908333333E+01   -0.3483418059E+00    0.5805696766E+00   -0.1006052547E+00    0.0000000000E+00    0.0000000000E+00    0.0000000000E+00    0.0000000000E+00    0.0000000000E+00    0.0000000000E+00    0.4080662865E-13    0.4080662869E-13    0.9999979087E+00    0.9999979087E+00
    2    0.4908333333E+01   -0.3483418059E+00   -0.2322278706E+00   -0.6495706155E-01    0.0000000000E+00    0.0000000000E+00    0.0000000000E+00    0.0000000000E+00    0.0000000000E+00    0.0000000000E+00    0.5790907643E-14    0.5790907689E-14    0.9999978005E+00    0.9999978005E+00
    3    0.4908333333E+01   -0.3483418059E+00    0.5805696766E+00    0.7157023862E-01    0.0000000000E+00    0.0000000000E+00    0.0000000000E+00    0.0000000000E+00    0.0000000000E+00    0.0000000000E+00    0.1512320668E-12    0.1512320672E-12    0.9999976342E+00    0.9999976342E+00
    4    0.4908333333E+01   -0.3483418059E+00   -0.2322278706E+00    0.1142998003E+00    0.0000000000E+00    0.0000000000E+00    0.0000000000E+00    0.0000000000E+00    0.0000000000E+00    0.0000000000E+00    0.9312521454E-14    0.9312522406E-14    0.9999979882E+00    0.9999979882E+00
    5    0.4908333333E+01    0.4644557413E+00    0.5805696766E+00    0.1224009606E+00    0.0000000000E+00    0.0000000000E+00    0.0000000000E+00    0.0000000000E+00    0.0000000000E+00    0.0000000000E+00    0.3281078080E-13    0.3281079104E-13    0.9999985948E+00    0.9999985948E+00
    6    0.4908333333E+01    0.4644557413E+00   -0.2322278706E+00   -0.4576248337E+00    0.0000000000E+00    0.0000000000E+00    0.0000000000E+00    0.0000000000E+00    0.0000000000E+00    0.0000000000E+00    0.1008496600E-14    0.1503895398E-14    0.9999985599E+00    0.9999985599E+00
    7    0.4908333333E+01    0.4644557413E+00    0.5805696766E+00   -0.4891808622E+00    0.0000000000E+00    0.0000000000E+00    0.0000000000E+00    0.0000000000E+00    0.0000000000E+00    0.0000000000E+00    0.5193699016E-14    0.5193906749E-14    0.9999983043E+00    0.9999983043E+00
    1    0.5166666667E+01   -0.3483418059E+00    0.5805696766E+00   -0.2997712311E-01    0.0000000000E+00    0.0000000000E+00    0.0000000000E+00    0.0000000000E+00    0.0000000000E+00    0.0000000000E+00    0.1079121800E-11    0.1079121800E-11    0.9999966491E+00    0.9999966491E+00
    2    0.5166666667E+01   -0.3483418059E+00   -0.2322278706E+00    0.1770671274E+00    0.0000000000E+00    0.0000000000E+00    0.0000000000E+00    0.0000000000E+00    0.0000000000E+00    0.0000000000E+00    0.3667837328E-16    0.3667837410E-16    0.9999977762E+00    0.9999977762E+00
    3    0.5166666667E+01   -0.3483418059E+00    0.5805696766E+00    0.1496710374E+00    0.0000000000E+00    0.0000000000E+00    0.0000000000E+00    0.0000000000E+00    0.0000000000E+00    0.0000000000E+00    0.5278095134E-12    0.5278095134E-12    0.9999969342E+00    0.9999969342E+00
    4    0.5166666667E+01    0.4644557413E+00    0.5805696766E+00    0.1644943586E+00    0.0000000000E+00    0.0000000000E+00    0.0000000000E+00    0.0000000000E+00    0.0000000000E+00    0.0000000000E+00    0.9972982220E-14    0.9972982225E-14    0.9999986736E+00    0.9999986736E+00
    5    0.5166666667E+01   -0.3483418059E+00    0.5805696766E+00   -0.5564017885E+00    0.0000000000E+00    0.0000000000E+00    0.0000000000E+00    0.0000000000E+00    0.0000000000E+00    0.0000000000E+00    0.6247363037E-12    0.6247363037E-12    0.9999967577E+00    0.9999967577E+00
    6    0.5166666667E+01   -0.3483418059E+00    0.5805696766E+00   -0.3969658159E+00    0.0000000000E+00    0.0000000000E+00    0.0000000000E+00    0.0000000000E+00    0.0000000000E+00    0.0000000000E+00    0.1194695126E-11    0.1194695126E-11    0.9999955781E+00    0.9999955781E+00
    7    0.5166666667E+01    0.4644557413E+00    0.5805696766E+00   -0.4335827784E+00    0.0000000000E+00    0.0000000000E+00    0.0000000000E+00    0.0000000000E+00    0.0000000000E+00    0.0000000000E+00    0.1523287294E-13    0.1523287295E-13    0.9999978739E+00    0.9999978739E+00
    8    0.5166666667E+01    0.4644557413E+00   -0.2322278706E+00   -0.4114096525E+00    0.0000000000E+00    0.0000000000E+00    0.0000000000E+00    0.0000000000E+00    0.0000000000E+00    0.0000000000E+00    0.6026370176E-15    0.6026370211E-15    0.9999983645E+00    0.9999983645E+00
    1    0.5425000000E+01   -0.3483418059E+00   -0.2322278706E+00    0.6373920815E-01    0.0000000000E+00    0.0000000000E+00    0.0000000000E+00    0.0000000000E+00    0.0000000000E+00    0.0000000000E+00    0.2151247116E-14    0.2151247117E-14    0.9999977403E+00    0.9999977403E+00
    2    0.5425000000E+01   -0.3483418059E+00   -0.2322278706E+00    0.2507655055E+00    0.0000000000E+00    0.0000000000E+00    0.0000000000E+00    0.0000000000E+00    0.0000000000E+00    0.0000000000E+00    0.1328175126E-14    0.1328175127E-14    0.9999968146E+00    0.9999968146E+00
    3    0.5425000000E+01    0.4644557413E+00    0.5805696766E+00    0.2036073627E+00    0.0000000000E+00    0.0000000000E+00    0.0000000000E+00    0.0000000000E+00    0.0000000000E+00    0.0000000000E+00    0.1524429421E-13    0.1524429421E-13    0.9999984608E+00    0.9999984608E+00
    4    0.5425000000E+01   -0.3483418059E+00    0.5805696766E+00   -0.4738815128E+00    0.0000000000E+00    0.0000000000E+00    0.0000000000E+00    0.0000000000E+00    0.0000000000E+00    0.0000000000E+00    0.1057336098E-13    0.1057336104E-13    0.9999971988E+00    0.9999971988E+00
    5    0.5425000000E+01    0.4644557413E+00    0.5805696766E+00   -0.3617825218E+00    0.0000000000E+00    0.0000000000E+00    0.0000000000E+00    0.0000000000E+00    0.0000000000E+00    0.0000000000E+00    0.2428348265E-13    0.2428348265E-13    0.9999970677E+00    0.9999970677E+00
    6    0.5425000000E+01    0.4644557413E+00   -0.2322278706E+00   -0.3605458113E+00    0.0000000000E+00    0.0000000000E+00    0.0000000000E+00    0.0000000000E+00    0.0000000000E+00    0.0000000000E+00    0.9900329964E-15    0.9900329974E-15    0.9999980614E+00    0.9999980614E+00
    1    0.5683333333E+01   -0.3483418059E+00   -0.2322278706E+00    0.5514918031E+00    0.0000000000E+00    0.0000000000E+00    0.0000000000E+00    0.0000000000E+00    0.0000000000E+00    0.0000000000E+00    0.5405057708E-13    0.5405057718E-13    0.9999951114E+00    0.9999951114E+00
    2    0.5683333333E+01   -0.3483418059E+00    0.5805696766E+00   -0.3897299501E+00    0.0000000000E+00    0.0000000000E+00    0.0000000000E+00    0.0000000000E+00    0.0000000000E+00    0.0000000000E+00    0.1206718922E-12    0.1206718926E-12    0.9999964221E+00    0.9999964221E+00
    3    0.5683333333E+01    0.4644557413E+00   -0.2322278706E+00   -0.3008032534E+00    0.0000000000E+00    0.0000000000E+00    0.0000000000E+00    0.0000000000E+00    0.0000000000E+00    0.0000000000E+00    0.7960587826E-13    0.7960588106E-13    0.9999974778E+00    0.9999974778E+00
    4    0.5683333333E+01    0.4644557413E+00    0.5805696766E+00   -0.2240223448E+00    0.0000000000E+00    0.0000000000E+00    0.0000000000E+00    0.0000000000E+00    0.0000000000E+00    0.0000000000E+00    0.4132830551E-12    0.4136868338E-12    0.9999897059E+00    0.9999897059E+00
    5    0.5683333333E+01    0.4644557413E+00    0.5805696766E+00    0.2416004733E+00    0.0000000000E+00    0.0000000000E+00    0.0000000000E+00    0.0000000000E+00    0.0000000000E+00    0.0000000000E+00    0.2611293839E-13    0.2671303994E-13    0.9999984648E+00    0.9999984648E+00
    6    0.5683333333E+01   -0.3483418059E+00   -0.2322278706E+00    0.1303230625E+00   -0.3483418059E+00   -0.2322278706E+00   -0.1019146253E+01   -0.4352491999E+01    0.4115157224E+00   -0.6088571139E+00    0.5365581687E-13    0.5365581706E-13    0.9999973136E+00    0.9999973136E+00
    7    0.5683333333E+01   -0.3483418059E+00    0.5805696766E+00    0.8690711148E-01    0.0000000000E+00    0.0000000000E+00    0.0000000000E+00    0.0000000000E+00    0.0000000000E+00    0.0000000000E+00    0.2753258434E-12    0.2753258438E-12    0.9999963963E+00    0.9999963963E+00
    8    0.5683333333E+01    0.4644557413E+00   -0.2322278706E+00    0.4778313662E-01    0.0000000000E+00    0.0000000000E+00    0.0000000000E+00    0.0000000000E+00    0.0000000000E+00    0.0000000000E+00    0.1315685499E-11    0.1315685502E-11    0.9999968545E+00    0.9999968545E+00
    1    0.5941666667E+01   -0.3483418059E+00   -0.2322278706E+00   -0.4939728162E+00    0.0000000000E+00    0.0000000000E+00    0.0000000000E+00    0.0000000000E+00    0.0000000000E+00    0.0000000000E+00    0.2357068017E-12    0.2357068017E-12    0.9999959383E+00    0.9999959383E+00
    2    0.5941666667E+01    0.4644557413E+00   -0.2322278706E+00   -0.2202783861E+00    0.0000000000E+00    0.0000000000E+00    0.0000000000E+00    0.0000000000E+00    0.0000000000E+00    0.0000000000E+00    0.4588046791E-13    0.4588046791E-13    0.9999960832E+00    0.9999960832E+00
    3    0.5941666667E+01    0.4644557413E+00   -0.2322278706E+00    0.1067829750E+00    0.0000000000E+00    0.0000000000E+00    0.0000000000E+00    0.0000000000E+00    0.0000000000E+00    0.0000000000E+00    0.1263671888E-12    0.1263671889E-12    0.9999980967E+00    0.9999980967E+00
    4    0.5941666667E+01   -0.3483418059E+00   -0.2322278706E+00    0.2092446394E+00    0.0000000000E+00    0.0000000000E+00    0.0000000000E+00    0.0000000000E+00    0.0000000000E+00    0.0000000000E+00    0.2364925618E-12    0.2364925618E-12    0.9999963739E+00    0.9999963739E+00
    5    0.5941666667E+01    0.4644557413E+00    0.5805696766E+00    0.2794295865E+00    0.0000000000E+00    0.0000000000E+00    0.0000000000E+00    0.0000000000E+00    0.0000000000E+00    0.0000000000E+00    0.1308181131E-14    0.1308181178E-14    0.9999985170E+00    0.9999985170E+00
    1    0.6200000000E+01    0.4644557413E+00   -0.2322278706E+00    0.1504771517E+00    0.0000000000E+00    0.0000000000E+00    0.0000000000E+00    0.0000000000E+00    0.0000000000E+00    0.0000000000E+00    0.1331129579E-13    0.1331129579E-13    0.9999983216E+00    0.9999983216E+00
    2    0.6200000000E+01    0.4644557413E+00    0.5805696766E+00    0.3176699608E+00    0.0000000000E+00    0.0000000000E+00    0.0000000000E+00    0.0000000000E+00    0.0000000000E+00    0.0000000000E+00    0.5797577112E-15    0.5797578093E-15    0.9999984256E+00    0.9999984256E+00
    1    0.6458333333E+01    0.4644557413E+00    0.5805696766E+00    0.3568043369E+00    0.0000000000E+00    0.0000000000E+00    0.0000000000E+00    0.0000000000E+00    0.0000000000E+00    0.0000000000E+00    0.7326718133E-16    0.7326718133E-16    0.9999983131E+00    0.9999983131E+00
    2    0.6458333333E+01    0.4644557413E+00   -0.2322278706E+00    0.1903057101E+00    0.0000000000E+00    0.0000000000E+00    0.0000000000E+00    0.0000000000E+00    0.0000000000E+00    0.0000000000E+00    0.6245065421E-17    0.6245065421E-17    0.9999983478E+00    0.9999983478E+00
    1    0.6716666667E+01    0.4644557413E+00   -0.2322278706E+00    0.2288315854E+00    0.0000000000E+00    0.0000000000E+00    0.0000000000E+00    0.0000000000E+00    0.0000000000E+00    0.0000000000E+00    0.2574391655E-14    0.2574391655E-14    0.9999983072E+00    0.9999983072E+00
    2    0.6716666667E+01    0.4644557413E+00    0.5805696766E+00    0.3972576818E+00    0.0000000000E+00    0.0000000000E+00    0.0000000000E+00    0.0000000000E+00    0.0000000000E+00    0.0000000000E+00    0.1140480212E-16    0.1140480213E-16    0.9999981787E+00    0.9999981787E+00
    1    0.6975000000E+01    0.4644557413E+00    0.5805696766E+00    0.4394327275E+00    0.0000000000E+00    0.0000000000E+00    0.0000000000E+00    0.0000000000E+00    0.0000000000E+00    0.0000000000E+00    0.5966739629E-16    0.5966739629E-16    0.9999980211E+00    0.9999980211E+00
    2    0.6975000000E+01    0.4644557413E+00   -0.2322278706E+00    0.2672939571E+00    0.0000000000E+00    0.0000000000E+00    0.0000000000E+00    0.0000000000E+00    0.0000000000E+00    0.0000000000E+00    0.4449158142E-14    0.4449158142E-14    0.9999982248E+00    0.9999982248E+00
    1    0.7233333333E+01    0.4644557413E+00    0.5805696766E+00    0.4836964142E+00    0.0000000000E+00    0.0000000000E+00    0.0000000000E+00    0.0000000000E+00    0.0000000000E+00    0.0000000000E+00    0.2674725619E-16    0.2674812149E-16    0.9999978414E+00    0.9999978414E+00
    2    0.7233333333E+01    0.4644557413E+00   -0.2322278706E+00    0.3065228535E+00    0.0000000000E+00    0.0000000000E+00    0.0000000000E+00    0.0000000000E+00    0.0000000000E+00    0.0000000000E+00    0.3202022432E-14    0.3202022706E-14    0.9999981053E+00    0.9999981053E+00
    1    0.7491666667E+01    0.4644557413E+00    0.5805696766E+00    0.5303096846E+00    0.0000000000E+00    0.0000000000E+00    0.0000000000E+00    0.0000000000E+00    0.0000000000E+00    0.0000000000E+00    0.1371832953E-16    0.1371832953E-16    0.9999976458E+00    0.9999976458E+00
    2    0.7491666667E+01    0.4644557413E+00   -0.2322278706E+00    0.3472620820E+00    0.0000000000E+00    0.0000000000E+00    0.0000000000E+00    0.0000000000E+00    0.0000000000E+00    0.0000000000E+00    0.8597753535E-15    0.8597753535E-15    0.9999979444E+00    0.9999979444E+00
    1    0.7750000000E+01    0.4644557413E+00    0.5805696766E+00   -0.5702016468E+00    0.0000000000E+00    0.0000000000E+00    0.0000000000E+00    0.0000000000E+00    0.0000000000E+00    0.0000000000E+00    0.4261346751E-14    0.4261346751E-14    0.9999974475E+00    0.9999974475E+00
    2    0.7750000000E+01    0.4644557413E+00   -0.2322278706E+00    0.3903418285E+00    0.0000000000E+00    0.0000000000E+00    0.0000000000E+00    0.0000000000E+00    0.0000000000E+00    0.0000000000E+00    0.3352531053E-16    0.3352531053E-16    0.9999977300E+00    0.9999977300E+00
    1    0.8008333333E+01    0.4644557413E+00    0.5805696766E+00   -0.5193282554E+00    0.0000000000E+00    0.0000000000E+00    0.0000000000E+00    0.0000000000E+00    0.0000000000E+00    0.0000000000E+00    0.1242314142E-15    0.1242314142E-15    0.9999972894E+00    0.9999972894E+00
    2    0.8008333333E+01    0.4644557413E+00   -0.2322278706E+00    0.4368511661E+00    0.0000000000E+00    0.0000000000E+00    0.0000000000E+00    0.0000000000E+00    0.0000000000E+00    0.0000000000E+00    0.1403209339E-14    0.1403209339E-14    0.9999974378E+00    0.9999974378E+00
    1    0.8266666667E+01    0.4644557413E+00    0.5805696766E+00   -0.4675633420E+00    0.0000000000E+00    0.0000000000E+00    0.0000000000E+00    0.0000000000E+00    0.0000000000E+00    0.0000000000E+00    0.8223431132E-15    0.8223431132E-15    0.9999971878E+00    0.9999971878E+00
    2    0.8266666667E+01    0.4644557413E+00   -0.2322278706E+00    0.4884075684E+00    0.0000000000E+00    0.0000000000E+00    0.0000000000E+00    0.0000000000E+00    0.0000000000E+00    0.0000000000E+00    0.2680359381E-14    0.2680359381E-14    0.9999970219E+00    0.9999970219E+00
    1    0.8525000000E+01   -0.3483418059E+00    0.5805696766E+00    0.2442479333E+00    0.0000000000E+00    0.0000000000E+00    0.0000000000E+00    0.0000000000E+00    0.0000000000E+00    0.0000000000E+00    0.1196078738E-12    0.1196078738E-12    0.9999936489E+00    0.9999936489E+00
    2    0.8525000000E+01    0.4644557413E+00    0.5805696766E+00   -0.4161686760E+00    0.0000000000E+00    0.0000000000E+00    0.0000000000E+00    0.0000000000E+00    0.0000000000E+00    0.0000000000E+00    0.4402840824E-15    0.4402840824E-15    0.9999971536E+00    0.9999971536E+00
    3    0.8525000000E+01    0.4644557413E+00   -0.2322278706E+00    0.5476833530E+00    0.0000000000E+00    0.0000000000E+00    0.0000000000E+00    0.0000000000E+00    0.0000000000E+00    0.0000000000E+00    0.2048737799E-14    0.2048737799E-14    0.9999963893E+00    0.9999963893E+00
    1    0.8783333333E+01   -0.3483418059E+00    0.5805696766E+00    0.3308594960E+00    0.0000000000E+00    0.0000000000E+00    0.0000000000E+00    0.0000000000E+00    0.0000000000E+00    0.0000000000E+00    0.1040611515E-13    0.1040611515E-13    0.9999958575E+00    0.9999958575E+00
    2    0.8783333333E+01    0.4644557413E+00   -0.2322278706E+00   -0.5300083907E+00    0.0000000000E+00    0.0000000000E+00    0.0000000000E+00    0.0000000000E+00    0.0000000000E+00    0.0000000000E+00    0.2983782157E-14    0.2983782157E-14    0.9999953573E+00    0.9999953573E+00
    3    0.8783333333E+01    0.4644557413E+00    0.5805696766E+00   -0.3661325183E+00    0.0000000000E+00    0.0000000000E+00    0.0000000000E+00    0.0000000000E+00    0.0000000000E+00    0.0000000000E+00    0.1955333714E-15    0.1955333714E-15    0.9999971629E+00    0.9999971629E+00
    1    0.9041666667E+01   -0.3483418059E+00    0.5805696766E+00    0.3972732950E+00    0.0000000000E+00    0.0000000000E+00    0.0000000000E+00    0.0000000000E+00    0.0000000000E+00    0.0000000000E+00    0.1516429197E-15    0.1516429197E-15    0.9999962501E+00    0.9999962501E+00
    2    0.9041666667E+01   -0.3483418059E+00   -0.2322278706E+00    0.4303975418E+00    0.0000000000E+00    0.0000000000E+00    0.0000000000E+00    0.0000000000E+00    0.0000000000E+00    0.0000000000E+00    0.1618586943E-11    0.1618586943E-11    0.9999935861E+00    0.9999935861E+00
    3    0.9041666667E+01   -0.3483418059E+00   -0.2322278706E+00   -0.1532386974E+00    0.0000000000E+00    0.0000000000E+00    0.0000000000E+00    0.0000000000E+00    0.0000000000E+00    0.0000000000E+00    0.1883839561E-11    0.1883839561E-11    0.9999888538E+00    0.9999888538E+00
    4    0.9041666667E+01    0.4644557413E+00   -0.2322278706E+00   -0.4378819217E+00    0.0000000000E+00    0.0000000000E+00    0.0000000000E+00    0.0000000000E+00    0.0000000000E+00    0.0000000000E+00    0.1723330493E-14    0.1723330493E-14    0.9999937927E+00    0.9999937927E+00
    5    0.9041666667E+01    0.4644557413E+00    0.5805696766E+00   -0.3178309972E+00    0.0000000000E+00    0.0000000000E+00    0.0000000000E+00    0.0000000000E+00    0.0000000000E+00    0.0000000000E+00    0.2735607920E-14    0.2735607920E-14    0.9999971822E+00    0.9999971822E+00
    1    0.9300000000E+01   -0.3483418059E+00    0.5805696766E+00    0.1216698507E+00    0.0000000000E+00    0.0000000000E+00    0.0000000000E+00    0.0000000000E+00    0.0000000000E+00    0.0000000000E+00    0.1379405688E-10    0.1379405688E-10    0.9999790311E+00    0.9999790311E+00
    2    0.9300000000E+01   -0.3483418059E+00    0.5805696766E+00    0.4601452038E+00    0.0000000000E+00    0.0000000000E+00    0.0000000000E+00    0.0000000000E+00    0.0000000000E+00    0.0000000000E+00    0.2201938070E-13    0.2201938070E-13    0.9999960944E+00    0.9999960944E+00
    3    0.9300000000E+01   -0.3483418059E+00   -0.2322278706E+00    0.5228738436E+00    0.0000000000E+00    0.0000000000E+00    0.0000000000E+00    0.0000000000E+00    0.0000000000E+00    0.0000000000E+00    0.4042303846E-14    0.4042303846E-14    0.9999947319E+00    0.9999947319E+00
    4    0.9300000000E+01    0.4644557413E+00   -0.2322278706E+00   -0.3264168413E+00    0.0000000000E+00    0.0000000000E+00    0.0000000000E+00    0.0000000000E+00    0.0000000000E+00    0.0000000000E+00    0.2086510290E-15    0.2086510292E-15    0.9999931870E+00    0.9999931870E+00
    5    0.9300000000E+01    0.4644557413E+00    0.5805696766E+00   -0.2711110063E+00    0.0000000000E+00    0.0000000000E+00    0.0000000000E+00    0.0000000000E+00    0.0000000000E+00    0.0000000000E+00    0.4318803972E-14    0.4318803972E-14    0.9999971869E+00    0.9999971869E+00
    1    0.9558333333E+01   -0.3483418059E+00    0.5805696766E+00    0.2937157365E+00    0.0000000000E+00    0.0000000000E+00    0.0000000000E+00    0.0000000000E+00    0.0000000000E+00    0.0000000000E+00    0.1281573193E-12    0.1281573193E-12    0.9999924081E+00    0.9999924081E+00
    2    0.9558333333E+01   -0.3483418059E+00   -0.2322278706E+00   -0.5301455466E+00    0.0000000000E+00    0.0000000000E+00    0.0000000000E+00    0.0000000000E+00    0.0000000000E+00    0.0000000000E+00    0.1349545627E-13    0.1349545627E-13    0.9999923008E+00    0.9999923008E+00
    3    0.9558333333E+01   -0.3483418059E+00    0.5805696766E+00    0.5285386148E+00    0.0000000000E+00    0.0000000000E+00    0.0000000000E+00    0.0000000000E+00    0.0000000000E+00    0.0000000000E+00    0.6309179653E-13    0.6309179653E-13    0.9999952456E+00    0.9999952456E+00
    4    0.9558333333E+01    0.4644557413E+00   -0.2322278706E+00   -0.2248852078E+00    0.0000000000E+00    0.0000000000E+00    0.0000000000E+00    0.0000000000E+00    0.0000000000E+00    0.0000000000E+00    0.5535308140E-14    0.5535308140E-14    0.9999942945E+00    0.9999942945E+00
    5    0.9558333333E+01    0.4644557413E+00    0.5805696766E+00   -0.2255373745E+00    0.0000000000E+00    0.0000000000E+00    0.0000000000E+00    0.0000000000E+00    0.0000000000E+00    0.0000000000E+00    0.1700931035E-14    0.1700931035E-14    0.9999971645E+00    0.9999971645E+00
    1    0.9816666667E+01   -0.3483418059E+00    0.5805696766E+00    0.4313779327E+00    0.0000000000E+00    0.0000000000E+00    0.0000000000E+00    0.0000000000E+00    0.0000000000E+00    0.0000000000E+00    0.3742465017E-10    0.3742465017E-10    0.9999836433E+00    0.9999836433E+00
    2    0.9816666667E+01   -0.3483418059E+00    0.5805696766E+00   -0.5124861775E+00    0.0000000000E+00    0.0000000000E+00    0.0000000000E+00    0.0000000000E+00    0.0000000000E+00    0.0000000000E+00    0.3725291689E-10    0.3725291689E-10    0.9999848482E+00    0.9999848482E+00
    3    0.9816666667E+01    0.4644557413E+00   -0.2322278706E+00   -0.1414152624E+00    0.0000000000E+00    0.0000000000E+00    0.0000000000E+00    0.0000000000E+00    0.0000000000E+00    0.0000000000E+00    0.7593109732E-13    0.7593109740E-13    0.9999949490E+00    0.9999949490E+00
    4    0.9816666667E+01   -0.3483418059E+00   -0.2322278706E+00   -0.1566273546E+00   -0.3483418059E+00   -0.2322278706E+00    0.9928419605E+00    0.1653998957E+01    0.1252001793E+01    0.5122773776E+01    0.2671310701E-11    0.2671310701E-11    0.9999801119E+00    0.9999801119E+00
    5    0.9816666667E+01    0.4644557413E+00    0.5805696766E+00   -0.1805749421E+00    0.0000000000E+00    0.0000000000E+00    0.0000000000E+00    0.0000000000E+00    0.0000000000E+00    0.0000000000E+00    0.2766757009E-15    0.2766757018E-15    0.9999971095E+00    0.9999971095E+00
    1    0.1007500000E+02    0.4644557413E+00    0.5805696766E+00   -0.1356603892E+00    0.0000000000E+00    0.0000000000E+00    0.0000000000E+00    0.0000000000E+00    0.0000000000E+00    0.0000000000E+00    0.9284974783E-14    0.9284974783E-14    0.9999970174E+00    0.9999970174E+00
    2    0.1007500000E+02    0.4644557413E+00   -0.2322278706E+00   -0.6114329405E-01    0.0000000000E+00    0.0000000000E+00    0.0000000000E+00    0.0000000000E+00    0.0000000000E+00    0.0000000000E+00    0.2510693082E-11    0.2510693082E-11    0.9999939782E+00    0.9999939782E+00
    1    0.1033333333E+02    0.4644557413E+00    0.5805696766E+00   -0.9016962869E-01    0.0000000000E+00    0.0000000000E+00    0.0000000000E+00    0.0000000000E+00    0.0000000000E+00    0.0000000000E+00    0.4084354973E-13    0.4084354973E-13    0.9999968764E+00    0.9999968764E+00
    1    0.1059166667E+02    0.4644557413E+00    0.5805696766E+00   -0.4300320006E-01    0.0000000000E+00    0.0000000000E+00    0.0000000000E+00    0.0000000000E+00    0.0000000000E+00    0.0000000000E+00    0.2107125643E-12    0.2107125643E-12    0.9999965902E+00    0.9999965902E+00
    1    0.1085000000E+02    0.4644557413E+00   -0.2322278706E+00    0.6470791092E-01    0.0000000000E+00    0.0000000000E+00    0.0000000000E+00    0.0000000000E+00    0.0000000000E+00    0.0000000000E+00    0.2107906753E-11    0.2107906753E-11    0.9999942295E+00    0.9999942295E+00
    1    0.1110833333E+02    0.4644557413E+00    0.5805696766E+00    0.5001131729E-01    0.0000000000E+00    0.0000000000E+00    0.0000000000E+00    0.0000000000E+00    0.0000000000E+00    0.0000000000E+00    0.1964949663E-12    0.1964949663E-12    0.9999961596E+00    0.9999961596E+00
    2    0.1110833333E+02    0.4644557413E+00   -0.2322278706E+00    0.1348105399E+00    0.0000000000E+00    0.0000000000E+00    0.0000000000E+00    0.0000000000E+00    0.0000000000E+00    0.0000000000E+00    0.1055287566E-12    0.1055287566E-12    0.9999952462E+00    0.9999952462E+00
    1    0.1136666667E+02    0.4644557413E+00    0.5805696766E+00    0.1031808628E+00    0.0000000000E+00    0.0000000000E+00    0.0000000000E+00    0.0000000000E+00    0.0000000000E+00    0.0000000000E+00    0.3896838690E-13    0.3896838690E-13    0.9999959506E+00    0.9999959506E+00
    2    0.1136666667E+02    0.4644557413E+00   -0.2322278706E+00    0.1988643093E+00    0.0000000000E+00    0.0000000000E+00    0.0000000000E+00    0.0000000000E+00    0.0000000000E+00    0.0000000000E+00    0.5328189145E-15    0.5328189146E-15    0.9999952570E+00    0.9999952570E+00
    3    0.1136666667E+02   -0.3483418059E+00   -0.2322278706E+00   -0.2831576611E+00    0.0000000000E+00    0.0000000000E+00    0.0000000000E+00    0.0000000000E+00    0.0000000000E+00    0.0000000000E+00    0.3254966426E-12    0.3254966426E-12    0.9999902735E+00    0.9999902735E+00
    4    0.1136666667E+02   -0.3483418059E+00   -0.2322278706E+00   -0.5478537471E+00    0.0000000000E+00    0.0000000000E+00    0.0000000000E+00    0.0000000000E+00    0.0000000000E+00    0.0000000000E+00    0.1724263043E-12    0.1724263043E-12    0.9999940628E+00    0.9999940628E+00
    1    0.1162500000E+02   -0.3483418059E+00   -0.2322278706E+00   -0.4774027744E+00    0.0000000000E+00    0.0000000000E+00    0.0000000000E+00    0.0000000000E+00    0.0000000000E+00    0.0000000000E+00    0.7392320236E-13    0.7392320236E-13    0.9999950273E+00    0.9999950273E+00
    2    0.1162500000E+02   -0.3483418059E+00    0.5805696766E+00   -0.5694676345E+00    0.0000000000E+00    0.0000000000E+00    0.0000000000E+00    0.0000000000E+00    0.0000000000E+00    0.0000000000E+00    0.2061519770E-11    0.2061519770E-11    0.9999927360E+00    0.9999927360E+00
    3    0.1162500000E+02   -0.3483418059E+00   -0.2322278706E+00   -0.1212046077E+00    0.0000000000E+00    0.0000000000E+00    0.0000000000E+00    0.0000000000E+00    0.0000000000E+00    0.0000000000E+00    0.1155517355E-10    0.1155517355E-10    0.9999809271E+00    0.9999809271E+00
    4    0.1162500000E+02   -0.3483418059E+00    0.5805696766E+00   -0.7804026332E-01    0.0000000000E+00    0.0000000000E+00    0.0000000000E+00    0.0000000000E+00    0.0000000000E+00    0.0000000000E+00    0.5419277388E-09    0.5419277388E-09    0.9999253438E+00    0.9999253438E+00
    5    0.1162500000E+02    0.4644557413E+00    0.5805696766E+00    0.1591033479E+00    0.0000000000E+00    0.0000000000E+00    0.0000000000E+00    0.0000000000E+00    0.0000000000E+00    0.0000000000E+00    0.3604486262E-14    0.3604486264E-14    0.9999955936E+00    0.9999955936E+00
    6    0.1162500000E+02    0.4644557413E+00   -0.2322278706E+00    0.2625901651E+00    0.0000000000E+00    0.0000000000E+00    0.0000000000E+00    0.0000000000E+00    0.0000000000E+00    0.0000000000E+00    0.9999180243E-14    0.9999180248E-14    0.9999951137E+00    0.9999951137E+00
    1    0.1188333333E+02   -0.3483418059E+00   -0.2322278706E+00   -0.4145656895E+00    0.0000000000E+00    0.0000000000E+00    0.0000000000E+00    0.0000000000E+00    0.0000000000E+00    0.0000000000E+00    0.2058194525E-16    0.2058194525E-16    0.9999951880E+00    0.9999951880E+00
    2    0.1188333333E+02   -0.3483418059E+00    0.5805696766E+00   -0.4908280846E+00    0.0000000000E+00    0.0000000000E+00    0.0000000000E+00    0.0000000000E+00    0.0000000000E+00    0.0000000000E+00    0.2552592737E-14    0.2552592737E-14    0.9999943182E+00    0.9999943182E+00
    3    0.1188333333E+02    0.4644557413E+00   -0.2322278706E+00    0.3270497838E+00    0.0000000000E+00    0.0000000000E+00    0.0000000000E+00    0.0000000000E+00    0.0000000000E+00    0.0000000000E+00    0.2312441498E-14    0.2312441498E-14    0.9999949384E+00    0.9999949384E+00
    4    0.1188333333E+02    0.4644557413E+00    0.5805696766E+00    0.2189284543E+00    0.0000000000E+00    0.0000000000E+00    0.0000000000E+00    0.0000000000E+00    0.0000000000E+00    0.0000000000E+00    0.1230669135E-14    0.1230669135E-14    0.9999951641E+00    0.9999951641E+00
    1    0.1214166667E+02   -0.3483418059E+00   -0.2322278706E+00   -0.3526165495E+00    0.0000000000E+00    0.0000000000E+00    0.0000000000E+00    0.0000000000E+00    0.0000000000E+00    0.0000000000E+00    0.2766760232E-15    0.2766760240E-15    0.9999949947E+00    0.9999949947E+00
    2    0.1214166667E+02   -0.3483418059E+00    0.5805696766E+00   -0.4191003803E+00    0.0000000000E+00    0.0000000000E+00    0.0000000000E+00    0.0000000000E+00    0.0000000000E+00    0.0000000000E+00    0.4471939656E-16    0.4471939657E-16    0.9999942682E+00    0.9999942682E+00
    3    0.1214166667E+02    0.4644557413E+00    0.5805696766E+00    0.2831755137E+00    0.0000000000E+00    0.0000000000E+00    0.0000000000E+00    0.0000000000E+00    0.0000000000E+00    0.0000000000E+00    0.2578002958E-14    0.2578002958E-14    0.9999947026E+00    0.9999947026E+00
    4    0.1214166667E+02    0.4644557413E+00   -0.2322278706E+00    0.3923391856E+00    0.0000000000E+00    0.0000000000E+00    0.0000000000E+00    0.0000000000E+00    0.0000000000E+00    0.0000000000E+00    0.1565865816E-16    0.1565865819E-16    0.9999947662E+00    0.9999947662E+00
    1    0.1240000000E+02   -0.3483418059E+00   -0.2322278706E+00   -0.2876883917E+00    0.0000000000E+00    0.0000000000E+00    0.0000000000E+00    0.0000000000E+00    0.0000000000E+00    0.0000000000E+00    0.7994588763E-14    0.7994588763E-14    0.9999944798E+00    0.9999944798E+00
    2    0.1240000000E+02   -0.3483418059E+00    0.5805696766E+00   -0.3446507799E+00    0.0000000000E+00    0.0000000000E+00    0.0000000000E+00    0.0000000000E+00    0.0000000000E+00    0.0000000000E+00    0.2055233232E-14    0.2055233232E-14    0.9999936274E+00    0.9999936274E+00
    3    0.1240000000E+02    0.4644557413E+00    0.5805696766E+00    0.3516443901E+00    0.0000000000E+00    0.0000000000E+00    0.0000000000E+00    0.0000000000E+00    0.0000000000E+00    0.0000000000E+00    0.8504389839E-16    0.8504389839E-16    0.9999942809E+00    0.9999942809E+00
    4    0.1240000000E+02    0.4644557413E+00   -0.2322278706E+00    0.4584088552E+00    0.0000000000E+00    0.0000000000E+00    0.0000000000E+00    0.0000000000E+00    0.0000000000E+00    0.0000000000E+00    0.4384111041E-17    0.4384111049E-17    0.9999945865E+00    0.9999945865E+00
    1    0.1265833333E+02    0.4644557413E+00    0.5805696766E+00    0.4231868099E+00    0.0000000000E+00    0.0000000000E+00    0.0000000000E+00    0.0000000000E+00    0.0000000000E+00    0.0000000000E+00    0.1221565914E-15    0.1221565914E-15    0.9999939744E+00    0.9999939744E+00
    2    0.1265833333E+02    0.4644557413E+00   -0.2322278706E+00    0.5255639938E+00    0.0000000000E+00    0.0000000000E+00    0.0000000000E+00    0.0000000000E+00    0.0000000000E+00    0.0000000000E+00    0.9795218489E-15    0.9795218490E-15    0.9999943539E+00    0.9999943539E+00
    3    0.1265833333E+02   -0.3483418059E+00   -0.2322278706E+00   -0.2145473602E+00    0.0000000000E+00    0.0000000000E+00    0.0000000000E+00    0.0000000000E+00    0.0000000000E+00    0.0000000000E+00    0.8852333440E-14    0.8852333440E-14    0.9999933058E+00    0.9999933058E+00
    4    0.1265833333E+02   -0.3483418059E+00    0.5805696766E+00   -0.2581858257E+00    0.0000000000E+00    0.0000000000E+00    0.0000000000E+00    0.0000000000E+00    0.0000000000E+00    0.0000000000E+00    0.7503863088E-13    0.7503863088E-13    0.9999917937E+00    0.9999917937E+00
    1    0.1291666667E+02    0.4644557413E+00    0.5805696766E+00    0.4961948650E+00    0.0000000000E+00    0.0000000000E+00    0.0000000000E+00    0.0000000000E+00    0.0000000000E+00    0.0000000000E+00    0.3974507825E-14    0.3974507825E-14    0.9999937839E+00    0.9999937839E+00
    2    0.1291666667E+02    0.4644557413E+00   -0.2322278706E+00   -0.5546841504E+00    0.0000000000E+00    0.0000000000E+00    0.0000000000E+00    0.0000000000E+00    0.0000000000E+00    0.0000000000E+00    0.3550561877E-14    0.3550561877E-14    0.9999939956E+00    0.9999939956E+00
    3    0.1291666667E+02   -0.3483418059E+00   -0.2322278706E+00   -0.1137780467E+00    0.0000000000E+00    0.0000000000E+00    0.0000000000E+00    0.0000000000E+00    0.0000000000E+00    0.0000000000E+00    0.3250916767E-11    0.3250916767E-11    0.9999878239E+00    0.9999878239E+00
    4    0.1291666667E+02   -0.3483418059E+00    0.5805696766E+00   -0.1094106460E+00    0.0000000000E+00    0.0000000000E+00    0.0000000000E+00    0.0000000000E+00    0.0000000000E+00    0.0000000000E+00    0.2848719449E-10    0.2848719449E-10    0.9999733798E+00    0.9999733798E+00
    1    0.1317500000E+02    0.4644557413E+00    0.5805696766E+00    0.5697831683E+00    0.0000000000E+00    0.0000000000E+00    0.0000000000E+00    0.0000000000E+00    0.0000000000E+00    0.0000000000E+00    0.1257471413E-12    0.1257471413E-12    0.9999935620E+00    0.9999935620E+00
    2    0.1317500000E+02    0.4644557413E+00   -0.2322278706E+00   -0.4813899304E+00    0.0000000000E+00    0.0000000000E+00    0.0000000000E+00    0.0000000000E+00    0.0000000000E+00    0.0000000000E+00    0.8089676064E-14    0.8089676064E-14    0.9999933958E+00    0.9999933958E+00
    1    0.1343333333E+02    0.4644557413E+00    0.5805696766E+00   -0.5050420877E+00    0.0000000000E+00    0.0000000000E+00    0.0000000000E+00    0.0000000000E+00    0.0000000000E+00    0.0000000000E+00    0.2160379879E-13    0.2160379892E-13    0.9999932590E+00    0.9999932590E+00
    2    0.1343333333E+02    0.4644557413E+00   -0.2322278706E+00   -0.4001158910E+00    0.0000000000E+00    0.0000000000E+00    0.0000000000E+00    0.0000000000E+00    0.0000000000E+00    0.0000000000E+00    0.5755212904E-14    0.5755213089E-14    0.9999922786E+00    0.9999922786E+00
    3    0.1343333333E+02   -0.3483418059E+00   -0.2322278706E+00    0.3391407596E+00    0.0000000000E+00    0.0000000000E+00    0.0000000000E+00    0.0000000000E+00    0.0000000000E+00    0.0000000000E+00    0.6864228337E-10    0.6864228337E-10    0.9999586381E+00    0.9999586381E+00
    4    0.1343333333E+02   -0.3483418059E+00   -0.2322278706E+00   -0.1010625780E+00    0.0000000000E+00    0.0000000000E+00    0.0000000000E+00    0.0000000000E+00    0.0000000000E+00    0.0000000000E+00    0.4054045811E-09    0.4054045811E-09    0.9999475751E+00    0.9999475751E+00
    5    0.1343333333E+02   -0.3483418059E+00   -0.2322278706E+00   -0.6846706628E-01    0.0000000000E+00    0.0000000000E+00    0.0000000000E+00    0.0000000000E+00    0.0000000000E+00    0.0000000000E+00    0.5072222128E-09    0.5072222128E-09    0.9999458450E+00    0.9999458450E+00
    6    0.1343333333E+02    0.4644557413E+00    0.5805696766E+00    0.2241032014E+00    0.0000000000E+00    0.0000000000E+00    0.0000000000E+00    0.0000000000E+00    0.0000000000E+00    0.0000000000E+00    0.1338008179E-11    0.1338008179E-11    0.9999765632E+00    0.9999765632E+00
    7    0.1343333333E+02    0.4644557413E+00   -0.2322278706E+00    0.1680461530E+00    0.0000000000E+00    0.0000000000E+00    0.0000000000E+00    0.0000000000E+00    0.0000000000E+00    0.0000000000E+00    0.1537296946E-11    0.1537296947E-11    0.9999767098E+00    0.9999767098E+00
    8    0.1343333333E+02   -0.3483418059E+00   -0.2322278706E+00    0.1501008616E+00    0.0000000000E+00    0.0000000000E+00    0.0000000000E+00    0.0000000000E+00    0.0000000000E+00    0.0000000000E+00    0.7569476249E-09    0.7569476249E-09    0.9999335041E+00    0.9999335041E+00
    1    0.1369166667E+02    0.4644557413E+00    0.5805696766E+00   -0.4262807716E+00    0.0000000000E+00    0.0000000000E+00    0.0000000000E+00    0.0000000000E+00    0.0000000000E+00    0.0000000000E+00    0.1220766020E-10    0.1220766020E-10    0.9999900547E+00    0.9999900547E+00
    2    0.1369166667E+02    0.4644557413E+00   -0.2322278706E+00   -0.3009531350E+00    0.0000000000E+00    0.0000000000E+00    0.0000000000E+00    0.0000000000E+00    0.0000000000E+00    0.0000000000E+00    0.2459101402E-12    0.2459101402E-12    0.9999895235E+00    0.9999895235E+00
    3    0.1369166667E+02   -0.3483418059E+00    0.5805696766E+00    0.4582618608E+00    0.0000000000E+00    0.0000000000E+00    0.0000000000E+00    0.0000000000E+00    0.0000000000E+00    0.0000000000E+00    0.4070169625E-12    0.4070169625E-12    0.9999724286E+00    0.9999724286E+00
    4    0.1369166667E+02    0.4644557413E+00    0.5805696766E+00    0.4222047256E+00    0.0000000000E+00    0.0000000000E+00    0.0000000000E+00    0.0000000000E+00    0.0000000000E+00    0.0000000000E+00    0.1238537017E-10    0.1238537017E-10    0.9999826395E+00    0.9999826395E+00
    5    0.1369166667E+02    0.4644557413E+00   -0.2322278706E+00    0.3648695837E+00    0.0000000000E+00    0.0000000000E+00    0.0000000000E+00    0.0000000000E+00    0.0000000000E+00    0.0000000000E+00    0.1307260407E-12    0.1307260407E-12    0.9999846301E+00    0.9999846301E+00
    6    0.1369166667E+02   -0.3483418059E+00    0.5805696766E+00    0.3032844895E+00    0.0000000000E+00    0.0000000000E+00    0.0000000000E+00    0.0000000000E+00    0.0000000000E+00    0.0000000000E+00    0.5676459455E-13    0.5676459455E-13    0.9999759052E+00    0.9999759052E+00
    7    0.1369166667E+02   -0.3483418059E+00   -0.2322278706E+00    0.1472565692E+00    0.0000000000E+00    0.0000000000E+00    0.0000000000E+00    0.0000000000E+00    0.0000000000E+00    0.0000000000E+00    0.5177340131E-12    0.5177340131E-12    0.9999807031E+00    0.9999807031E+00
    8    0.1369166667E+02   -0.3483418059E+00   -0.2322278706E+00    0.8637740256E-01    0.0000000000E+00    0.0000000000E+00    0.0000000000E+00    0.0000000000E+00    0.0000000000E+00    0.0000000000E+00    0.2731672005E-10    0.2731672005E-10    0.9999741220E+00    0.9999741220E+00
    1    0.1395000000E+02    0.4644557413E+00   -0.2322278706E+00   -0.1019637325E+00    0.0000000000E+00    0.0000000000E+00    0.0000000000E+00    0.0000000000E+00    0.0000000000E+00    0.0000000000E+00    0.1744875425E-09    0.1744875425E-09    0.9999481134E+00    0.9999481134E+00
    2    0.1395000000E+02    0.4644557413E+00    0.5805696766E+00   -0.3392967759E+00    0.0000000000E+00    0.0000000000E+00    0.0000000000E+00    0.0000000000E+00    0.0000000000E+00    0.0000000000E+00    0.1349830802E-11    0.1349830802E-11    0.9999908247E+00    0.9999908247E+00
    3    0.1395000000E+02   -0.3483418059E+00    0.5805696766E+00    0.2267391815E+00    0.0000000000E+00    0.0000000000E+00    0.0000000000E+00    0.0000000000E+00    0.0000000000E+00    0.0000000000E+00    0.4585195723E-11    0.4585195723E-11    0.9999527613E+00    0.9999527613E+00
    4    0.1395000000E+02    0.4644557413E+00   -0.2322278706E+00    0.2867794407E+00    0.0000000000E+00    0.0000000000E+00    0.0000000000E+00    0.0000000000E+00    0.0000000000E+00    0.0000000000E+00    0.1004765575E-10    0.1004765575E-10    0.9999628987E+00    0.9999628987E+00
    5    0.1395000000E+02   -0.3483418059E+00    0.5805696766E+00    0.3250540178E+00    0.0000000000E+00    0.0000000000E+00    0.0000000000E+00    0.0000000000E+00    0.0000000000E+00    0.0000000000E+00    0.2807898177E-11    0.2807898177E-11    0.9999713774E+00    0.9999713774E+00
    6    0.1395000000E+02    0.4644557413E+00    0.5805696766E+00    0.4073492289E+00    0.0000000000E+00    0.0000000000E+00    0.0000000000E+00    0.0000000000E+00    0.0000000000E+00    0.0000000000E+00    0.1117608735E-11    0.1117608735E-11    0.9999791149E+00    0.9999791149E+00
    7    0.1395000000E+02    0.4644557413E+00   -0.2322278706E+00    0.5377184630E+00    0.0000000000E+00    0.0000000000E+00    0.0000000000E+00    0.0000000000E+00    0.0000000000E+00    0.0000000000E+00    0.8172485242E-12    0.8172485242E-12    0.9999830273E+00    0.9999830273E+00
    1    0.1420833333E+02    0.4644557413E+00    0.5805696766E+00   -0.2193624541E+00    0.0000000000E+00    0.0000000000E+00    0.0000000000E+00    0.0000000000E+00    0.0000000000E+00    0.0000000000E+00    0.5381756102E-12    0.5381756103E-12    0.9999843744E+00    0.9999843744E+00
    2    0.1420833333E+02    0.4644557413E+00   -0.2322278706E+00   -0.3616281226E+00    0.0000000000E+00    0.0000000000E+00    0.0000000000E+00    0.0000000000E+00    0.0000000000E+00    0.0000000000E+00    0.1927576961E-11    0.1927576961E-11    0.9999022992E+00    0.9999022992E+00
    3    0.1420833333E+02    0.4644557413E+00    0.5805696766E+00   -0.4022536248E+00    0.0000000000E+00    0.0000000000E+00    0.0000000000E+00    0.0000000000E+00    0.0000000000E+00    0.0000000000E+00    0.3957783097E-12    0.3957783097E-12    0.9999821976E+00    0.9999821976E+00
    4    0.1420833333E+02    0.4644557413E+00    0.5805696766E+00   -0.5181336900E+00    0.0000000000E+00    0.0000000000E+00    0.0000000000E+00    0.0000000000E+00    0.0000000000E+00    0.0000000000E+00    0.6160903121E-12    0.6160903121E-12    0.9999777711E+00    0.9999777711E+00
    5    0.1420833333E+02    0.4644557413E+00   -0.2322278706E+00   -0.4586032853E+00    0.0000000000E+00    0.0000000000E+00    0.0000000000E+00    0.0000000000E+00    0.0000000000E+00    0.0000000000E+00    0.1814646756E-11    0.1814646756E-11    0.9999612766E+00    0.9999612766E+00
    1    0.1446666667E+02    0.4644557413E+00    0.5805696766E+00   -0.2604513854E+00    0.0000000000E+00    0.0000000000E+00    0.0000000000E+00    0.0000000000E+00    0.0000000000E+00    0.0000000000E+00    0.4705741287E-12    0.4705741287E-12    0.9999708521E+00    0.9999708521E+00
    2    0.1446666667E+02    0.4644557413E+00    0.5805696766E+00   -0.1368285186E+00    0.0000000000E+00    0.0000000000E+00    0.0000000000E+00    0.0000000000E+00    0.0000000000E+00    0.0000000000E+00    0.6244647712E-11    0.6244647712E-11    0.9999657740E+00    0.9999657740E+00
