    1    0.1550000000E+01   -0.4644557413E+00   -0.1161139353E+00    0.7228068099E-01    0.0000000000E+00    0.0000000000E+00    0.0000000000E+00    0.0000000000E+00    0.0000000000E+00    0.0000000000E+00    0.1043185587E-12    0.1043185587E-12    0.9999990305E+00    0.9999990305E+00
    1    0.1808333333E+01   -0.4644557413E+00   -0.1161139353E+00   -0.1113457446E+00    0.0000000000E+00    0.0000000000E+00    0.0000000000E+00    0.0000000000E+00    0.0000000000E+00    0.0000000000E+00    0.9280224582E-12    0.9280224582E-12    0.9999974906E+00    0.9999974906E+00
    2    0.1808333333E+01   -0.4644557413E+00   -0.1161139353E+00    0.1394387511E+00    0.0000000000E+00    0.0000000000E+00    0.0000000000E+00    0.0000000000E+00    0.0000000000E+00    0.0000000000E+00    0.1100000619E-12    0.1100000619E-12    0.9999991158E+00    0.9999991158E+00
    3    0.1808333333E+01   -0.4644557413E+00   -0.1161139353E+00    0.2006512950E+00    0.0000000000E+00    0.0000000000E+00    0.0000000000E+00    0.0000000000E+00    0.0000000000E+00    0.0000000000E+00    0.6971391607E-12    0.6971391607E-12    0.9999980678E+00    0.9999980678E+00
    1    0.2066666667E+01   -0.4644557413E+00   -0.1161139353E+00    0.2885979022E+00    0.0000000000E+00    0.0000000000E+00    0.0000000000E+00    0.0000000000E+00    0.0000000000E+00    0.0000000000E+00    0.5847990938E-15    0.5847990938E-15    0.9999991273E+00    0.9999991273E+00
    2    0.2066666667E+01   -0.4644557413E+00   -0.1161139353E+00    0.1906457200E+00    0.0000000000E+00    0.0000000000E+00    0.0000000000E+00    0.0000000000E+00    0.0000000000E+00    0.0000000000E+00    0.3066720518E-15    0.3066720518E-15    0.9999993516E+00    0.9999993516E+00
    1    0.2325000000E+01   -0.4644557413E+00   -0.1161139353E+00    0.3441762071E+00    0.0000000000E+00    0.0000000000E+00    0.0000000000E+00    0.0000000000E+00    0.0000000000E+00    0.0000000000E+00    0.5020328738E-15    0.5020328738E-15    0.9999992181E+00    0.9999992181E+00
    2    0.2325000000E+01   -0.4644557413E+00   -0.1161139353E+00    0.2359017925E+00    0.0000000000E+00    0.0000000000E+00    0.0000000000E+00    0.0000000000E+00    0.0000000000E+00    0.0000000000E+00    0.2507869775E-14    0.2507869775E-14    0.9999993096E+00    0.9999993096E+00
    1    0.2583333333E+01   -0.4644557413E+00   -0.1161139353E+00    0.3931438959E+00    0.0000000000E+00    0.0000000000E+00    0.0000000000E+00    0.0000000000E+00    0.0000000000E+00    0.0000000000E+00    0.1479538723E-15    0.1479538723E-15    0.9999991929E+00    0.9999991929E+00
    2    0.2583333333E+01   -0.4644557413E+00   -0.1161139353E+00    0.2787146341E+00    0.0000000000E+00    0.0000000000E+00    0.0000000000E+00    0.0000000000E+00    0.0000000000E+00    0.0000000000E+00    0.3411383694E-14    0.3411383694E-14    0.9999992644E+00    0.9999992644E+00
    1    0.2841666667E+01   -0.4644557413E+00   -0.1161139353E+00    0.4402790376E+00    0.0000000000E+00    0.0000000000E+00    0.0000000000E+00    0.0000000000E+00    0.0000000000E+00    0.0000000000E+00    0.6381023606E-15    0.6381023606E-15    0.9999991335E+00    0.9999991335E+00
    2    0.2841666667E+01   -0.4644557413E+00   -0.1161139353E+00    0.3205304149E+00    0.0000000000E+00    0.0000000000E+00    0.0000000000E+00    0.0000000000E+00    0.0000000000E+00    0.0000000000E+00    0.1979443823E-14    0.1979443823E-14    0.9999991920E+00    0.9999991920E+00
    1    0.3100000000E+01   -0.4644557413E+00    0.6966836119E+00   -0.1717146758E+00    0.0000000000E+00    0.0000000000E+00    0.0000000000E+00    0.0000000000E+00    0.0000000000E+00    0.0000000000E+00    0.1167179882E-11    0.1167179882E-11    0.9999925557E+00    0.9999925557E+00
    2    0.3100000000E+01   -0.4644557413E+00   -0.1161139353E+00    0.4880097633E+00    0.0000000000E+00    0.0000000000E+00    0.0000000000E+00    0.0000000000E+00    0.0000000000E+00    0.0000000000E+00    0.2039678325E-14    0.2039678325E-14    0.9999990267E+00    0.9999990267E+00
    3    0.3100000000E+01   -0.4644557413E+00   -0.1161139353E+00    0.3622858073E+00    0.0000000000E+00    0.0000000000E+00    0.0000000000E+00    0.0000000000E+00    0.0000000000E+00    0.0000000000E+00    0.4263921708E-15    0.4263921708E-15    0.9999991096E+00    0.9999991096E+00
    4    0.3100000000E+01   -0.4644557413E+00    0.6966836119E+00    0.3771886422E+00    0.0000000000E+00    0.0000000000E+00    0.0000000000E+00    0.0000000000E+00    0.0000000000E+00    0.0000000000E+00    0.1121534300E-11    0.1121534300E-11    0.9999958623E+00    0.9999958623E+00
    1    0.3358333333E+01   -0.4644557413E+00   -0.1161139353E+00    0.5307808898E-01    0.0000000000E+00    0.0000000000E+00    0.0000000000E+00    0.0000000000E+00    0.0000000000E+00    0.0000000000E+00    0.2448997108E-12    0.2448997108E-12    0.9999984859E+00    0.9999984859E+00
    2    0.3358333333E+01   -0.4644557413E+00    0.6966836119E+00   -0.3711381371E+00    0.0000000000E+00    0.0000000000E+00    0.0000000000E+00    0.0000000000E+00    0.0000000000E+00    0.0000000000E+00    0.2616343905E-11    0.2616343905E-11    0.9999952145E+00    0.9999952145E+00
    3    0.3358333333E+01   -0.4644557413E+00   -0.1161139353E+00    0.4047771377E+00    0.0000000000E+00    0.0000000000E+00    0.0000000000E+00    0.0000000000E+00    0.0000000000E+00    0.0000000000E+00    0.3018567891E-14    0.3018567891E-14    0.9999990843E+00    0.9999990843E+00
    4    0.3358333333E+01   -0.4644557413E+00    0.6966836119E+00    0.4437741417E+00    0.0000000000E+00    0.0000000000E+00    0.0000000000E+00    0.0000000000E+00    0.0000000000E+00    0.0000000000E+00    0.1968430684E-11    0.1968430684E-11    0.9999961618E+00    0.9999961618E+00
    5    0.3358333333E+01   -0.4644557413E+00   -0.1161139353E+00    0.5385773204E+00    0.0000000000E+00    0.0000000000E+00    0.0000000000E+00    0.0000000000E+00    0.0000000000E+00    0.0000000000E+00    0.4124321082E-13    0.4124321082E-13    0.9999987254E+00    0.9999987254E+00
    6    0.3358333333E+01   -0.4644557413E+00    0.6966836119E+00   -0.5610616899E+00    0.0000000000E+00    0.0000000000E+00    0.0000000000E+00    0.0000000000E+00    0.0000000000E+00    0.0000000000E+00    0.1407243495E-11    0.1407243495E-11    0.9999964528E+00    0.9999964528E+00
    1    0.3616666667E+01   -0.4644557413E+00   -0.1161139353E+00    0.1060605828E+00    0.0000000000E+00    0.0000000000E+00    0.0000000000E+00    0.0000000000E+00    0.0000000000E+00    0.0000000000E+00    0.2417205660E-13    0.2417205662E-13    0.9999989048E+00    0.9999989048E+00
    2    0.3616666667E+01    0.3483418059E+00   -0.1161139353E+00   -0.2303996881E+00    0.0000000000E+00    0.0000000000E+00    0.0000000000E+00    0.0000000000E+00    0.0000000000E+00    0.0000000000E+00    0.2246144157E-12    0.2246144162E-12    0.9999969020E+00    0.9999969020E+00
    3    0.3616666667E+01   -0.4644557413E+00    0.6966836119E+00   -0.2607972821E+00    0.0000000000E+00    0.0000000000E+00    0.0000000000E+00    0.0000000000E+00    0.0000000000E+00    0.0000000000E+00    0.9762611398E-14    0.9762611571E-14    0.9999981828E+00    0.9999981828E+00
    4    0.3616666667E+01   -0.4644557413E+00    0.6966836119E+00   -0.4434588201E+00    0.0000000000E+00    0.0000000000E+00    0.0000000000E+00    0.0000000000E+00    0.0000000000E+00    0.0000000000E+00    0.1653171671E-13    0.1653171682E-13    0.9999976786E+00    0.9999976786E+00
    5    0.3616666667E+01   -0.4644557413E+00   -0.1161139353E+00    0.4488645005E+00    0.0000000000E+00    0.0000000000E+00    0.0000000000E+00    0.0000000000E+00    0.0000000000E+00    0.0000000000E+00    0.1015210279E-13    0.1015210279E-13    0.9999989456E+00    0.9999989456E+00
    6    0.3616666667E+01   -0.4644557413E+00   -0.1161139353E+00   -0.5574001440E+00    0.0000000000E+00    0.0000000000E+00    0.0000000000E+00    0.0000000000E+00    0.0000000000E+00    0.0000000000E+00    0.5589935147E-13    0.5589935148E-13    0.9999984946E+00    0.9999984946E+00
    7    0.3616666667E+01    0.3483418059E+00   -0.1161139353E+00    0.4994638986E+00    0.0000000000E+00    0.0000000000E+00    0.0000000000E+00    0.0000000000E+00    0.0000000000E+00    0.0000000000E+00    0.1327707379E-10    0.1327707379E-10    0.9999849685E+00    0.9999849685E+00
    8    0.3616666667E+01   -0.4644557413E+00    0.6966836119E+00    0.5252555854E+00    0.0000000000E+00    0.0000000000E+00    0.0000000000E+00    0.0000000000E+00    0.0000000000E+00    0.0000000000E+00    0.1692989300E-13    0.1692989675E-13    0.9999984669E+00    0.9999984669E+00
    1    0.3875000000E+01   -0.4644557413E+00   -0.1161139353E+00    0.1468818117E+00    0.0000000000E+00    0.0000000000E+00    0.0000000000E+00    0.0000000000E+00    0.0000000000E+00    0.0000000000E+00    0.2126548143E-14    0.2126548433E-14    0.9999990186E+00    0.9999990186E+00
    2    0.3875000000E+01    0.3483418059E+00   -0.1161139353E+00   -0.1292993438E+00    0.0000000000E+00    0.0000000000E+00    0.0000000000E+00    0.0000000000E+00    0.0000000000E+00    0.0000000000E+00    0.7367079159E-13    0.7367079160E-13    0.9999976563E+00    0.9999976563E+00
    3    0.3875000000E+01   -0.4644557413E+00    0.6966836119E+00   -0.1947841734E+00    0.0000000000E+00    0.0000000000E+00    0.0000000000E+00    0.0000000000E+00    0.0000000000E+00    0.0000000000E+00    0.1224752079E-13    0.1224752079E-13    0.9999984816E+00    0.9999984816E+00
    4    0.3875000000E+01   -0.4644557413E+00    0.6966836119E+00   -0.5701052554E+00    0.0000000000E+00    0.0000000000E+00    0.0000000000E+00    0.0000000000E+00    0.0000000000E+00    0.0000000000E+00    0.1753584125E-12    0.1753584125E-12    0.9999983339E+00    0.9999983339E+00
    5    0.3875000000E+01   -0.4644557413E+00    0.6966836119E+00   -0.3491239842E+00    0.0000000000E+00    0.0000000000E+00    0.0000000000E+00    0.0000000000E+00    0.0000000000E+00    0.0000000000E+00    0.1240492632E-13    0.1240492632E-13    0.9999976745E+00    0.9999976745E+00
    6    0.3875000000E+01    0.3483418059E+00   -0.1161139353E+00   -0.3583347896E+00    0.0000000000E+00    0.0000000000E+00    0.0000000000E+00    0.0000000000E+00    0.0000000000E+00    0.0000000000E+00    0.8868951606E-15    0.8868951634E-15    0.9999974802E+00    0.9999974802E+00
    1    0.4133333333E+01   -0.4644557413E+00   -0.1161139353E+00    0.1838116922E+00    0.0000000000E+00    0.0000000000E+00    0.0000000000E+00    0.0000000000E+00    0.0000000000E+00    0.0000000000E+00    0.6909983551E-15    0.6910566122E-15    0.9999989754E+00    0.9999989754E+00
    2    0.4133333333E+01   -0.4644557413E+00    0.6966836119E+00   -0.1377994479E+00    0.0000000000E+00    0.0000000000E+00    0.0000000000E+00    0.0000000000E+00    0.0000000000E+00    0.0000000000E+00    0.2092931792E-13    0.2092932051E-13    0.9999984656E+00    0.9999984656E+00
    3    0.4133333333E+01   -0.4644557413E+00    0.6966836119E+00   -0.2537245426E+00    0.0000000000E+00    0.0000000000E+00    0.0000000000E+00    0.0000000000E+00    0.0000000000E+00    0.0000000000E+00    0.3326951271E-13    0.3326951354E-13    0.9999971984E+00    0.9999971984E+00
    4    0.4133333333E+01    0.3483418059E+00   -0.1161139353E+00   -0.2758051344E+00    0.0000000000E+00    0.0000000000E+00    0.0000000000E+00    0.0000000000E+00    0.0000000000E+00    0.0000000000E+00    0.1118833427E-13    0.1129669738E-13    0.9999979849E+00    0.9999979849E+00
    5    0.4133333333E+01   -0.4644557413E+00   -0.1161139353E+00   -0.4061089958E+00    0.0000000000E+00    0.0000000000E+00    0.0000000000E+00    0.0000000000E+00    0.0000000000E+00    0.0000000000E+00    0.9756890266E-15    0.9756919282E-15    0.9999972879E+00    0.9999972879E+00
    6    0.4133333333E+01   -0.4644557413E+00   -0.1161139353E+00    0.5465311525E+00    0.0000000000E+00    0.0000000000E+00    0.0000000000E+00    0.0000000000E+00    0.0000000000E+00    0.0000000000E+00    0.4166579932E-14    0.4166641158E-14    0.9999984657E+00    0.9999984657E+00
    7    0.4133333333E+01   -0.4644557413E+00    0.6966836119E+00   -0.5200115420E+00    0.0000000000E+00    0.0000000000E+00    0.0000000000E+00    0.0000000000E+00    0.0000000000E+00    0.0000000000E+00    0.8823192619E-14    0.8823278686E-14    0.9999987246E+00    0.9999987246E+00
    1    0.4391666667E+01    0.3483418059E+00   -0.1161139353E+00   -0.3960177278E+00    0.0000000000E+00    0.0000000000E+00    0.0000000000E+00    0.0000000000E+00    0.0000000000E+00    0.0000000000E+00    0.2141958774E-12    0.2141958774E-12    0.9999972673E+00    0.9999972673E+00
    2    0.4391666667E+01   -0.4644557413E+00    0.6966836119E+00   -0.4736467914E+00    0.0000000000E+00    0.0000000000E+00    0.0000000000E+00    0.0000000000E+00    0.0000000000E+00    0.0000000000E+00    0.3363550082E-13    0.3363550082E-13    0.9999985764E+00    0.9999985764E+00
    3    0.4391666667E+01    0.3483418059E+00   -0.1161139353E+00   -0.5431769795E+00    0.0000000000E+00    0.0000000000E+00    0.0000000000E+00    0.0000000000E+00    0.0000000000E+00    0.0000000000E+00    0.1683482862E-12    0.1683482862E-12    0.9999976820E+00    0.9999976820E+00
    4    0.4391666667E+01   -0.4644557413E+00   -0.1161139353E+00   -0.5447817110E+00    0.0000000000E+00    0.0000000000E+00    0.0000000000E+00    0.0000000000E+00    0.0000000000E+00    0.0000000000E+00    0.1277963490E-13    0.1277963490E-13    0.9999978462E+00    0.9999978462E+00
    5    0.4391666667E+01    0.3483418059E+00    0.6966836119E+00    0.2022020322E-01    0.0000000000E+00    0.0000000000E+00    0.0000000000E+00    0.0000000000E+00    0.0000000000E+00    0.0000000000E+00    0.1099597629E-11    0.1099597629E-11    0.9999962280E+00    0.9999962280E+00
    6    0.4391666667E+01   -0.4644557413E+00   -0.1161139353E+00   -0.2574197587E+00    0.0000000000E+00    0.0000000000E+00    0.0000000000E+00    0.0000000000E+00    0.0000000000E+00    0.0000000000E+00    0.2265003517E-12    0.2265003517E-12    0.9999936647E+00    0.9999936647E+00
    7    0.4391666667E+01    0.3483418059E+00   -0.1161139353E+00   -0.2035827661E+00    0.0000000000E+00    0.0000000000E+00    0.0000000000E+00    0.0000000000E+00    0.0000000000E+00    0.0000000000E+00    0.5153940967E-13    0.5153940969E-13    0.9999979259E+00    0.9999979259E+00
    8    0.4391666667E+01   -0.4644557413E+00    0.6966836119E+00   -0.1299509879E+00    0.0000000000E+00    0.0000000000E+00    0.0000000000E+00    0.0000000000E+00    0.0000000000E+00    0.0000000000E+00    0.6054797298E-12    0.6054797298E-12    0.9999952244E+00    0.9999952244E+00
    9    0.4391666667E+01   -0.4644557413E+00    0.6966836119E+00   -0.7713614854E-01    0.0000000000E+00    0.0000000000E+00    0.0000000000E+00    0.0000000000E+00    0.0000000000E+00    0.0000000000E+00    0.2955916890E-12    0.2955916890E-12    0.9999979713E+00    0.9999979713E+00
   10    0.4391666667E+01    0.3483418059E+00    0.6966836119E+00    0.1975310465E+00    0.0000000000E+00    0.0000000000E+00    0.0000000000E+00    0.0000000000E+00    0.0000000000E+00    0.0000000000E+00    0.7395245481E-12    0.7395245481E-12    0.9999958095E+00    0.9999958095E+00
   11    0.4391666667E+01   -0.4644557413E+00   -0.1161139353E+00    0.2189265301E+00    0.0000000000E+00    0.0000000000E+00    0.0000000000E+00    0.0000000000E+00    0.0000000000E+00    0.0000000000E+00    0.2575810945E-13    0.2575810946E-13    0.9999989655E+00    0.9999989655E+00
    1    0.4650000000E+01    0.3483418059E+00    0.6966836119E+00    0.4030749108E+00    0.0000000000E+00    0.0000000000E+00    0.0000000000E+00    0.0000000000E+00    0.0000000000E+00    0.0000000000E+00    0.5646140035E-13    0.5646140035E-13    0.9999970647E+00    0.9999970647E+00
    2    0.4650000000E+01    0.3483418059E+00    0.6966836119E+00    0.2902669525E+00    0.0000000000E+00    0.0000000000E+00    0.0000000000E+00    0.0000000000E+00    0.0000000000E+00    0.0000000000E+00    0.2168326154E-13    0.2168326154E-13    0.9999975554E+00    0.9999975554E+00
    3    0.4650000000E+01   -0.4644557413E+00   -0.1161139353E+00    0.2528712864E+00    0.0000000000E+00    0.0000000000E+00    0.0000000000E+00    0.0000000000E+00    0.0000000000E+00    0.0000000000E+00    0.6824262174E-14    0.6824262174E-14    0.9999989066E+00    0.9999989066E+00
    4    0.4650000000E+01    0.3483418059E+00    0.6966836119E+00    0.1119165733E+00    0.0000000000E+00    0.0000000000E+00    0.0000000000E+00    0.0000000000E+00    0.0000000000E+00    0.0000000000E+00    0.8020232543E-13    0.8020232543E-13    0.9999976268E+00    0.9999976268E+00
    5    0.4650000000E+01    0.3483418059E+00   -0.1161139353E+00   -0.3077439920E+00    0.0000000000E+00    0.0000000000E+00    0.0000000000E+00    0.0000000000E+00    0.0000000000E+00    0.0000000000E+00    0.1146331179E-13    0.1146331179E-13    0.9999972254E+00    0.9999972254E+00
    6    0.4650000000E+01    0.3483418059E+00   -0.1161139353E+00   -0.1251613358E+00    0.0000000000E+00    0.0000000000E+00    0.0000000000E+00    0.0000000000E+00    0.0000000000E+00    0.0000000000E+00    0.1984185987E-12    0.1984185987E-12    0.9999972841E+00    0.9999972841E+00
    7    0.4650000000E+01    0.3483418059E+00    0.6966836119E+00   -0.7152132278E-01    0.0000000000E+00    0.0000000000E+00    0.0000000000E+00    0.0000000000E+00    0.0000000000E+00    0.0000000000E+00    0.1066276088E-12    0.1066276088E-12    0.9999969938E+00    0.9999969938E+00
    8    0.4650000000E+01   -0.4644557413E+00    0.6966836119E+00   -0.4283986513E+00    0.0000000000E+00    0.0000000000E+00    0.0000000000E+00    0.0000000000E+00    0.0000000000E+00    0.0000000000E+00    0.3753459951E-15    0.3753459952E-15    0.9999986180E+00    0.9999986180E+00
    9    0.4650000000E+01    0.3483418059E+00   -0.1161139353E+00   -0.4726049661E+00    0.0000000000E+00    0.0000000000E+00    0.0000000000E+00    0.0000000000E+00    0.0000000000E+00    0.0000000000E+00    0.5967145791E-13    0.5967145791E-13    0.9999979816E+00    0.9999979816E+00
   10    0.4650000000E+01   -0.4644557413E+00   -0.1161139353E+00   -0.4734976669E+00    0.0000000000E+00    0.0000000000E+00    0.0000000000E+00    0.0000000000E+00    0.0000000000E+00    0.0000000000E+00    0.3290728974E-13    0.3290728974E-13    0.9999975561E+00    0.9999975561E+00
    1    0.4908333333E+01    0.3483418059E+00    0.6966836119E+00    0.4894618739E+00    0.0000000000E+00    0.0000000000E+00    0.0000000000E+00    0.0000000000E+00    0.0000000000E+00    0.0000000000E+00    0.2219219304E-12    0.2219219304E-12    0.9999972814E+00    0.9999972814E+00
    2    0.4908333333E+01    0.3483418059E+00    0.6966836119E+00    0.3645040925E+00    0.0000000000E+00    0.0000000000E+00    0.0000000000E+00    0.0000000000E+00    0.0000000000E+00    0.0000000000E+00    0.6685899952E-13    0.6685899952E-13    0.9999976506E+00    0.9999976506E+00
    3    0.4908333333E+01   -0.4644557413E+00   -0.1161139353E+00    0.2863311348E+00    0.0000000000E+00    0.0000000000E+00    0.0000000000E+00    0.0000000000E+00    0.0000000000E+00    0.0000000000E+00    0.1260431617E-13    0.1260431617E-13    0.9999987965E+00    0.9999987965E+00
    4    0.4908333333E+01    0.3483418059E+00    0.6966836119E+00    0.1810062281E+00    0.0000000000E+00    0.0000000000E+00    0.0000000000E+00    0.0000000000E+00    0.0000000000E+00    0.0000000000E+00    0.8506581059E-13    0.8506581059E-13    0.9999978450E+00    0.9999978450E+00
    5    0.4908333333E+01    0.3483418059E+00   -0.1161139353E+00   -0.2002081671E+00    0.0000000000E+00    0.0000000000E+00    0.0000000000E+00    0.0000000000E+00    0.0000000000E+00    0.0000000000E+00    0.9038587604E-15    0.9038587604E-15    0.9999952582E+00    0.9999952582E+00
    6    0.4908333333E+01    0.3483418059E+00    0.6966836119E+00    0.6318274246E-02    0.0000000000E+00    0.0000000000E+00    0.0000000000E+00    0.0000000000E+00    0.0000000000E+00    0.0000000000E+00    0.1831789460E-11    0.1831789460E-11    0.9999961556E+00    0.9999961556E+00
    7    0.4908333333E+01    0.3483418059E+00   -0.1161139353E+00   -0.4081938128E+00    0.0000000000E+00    0.0000000000E+00    0.0000000000E+00    0.0000000000E+00    0.0000000000E+00    0.0000000000E+00    0.1366104387E-14    0.1366104387E-14    0.9999978379E+00    0.9999978379E+00
    8    0.4908333333E+01   -0.4644557413E+00   -0.1161139353E+00   -0.3703552239E+00    0.0000000000E+00    0.0000000000E+00    0.0000000000E+00    0.0000000000E+00    0.0000000000E+00    0.0000000000E+00    0.1314361036E-13    0.1314361036E-13    0.9999956705E+00    0.9999956705E+00
    9    0.4908333333E+01   -0.4644557413E+00    0.6966836119E+00   -0.3830955325E+00    0.0000000000E+00    0.0000000000E+00    0.0000000000E+00    0.0000000000E+00    0.0000000000E+00    0.0000000000E+00    0.1475664390E-20    0.1476277735E-20    0.9999985232E+00    0.9999985232E+00
    1    0.5166666667E+01    0.3483418059E+00    0.6966836119E+00    0.4462918526E+00    0.0000000000E+00    0.0000000000E+00    0.0000000000E+00    0.0000000000E+00    0.0000000000E+00    0.0000000000E+00    0.3311739846E-13    0.3311739846E-13    0.9999963711E+00    0.9999963711E+00
    2    0.5166666667E+01    0.3483418059E+00   -0.1161139353E+00   -0.3420167376E+00    0.0000000000E+00    0.0000000000E+00    0.0000000000E+00    0.0000000000E+00    0.0000000000E+00    0.0000000000E+00    0.3783561101E-15    0.3783561101E-15    0.9999976523E+00    0.9999976523E+00
    3    0.5166666667E+01   -0.4644557413E+00    0.6966836119E+00   -0.3366594453E+00    0.0000000000E+00    0.0000000000E+00    0.0000000000E+00    0.0000000000E+00    0.0000000000E+00    0.0000000000E+00    0.1551784262E-14    0.1551784262E-14    0.9999983874E+00    0.9999983874E+00
    4    0.5166666667E+01   -0.4644557413E+00   -0.1161139353E+00    0.3194389231E+00    0.0000000000E+00    0.0000000000E+00    0.0000000000E+00    0.0000000000E+00    0.0000000000E+00    0.0000000000E+00    0.1768406252E-15    0.1768406252E-15    0.9999988759E+00    0.9999988759E+00
    5    0.5166666667E+01    0.3483418059E+00    0.6966836119E+00    0.2455746607E+00    0.0000000000E+00    0.0000000000E+00    0.0000000000E+00    0.0000000000E+00    0.0000000000E+00    0.0000000000E+00    0.1556800809E-13    0.1556800809E-13    0.9999977086E+00    0.9999977086E+00
    6    0.5166666667E+01    0.3483418059E+00    0.6966836119E+00    0.7885450448E-01    0.0000000000E+00    0.0000000000E+00    0.0000000000E+00    0.0000000000E+00    0.0000000000E+00    0.0000000000E+00    0.1237631503E-13    0.1237631503E-13    0.9999977396E+00    0.9999977396E+00
    1    0.5425000000E+01    0.3483418059E+00   -0.1161139353E+00   -0.2672354492E+00    0.0000000000E+00    0.0000000000E+00    0.0000000000E+00    0.0000000000E+00    0.0000000000E+00    0.0000000000E+00    0.4802215414E-15    0.4802215414E-15    0.9999970387E+00    0.9999970387E+00
    2    0.5425000000E+01   -0.4644557413E+00    0.6966836119E+00   -0.2877510391E+00    0.0000000000E+00    0.0000000000E+00    0.0000000000E+00    0.0000000000E+00    0.0000000000E+00    0.0000000000E+00    0.8195925798E-14    0.8195925812E-14    0.9999981878E+00    0.9999981878E+00
    3    0.5425000000E+01    0.3483418059E+00    0.6966836119E+00    0.1434253246E+00    0.0000000000E+00    0.0000000000E+00    0.0000000000E+00    0.0000000000E+00    0.0000000000E+00    0.0000000000E+00    0.1598461592E-14    0.1598461592E-14    0.9999977353E+00    0.9999977353E+00
    4    0.5425000000E+01    0.3483418059E+00    0.6966836119E+00    0.3161738463E+00    0.0000000000E+00    0.0000000000E+00    0.0000000000E+00    0.0000000000E+00    0.0000000000E+00    0.0000000000E+00    0.1779884938E-14    0.1779884939E-14    0.9999971566E+00    0.9999971566E+00
    5    0.5425000000E+01   -0.4644557413E+00   -0.1161139353E+00    0.3524200033E+00    0.0000000000E+00    0.0000000000E+00    0.0000000000E+00    0.0000000000E+00    0.0000000000E+00    0.0000000000E+00    0.9232296362E-16    0.9232296363E-16    0.9999988239E+00    0.9999988239E+00
    1    0.5683333333E+01    0.3483418059E+00   -0.1161139353E+00   -0.1644066848E+00    0.0000000000E+00    0.0000000000E+00    0.0000000000E+00    0.0000000000E+00    0.0000000000E+00    0.0000000000E+00    0.3164962445E-13    0.3164962445E-13    0.9999947975E+00    0.9999947975E+00
    2    0.5683333333E+01   -0.4644557413E+00    0.6966836119E+00   -0.2341744273E+00    0.0000000000E+00    0.0000000000E+00    0.0000000000E+00    0.0000000000E+00    0.0000000000E+00    0.0000000000E+00    0.1037798043E-13    0.1037798043E-13    0.9999978640E+00    0.9999978640E+00
    3    0.5683333333E+01    0.3483418059E+00    0.6966836119E+00    0.2087225694E+00    0.0000000000E+00    0.0000000000E+00    0.0000000000E+00    0.0000000000E+00    0.0000000000E+00    0.0000000000E+00    0.3332713668E-13    0.3332713668E-13    0.9999975007E+00    0.9999975007E+00
    4    0.5683333333E+01    0.3483418059E+00    0.6966836119E+00    0.4211868191E+00    0.0000000000E+00    0.0000000000E+00    0.0000000000E+00    0.0000000000E+00    0.0000000000E+00    0.0000000000E+00    0.4793080190E-13    0.4793080190E-13    0.9999943874E+00    0.9999943874E+00
    5    0.5683333333E+01   -0.4644557413E+00   -0.1161139353E+00    0.3853476469E+00    0.0000000000E+00    0.0000000000E+00    0.0000000000E+00    0.0000000000E+00    0.0000000000E+00    0.0000000000E+00    0.8029545105E-18    0.8029548327E-18    0.9999987687E+00    0.9999987687E+00
    1    0.5941666667E+01   -0.4644557413E+00    0.6966836119E+00   -0.1709878980E+00    0.0000000000E+00    0.0000000000E+00    0.0000000000E+00    0.0000000000E+00    0.0000000000E+00    0.0000000000E+00    0.1291147152E-13    0.1291147152E-13    0.9999972029E+00    0.9999972029E+00
    2    0.5941666667E+01    0.3483418059E+00    0.6966836119E+00    0.5507471954E+00    0.0000000000E+00    0.0000000000E+00    0.0000000000E+00    0.0000000000E+00    0.0000000000E+00    0.0000000000E+00    0.7918705433E-13    0.7918705433E-13    0.9999959984E+00    0.9999959984E+00
    3    0.5941666667E+01    0.3483418059E+00    0.6966836119E+00    0.2823832965E+00    0.0000000000E+00    0.0000000000E+00    0.0000000000E+00    0.0000000000E+00    0.0000000000E+00    0.0000000000E+00    0.8013776214E-13    0.8013776214E-13    0.9999967196E+00    0.9999967196E+00
    4    0.5941666667E+01   -0.4644557413E+00   -0.1161139353E+00    0.4182870483E+00    0.0000000000E+00    0.0000000000E+00    0.0000000000E+00    0.0000000000E+00    0.0000000000E+00    0.0000000000E+00    0.2614948994E-15    0.2614949019E-15    0.9999987119E+00    0.9999987119E+00
    1    0.6200000000E+01    0.3483418059E+00    0.6966836119E+00   -0.4479701166E+00    0.0000000000E+00    0.0000000000E+00    0.0000000000E+00    0.0000000000E+00    0.0000000000E+00    0.0000000000E+00    0.2467999920E-09    0.2467999920E-09    0.9999636325E+00    0.9999636325E+00
    2    0.6200000000E+01   -0.4644557413E+00    0.6966836119E+00   -0.7648375335E-01    0.0000000000E+00    0.0000000000E+00    0.0000000000E+00    0.0000000000E+00    0.0000000000E+00    0.0000000000E+00    0.3501029829E-11    0.3501029829E-11    0.9999940526E+00    0.9999940526E+00
    3    0.6200000000E+01    0.3483418059E+00    0.6966836119E+00    0.4236374241E+00    0.0000000000E+00    0.0000000000E+00    0.0000000000E+00    0.0000000000E+00    0.0000000000E+00    0.0000000000E+00    0.2426579512E-09    0.2426579512E-09    0.9999640389E+00    0.9999640389E+00
    4    0.6200000000E+01   -0.4644557413E+00   -0.1161139353E+00    0.4512691200E+00    0.0000000000E+00    0.0000000000E+00    0.0000000000E+00    0.0000000000E+00    0.0000000000E+00    0.0000000000E+00    0.9425824011E-15    0.9425824046E-15    0.9999986541E+00    0.9999986541E+00
    1    0.6458333333E+01   -0.4644557413E+00   -0.1161139353E+00    0.4843015290E+00    0.0000000000E+00    0.0000000000E+00    0.0000000000E+00    0.0000000000E+00    0.0000000000E+00    0.0000000000E+00    0.1451176791E-14    0.1451176791E-14    0.9999985963E+00    0.9999985963E+00
    1    0.6716666667E+01   -0.4644557413E+00    0.6966836119E+00    0.6451893657E-01    0.0000000000E+00    0.0000000000E+00    0.0000000000E+00    0.0000000000E+00    0.0000000000E+00    0.0000000000E+00    0.8281142800E-12    0.8281142800E-12    0.9999971300E+00    0.9999971300E+00
    2    0.6716666667E+01   -0.4644557413E+00   -0.1161139353E+00    0.5173766041E+00    0.0000000000E+00    0.0000000000E+00    0.0000000000E+00    0.0000000000E+00    0.0000000000E+00    0.0000000000E+00    0.1127338270E-14    0.1127338270E-14    0.9999985388E+00    0.9999985388E+00
    1    0.6975000000E+01   -0.4644557413E+00    0.6966836119E+00    0.1163867910E+00    0.0000000000E+00    0.0000000000E+00    0.0000000000E+00    0.0000000000E+00    0.0000000000E+00    0.0000000000E+00    0.1017881384E-12    0.1017881384E-12    0.9999979509E+00    0.9999979509E+00
    2    0.6975000000E+01   -0.4644557413E+00   -0.1161139353E+00    0.5504793304E+00    0.0000000000E+00    0.0000000000E+00    0.0000000000E+00    0.0000000000E+00    0.0000000000E+00    0.0000000000E+00    0.2316112514E-15    0.2316112514E-15    0.9999984820E+00    0.9999984820E+00
    1    0.7233333333E+01   -0.4644557413E+00   -0.1161139353E+00   -0.5658756347E+00    0.0000000000E+00    0.0000000000E+00    0.0000000000E+00    0.0000000000E+00    0.0000000000E+00    0.0000000000E+00    0.1509529969E-16    0.1509529969E-16    0.9999984255E+00    0.9999984255E+00
    2    0.7233333333E+01   -0.4644557413E+00    0.6966836119E+00    0.1582063271E+00    0.0000000000E+00    0.0000000000E+00    0.0000000000E+00    0.0000000000E+00    0.0000000000E+00    0.0000000000E+00    0.1024801503E-13    0.1024801503E-13    0.9999981073E+00    0.9999981073E+00
    1    0.7491666667E+01   -0.4644557413E+00   -0.1161139353E+00   -0.5327534855E+00    0.0000000000E+00    0.0000000000E+00    0.0000000000E+00    0.0000000000E+00    0.0000000000E+00    0.0000000000E+00    0.1050837296E-14    0.1050837296E-14    0.9999983693E+00    0.9999983693E+00
    2    0.7491666667E+01   -0.4644557413E+00    0.6966836119E+00    0.1970374265E+00    0.0000000000E+00    0.0000000000E+00    0.0000000000E+00    0.0000000000E+00    0.0000000000E+00    0.0000000000E+00    0.1455411110E-15    0.1455411110E-15    0.9999981213E+00    0.9999981213E+00
    1    0.7750000000E+01   -0.4644557413E+00   -0.1161139353E+00   -0.4996194042E+00    0.0000000000E+00    0.0000000000E+00    0.0000000000E+00    0.0000000000E+00    0.0000000000E+00    0.0000000000E+00    0.2785322977E-14    0.2785322977E-14    0.9999983122E+00    0.9999983122E+00
    2    0.7750000000E+01    0.3483418059E+00   -0.1161139353E+00    0.2589520592E-01    0.0000000000E+00    0.0000000000E+00    0.0000000000E+00    0.0000000000E+00    0.0000000000E+00    0.0000000000E+00    0.5169726441E-10    0.5169726441E-10    0.9999828245E+00    0.9999828245E+00
    3    0.7750000000E+01   -0.4644557413E+00    0.6966836119E+00    0.2349905532E+00    0.0000000000E+00    0.0000000000E+00    0.0000000000E+00    0.0000000000E+00    0.0000000000E+00    0.0000000000E+00    0.4580711362E-14    0.4580711362E-14    0.9999980692E+00    0.9999980692E+00
    1    0.8008333333E+01   -0.4644557413E+00   -0.1161139353E+00   -0.4664495278E+00    0.0000000000E+00    0.0000000000E+00    0.0000000000E+00    0.0000000000E+00    0.0000000000E+00    0.0000000000E+00    0.3368554350E-14    0.3368554350E-14    0.9999982533E+00    0.9999982533E+00
    2    0.8008333333E+01    0.3483418059E+00   -0.1161139353E+00    0.1377069853E+00    0.0000000000E+00    0.0000000000E+00    0.0000000000E+00    0.0000000000E+00    0.0000000000E+00    0.0000000000E+00    0.1833576732E-12    0.1833576732E-12    0.9999963300E+00    0.9999963300E+00
    3    0.8008333333E+01   -0.4644557413E+00    0.6966836119E+00    0.2731710814E+00    0.0000000000E+00    0.0000000000E+00    0.0000000000E+00    0.0000000000E+00    0.0000000000E+00    0.0000000000E+00    0.6889917103E-14    0.6889917103E-14    0.9999979704E+00    0.9999979704E+00
    1    0.8266666667E+01   -0.4644557413E+00   -0.1161139353E+00   -0.4332021878E+00    0.0000000000E+00    0.0000000000E+00    0.0000000000E+00    0.0000000000E+00    0.0000000000E+00    0.0000000000E+00    0.2066739882E-14    0.2066739883E-14    0.9999981914E+00    0.9999981914E+00
    2    0.8266666667E+01    0.3483418059E+00   -0.1161139353E+00    0.1981741657E+00    0.0000000000E+00    0.0000000000E+00    0.0000000000E+00    0.0000000000E+00    0.0000000000E+00    0.0000000000E+00    0.6997241305E-15    0.6997241305E-15    0.9999970549E+00    0.9999970549E+00
    3    0.8266666667E+01   -0.4644557413E+00    0.6966836119E+00    0.3124064786E+00    0.0000000000E+00    0.0000000000E+00    0.0000000000E+00    0.0000000000E+00    0.0000000000E+00    0.0000000000E+00    0.4645792853E-14    0.4645792853E-14    0.9999978263E+00    0.9999978263E+00
    1    0.8525000000E+01   -0.4644557413E+00   -0.1161139353E+00   -0.3998175843E+00    0.0000000000E+00    0.0000000000E+00    0.0000000000E+00    0.0000000000E+00    0.0000000000E+00    0.0000000000E+00    0.3054972644E-15    0.3054972644E-15    0.9999981254E+00    0.9999981254E+00
    2    0.8525000000E+01    0.3483418059E+00   -0.1161139353E+00    0.2492812996E+00    0.0000000000E+00    0.0000000000E+00    0.0000000000E+00    0.0000000000E+00    0.0000000000E+00    0.0000000000E+00    0.1330936083E-13    0.1330936083E-13    0.9999972660E+00    0.9999972660E+00
    3    0.8525000000E+01   -0.4644557413E+00    0.6966836119E+00    0.3535226537E+00    0.0000000000E+00    0.0000000000E+00    0.0000000000E+00    0.0000000000E+00    0.0000000000E+00    0.0000000000E+00    0.1017472147E-14    0.1017472147E-14    0.9999976274E+00    0.9999976274E+00
    1    0.8783333333E+01   -0.4644557413E+00   -0.1161139353E+00   -0.3662187168E+00    0.0000000000E+00    0.0000000000E+00    0.0000000000E+00    0.0000000000E+00    0.0000000000E+00    0.0000000000E+00    0.3406213066E-15    0.3406213066E-15    0.9999980539E+00    0.9999980539E+00
    2    0.8783333333E+01    0.3483418059E+00   -0.1161139353E+00    0.2969678492E+00    0.0000000000E+00    0.0000000000E+00    0.0000000000E+00    0.0000000000E+00    0.0000000000E+00    0.0000000000E+00    0.7957822272E-14    0.7957822272E-14    0.9999972910E+00    0.9999972910E+00
    3    0.8783333333E+01   -0.4644557413E+00    0.6966836119E+00    0.3975543867E+00    0.0000000000E+00    0.0000000000E+00    0.0000000000E+00    0.0000000000E+00    0.0000000000E+00    0.0000000000E+00    0.2412908717E-15    0.2412908717E-15    0.9999973497E+00    0.9999973497E+00
    1    0.9041666667E+01   -0.4644557413E+00   -0.1161139353E+00   -0.3323123877E+00    0.0000000000E+00    0.0000000000E+00    0.0000000000E+00    0.0000000000E+00    0.0000000000E+00    0.0000000000E+00    0.2674319690E-14    0.2674319690E-14    0.9999979754E+00    0.9999979754E+00
    2    0.9041666667E+01    0.3483418059E+00   -0.1161139353E+00    0.8452324801E-01    0.0000000000E+00    0.0000000000E+00    0.0000000000E+00    0.0000000000E+00    0.0000000000E+00    0.0000000000E+00    0.5312826596E-11    0.5312826596E-11    0.9999917376E+00    0.9999917376E+00
    3    0.9041666667E+01    0.3483418059E+00   -0.1161139353E+00    0.3438797212E+00    0.0000000000E+00    0.0000000000E+00    0.0000000000E+00    0.0000000000E+00    0.0000000000E+00    0.0000000000E+00    0.7413161777E-14    0.7413161777E-14    0.9999971845E+00    0.9999971845E+00
    4    0.9041666667E+01   -0.4644557413E+00    0.6966836119E+00    0.4460633569E+00    0.0000000000E+00    0.0000000000E+00    0.0000000000E+00    0.0000000000E+00    0.0000000000E+00    0.0000000000E+00    0.3560310706E-14    0.3560310709E-14    0.9999969407E+00    0.9999969407E+00
    1    0.9300000000E+01    0.3483418059E+00   -0.1161139353E+00    0.1807924412E+00    0.0000000000E+00    0.0000000000E+00    0.0000000000E+00    0.0000000000E+00    0.0000000000E+00    0.0000000000E+00    0.6067653599E-14    0.6067653682E-14    0.9999953331E+00    0.9999953331E+00
    2    0.9300000000E+01    0.3483418059E+00    0.6966836119E+00   -0.3554994647E+00    0.0000000000E+00    0.0000000000E+00    0.0000000000E+00    0.0000000000E+00    0.0000000000E+00    0.0000000000E+00    0.1005511601E-10    0.1005511601E-10    0.9999902962E+00    0.9999902962E+00
    3    0.9300000000E+01   -0.4644557413E+00   -0.1161139353E+00   -0.2979896468E+00    0.0000000000E+00    0.0000000000E+00    0.0000000000E+00    0.0000000000E+00    0.0000000000E+00    0.0000000000E+00    0.4281567541E-14    0.4282989078E-14    0.9999978689E+00    0.9999978689E+00
    4    0.9300000000E+01    0.3483418059E+00   -0.1161139353E+00    0.3919128102E+00    0.0000000000E+00    0.0000000000E+00    0.0000000000E+00    0.0000000000E+00    0.0000000000E+00    0.0000000000E+00    0.8114665304E-15    0.8114665472E-15    0.9999969757E+00    0.9999969757E+00
    5    0.9300000000E+01    0.3483418059E+00    0.6966836119E+00    0.4979452465E+00    0.0000000000E+00    0.0000000000E+00    0.0000000000E+00    0.0000000000E+00    0.0000000000E+00    0.0000000000E+00    0.1009047436E-10    0.1009047436E-10    0.9999904771E+00    0.9999904771E+00
    6    0.9300000000E+01   -0.4644557413E+00    0.6966836119E+00    0.5018972168E+00    0.0000000000E+00    0.0000000000E+00    0.0000000000E+00    0.0000000000E+00    0.0000000000E+00    0.0000000000E+00    0.6219012068E-14    0.6219012155E-14    0.9999962663E+00    0.9999962663E+00
    1    0.9558333333E+01   -0.4644557413E+00    0.6966836119E+00    0.4403339405E-01    0.0000000000E+00    0.0000000000E+00    0.0000000000E+00    0.0000000000E+00    0.0000000000E+00    0.0000000000E+00    0.2108975810E-09    0.2108979576E-09    0.9999626275E+00    0.9999626275E+00
    2    0.9558333333E+01    0.3483418059E+00   -0.1161139353E+00    0.2514492735E+00    0.0000000000E+00    0.0000000000E+00    0.0000000000E+00    0.0000000000E+00    0.0000000000E+00    0.0000000000E+00    0.2404174030E-13    0.2404174147E-13    0.9999957904E+00    0.9999957904E+00
    3    0.9558333333E+01    0.3483418059E+00   -0.1161139353E+00    0.4431985203E+00    0.0000000000E+00    0.0000000000E+00    0.0000000000E+00    0.0000000000E+00    0.0000000000E+00    0.0000000000E+00    0.4704137862E-14    0.4704138575E-14    0.9999966033E+00    0.9999966033E+00
    4    0.9558333333E+01   -0.4644557413E+00    0.6966836119E+00    0.5719492999E+00    0.0000000000E+00    0.0000000000E+00    0.0000000000E+00    0.0000000000E+00    0.0000000000E+00    0.0000000000E+00    0.1052352537E-11    0.1052509530E-11    0.9999946125E+00    0.9999946125E+00
    5    0.9558333333E+01    0.3483418059E+00    0.6966836119E+00   -0.5457783320E+00    0.0000000000E+00    0.0000000000E+00    0.0000000000E+00    0.0000000000E+00    0.0000000000E+00    0.0000000000E+00    0.2562713045E-13    0.2562717339E-13    0.9999944396E+00    0.9999944396E+00
    6    0.9558333333E+01    0.3483418059E+00    0.6966836119E+00   -0.2466509846E+00    0.0000000000E+00    0.0000000000E+00    0.0000000000E+00    0.0000000000E+00    0.0000000000E+00    0.0000000000E+00    0.1858381862E-12    0.1858381880E-12    0.9999942232E+00    0.9999942232E+00
    7    0.9558333333E+01   -0.4644557413E+00   -0.1161139353E+00   -0.2631252073E+00    0.0000000000E+00    0.0000000000E+00    0.0000000000E+00    0.0000000000E+00    0.0000000000E+00    0.0000000000E+00    0.4826664478E-14    0.4826667509E-14    0.9999977918E+00    0.9999977918E+00
    1    0.9816666667E+01    0.3483418059E+00    0.6966836119E+00   -0.1506057660E+00    0.0000000000E+00    0.0000000000E+00    0.0000000000E+00    0.0000000000E+00    0.0000000000E+00    0.0000000000E+00    0.6151353465E-12    0.6151353465E-12    0.9999929759E+00    0.9999929759E+00
    2    0.9816666667E+01   -0.4644557413E+00    0.6966836119E+00    0.2872482893E+00    0.0000000000E+00    0.0000000000E+00    0.0000000000E+00    0.0000000000E+00    0.0000000000E+00    0.0000000000E+00    0.2089877290E-10    0.2089877290E-10    0.9999828217E+00    0.9999828217E+00
    3    0.9816666667E+01    0.3483418059E+00   -0.1161139353E+00    0.3191904289E+00    0.0000000000E+00    0.0000000000E+00    0.0000000000E+00    0.0000000000E+00    0.0000000000E+00    0.0000000000E+00    0.2760842382E-13    0.2760842382E-13    0.9999954676E+00    0.9999954676E+00
    4    0.9816666667E+01    0.3483418059E+00   -0.1161139353E+00    0.5015647855E+00    0.0000000000E+00    0.0000000000E+00    0.0000000000E+00    0.0000000000E+00    0.0000000000E+00    0.0000000000E+00    0.2768030901E-13    0.2768030901E-13    0.9999958436E+00    0.9999958436E+00
    5    0.9816666667E+01   -0.4644557413E+00   -0.1161139353E+00   -0.2275754507E+00    0.0000000000E+00    0.0000000000E+00    0.0000000000E+00    0.0000000000E+00    0.0000000000E+00    0.0000000000E+00    0.1918559410E-14    0.1918559410E-14    0.9999976830E+00    0.9999976830E+00
    6    0.9816666667E+01   -0.4644557413E+00    0.6966836119E+00   -0.4588815837E+00    0.0000000000E+00    0.0000000000E+00    0.0000000000E+00    0.0000000000E+00    0.0000000000E+00    0.0000000000E+00    0.2084536814E-10    0.2084536814E-10    0.9999862537E+00    0.9999862537E+00
    7    0.9816666667E+01    0.3483418059E+00    0.6966836119E+00   -0.4563483708E+00    0.0000000000E+00    0.0000000000E+00    0.0000000000E+00    0.0000000000E+00    0.0000000000E+00    0.0000000000E+00    0.1580400656E-12    0.1580400656E-12    0.9999939303E+00    0.9999939303E+00
    1    0.1007500000E+02   -0.4644557413E+00   -0.1161139353E+00   -0.1911745484E+00    0.0000000000E+00    0.0000000000E+00    0.0000000000E+00    0.0000000000E+00    0.0000000000E+00    0.0000000000E+00    0.3014180316E-18    0.3016023414E-18    0.9999975598E+00    0.9999975598E+00
    2    0.1007500000E+02    0.3483418059E+00   -0.1161139353E+00    0.4012487273E+00    0.0000000000E+00    0.0000000000E+00    0.0000000000E+00    0.0000000000E+00    0.0000000000E+00    0.0000000000E+00    0.3485650470E-11    0.3485650470E-11    0.9999928779E+00    0.9999928779E+00
    3    0.1007500000E+02    0.3483418059E+00    0.6966836119E+00   -0.3560113702E+00    0.0000000000E+00    0.0000000000E+00    0.0000000000E+00    0.0000000000E+00    0.0000000000E+00    0.0000000000E+00    0.8914170791E-14    0.8914170794E-14    0.9999931960E+00    0.9999931960E+00
    4    0.1007500000E+02    0.3483418059E+00   -0.1161139353E+00   -0.5695472183E+00    0.0000000000E+00    0.0000000000E+00    0.0000000000E+00    0.0000000000E+00    0.0000000000E+00    0.0000000000E+00    0.5114516313E-11    0.5114516313E-11    0.9999924188E+00    0.9999924188E+00
    1    0.1033333333E+02    0.3483418059E+00    0.6966836119E+00   -0.2541598194E+00    0.0000000000E+00    0.0000000000E+00    0.0000000000E+00    0.0000000000E+00    0.0000000000E+00    0.0000000000E+00    0.2123720870E-12    0.2123720870E-12    0.9999930210E+00    0.9999930210E+00
    2    0.1033333333E+02   -0.4644557413E+00   -0.1161139353E+00   -0.1537279989E+00    0.0000000000E+00    0.0000000000E+00    0.0000000000E+00    0.0000000000E+00    0.0000000000E+00    0.0000000000E+00    0.2675219070E-14    0.2675219070E-14    0.9999974190E+00    0.9999974190E+00
    1    0.1059166667E+02    0.3483418059E+00    0.6966836119E+00   -0.1381655088E+00    0.0000000000E+00    0.0000000000E+00    0.0000000000E+00    0.0000000000E+00    0.0000000000E+00    0.0000000000E+00    0.1875261619E-11    0.1875261619E-11    0.9999899517E+00    0.9999899517E+00
    2    0.1059166667E+02   -0.4644557413E+00   -0.1161139353E+00   -0.1150021028E+00    0.0000000000E+00    0.0000000000E+00    0.0000000000E+00    0.0000000000E+00    0.0000000000E+00    0.0000000000E+00    0.8996345940E-14    0.8996345940E-14    0.9999972563E+00    0.9999972563E+00
    1    0.1085000000E+02    0.3483418059E+00    0.6966836119E+00    0.5249488459E+00    0.0000000000E+00    0.0000000000E+00    0.0000000000E+00    0.0000000000E+00    0.0000000000E+00    0.0000000000E+00    0.1991003358E-10    0.1991003358E-10    0.9999878993E+00    0.9999878993E+00
    2    0.1085000000E+02    0.3483418059E+00    0.6966836119E+00   -0.4198926685E+00    0.0000000000E+00    0.0000000000E+00    0.0000000000E+00    0.0000000000E+00    0.0000000000E+00    0.0000000000E+00    0.1991346105E-10    0.1991346105E-10    0.9999873006E+00    0.9999873006E+00
    3    0.1085000000E+02   -0.4644557413E+00   -0.1161139353E+00   -0.7470506776E-01    0.0000000000E+00    0.0000000000E+00    0.0000000000E+00    0.0000000000E+00    0.0000000000E+00    0.0000000000E+00    0.1476181412E-13    0.1476181412E-13    0.9999970652E+00    0.9999970652E+00
    1    0.1110833333E+02    0.3483418059E+00    0.6966836119E+00   -0.5279539878E+00    0.0000000000E+00    0.0000000000E+00    0.0000000000E+00    0.0000000000E+00    0.0000000000E+00    0.0000000000E+00    0.1176777375E-12    0.1176777375E-12    0.9999947979E+00    0.9999947979E+00
    2    0.1110833333E+02    0.3483418059E+00    0.6966836119E+00   -0.3097861488E+00    0.0000000000E+00    0.0000000000E+00    0.0000000000E+00    0.0000000000E+00    0.0000000000E+00    0.0000000000E+00    0.1618295334E-12    0.1618295334E-12    0.9999933919E+00    0.9999933919E+00
    3    0.1110833333E+02   -0.4644557413E+00   -0.1161139353E+00   -0.3242613040E-01    0.0000000000E+00    0.0000000000E+00    0.0000000000E+00    0.0000000000E+00    0.0000000000E+00    0.0000000000E+00    0.2976707644E-13    0.2976707644E-13    0.9999968277E+00    0.9999968277E+00
    4    0.1110833333E+02   -0.4644557413E+00    0.6966836119E+00    0.1503660733E+00    0.0000000000E+00    0.0000000000E+00    0.0000000000E+00    0.0000000000E+00    0.0000000000E+00    0.0000000000E+00    0.8522532118E-12    0.8522532118E-12    0.9999898389E+00    0.9999898389E+00
    1    0.1136666667E+02    0.3483418059E+00    0.6966836119E+00   -0.4637672765E+00    0.0000000000E+00    0.0000000000E+00    0.0000000000E+00    0.0000000000E+00    0.0000000000E+00    0.0000000000E+00    0.2315446845E-13    0.2315446845E-13    0.9999955645E+00    0.9999955645E+00
    2    0.1136666667E+02    0.3483418059E+00    0.6966836119E+00   -0.2175895994E+00    0.0000000000E+00    0.0000000000E+00    0.0000000000E+00    0.0000000000E+00    0.0000000000E+00    0.0000000000E+00    0.8467913036E-13    0.8467913036E-13    0.9999925951E+00    0.9999925951E+00
    3    0.1136666667E+02   -0.4644557413E+00    0.6966836119E+00    0.2597984214E+00    0.0000000000E+00    0.0000000000E+00    0.0000000000E+00    0.0000000000E+00    0.0000000000E+00    0.0000000000E+00    0.1204567089E-12    0.1204567089E-12    0.9999931509E+00    0.9999931509E+00
    4    0.1136666667E+02   -0.4644557413E+00   -0.1161139353E+00    0.1157409305E-01    0.0000000000E+00    0.0000000000E+00    0.0000000000E+00    0.0000000000E+00    0.0000000000E+00    0.0000000000E+00    0.1795562115E-12    0.1795562115E-12    0.9999964432E+00    0.9999964432E+00
    1    0.1162500000E+02    0.3483418059E+00    0.6966836119E+00   -0.4065352167E+00    0.0000000000E+00    0.0000000000E+00    0.0000000000E+00    0.0000000000E+00    0.0000000000E+00    0.0000000000E+00    0.2163542391E-13    0.2163542392E-13    0.9999957324E+00    0.9999957324E+00
    2    0.1162500000E+02    0.3483418059E+00    0.6966836119E+00   -0.8607505293E-01    0.3483418059E+00   -0.9289114825E+00   -0.8607505293E-01    0.4138367208E+00    0.6147441701E+01    0.2969898574E+00    0.2224285913E-10    0.2224285913E-10    0.9999834736E+00    0.9999834736E+00
    3    0.1162500000E+02   -0.4644557413E+00   -0.1161139353E+00    0.5953317495E-01    0.0000000000E+00    0.0000000000E+00    0.0000000000E+00    0.0000000000E+00    0.0000000000E+00    0.0000000000E+00    0.2223894303E-13    0.2223894303E-13    0.9999962241E+00    0.9999962241E+00
    4    0.1162500000E+02    0.3483418059E+00   -0.1161139353E+00    0.4491240916E+00    0.0000000000E+00    0.0000000000E+00    0.0000000000E+00    0.0000000000E+00    0.0000000000E+00    0.0000000000E+00    0.4902629462E-13    0.4902629478E-13    0.9999834157E+00    0.9999834157E+00
    5    0.1162500000E+02   -0.4644557413E+00    0.6966836119E+00    0.3432430591E+00    0.0000000000E+00    0.0000000000E+00    0.0000000000E+00    0.0000000000E+00    0.0000000000E+00    0.0000000000E+00    0.8628558963E-14    0.8628558963E-14    0.9999941134E+00    0.9999941134E+00
    1    0.1188333333E+02    0.3483418059E+00    0.6966836119E+00   -0.3510873572E+00    0.0000000000E+00    0.0000000000E+00    0.0000000000E+00    0.0000000000E+00    0.0000000000E+00    0.0000000000E+00    0.6576357652E-15    0.6576357803E-15    0.9999956682E+00    0.9999956682E+00
    2    0.1188333333E+02   -0.4644557413E+00   -0.1161139353E+00    0.1111444807E+00    0.0000000000E+00    0.0000000000E+00    0.0000000000E+00    0.0000000000E+00    0.0000000000E+00    0.0000000000E+00    0.1295240197E-13    0.1295240197E-13    0.9999957897E+00    0.9999957897E+00
    3    0.1188333333E+02    0.3483418059E+00   -0.1161139353E+00    0.5708478186E+00    0.0000000000E+00    0.0000000000E+00    0.0000000000E+00    0.0000000000E+00    0.0000000000E+00    0.0000000000E+00    0.3299876235E-11    0.3299876235E-11    0.9999918712E+00    0.9999918712E+00
    4    0.1188333333E+02   -0.4644557413E+00    0.6966836119E+00    0.4167016588E+00   -0.4644557413E+00    0.6966836119E+00    0.4167016588E+00    0.2468372518E+01   -0.3008445943E+01   -0.4184803225E+01    0.9381184829E-15    0.9381184839E-15    0.9999944865E+00    0.9999944865E+00
    1    0.1214166667E+02   -0.4644557413E+00   -0.1161139353E+00    0.1680424369E+00    0.0000000000E+00    0.0000000000E+00    0.0000000000E+00    0.0000000000E+00    0.0000000000E+00    0.0000000000E+00    0.1300200460E-14    0.1300200460E-14    0.9999952063E+00    0.9999952063E+00
    2    0.1214166667E+02    0.3483418059E+00    0.6966836119E+00   -0.2946696443E+00    0.0000000000E+00    0.0000000000E+00    0.0000000000E+00    0.0000000000E+00    0.0000000000E+00    0.0000000000E+00    0.7097544053E-14    0.7097544055E-14    0.9999954012E+00    0.9999954012E+00
    3    0.1214166667E+02    0.3483418059E+00   -0.1161139353E+00   -0.4956648491E+00    0.0000000000E+00    0.0000000000E+00    0.0000000000E+00    0.0000000000E+00    0.0000000000E+00    0.0000000000E+00    0.4002672261E-14    0.4002672273E-14    0.9999934947E+00    0.9999934947E+00
    4    0.1214166667E+02   -0.4644557413E+00    0.6966836119E+00    0.4860613313E+00    0.0000000000E+00    0.0000000000E+00    0.0000000000E+00    0.0000000000E+00    0.0000000000E+00    0.0000000000E+00    0.5287050096E-16    0.5287050100E-16    0.9999945291E+00    0.9999945291E+00
    1    0.1240000000E+02   -0.4644557413E+00   -0.1161139353E+00    0.2322153581E+00    0.0000000000E+00    0.0000000000E+00    0.0000000000E+00    0.0000000000E+00    0.0000000000E+00    0.0000000000E+00    0.1892597913E-14    0.1892597913E-14    0.9999944151E+00    0.9999944151E+00
    2    0.1240000000E+02    0.3483418059E+00    0.6966836119E+00   -0.2347448172E+00    0.0000000000E+00    0.0000000000E+00    0.0000000000E+00    0.0000000000E+00    0.0000000000E+00    0.0000000000E+00    0.9622125299E-14    0.9622125300E-14    0.9999948941E+00    0.9999948941E+00
    3    0.1240000000E+02    0.3483418059E+00   -0.1161139353E+00   -0.4111421772E+00    0.0000000000E+00    0.0000000000E+00    0.0000000000E+00    0.0000000000E+00    0.0000000000E+00    0.0000000000E+00    0.4474209087E-15    0.4474209127E-15    0.9999926938E+00    0.9999926938E+00
    4    0.1240000000E+02   -0.4644557413E+00    0.6966836119E+00    0.5551369510E+00    0.0000000000E+00    0.0000000000E+00    0.0000000000E+00    0.0000000000E+00    0.0000000000E+00    0.0000000000E+00    0.9242061038E-15    0.9242065430E-15    0.9999942969E+00    0.9999942969E+00
    1    0.1265833333E+02   -0.4644557413E+00   -0.1161139353E+00    0.3060104789E+00    0.0000000000E+00    0.0000000000E+00    0.0000000000E+00    0.0000000000E+00    0.0000000000E+00    0.0000000000E+00    0.4884184139E-15    0.4884184348E-15    0.9999934250E+00    0.9999934250E+00
    2    0.1265833333E+02    0.3483418059E+00    0.6966836119E+00   -0.1674257312E+00    0.0000000000E+00    0.0000000000E+00    0.0000000000E+00    0.0000000000E+00    0.0000000000E+00    0.0000000000E+00    0.1783725218E-13    0.1783725218E-13    0.9999939047E+00    0.9999939047E+00
    3    0.1265833333E+02    0.3483418059E+00   -0.1161139353E+00   -0.3085685774E+00    0.0000000000E+00    0.0000000000E+00    0.0000000000E+00    0.0000000000E+00    0.0000000000E+00    0.0000000000E+00    0.1018836541E-12    0.1018836541E-12    0.9999897770E+00    0.9999897770E+00
    4    0.1265833333E+02   -0.4644557413E+00    0.6966836119E+00   -0.5220166666E+00    0.0000000000E+00    0.0000000000E+00    0.0000000000E+00    0.0000000000E+00    0.0000000000E+00    0.0000000000E+00    0.3350439747E-14    0.3350463494E-14    0.9999937429E+00    0.9999937429E+00
    1    0.1291666667E+02   -0.4644557413E+00   -0.1161139353E+00    0.3898220164E+00    0.0000000000E+00    0.0000000000E+00    0.0000000000E+00    0.0000000000E+00    0.0000000000E+00    0.0000000000E+00    0.3679436317E-16    0.3679436319E-16    0.9999925826E+00    0.9999925826E+00
    2    0.1291666667E+02   -0.4644557413E+00    0.6966836119E+00   -0.4416775528E+00    0.0000000000E+00    0.0000000000E+00    0.0000000000E+00    0.0000000000E+00    0.0000000000E+00    0.0000000000E+00    0.1366358894E-13    0.1366358894E-13    0.9999926374E+00    0.9999926374E+00
    3    0.1291666667E+02    0.3483418059E+00    0.6966836119E+00   -0.8025474196E-01    0.0000000000E+00    0.0000000000E+00    0.0000000000E+00    0.0000000000E+00    0.0000000000E+00    0.0000000000E+00    0.4016291797E-11    0.4016291797E-11    0.9999903662E+00    0.9999903662E+00
    1    0.1317500000E+02   -0.4644557413E+00   -0.1161139353E+00    0.4781704457E+00   -0.4644557413E+00   -0.1161139353E+00    0.4781704457E+00    0.3134413075E+01    0.1535028545E+01   -0.3412913829E+01    0.2503657543E-13    0.2503657543E-13    0.9999924055E+00    0.9999924055E+00
    2    0.1317500000E+02   -0.4644557413E+00    0.6966836119E+00   -0.3429208999E+00    0.0000000000E+00    0.0000000000E+00    0.0000000000E+00    0.0000000000E+00    0.0000000000E+00    0.0000000000E+00    0.5415927710E-13    0.5415927710E-13    0.9999899713E+00    0.9999899713E+00
    1    0.1343333333E+02    0.3483418059E+00    0.6966836119E+00    0.4962566408E+00    0.0000000000E+00    0.0000000000E+00    0.0000000000E+00    0.0000000000E+00    0.0000000000E+00    0.0000000000E+00    0.4370817764E-11    0.4370817764E-11    0.9999638403E+00    0.9999638403E+00
    2    0.1343333333E+02   -0.4644557413E+00   -0.1161139353E+00    0.5639638657E+00    0.0000000000E+00    0.0000000000E+00    0.0000000000E+00    0.0000000000E+00    0.0000000000E+00    0.0000000000E+00    0.2130682622E-12    0.2130682622E-12    0.9999924095E+00    0.9999924095E+00
    3    0.1343333333E+02   -0.4644557413E+00   -0.1161139353E+00    0.2552677084E+00    0.0000000000E+00    0.0000000000E+00    0.0000000000E+00    0.0000000000E+00    0.0000000000E+00    0.0000000000E+00    0.2839957636E-11    0.2839957636E-11    0.9999726769E+00    0.9999726769E+00
    4    0.1343333333E+02    0.3483418059E+00    0.6966836119E+00    0.2275014269E+00    0.0000000000E+00    0.0000000000E+00    0.0000000000E+00    0.0000000000E+00    0.0000000000E+00    0.0000000000E+00    0.1312150597E-11    0.1312150597E-11    0.9999724948E+00    0.9999724948E+00
    5    0.1343333333E+02   -0.4644557413E+00    0.6966836119E+00   -0.1635400656E+00   -0.4644557413E+00    0.6966836119E+00   -0.1635400656E+00    0.9878055146E+00   -0.5328982639E+00   -0.4724696098E+00    0.4280556353E-11    0.4280556353E-11    0.9999668676E+00    0.9999668676E+00
    6    0.1343333333E+02   -0.4644557413E+00    0.6966836119E+00    0.5613658427E-01   -0.4644557413E+00    0.6966836119E+00    0.5613658427E-01    0.1466921278E+01    0.3645182147E-01   -0.4008551073E+00    0.3913822260E-09    0.3913822260E-09    0.9999467754E+00    0.9999467754E+00
    1    0.1369166667E+02   -0.4644557413E+00   -0.1161139353E+00   -0.5038935480E+00    0.0000000000E+00    0.0000000000E+00    0.0000000000E+00    0.0000000000E+00    0.0000000000E+00    0.0000000000E+00    0.8814334804E-12    0.8814334804E-12    0.9999923477E+00    0.9999923477E+00
    2    0.1369166667E+02   -0.4644557413E+00   -0.1161139353E+00    0.4622935479E+00    0.0000000000E+00    0.0000000000E+00    0.0000000000E+00    0.0000000000E+00    0.0000000000E+00    0.0000000000E+00    0.1228927733E-12    0.1228927733E-12    0.9999855165E+00    0.9999855165E+00
    3    0.1369166667E+02    0.3483418059E+00    0.6966836119E+00    0.3734849369E+00    0.0000000000E+00    0.0000000000E+00    0.0000000000E+00    0.0000000000E+00    0.0000000000E+00    0.0000000000E+00    0.8305096822E-11    0.8305096822E-11    0.9999493650E+00    0.9999493650E+00
    4    0.1369166667E+02    0.3483418059E+00    0.6966836119E+00    0.2142633860E+00    0.0000000000E+00    0.0000000000E+00    0.0000000000E+00    0.0000000000E+00    0.0000000000E+00    0.0000000000E+00    0.7995847646E-11    0.7995847646E-11    0.9999759339E+00    0.9999759339E+00
    5    0.1369166667E+02    0.3483418059E+00   -0.1161139353E+00    0.2525184285E+00    0.0000000000E+00    0.0000000000E+00    0.0000000000E+00    0.0000000000E+00    0.0000000000E+00    0.0000000000E+00    0.2503681154E-11    0.2503681154E-11    0.9999749076E+00    0.9999749076E+00
    6    0.1369166667E+02   -0.4644557413E+00    0.6966836119E+00    0.2921376915E+00    0.0000000000E+00    0.0000000000E+00    0.0000000000E+00    0.0000000000E+00    0.0000000000E+00    0.0000000000E+00    0.9137152740E-12    0.9137152740E-12    0.9999844876E+00    0.9999844876E+00
    7    0.1369166667E+02   -0.4644557413E+00   -0.1161139353E+00    0.2838415185E+00    0.0000000000E+00    0.0000000000E+00    0.0000000000E+00    0.0000000000E+00    0.0000000000E+00    0.0000000000E+00    0.1319924771E-11    0.1319924771E-11    0.9999826763E+00    0.9999826763E+00
    1    0.1395000000E+02    0.3483418059E+00   -0.1161139353E+00    0.4959247115E-01    0.0000000000E+00    0.0000000000E+00    0.0000000000E+00    0.0000000000E+00    0.0000000000E+00    0.0000000000E+00    0.4257059101E-10    0.4257059101E-10    0.9999651883E+00    0.9999651883E+00
    2    0.1395000000E+02    0.3483418059E+00   -0.1161139353E+00    0.2062797310E+00    0.0000000000E+00    0.0000000000E+00    0.0000000000E+00    0.0000000000E+00    0.0000000000E+00    0.0000000000E+00    0.8409746268E-11    0.8409746268E-11    0.9999584280E+00    0.9999584280E+00
    3    0.1395000000E+02   -0.4644557413E+00   -0.1161139353E+00   -0.4236159317E+00    0.0000000000E+00    0.0000000000E+00    0.0000000000E+00    0.0000000000E+00    0.0000000000E+00    0.0000000000E+00    0.1524138455E-11    0.1524138455E-11    0.9999921224E+00    0.9999921224E+00
    4    0.1395000000E+02   -0.4644557413E+00   -0.1161139353E+00   -0.5449308474E+00    0.0000000000E+00    0.0000000000E+00    0.0000000000E+00    0.0000000000E+00    0.0000000000E+00    0.0000000000E+00    0.7827182480E-12    0.7827182480E-12    0.9999875552E+00    0.9999875552E+00
    5    0.1395000000E+02    0.3483418059E+00   -0.1161139353E+00    0.3853309245E+00    0.0000000000E+00    0.0000000000E+00    0.0000000000E+00    0.0000000000E+00    0.0000000000E+00    0.0000000000E+00    0.2244674873E-10    0.2244674873E-10    0.9999723186E+00    0.9999723186E+00
    6    0.1395000000E+02    0.3483418059E+00   -0.1161139353E+00    0.5269935469E+00    0.0000000000E+00    0.0000000000E+00    0.0000000000E+00    0.0000000000E+00    0.0000000000E+00    0.0000000000E+00    0.2643871662E-10    0.2643871662E-10    0.9999691352E+00    0.9999691352E+00
    7    0.1395000000E+02   -0.4644557413E+00    0.6966836119E+00    0.4712368770E+00    0.0000000000E+00    0.0000000000E+00    0.0000000000E+00    0.0000000000E+00    0.0000000000E+00    0.0000000000E+00    0.7883528382E-13    0.7883528384E-13    0.9999815287E+00    0.9999815287E+00
    8    0.1395000000E+02   -0.4644557413E+00   -0.1161139353E+00    0.4432566722E+00    0.0000000000E+00    0.0000000000E+00    0.0000000000E+00    0.0000000000E+00    0.0000000000E+00    0.0000000000E+00    0.1594506436E-11    0.1594506436E-11    0.9999869117E+00    0.9999869117E+00
    1    0.1420833333E+02   -0.4644557413E+00    0.6966836119E+00    0.9812366198E-01    0.0000000000E+00    0.0000000000E+00    0.0000000000E+00    0.0000000000E+00    0.0000000000E+00    0.0000000000E+00    0.2129897039E-09    0.2129897039E-09    0.9999105675E+00    0.9999105675E+00
    2    0.1420833333E+02   -0.4644557413E+00   -0.1161139353E+00   -0.5661290044E+00    0.0000000000E+00    0.0000000000E+00    0.0000000000E+00    0.0000000000E+00    0.0000000000E+00    0.0000000000E+00    0.1001167962E-11    0.1001167962E-11    0.9999863637E+00    0.9999863637E+00
    3    0.1420833333E+02   -0.4644557413E+00   -0.1161139353E+00   -0.4102651650E+00    0.0000000000E+00    0.0000000000E+00    0.0000000000E+00    0.0000000000E+00    0.0000000000E+00    0.0000000000E+00    0.1689812160E-12    0.1689812160E-12    0.9999870676E+00    0.9999870676E+00
    4    0.1420833333E+02   -0.4644557413E+00   -0.1161139353E+00   -0.3375487160E+00   -0.4644557413E+00   -0.1161139353E+00   -0.3375487160E+00    0.7337139566E+00    0.8025417457E+00    0.1908137903E+00    0.4539670832E-12    0.4539670833E-12    0.9999914411E+00    0.9999914411E+00
    5    0.1420833333E+02   -0.4644557413E+00    0.6966836119E+00   -0.3628995281E+00    0.0000000000E+00    0.0000000000E+00    0.0000000000E+00    0.0000000000E+00    0.0000000000E+00    0.0000000000E+00    0.1632511718E-09    0.1632511718E-09    0.9999274882E+00    0.9999274882E+00
    1    0.1446666667E+02   -0.4644557413E+00   -0.1161139353E+00   -0.4061204147E+00    0.0000000000E+00    0.0000000000E+00    0.0000000000E+00    0.0000000000E+00    0.0000000000E+00    0.0000000000E+00    0.7492187881E-12    0.7492187881E-12    0.9999825304E+00    0.9999825304E+00
    2    0.1446666667E+02   -0.4644557413E+00   -0.1161139353E+00   -0.2637324837E+00    0.0000000000E+00    0.0000000000E+00    0.0000000000E+00    0.0000000000E+00    0.0000000000E+00    0.0000000000E+00    0.1592856478E-11    0.1592856478E-11    0.9999850403E+00    0.9999850403E+00
    3    0.1446666667E+02   -0.4644557413E+00   -0.1161139353E+00   -0.2218405933E+00    0.0000000000E+00    0.0000000000E+00    0.0000000000E+00    0.0000000000E+00    0.0000000000E+00    0.0000000000E+00    0.1286766242E-11    0.1286766242E-11    0.9999849426E+00    0.9999849426E+00
    1    0.1472500000E+02   -0.4644557413E+00   -0.1161139353E+00   -0.1530945620E+00    0.0000000000E+00    0.0000000000E+00    0.0000000000E+00    0.0000000000E+00    0.0000000000E+00    0.0000000000E+00    0.7358364080E-10    0.7358364080E-10    0.9999564135E+00    0.9999564135E+00
    2    0.1472500000E+02   -0.4644557413E+00   -0.1161139353E+00   -0.8897704859E-01    0.0000000000E+00    0.0000000000E+00    0.0000000000E+00    0.0000000000E+00    0.0000000000E+00    0.0000000000E+00    0.5998908269E-10    0.5998908269E-10    0.9999687050E+00    0.9999687050E+00
