    1    0.1550000000E+01   -0.1161139353E+00    0.4644557413E+00    0.4785967890E-01    0.0000000000E+00    0.0000000000E+00    0.0000000000E+00    0.0000000000E+00    0.0000000000E+00    0.0000000000E+00    0.3505913904E-12    0.3505913904E-12    0.9999984806E+00    0.9999984806E+00
    1    0.1808333333E+01   -0.1161139353E+00    0.4644557413E+00   -0.1207181649E+00    0.0000000000E+00    0.0000000000E+00    0.0000000000E+00    0.0000000000E+00    0.0000000000E+00    0.0000000000E+00    0.2239376388E-11    0.2239376388E-11    0.9999963073E+00    0.9999963073E+00
    2    0.1808333333E+01   -0.1161139353E+00    0.4644557413E+00    0.1846740884E+00    0.0000000000E+00    0.0000000000E+00    0.0000000000E+00    0.0000000000E+00    0.0000000000E+00    0.0000000000E+00    0.1710843337E-11    0.1710843337E-11    0.9999970843E+00    0.9999970843E+00
    3    0.1808333333E+01   -0.1161139353E+00    0.4644557413E+00    0.1306391194E+00    0.0000000000E+00    0.0000000000E+00    0.0000000000E+00    0.0000000000E+00    0.0000000000E+00    0.0000000000E+00    0.2788780252E-12    0.2788780252E-12    0.9999989287E+00    0.9999989287E+00
    1    0.2066666667E+01   -0.1161139353E+00    0.4644557413E+00    0.2853673994E+00    0.0000000000E+00    0.0000000000E+00    0.0000000000E+00    0.0000000000E+00    0.0000000000E+00    0.0000000000E+00    0.1156022681E-14    0.1156022681E-14    0.9999990759E+00    0.9999990759E+00
    2    0.2066666667E+01   -0.1161139353E+00    0.4644557413E+00    0.1853514114E+00    0.0000000000E+00    0.0000000000E+00    0.0000000000E+00    0.0000000000E+00    0.0000000000E+00    0.0000000000E+00    0.7769924372E-15    0.7769924372E-15    0.9999993170E+00    0.9999993170E+00
    1    0.2325000000E+01   -0.1161139353E+00    0.4644557413E+00    0.3437697693E+00    0.0000000000E+00    0.0000000000E+00    0.0000000000E+00    0.0000000000E+00    0.0000000000E+00    0.0000000000E+00    0.1469625965E-14    0.1469625965E-14    0.9999991813E+00    0.9999991813E+00
    2    0.2325000000E+01   -0.1161139353E+00    0.4644557413E+00    0.2323837900E+00    0.0000000000E+00    0.0000000000E+00    0.0000000000E+00    0.0000000000E+00    0.0000000000E+00    0.0000000000E+00    0.3467480534E-14    0.3467480534E-14    0.9999992920E+00    0.9999992920E+00
    1    0.2583333333E+01   -0.1161139353E+00    0.4644557413E+00    0.3946152958E+00    0.0000000000E+00    0.0000000000E+00    0.0000000000E+00    0.0000000000E+00    0.0000000000E+00    0.0000000000E+00    0.6339694364E-15    0.6339694364E-15    0.9999991607E+00    0.9999991607E+00
    2    0.2583333333E+01   -0.1161139353E+00    0.4644557413E+00    0.2761999729E+00    0.0000000000E+00    0.0000000000E+00    0.0000000000E+00    0.0000000000E+00    0.0000000000E+00    0.0000000000E+00    0.4326781577E-14    0.4326781577E-14    0.9999992560E+00    0.9999992560E+00
    1    0.2841666667E+01   -0.1161139353E+00    0.4644557413E+00    0.4431651098E+00    0.0000000000E+00    0.0000000000E+00    0.0000000000E+00    0.0000000000E+00    0.0000000000E+00    0.0000000000E+00    0.1327008898E-14    0.1327008898E-14    0.9999990914E+00    0.9999990914E+00
    2    0.2841666667E+01   -0.1161139353E+00    0.4644557413E+00    0.3185857889E+00    0.0000000000E+00    0.0000000000E+00    0.0000000000E+00    0.0000000000E+00    0.0000000000E+00    0.0000000000E+00    0.2325689001E-14    0.2325689001E-14    0.9999992031E+00    0.9999992031E+00
    1    0.3100000000E+01    0.6966836119E+00    0.4644557413E+00   -0.1781625094E+00    0.0000000000E+00    0.0000000000E+00    0.0000000000E+00    0.0000000000E+00    0.0000000000E+00    0.0000000000E+00    0.2352537951E-11    0.2352537951E-11    0.9999918083E+00    0.9999918083E+00
    2    0.3100000000E+01   -0.1161139353E+00    0.4644557413E+00    0.4919344054E+00    0.0000000000E+00    0.0000000000E+00    0.0000000000E+00    0.0000000000E+00    0.0000000000E+00    0.0000000000E+00    0.3394443479E-14    0.3394443597E-14    0.9999989803E+00    0.9999989803E+00
    3    0.3100000000E+01    0.6966836119E+00    0.4644557413E+00    0.3628468288E+00    0.0000000000E+00    0.0000000000E+00    0.0000000000E+00    0.0000000000E+00    0.0000000000E+00    0.0000000000E+00    0.2267302582E-11    0.2267302582E-11    0.9999950672E+00    0.9999950672E+00
    4    0.3100000000E+01   -0.1161139353E+00    0.4644557413E+00    0.3606368459E+00    0.0000000000E+00    0.0000000000E+00    0.0000000000E+00    0.0000000000E+00    0.0000000000E+00    0.0000000000E+00    0.9224885066E-15    0.9224885823E-15    0.9999991350E+00    0.9999991350E+00
    1    0.3358333333E+01   -0.1161139353E+00    0.4644557413E+00    0.6103035351E-01    0.0000000000E+00    0.0000000000E+00    0.0000000000E+00    0.0000000000E+00    0.0000000000E+00    0.0000000000E+00    0.1691109833E-12    0.1691109836E-12    0.9999986269E+00    0.9999986269E+00
    2    0.3358333333E+01    0.6966836119E+00    0.4644557413E+00   -0.3768836363E+00    0.0000000000E+00    0.0000000000E+00    0.0000000000E+00    0.0000000000E+00    0.0000000000E+00    0.0000000000E+00    0.2845194493E-11    0.2845194513E-11    0.9999952425E+00    0.9999952425E+00
    3    0.3358333333E+01   -0.1161139353E+00    0.4644557413E+00    0.4032380002E+00    0.0000000000E+00    0.0000000000E+00    0.0000000000E+00    0.0000000000E+00    0.0000000000E+00    0.0000000000E+00    0.4096578652E-14    0.4096578689E-14    0.9999990150E+00    0.9999990150E+00
    4    0.3358333333E+01    0.6966836119E+00    0.4644557413E+00    0.4438806690E+00    0.0000000000E+00    0.0000000000E+00    0.0000000000E+00    0.0000000000E+00    0.0000000000E+00    0.0000000000E+00    0.1841826803E-11    0.1841826804E-11    0.9999963377E+00    0.9999963377E+00
    5    0.3358333333E+01    0.6966836119E+00    0.4644557413E+00   -0.5612535382E+00    0.0000000000E+00    0.0000000000E+00    0.0000000000E+00    0.0000000000E+00    0.0000000000E+00    0.0000000000E+00    0.1875208720E-11    0.1875208744E-11    0.9999960564E+00    0.9999960564E+00
    6    0.3358333333E+01   -0.1161139353E+00    0.4644557413E+00    0.5429575289E+00    0.0000000000E+00    0.0000000000E+00    0.0000000000E+00    0.0000000000E+00    0.0000000000E+00    0.0000000000E+00    0.1861085578E-13    0.1861085579E-13    0.9999988218E+00    0.9999988218E+00
    1    0.3616666667E+01   -0.1161139353E+00    0.4644557413E+00    0.1111123849E+00    0.0000000000E+00    0.0000000000E+00    0.0000000000E+00    0.0000000000E+00    0.0000000000E+00    0.0000000000E+00    0.2006785062E-13    0.2006785062E-13    0.9999989501E+00    0.9999989501E+00
    2    0.3616666667E+01   -0.1161139353E+00   -0.3483418059E+00   -0.2295840460E+00    0.0000000000E+00    0.0000000000E+00    0.0000000000E+00    0.0000000000E+00    0.0000000000E+00    0.0000000000E+00    0.5742602987E-12    0.5742602987E-12    0.9999969771E+00    0.9999969771E+00
    3    0.3616666667E+01    0.6966836119E+00    0.4644557413E+00   -0.2660578154E+00    0.0000000000E+00    0.0000000000E+00    0.0000000000E+00    0.0000000000E+00    0.0000000000E+00    0.0000000000E+00    0.1105488763E-13    0.1105488763E-13    0.9999981603E+00    0.9999981603E+00
    4    0.3616666667E+01    0.6966836119E+00    0.4644557413E+00   -0.4432174312E+00    0.0000000000E+00    0.0000000000E+00    0.0000000000E+00    0.0000000000E+00    0.0000000000E+00    0.0000000000E+00    0.2957843160E-13    0.2957843160E-13    0.9999977655E+00    0.9999977655E+00
    5    0.3616666667E+01   -0.1161139353E+00    0.4644557413E+00    0.4473002364E+00    0.0000000000E+00    0.0000000000E+00    0.0000000000E+00    0.0000000000E+00    0.0000000000E+00    0.0000000000E+00    0.3712609320E-14    0.3712609321E-14    0.9999988679E+00    0.9999988679E+00
    6    0.3616666667E+01   -0.1161139353E+00   -0.3483418059E+00    0.4953018455E+00    0.0000000000E+00    0.0000000000E+00    0.0000000000E+00    0.0000000000E+00    0.0000000000E+00    0.0000000000E+00    0.8811602298E-11    0.8811602298E-11    0.9999867653E+00    0.9999867653E+00
    7    0.3616666667E+01    0.6966836119E+00    0.4644557413E+00    0.5269256906E+00    0.0000000000E+00    0.0000000000E+00    0.0000000000E+00    0.0000000000E+00    0.0000000000E+00    0.0000000000E+00    0.1348679477E-13    0.1348679477E-13    0.9999983645E+00    0.9999983645E+00
    8    0.3616666667E+01   -0.1161139353E+00    0.4644557413E+00   -0.5507585177E+00    0.0000000000E+00    0.0000000000E+00    0.0000000000E+00    0.0000000000E+00    0.0000000000E+00    0.0000000000E+00    0.3557195931E-14    0.3557195931E-14    0.9999986590E+00    0.9999986590E+00
    1    0.3875000000E+01   -0.1161139353E+00    0.4644557413E+00    0.1509577108E+00    0.0000000000E+00    0.0000000000E+00    0.0000000000E+00    0.0000000000E+00    0.0000000000E+00    0.0000000000E+00    0.4499700853E-14    0.4499700853E-14    0.9999990056E+00    0.9999990056E+00
    2    0.3875000000E+01   -0.1161139353E+00    0.4644557413E+00    0.4936830438E+00    0.0000000000E+00    0.0000000000E+00    0.0000000000E+00    0.0000000000E+00    0.0000000000E+00    0.0000000000E+00    0.7169744977E-13    0.7169744977E-13    0.9999985797E+00    0.9999985797E+00
    3    0.3875000000E+01   -0.1161139353E+00   -0.3483418059E+00   -0.1290536403E+00    0.0000000000E+00    0.0000000000E+00    0.0000000000E+00    0.0000000000E+00    0.0000000000E+00    0.0000000000E+00    0.6045887830E-13    0.6045887833E-13    0.9999976181E+00    0.9999976181E+00
    4    0.3875000000E+01    0.6966836119E+00    0.4644557413E+00   -0.1986678181E+00    0.0000000000E+00    0.0000000000E+00    0.0000000000E+00    0.0000000000E+00    0.0000000000E+00    0.0000000000E+00    0.1282480595E-13    0.1282480913E-13    0.9999984420E+00    0.9999984420E+00
    5    0.3875000000E+01    0.6966836119E+00    0.4644557413E+00   -0.5670041435E+00    0.0000000000E+00    0.0000000000E+00    0.0000000000E+00    0.0000000000E+00    0.0000000000E+00    0.0000000000E+00    0.6118373847E-13    0.6118373853E-13    0.9999985851E+00    0.9999985851E+00
    6    0.3875000000E+01   -0.1161139353E+00    0.4644557413E+00   -0.4863160093E+00    0.0000000000E+00    0.0000000000E+00    0.0000000000E+00    0.0000000000E+00    0.0000000000E+00    0.0000000000E+00    0.6862202588E-13    0.6862202588E-13    0.9999981742E+00    0.9999981742E+00
    7    0.3875000000E+01   -0.1161139353E+00   -0.3483418059E+00   -0.3634910180E+00    0.0000000000E+00    0.0000000000E+00    0.0000000000E+00    0.0000000000E+00    0.0000000000E+00    0.0000000000E+00    0.3926470636E-15    0.3926472961E-15    0.9999974441E+00    0.9999974441E+00
    8    0.3875000000E+01    0.6966836119E+00    0.4644557413E+00   -0.3489411870E+00    0.0000000000E+00    0.0000000000E+00    0.0000000000E+00    0.0000000000E+00    0.0000000000E+00    0.0000000000E+00    0.2491181693E-13    0.2491181693E-13    0.9999976250E+00    0.9999976250E+00
    1    0.4133333333E+01   -0.1161139353E+00    0.4644557413E+00    0.1871870633E+00    0.0000000000E+00    0.0000000000E+00    0.0000000000E+00    0.0000000000E+00    0.0000000000E+00    0.0000000000E+00    0.1323098858E-14    0.1323098864E-14    0.9999990237E+00    0.9999990237E+00
    2    0.4133333333E+01    0.6966836119E+00    0.4644557413E+00   -0.1400422979E+00    0.0000000000E+00    0.0000000000E+00    0.0000000000E+00    0.0000000000E+00    0.0000000000E+00    0.0000000000E+00    0.2349068680E-13    0.2349068682E-13    0.9999984212E+00    0.9999984212E+00
    3    0.4133333333E+01    0.6966836119E+00    0.4644557413E+00   -0.2530497597E+00    0.0000000000E+00    0.0000000000E+00    0.0000000000E+00    0.0000000000E+00    0.0000000000E+00    0.0000000000E+00    0.6686690347E-13    0.6686690347E-13    0.9999971763E+00    0.9999971763E+00
    4    0.4133333333E+01   -0.1161139353E+00   -0.3483418059E+00   -0.2790068879E+00    0.0000000000E+00    0.0000000000E+00    0.0000000000E+00    0.0000000000E+00    0.0000000000E+00    0.0000000000E+00    0.4532256811E-14    0.4532256850E-14    0.9999979414E+00    0.9999979414E+00
    5    0.4133333333E+01   -0.1161139353E+00    0.4644557413E+00   -0.4027093113E+00    0.0000000000E+00    0.0000000000E+00    0.0000000000E+00    0.0000000000E+00    0.0000000000E+00    0.0000000000E+00    0.8026552426E-14    0.8026552426E-14    0.9999973460E+00    0.9999973460E+00
    6    0.4133333333E+01   -0.1161139353E+00    0.4644557413E+00    0.5449799163E+00    0.0000000000E+00    0.0000000000E+00    0.0000000000E+00    0.0000000000E+00    0.0000000000E+00    0.0000000000E+00    0.1395266492E-13    0.1395266492E-13    0.9999984709E+00    0.9999984709E+00
    7    0.4133333333E+01    0.6966836119E+00    0.4644557413E+00   -0.5170019174E+00    0.0000000000E+00    0.0000000000E+00    0.0000000000E+00    0.0000000000E+00    0.0000000000E+00    0.0000000000E+00    0.5791805613E-14    0.5791805613E-14    0.9999987131E+00    0.9999987131E+00
    1    0.4391666667E+01   -0.1161139353E+00    0.4644557413E+00   -0.5472549610E+00    0.0000000000E+00    0.0000000000E+00    0.0000000000E+00    0.0000000000E+00    0.0000000000E+00    0.0000000000E+00    0.4194042845E-13    0.4194108223E-13    0.9999980642E+00    0.9999980642E+00
    2    0.4391666667E+01   -0.1161139353E+00   -0.3483418059E+00   -0.5418437870E+00    0.0000000000E+00    0.0000000000E+00    0.0000000000E+00    0.0000000000E+00    0.0000000000E+00    0.0000000000E+00    0.1446603081E-12    0.1446603089E-12    0.9999977520E+00    0.9999977520E+00
    3    0.4391666667E+01    0.6966836119E+00    0.4644557413E+00   -0.4705691727E+00    0.0000000000E+00    0.0000000000E+00    0.0000000000E+00    0.0000000000E+00    0.0000000000E+00    0.0000000000E+00    0.4316888775E-13    0.4316889215E-13    0.9999985417E+00    0.9999985417E+00
    4    0.4391666667E+01   -0.1161139353E+00   -0.3483418059E+00   -0.3919651315E+00    0.0000000000E+00    0.0000000000E+00    0.0000000000E+00    0.0000000000E+00    0.0000000000E+00    0.0000000000E+00    0.1552590322E-12    0.1552590322E-12    0.9999973187E+00    0.9999973187E+00
    5    0.4391666667E+01    0.6966836119E+00   -0.3483418059E+00    0.1934097310E+00    0.0000000000E+00    0.0000000000E+00    0.0000000000E+00    0.0000000000E+00    0.0000000000E+00    0.0000000000E+00    0.8010238598E-12    0.8010238598E-12    0.9999961703E+00    0.9999961703E+00
    6    0.4391666667E+01   -0.1161139353E+00    0.4644557413E+00    0.2216289323E+00    0.0000000000E+00    0.0000000000E+00    0.0000000000E+00    0.0000000000E+00    0.0000000000E+00    0.0000000000E+00    0.1566893050E-14    0.1566969473E-14    0.9999989619E+00    0.9999989619E+00
    7    0.4391666667E+01    0.6966836119E+00   -0.3483418059E+00    0.2061039844E-01    0.0000000000E+00    0.0000000000E+00    0.0000000000E+00    0.0000000000E+00    0.0000000000E+00    0.0000000000E+00    0.1221893943E-11    0.1221893943E-11    0.9999960954E+00    0.9999960954E+00
    8    0.4391666667E+01    0.6966836119E+00    0.4644557413E+00   -0.7714977369E-01    0.0000000000E+00    0.0000000000E+00    0.0000000000E+00    0.0000000000E+00    0.0000000000E+00    0.0000000000E+00    0.3144053322E-12    0.3144053326E-12    0.9999978841E+00    0.9999978841E+00
    9    0.4391666667E+01    0.6966836119E+00    0.4644557413E+00   -0.1273005993E+00    0.0000000000E+00    0.0000000000E+00    0.0000000000E+00    0.0000000000E+00    0.0000000000E+00    0.0000000000E+00    0.8637314843E-12    0.8637314850E-12    0.9999951102E+00    0.9999951102E+00
   10    0.4391666667E+01   -0.1161139353E+00   -0.3483418059E+00   -0.2058686594E+00    0.0000000000E+00    0.0000000000E+00    0.0000000000E+00    0.0000000000E+00    0.0000000000E+00    0.0000000000E+00    0.1779994111E-13    0.1779994115E-13    0.9999978401E+00    0.9999978401E+00
   11    0.4391666667E+01   -0.1161139353E+00    0.4644557413E+00   -0.2650517989E+00    0.0000000000E+00    0.0000000000E+00    0.0000000000E+00    0.0000000000E+00    0.0000000000E+00    0.0000000000E+00    0.3424329469E-12    0.3424329740E-12    0.9999942545E+00    0.9999942545E+00
    1    0.4650000000E+01    0.6966836119E+00   -0.3483418059E+00    0.4012950245E+00    0.0000000000E+00    0.0000000000E+00    0.0000000000E+00    0.0000000000E+00    0.0000000000E+00    0.0000000000E+00    0.6461978620E-13    0.6461978620E-13    0.9999969562E+00    0.9999969562E+00
    2    0.4650000000E+01    0.6966836119E+00    0.4644557413E+00   -0.4255363401E+00    0.0000000000E+00    0.0000000000E+00    0.0000000000E+00    0.0000000000E+00    0.0000000000E+00    0.0000000000E+00    0.1834417778E-15    0.1834417779E-15    0.9999986285E+00    0.9999986285E+00
    3    0.4650000000E+01   -0.1161139353E+00    0.4644557413E+00   -0.4756334231E+00    0.0000000000E+00    0.0000000000E+00    0.0000000000E+00    0.0000000000E+00    0.0000000000E+00    0.0000000000E+00    0.1716638864E-14    0.1716638867E-14    0.9999974916E+00    0.9999974916E+00
    4    0.4650000000E+01   -0.1161139353E+00   -0.3483418059E+00   -0.4714823189E+00    0.0000000000E+00    0.0000000000E+00    0.0000000000E+00    0.0000000000E+00    0.0000000000E+00    0.0000000000E+00    0.3814318805E-13    0.3814318808E-13    0.9999979796E+00    0.9999979796E+00
    5    0.4650000000E+01   -0.1161139353E+00   -0.3483418059E+00   -0.3040167121E+00    0.0000000000E+00    0.0000000000E+00    0.0000000000E+00    0.0000000000E+00    0.0000000000E+00    0.0000000000E+00    0.5577293280E-14    0.5577293281E-14    0.9999972705E+00    0.9999972705E+00
    6    0.4650000000E+01    0.6966836119E+00   -0.3483418059E+00    0.2882197354E+00    0.0000000000E+00    0.0000000000E+00    0.0000000000E+00    0.0000000000E+00    0.0000000000E+00    0.0000000000E+00    0.2282331211E-13    0.2282331211E-13    0.9999975623E+00    0.9999975623E+00
    7    0.4650000000E+01   -0.1161139353E+00    0.4644557413E+00    0.2550393102E+00    0.0000000000E+00    0.0000000000E+00    0.0000000000E+00    0.0000000000E+00    0.0000000000E+00    0.0000000000E+00    0.1421891919E-14    0.1421891920E-14    0.9999989734E+00    0.9999989734E+00
    8    0.4650000000E+01    0.6966836119E+00   -0.3483418059E+00    0.1132272428E+00    0.0000000000E+00    0.0000000000E+00    0.0000000000E+00    0.0000000000E+00    0.0000000000E+00    0.0000000000E+00    0.6002354532E-13    0.6002354532E-13    0.9999976843E+00    0.9999976843E+00
    9    0.4650000000E+01   -0.1161139353E+00   -0.3483418059E+00   -0.1269291659E+00    0.0000000000E+00    0.0000000000E+00    0.0000000000E+00    0.0000000000E+00    0.0000000000E+00    0.0000000000E+00    0.1356710092E-12    0.1356710092E-12    0.9999972288E+00    0.9999972288E+00
   10    0.4650000000E+01    0.6966836119E+00   -0.3483418059E+00   -0.7183950443E-01    0.0000000000E+00    0.0000000000E+00    0.0000000000E+00    0.0000000000E+00    0.0000000000E+00    0.0000000000E+00    0.9689125527E-13    0.9689125527E-13    0.9999969689E+00    0.9999969689E+00
    1    0.4908333333E+01    0.6966836119E+00   -0.3483418059E+00    0.4887497203E+00    0.0000000000E+00    0.0000000000E+00    0.0000000000E+00    0.0000000000E+00    0.0000000000E+00    0.0000000000E+00    0.1000738704E-12    0.1000738704E-12    0.9999973223E+00    0.9999973223E+00
    2    0.4908333333E+01   -0.1161139353E+00   -0.3483418059E+00   -0.1966554475E+00    0.0000000000E+00    0.0000000000E+00    0.0000000000E+00    0.0000000000E+00    0.0000000000E+00    0.0000000000E+00    0.1527729863E-15    0.1527729898E-15    0.9999952095E+00    0.9999952095E+00
    3    0.4908333333E+01   -0.1161139353E+00    0.4644557413E+00   -0.3704469019E+00    0.0000000000E+00    0.0000000000E+00    0.0000000000E+00    0.0000000000E+00    0.0000000000E+00    0.0000000000E+00    0.2586813199E-14    0.2586813201E-14    0.9999953966E+00    0.9999953966E+00
    4    0.4908333333E+01    0.6966836119E+00    0.4644557413E+00   -0.3806867053E+00    0.0000000000E+00    0.0000000000E+00    0.0000000000E+00    0.0000000000E+00    0.0000000000E+00    0.0000000000E+00    0.1691402319E-17    0.1691409386E-17    0.9999985412E+00    0.9999985412E+00
    5    0.4908333333E+01   -0.1161139353E+00   -0.3483418059E+00   -0.4067055149E+00    0.0000000000E+00    0.0000000000E+00    0.0000000000E+00    0.0000000000E+00    0.0000000000E+00    0.0000000000E+00    0.1311075522E-15    0.1311075537E-15    0.9999978919E+00    0.9999978919E+00
    6    0.4908333333E+01    0.6966836119E+00   -0.3483418059E+00    0.3627005978E+00    0.0000000000E+00    0.0000000000E+00    0.0000000000E+00    0.0000000000E+00    0.0000000000E+00    0.0000000000E+00    0.7346286321E-13    0.7346286321E-13    0.9999976376E+00    0.9999976376E+00
    7    0.4908333333E+01   -0.1161139353E+00    0.4644557413E+00    0.2879300083E+00    0.0000000000E+00    0.0000000000E+00    0.0000000000E+00    0.0000000000E+00    0.0000000000E+00    0.0000000000E+00    0.2404752037E-14    0.2404752262E-14    0.9999989015E+00    0.9999989015E+00
    8    0.4908333333E+01    0.6966836119E+00   -0.3483418059E+00    0.1824857684E+00    0.0000000000E+00    0.0000000000E+00    0.0000000000E+00    0.0000000000E+00    0.0000000000E+00    0.0000000000E+00    0.5053931213E-13    0.5053931213E-13    0.9999978934E+00    0.9999978934E+00
    9    0.4908333333E+01    0.6966836119E+00   -0.3483418059E+00    0.9470042050E-02    0.0000000000E+00    0.0000000000E+00    0.0000000000E+00    0.0000000000E+00    0.0000000000E+00    0.0000000000E+00    0.4292737682E-12    0.4292737682E-12    0.9999972422E+00    0.9999972422E+00
    1    0.5166666667E+01    0.6966836119E+00   -0.3483418059E+00    0.4449741014E+00    0.0000000000E+00    0.0000000000E+00    0.0000000000E+00    0.0000000000E+00    0.0000000000E+00    0.0000000000E+00    0.2175384578E-13    0.2175384578E-13    0.9999963527E+00    0.9999963527E+00
    2    0.5166666667E+01    0.6966836119E+00    0.4644557413E+00   -0.3348987656E+00    0.0000000000E+00    0.0000000000E+00    0.0000000000E+00    0.0000000000E+00    0.0000000000E+00    0.0000000000E+00    0.1243464790E-14    0.1243464921E-14    0.9999984122E+00    0.9999984122E+00
    3    0.5166666667E+01   -0.1161139353E+00   -0.3483418059E+00   -0.3399444410E+00    0.0000000000E+00    0.0000000000E+00    0.0000000000E+00    0.0000000000E+00    0.0000000000E+00    0.0000000000E+00    0.2988412841E-16    0.2988412860E-16    0.9999976298E+00    0.9999976298E+00
    4    0.5166666667E+01   -0.1161139353E+00    0.4644557413E+00    0.3204319769E+00    0.0000000000E+00    0.0000000000E+00    0.0000000000E+00    0.0000000000E+00    0.0000000000E+00    0.0000000000E+00    0.3191470479E-15    0.3191470703E-15    0.9999988937E+00    0.9999988937E+00
    5    0.5166666667E+01    0.6966836119E+00   -0.3483418059E+00    0.2472216894E+00    0.0000000000E+00    0.0000000000E+00    0.0000000000E+00    0.0000000000E+00    0.0000000000E+00    0.0000000000E+00    0.1719103010E-13    0.1719103010E-13    0.9999976914E+00    0.9999976914E+00
    6    0.5166666667E+01    0.6966836119E+00   -0.3483418059E+00    0.7971030349E-01    0.0000000000E+00    0.0000000000E+00    0.0000000000E+00    0.0000000000E+00    0.0000000000E+00    0.0000000000E+00    0.9735894177E-14    0.9735894177E-14    0.9999977407E+00    0.9999977407E+00
    1    0.5425000000E+01    0.6966836119E+00    0.4644557413E+00   -0.2867880710E+00    0.0000000000E+00    0.0000000000E+00    0.0000000000E+00    0.0000000000E+00    0.0000000000E+00    0.0000000000E+00    0.6374024369E-14    0.6374024370E-14    0.9999982183E+00    0.9999982183E+00
    2    0.5425000000E+01   -0.1161139353E+00   -0.3483418059E+00   -0.2644473910E+00    0.0000000000E+00    0.0000000000E+00    0.0000000000E+00    0.0000000000E+00    0.0000000000E+00    0.0000000000E+00    0.2516052631E-14    0.2516052632E-14    0.9999970119E+00    0.9999970119E+00
    3    0.5425000000E+01    0.6966836119E+00   -0.3483418059E+00    0.1442998293E+00    0.0000000000E+00    0.0000000000E+00    0.0000000000E+00    0.0000000000E+00    0.0000000000E+00    0.0000000000E+00    0.4029287134E-14    0.4029287134E-14    0.9999977146E+00    0.9999977146E+00
    4    0.5425000000E+01    0.6966836119E+00   -0.3483418059E+00    0.3181096749E+00    0.0000000000E+00    0.0000000000E+00    0.0000000000E+00    0.0000000000E+00    0.0000000000E+00    0.0000000000E+00    0.5280650611E-14    0.5280650611E-14    0.9999971607E+00    0.9999971607E+00
    5    0.5425000000E+01   -0.1161139353E+00    0.4644557413E+00    0.3528919088E+00    0.0000000000E+00    0.0000000000E+00    0.0000000000E+00    0.0000000000E+00    0.0000000000E+00    0.0000000000E+00    0.1922594530E-15    0.1922594573E-15    0.9999988419E+00    0.9999988419E+00
    1    0.5683333333E+01    0.6966836119E+00    0.4644557413E+00   -0.2341057756E+00    0.0000000000E+00    0.0000000000E+00    0.0000000000E+00    0.0000000000E+00    0.0000000000E+00    0.0000000000E+00    0.8300532964E-14    0.8300536957E-14    0.9999978985E+00    0.9999978985E+00
    2    0.5683333333E+01   -0.1161139353E+00   -0.3483418059E+00   -0.1609893413E+00    0.0000000000E+00    0.0000000000E+00    0.0000000000E+00    0.0000000000E+00    0.0000000000E+00    0.0000000000E+00    0.4517888430E-13    0.4517888507E-13    0.9999947915E+00    0.9999947915E+00
    3    0.5683333333E+01    0.6966836119E+00   -0.3483418059E+00    0.2097068612E+00    0.0000000000E+00    0.0000000000E+00    0.0000000000E+00    0.0000000000E+00    0.0000000000E+00    0.0000000000E+00    0.4170376890E-13    0.4170383832E-13    0.9999974700E+00    0.9999974700E+00
    4    0.5683333333E+01    0.6966836119E+00   -0.3483418059E+00    0.4229726415E+00    0.0000000000E+00    0.0000000000E+00    0.0000000000E+00    0.0000000000E+00    0.0000000000E+00    0.0000000000E+00    0.4161747124E-13    0.4161749418E-13    0.9999945438E+00    0.9999945438E+00
    5    0.5683333333E+01   -0.1161139353E+00    0.4644557413E+00    0.3853390755E+00    0.0000000000E+00    0.0000000000E+00    0.0000000000E+00    0.0000000000E+00    0.0000000000E+00    0.0000000000E+00    0.1670896917E-17    0.1670924518E-17    0.9999987857E+00    0.9999987857E+00
    1    0.5941666667E+01    0.6966836119E+00    0.4644557413E+00   -0.1718495983E+00    0.0000000000E+00    0.0000000000E+00    0.0000000000E+00    0.0000000000E+00    0.0000000000E+00    0.0000000000E+00    0.1004069136E-13    0.1004069137E-13    0.9999972395E+00    0.9999972395E+00
    2    0.5941666667E+01    0.6966836119E+00   -0.3483418059E+00    0.5496223580E+00    0.0000000000E+00    0.0000000000E+00    0.0000000000E+00    0.0000000000E+00    0.0000000000E+00    0.0000000000E+00    0.7826639020E-13    0.7826639020E-13    0.9999959736E+00    0.9999959736E+00
    3    0.5941666667E+01   -0.1161139353E+00    0.4644557413E+00    0.4178603213E+00    0.0000000000E+00    0.0000000000E+00    0.0000000000E+00    0.0000000000E+00    0.0000000000E+00    0.0000000000E+00    0.5262817078E-15    0.5262817078E-15    0.9999987268E+00    0.9999987268E+00
    4    0.5941666667E+01    0.6966836119E+00   -0.3483418059E+00    0.2835972376E+00    0.0000000000E+00    0.0000000000E+00    0.0000000000E+00    0.0000000000E+00    0.0000000000E+00    0.0000000000E+00    0.7384762493E-13    0.7384762493E-13    0.9999967335E+00    0.9999967335E+00
    1    0.6200000000E+01    0.6966836119E+00    0.4644557413E+00   -0.7858125683E-01    0.0000000000E+00    0.0000000000E+00    0.0000000000E+00    0.0000000000E+00    0.0000000000E+00    0.0000000000E+00    0.3122519475E-11    0.3122519485E-11    0.9999941680E+00    0.9999941680E+00
    2    0.6200000000E+01    0.6966836119E+00   -0.3483418059E+00   -0.4418955092E+00    0.0000000000E+00    0.0000000000E+00    0.0000000000E+00    0.0000000000E+00    0.0000000000E+00    0.0000000000E+00    0.1509049472E-08    0.1509049472E-08    0.9999106296E+00    0.9999106296E+00
    3    0.6200000000E+01    0.6966836119E+00   -0.3483418059E+00    0.4319861817E+00    0.0000000000E+00    0.0000000000E+00    0.0000000000E+00    0.0000000000E+00    0.0000000000E+00    0.0000000000E+00    0.1505613329E-08    0.1505613329E-08    0.9999108786E+00    0.9999108786E+00
    4    0.6200000000E+01   -0.1161139353E+00    0.4644557413E+00    0.4505022043E+00    0.0000000000E+00    0.0000000000E+00    0.0000000000E+00    0.0000000000E+00    0.0000000000E+00    0.0000000000E+00    0.1876239974E-14    0.1876239976E-14    0.9999986663E+00    0.9999986663E+00
    1    0.6458333333E+01   -0.1161139353E+00    0.4644557413E+00    0.4832844194E+00    0.0000000000E+00    0.0000000000E+00    0.0000000000E+00    0.0000000000E+00    0.0000000000E+00    0.0000000000E+00    0.2855624126E-14    0.2855624126E-14    0.9999986049E+00    0.9999986049E+00
    1    0.6716666667E+01    0.6966836119E+00    0.4644557413E+00    0.6570911299E-01    0.0000000000E+00    0.0000000000E+00    0.0000000000E+00    0.0000000000E+00    0.0000000000E+00    0.0000000000E+00    0.8275466454E-12    0.8275466454E-12    0.9999970979E+00    0.9999970979E+00
    2    0.6716666667E+01   -0.1161139353E+00    0.4644557413E+00    0.5162061540E+00    0.0000000000E+00    0.0000000000E+00    0.0000000000E+00    0.0000000000E+00    0.0000000000E+00    0.0000000000E+00    0.2120838518E-14    0.2120838518E-14    0.9999985434E+00    0.9999985434E+00
    1    0.6975000000E+01    0.6966836119E+00    0.4644557413E+00    0.1181185176E+00    0.0000000000E+00    0.0000000000E+00    0.0000000000E+00    0.0000000000E+00    0.0000000000E+00    0.0000000000E+00    0.9599161652E-13    0.9599161652E-13    0.9999979325E+00    0.9999979325E+00
    2    0.6975000000E+01   -0.1161139353E+00    0.4644557413E+00    0.5492539222E+00    0.0000000000E+00    0.0000000000E+00    0.0000000000E+00    0.0000000000E+00    0.0000000000E+00    0.0000000000E+00    0.3027244587E-15    0.3027244587E-15    0.9999984822E+00    0.9999984822E+00
    1    0.7233333333E+01    0.6966836119E+00    0.4644557413E+00    0.1602489461E+00    0.0000000000E+00    0.0000000000E+00    0.0000000000E+00    0.0000000000E+00    0.0000000000E+00    0.0000000000E+00    0.8445710215E-14    0.8445710215E-14    0.9999980964E+00    0.9999980964E+00
    2    0.7233333333E+01   -0.1161139353E+00    0.4644557413E+00   -0.5670961069E+00    0.0000000000E+00    0.0000000000E+00    0.0000000000E+00    0.0000000000E+00    0.0000000000E+00    0.0000000000E+00    0.1833793928E-14    0.1833793928E-14    0.9999984181E+00    0.9999984181E+00
    1    0.7491666667E+01    0.6966836119E+00    0.4644557413E+00    0.1992405034E+00    0.0000000000E+00    0.0000000000E+00    0.0000000000E+00    0.0000000000E+00    0.0000000000E+00    0.0000000000E+00    0.2451866589E-15    0.2451866589E-15    0.9999981166E+00    0.9999981166E+00
    2    0.7491666667E+01   -0.1161139353E+00    0.4644557413E+00   -0.5338541981E+00    0.0000000000E+00    0.0000000000E+00    0.0000000000E+00    0.0000000000E+00    0.0000000000E+00    0.0000000000E+00    0.1593657022E-14    0.1593657022E-14    0.9999983625E+00    0.9999983625E+00
    1    0.7750000000E+01   -0.1161139353E+00    0.4644557413E+00   -0.5005595996E+00    0.0000000000E+00    0.0000000000E+00    0.0000000000E+00    0.0000000000E+00    0.0000000000E+00    0.0000000000E+00    0.5033441982E-14    0.5033441982E-14    0.9999983030E+00    0.9999983030E+00
    2    0.7750000000E+01    0.6966836119E+00    0.4644557413E+00    0.2372244926E+00    0.0000000000E+00    0.0000000000E+00    0.0000000000E+00    0.0000000000E+00    0.0000000000E+00    0.0000000000E+00    0.3766034695E-14    0.3766034695E-14    0.9999980709E+00    0.9999980709E+00
    3    0.7750000000E+01   -0.1161139353E+00   -0.3483418059E+00    0.2835247111E-01    0.0000000000E+00    0.0000000000E+00    0.0000000000E+00    0.0000000000E+00    0.0000000000E+00    0.0000000000E+00    0.4030373358E-10    0.4030373358E-10    0.9999847133E+00    0.9999847133E+00
    1    0.8008333333E+01   -0.1161139353E+00    0.4644557413E+00   -0.4671963579E+00    0.0000000000E+00    0.0000000000E+00    0.0000000000E+00    0.0000000000E+00    0.0000000000E+00    0.0000000000E+00    0.6277341386E-14    0.6277341386E-14    0.9999982426E+00    0.9999982426E+00
    2    0.8008333333E+01    0.6966836119E+00    0.4644557413E+00    0.2753070539E+00    0.0000000000E+00    0.0000000000E+00    0.0000000000E+00    0.0000000000E+00    0.0000000000E+00    0.0000000000E+00    0.4344525543E-14    0.4344525543E-14    0.9999979791E+00    0.9999979791E+00
    3    0.8008333333E+01   -0.1161139353E+00   -0.3483418059E+00    0.1367672781E+00    0.0000000000E+00    0.0000000000E+00    0.0000000000E+00    0.0000000000E+00    0.0000000000E+00    0.0000000000E+00    0.1903728625E-12    0.1903728625E-12    0.9999963709E+00    0.9999963709E+00
    1    0.8266666667E+01   -0.1161139353E+00    0.4644557413E+00   -0.4337427094E+00    0.0000000000E+00    0.0000000000E+00    0.0000000000E+00    0.0000000000E+00    0.0000000000E+00    0.0000000000E+00    0.3858911152E-14    0.3858911152E-14    0.9999981802E+00    0.9999981802E+00
    2    0.8266666667E+01    0.6966836119E+00    0.4644557413E+00    0.3143036188E+00    0.0000000000E+00    0.0000000000E+00    0.0000000000E+00    0.0000000000E+00    0.0000000000E+00    0.0000000000E+00    0.2037717144E-14    0.2037717144E-14    0.9999978435E+00    0.9999978435E+00
    3    0.8266666667E+01   -0.1161139353E+00   -0.3483418059E+00    0.1967515342E+00    0.0000000000E+00    0.0000000000E+00    0.0000000000E+00    0.0000000000E+00    0.0000000000E+00    0.0000000000E+00    0.4725413776E-15    0.4725413776E-15    0.9999970702E+00    0.9999970702E+00
    1    0.8525000000E+01   -0.1161139353E+00    0.4644557413E+00   -0.4001569913E+00    0.0000000000E+00    0.0000000000E+00    0.0000000000E+00    0.0000000000E+00    0.0000000000E+00    0.0000000000E+00    0.5731440486E-15    0.5731440486E-15    0.9999981146E+00    0.9999981146E+00
    2    0.8525000000E+01    0.6966836119E+00    0.4644557413E+00    0.3550143844E+00    0.0000000000E+00    0.0000000000E+00    0.0000000000E+00    0.0000000000E+00    0.0000000000E+00    0.0000000000E+00    0.2447173155E-15    0.2447173155E-15    0.9999976555E+00    0.9999976555E+00
    3    0.8525000000E+01   -0.1161139353E+00   -0.3483418059E+00    0.2476943478E+00    0.0000000000E+00    0.0000000000E+00    0.0000000000E+00    0.0000000000E+00    0.0000000000E+00    0.0000000000E+00    0.1608249643E-13    0.1608249643E-13    0.9999972696E+00    0.9999972696E+00
    1    0.8783333333E+01   -0.1161139353E+00    0.4644557413E+00   -0.3663770942E+00    0.0000000000E+00    0.0000000000E+00    0.0000000000E+00    0.0000000000E+00    0.0000000000E+00    0.0000000000E+00    0.5898162720E-15    0.5898162720E-15    0.9999980442E+00    0.9999980442E+00
    2    0.8783333333E+01    0.6966836119E+00    0.4644557413E+00    0.3984279626E+00    0.0000000000E+00    0.0000000000E+00    0.0000000000E+00    0.0000000000E+00    0.0000000000E+00    0.0000000000E+00    0.2684299632E-16    0.2684299632E-16    0.9999973929E+00    0.9999973929E+00
    3    0.8783333333E+01   -0.1161139353E+00   -0.3483418059E+00    0.2953990860E+00    0.0000000000E+00    0.0000000000E+00    0.0000000000E+00    0.0000000000E+00    0.0000000000E+00    0.0000000000E+00    0.1276117436E-13    0.1276117436E-13    0.9999972854E+00    0.9999972854E+00
    1    0.9041666667E+01   -0.1161139353E+00    0.4644557413E+00   -0.3323210908E+00    0.0000000000E+00    0.0000000000E+00    0.0000000000E+00    0.0000000000E+00    0.0000000000E+00    0.0000000000E+00    0.7030746494E-15    0.7030952698E-15    0.9999978825E+00    0.9999978825E+00
    2    0.9041666667E+01   -0.1161139353E+00   -0.3483418059E+00    0.8898726070E-01    0.0000000000E+00    0.0000000000E+00    0.0000000000E+00    0.0000000000E+00    0.0000000000E+00    0.0000000000E+00    0.4297262109E-11    0.4297262109E-11    0.9999924504E+00    0.9999924504E+00
    3    0.9041666667E+01    0.6966836119E+00    0.4644557413E+00    0.4460218339E+00    0.0000000000E+00    0.0000000000E+00    0.0000000000E+00    0.0000000000E+00    0.0000000000E+00    0.0000000000E+00    0.7750693594E-16    0.7750696686E-16    0.9999970066E+00    0.9999970066E+00
    4    0.9041666667E+01   -0.1161139353E+00   -0.3483418059E+00    0.3424850819E+00    0.0000000000E+00    0.0000000000E+00    0.0000000000E+00    0.0000000000E+00    0.0000000000E+00    0.0000000000E+00    0.4336289106E-14    0.4336289174E-14    0.9999971672E+00    0.9999971672E+00
    1    0.9300000000E+01   -0.1161139353E+00   -0.3483418059E+00    0.1806598415E+00    0.0000000000E+00    0.0000000000E+00    0.0000000000E+00    0.0000000000E+00    0.0000000000E+00    0.0000000000E+00    0.7605425586E-13    0.7605425586E-13    0.9999954446E+00    0.9999954446E+00
    2    0.9300000000E+01    0.6966836119E+00   -0.3483418059E+00   -0.3549841881E+00    0.0000000000E+00    0.0000000000E+00    0.0000000000E+00    0.0000000000E+00    0.0000000000E+00    0.0000000000E+00    0.9725198693E-11    0.9725198693E-11    0.9999904835E+00    0.9999904835E+00
    3    0.9300000000E+01   -0.1161139353E+00    0.4644557413E+00   -0.2978878999E+00    0.0000000000E+00    0.0000000000E+00    0.0000000000E+00    0.0000000000E+00    0.0000000000E+00    0.0000000000E+00    0.8519121363E-14    0.8519121363E-14    0.9999978832E+00    0.9999978832E+00
    4    0.9300000000E+01   -0.1161139353E+00   -0.3483418059E+00    0.3908631060E+00    0.0000000000E+00    0.0000000000E+00    0.0000000000E+00    0.0000000000E+00    0.0000000000E+00    0.0000000000E+00    0.6621463611E-13    0.6621463611E-13    0.9999969613E+00    0.9999969613E+00
    5    0.9300000000E+01    0.6966836119E+00    0.4644557413E+00    0.5004736568E+00    0.0000000000E+00    0.0000000000E+00    0.0000000000E+00    0.0000000000E+00    0.0000000000E+00    0.0000000000E+00    0.1002137719E-14    0.1002137719E-14    0.9999963711E+00    0.9999963711E+00
    6    0.9300000000E+01    0.6966836119E+00   -0.3483418059E+00    0.5004536315E+00    0.0000000000E+00    0.0000000000E+00    0.0000000000E+00    0.0000000000E+00    0.0000000000E+00    0.0000000000E+00    0.9652272122E-11    0.9652272122E-11    0.9999905959E+00    0.9999905959E+00
    1    0.9558333333E+01   -0.1161139353E+00   -0.3483418059E+00    0.2500173146E+00    0.0000000000E+00    0.0000000000E+00    0.0000000000E+00    0.0000000000E+00    0.0000000000E+00    0.0000000000E+00    0.8775772339E-13    0.8775772339E-13    0.9999958305E+00    0.9999958305E+00
    2    0.9558333333E+01   -0.1161139353E+00   -0.3483418059E+00    0.4427203913E+00    0.0000000000E+00    0.0000000000E+00    0.0000000000E+00    0.0000000000E+00    0.0000000000E+00    0.0000000000E+00    0.4449329860E-13    0.4449329860E-13    0.9999965690E+00    0.9999965690E+00
    3    0.9558333333E+01    0.6966836119E+00    0.4644557413E+00    0.5685708566E+00    0.0000000000E+00    0.0000000000E+00    0.0000000000E+00    0.0000000000E+00    0.0000000000E+00    0.0000000000E+00    0.7977923963E-12    0.7977923963E-12    0.9999946293E+00    0.9999946293E+00
    4    0.9558333333E+01    0.6966836119E+00   -0.3483418059E+00   -0.5436353137E+00    0.0000000000E+00    0.0000000000E+00    0.0000000000E+00    0.0000000000E+00    0.0000000000E+00    0.0000000000E+00    0.3024353724E-13    0.3024353724E-13    0.9999944609E+00    0.9999944609E+00
    5    0.9558333333E+01    0.6966836119E+00   -0.3483418059E+00   -0.2469665343E+00    0.0000000000E+00    0.0000000000E+00    0.0000000000E+00    0.0000000000E+00    0.0000000000E+00    0.0000000000E+00    0.1721830196E-12    0.1721830196E-12    0.9999942316E+00    0.9999942316E+00
    6    0.9558333333E+01   -0.1161139353E+00    0.4644557413E+00   -0.2629571471E+00    0.0000000000E+00    0.0000000000E+00    0.0000000000E+00    0.0000000000E+00    0.0000000000E+00    0.0000000000E+00    0.7787497375E-14    0.7787497375E-14    0.9999977891E+00    0.9999977891E+00
    1    0.9816666667E+01    0.6966836119E+00    0.4644557413E+00    0.2891888150E+00    0.0000000000E+00    0.0000000000E+00    0.0000000000E+00    0.0000000000E+00    0.0000000000E+00    0.0000000000E+00    0.1353054232E-10    0.1353054232E-10    0.9999838309E+00    0.9999838309E+00
    2    0.9816666667E+01   -0.1161139353E+00   -0.3483418059E+00    0.3174220369E+00    0.0000000000E+00    0.0000000000E+00    0.0000000000E+00    0.0000000000E+00    0.0000000000E+00    0.0000000000E+00    0.9133962617E-13    0.9133962617E-13    0.9999954580E+00    0.9999954580E+00
    3    0.9816666667E+01    0.6966836119E+00   -0.3483418059E+00   -0.1514706655E+00    0.0000000000E+00    0.0000000000E+00    0.0000000000E+00    0.0000000000E+00    0.0000000000E+00    0.0000000000E+00    0.7330822311E-12    0.7330822311E-12    0.9999930811E+00    0.9999930811E+00
    4    0.9816666667E+01   -0.1161139353E+00   -0.3483418059E+00    0.5020349740E+00    0.0000000000E+00    0.0000000000E+00    0.0000000000E+00    0.0000000000E+00    0.0000000000E+00    0.0000000000E+00    0.6947543661E-13    0.6947543661E-13    0.9999957658E+00    0.9999957658E+00
    5    0.9816666667E+01   -0.1161139353E+00    0.4644557413E+00   -0.2273877554E+00    0.0000000000E+00    0.0000000000E+00    0.0000000000E+00    0.0000000000E+00    0.0000000000E+00    0.0000000000E+00    0.2947741261E-14    0.2947741261E-14    0.9999976833E+00    0.9999976833E+00
    6    0.9816666667E+01    0.6966836119E+00   -0.3483418059E+00   -0.4545410364E+00    0.0000000000E+00    0.0000000000E+00    0.0000000000E+00    0.0000000000E+00    0.0000000000E+00    0.0000000000E+00    0.2102553002E-12    0.2102553002E-12    0.9999939434E+00    0.9999939434E+00
    7    0.9816666667E+01    0.6966836119E+00    0.4644557413E+00   -0.4698952736E+00    0.0000000000E+00    0.0000000000E+00    0.0000000000E+00    0.0000000000E+00    0.0000000000E+00    0.0000000000E+00    0.1367129401E-10    0.1367129401E-10    0.9999875784E+00    0.9999875784E+00
    1    0.1007500000E+02   -0.1161139353E+00    0.4644557413E+00   -0.1910145589E+00    0.0000000000E+00    0.0000000000E+00    0.0000000000E+00    0.0000000000E+00    0.0000000000E+00    0.0000000000E+00    0.8560646801E-18    0.8560646848E-18    0.9999975632E+00    0.9999975632E+00
    2    0.1007500000E+02   -0.1161139353E+00   -0.3483418059E+00    0.4005345783E+00    0.0000000000E+00    0.0000000000E+00    0.0000000000E+00    0.0000000000E+00    0.0000000000E+00    0.0000000000E+00    0.4688018555E-11    0.4688018555E-11    0.9999927090E+00    0.9999927090E+00
    3    0.1007500000E+02    0.6966836119E+00   -0.3483418059E+00   -0.3559058106E+00    0.0000000000E+00    0.0000000000E+00    0.0000000000E+00    0.0000000000E+00    0.0000000000E+00    0.0000000000E+00    0.1796441847E-13    0.1796441847E-13    0.9999933199E+00    0.9999933199E+00
    4    0.1007500000E+02   -0.1161139353E+00   -0.3483418059E+00   -0.5664578366E+00    0.0000000000E+00    0.0000000000E+00    0.0000000000E+00    0.0000000000E+00    0.0000000000E+00    0.0000000000E+00    0.4747616323E-11    0.4747616323E-11    0.9999926548E+00    0.9999926548E+00
    1    0.1033333333E+02    0.6966836119E+00   -0.3483418059E+00   -0.2554045724E+00    0.0000000000E+00    0.0000000000E+00    0.0000000000E+00    0.0000000000E+00    0.0000000000E+00    0.0000000000E+00    0.2231727040E-12    0.2231734408E-12    0.9999930842E+00    0.9999930842E+00
    2    0.1033333333E+02   -0.1161139353E+00    0.4644557413E+00   -0.1536422623E+00    0.0000000000E+00    0.0000000000E+00    0.0000000000E+00    0.0000000000E+00    0.0000000000E+00    0.0000000000E+00    0.3507312226E-14    0.3507312879E-14    0.9999974256E+00    0.9999974256E+00
    1    0.1059166667E+02    0.6966836119E+00   -0.3483418059E+00   -0.1405315372E+00    0.0000000000E+00    0.0000000000E+00    0.0000000000E+00    0.0000000000E+00    0.0000000000E+00    0.0000000000E+00    0.1599186735E-11    0.1599186735E-11    0.9999900934E+00    0.9999900934E+00
    2    0.1059166667E+02   -0.1161139353E+00    0.4644557413E+00   -0.1150353998E+00    0.0000000000E+00    0.0000000000E+00    0.0000000000E+00    0.0000000000E+00    0.0000000000E+00    0.0000000000E+00    0.9165671458E-14    0.9165671635E-14    0.9999972661E+00    0.9999972661E+00
    1    0.1085000000E+02   -0.1161139353E+00    0.4644557413E+00   -0.7490118502E-01    0.0000000000E+00    0.0000000000E+00    0.0000000000E+00    0.0000000000E+00    0.0000000000E+00    0.0000000000E+00    0.6888025107E-14    0.6888025107E-14    0.9999970785E+00    0.9999970785E+00
    2    0.1085000000E+02    0.6966836119E+00   -0.3483418059E+00    0.5211682441E+00    0.0000000000E+00    0.0000000000E+00    0.0000000000E+00    0.0000000000E+00    0.0000000000E+00    0.0000000000E+00    0.2545347162E-10    0.2545347162E-10    0.9999870481E+00    0.9999870481E+00
    3    0.1085000000E+02    0.6966836119E+00   -0.3483418059E+00   -0.4220209844E+00    0.0000000000E+00    0.0000000000E+00    0.0000000000E+00    0.0000000000E+00    0.0000000000E+00    0.0000000000E+00    0.2577436902E-10    0.2577436902E-10    0.9999863540E+00    0.9999863540E+00
    1    0.1110833333E+02    0.6966836119E+00   -0.3483418059E+00   -0.5290948197E+00    0.0000000000E+00    0.0000000000E+00    0.0000000000E+00    0.0000000000E+00    0.0000000000E+00    0.0000000000E+00    0.2515793290E-12    0.2515793290E-12    0.9999947595E+00    0.9999947595E+00
    2    0.1110833333E+02    0.6966836119E+00    0.4644557413E+00    0.1519136347E+00    0.0000000000E+00    0.0000000000E+00    0.0000000000E+00    0.0000000000E+00    0.0000000000E+00    0.0000000000E+00    0.3070508704E-12    0.3070508704E-12    0.9999905121E+00    0.9999905121E+00
    3    0.1110833333E+02    0.6966836119E+00   -0.3483418059E+00   -0.3090732972E+00    0.0000000000E+00    0.0000000000E+00    0.0000000000E+00    0.0000000000E+00    0.0000000000E+00    0.0000000000E+00    0.3733056272E-12    0.3733056272E-12    0.9999932996E+00    0.9999932996E+00
    4    0.1110833333E+02   -0.1161139353E+00    0.4644557413E+00   -0.3284752902E-01    0.0000000000E+00    0.0000000000E+00    0.0000000000E+00    0.0000000000E+00    0.0000000000E+00    0.0000000000E+00    0.5419428242E-15    0.5419428242E-15    0.9999968495E+00    0.9999968495E+00
    1    0.1136666667E+02    0.6966836119E+00    0.4644557413E+00    0.2585930780E+00    0.0000000000E+00    0.0000000000E+00    0.0000000000E+00    0.0000000000E+00    0.0000000000E+00    0.0000000000E+00    0.2019581965E-15    0.2019581965E-15    0.9999931066E+00    0.9999931066E+00
    2    0.1136666667E+02    0.6966836119E+00   -0.3483418059E+00   -0.4643511049E+00    0.0000000000E+00    0.0000000000E+00    0.0000000000E+00    0.0000000000E+00    0.0000000000E+00    0.0000000000E+00    0.9837521155E-13    0.9837521155E-13    0.9999955599E+00    0.9999955599E+00
    3    0.1136666667E+02    0.6966836119E+00   -0.3483418059E+00   -0.2161897564E+00    0.0000000000E+00    0.0000000000E+00    0.0000000000E+00    0.0000000000E+00    0.0000000000E+00    0.0000000000E+00    0.2144550899E-12    0.2144550899E-12    0.9999925338E+00    0.9999925338E+00
    4    0.1136666667E+02   -0.1161139353E+00    0.4644557413E+00    0.1124906699E-01    0.0000000000E+00    0.0000000000E+00    0.0000000000E+00    0.0000000000E+00    0.0000000000E+00    0.0000000000E+00    0.7092063065E-13    0.7092063065E-13    0.9999965188E+00    0.9999965188E+00
    1    0.1162500000E+02    0.6966836119E+00   -0.3483418059E+00   -0.4067804987E+00    0.0000000000E+00    0.0000000000E+00    0.0000000000E+00    0.0000000000E+00    0.0000000000E+00    0.0000000000E+00    0.9514850473E-12    0.9514850473E-12    0.9999955914E+00    0.9999955914E+00
    2    0.1162500000E+02    0.6966836119E+00   -0.3483418059E+00   -0.8408950282E-01   -0.9289114825E+00   -0.3483418059E+00   -0.8408950282E-01    0.6147820131E+01   -0.4243281817E+00    0.2849910948E+00    0.2470978951E-10    0.2470978951E-10    0.9999834205E+00    0.9999834205E+00
    3    0.1162500000E+02   -0.1161139353E+00    0.4644557413E+00    0.5885421620E-01    0.0000000000E+00    0.0000000000E+00    0.0000000000E+00    0.0000000000E+00    0.0000000000E+00    0.0000000000E+00    0.4508090078E-14    0.4508090078E-14    0.9999962397E+00    0.9999962397E+00
    4    0.1162500000E+02    0.6966836119E+00    0.4644557413E+00    0.3435587104E+00    0.0000000000E+00    0.0000000000E+00    0.0000000000E+00    0.0000000000E+00    0.0000000000E+00    0.0000000000E+00    0.6791639019E-14    0.6791639019E-14    0.9999939695E+00    0.9999939695E+00
    5    0.1162500000E+02   -0.1161139353E+00   -0.3483418059E+00    0.4476674887E+00    0.0000000000E+00    0.0000000000E+00    0.0000000000E+00    0.0000000000E+00    0.0000000000E+00    0.0000000000E+00    0.1413446734E-12    0.1413446734E-12    0.9999842924E+00    0.9999842924E+00
    1    0.1188333333E+02   -0.1161139353E+00    0.4644557413E+00    0.1103135769E+00    0.0000000000E+00    0.0000000000E+00    0.0000000000E+00    0.0000000000E+00    0.0000000000E+00    0.0000000000E+00    0.1798724350E-13    0.1798724350E-13    0.9999957969E+00    0.9999957969E+00
    2    0.1188333333E+02    0.6966836119E+00   -0.3483418059E+00   -0.3510688045E+00    0.0000000000E+00    0.0000000000E+00    0.0000000000E+00    0.0000000000E+00    0.0000000000E+00    0.0000000000E+00    0.1458744395E-14    0.1458744396E-14    0.9999956492E+00    0.9999956492E+00
    3    0.1188333333E+02    0.6966836119E+00    0.4644557413E+00    0.4186617180E+00    0.0000000000E+00    0.0000000000E+00    0.0000000000E+00    0.0000000000E+00    0.0000000000E+00    0.0000000000E+00    0.6766806872E-14    0.6766806872E-14    0.9999943872E+00    0.9999943872E+00
    4    0.1188333333E+02   -0.1161139353E+00   -0.3483418059E+00    0.5679503471E+00    0.0000000000E+00    0.0000000000E+00    0.0000000000E+00    0.0000000000E+00    0.0000000000E+00    0.0000000000E+00    0.2617039654E-13    0.2617039654E-13    0.9999929280E+00    0.9999929280E+00
    1    0.1214166667E+02   -0.1161139353E+00    0.4644557413E+00    0.1672105689E+00    0.0000000000E+00    0.0000000000E+00    0.0000000000E+00    0.0000000000E+00    0.0000000000E+00    0.0000000000E+00    0.3986088395E-14    0.3986088395E-14    0.9999951971E+00    0.9999951971E+00
    2    0.1214166667E+02    0.6966836119E+00   -0.3483418059E+00   -0.2944208913E+00    0.0000000000E+00    0.0000000000E+00    0.0000000000E+00    0.0000000000E+00    0.0000000000E+00    0.0000000000E+00    0.1306791068E-13    0.1306791068E-13    0.9999953838E+00    0.9999953838E+00
    3    0.1214166667E+02    0.6966836119E+00    0.4644557413E+00    0.4888357140E+00    0.0000000000E+00    0.0000000000E+00    0.0000000000E+00    0.0000000000E+00    0.0000000000E+00    0.0000000000E+00    0.1309140212E-13    0.1309140212E-13    0.9999945004E+00    0.9999945004E+00
    4    0.1214166667E+02   -0.1161139353E+00   -0.3483418059E+00   -0.4964661682E+00    0.0000000000E+00    0.0000000000E+00    0.0000000000E+00    0.0000000000E+00    0.0000000000E+00    0.0000000000E+00    0.3750138717E-14    0.3750138717E-14    0.9999933679E+00    0.9999933679E+00
    1    0.1240000000E+02   -0.1161139353E+00    0.4644557413E+00    0.2316827941E+00    0.0000000000E+00    0.0000000000E+00    0.0000000000E+00    0.0000000000E+00    0.0000000000E+00    0.0000000000E+00    0.1163058258E-13    0.1163058258E-13    0.9999943726E+00    0.9999943726E+00
    2    0.1240000000E+02    0.6966836119E+00    0.4644557413E+00    0.5579003395E+00    0.0000000000E+00    0.0000000000E+00    0.0000000000E+00    0.0000000000E+00    0.0000000000E+00    0.0000000000E+00    0.5651162202E-13    0.5651162202E-13    0.9999943067E+00    0.9999943067E+00
    3    0.1240000000E+02    0.6966836119E+00   -0.3483418059E+00   -0.2342903239E+00    0.0000000000E+00    0.0000000000E+00    0.0000000000E+00    0.0000000000E+00    0.0000000000E+00    0.0000000000E+00    0.1489030721E-13    0.1489030721E-13    0.9999948786E+00    0.9999948786E+00
    4    0.1240000000E+02   -0.1161139353E+00   -0.3483418059E+00   -0.4101439182E+00    0.0000000000E+00    0.0000000000E+00    0.0000000000E+00    0.0000000000E+00    0.0000000000E+00    0.0000000000E+00    0.5938700383E-14    0.5938700383E-14    0.9999925301E+00    0.9999925301E+00
    1    0.1265833333E+02   -0.1161139353E+00    0.4644557413E+00    0.3062818025E+00    0.0000000000E+00    0.0000000000E+00    0.0000000000E+00    0.0000000000E+00    0.0000000000E+00    0.0000000000E+00    0.2537113663E-13    0.2537113663E-13    0.9999933352E+00    0.9999933352E+00
    2    0.1265833333E+02    0.6966836119E+00    0.4644557413E+00   -0.5202679032E+00    0.0000000000E+00    0.0000000000E+00    0.0000000000E+00    0.0000000000E+00    0.0000000000E+00    0.0000000000E+00    0.3283166175E-14    0.3283166175E-14    0.9999938472E+00    0.9999938472E+00
    3    0.1265833333E+02    0.6966836119E+00   -0.3483418059E+00   -0.1668111450E+00    0.0000000000E+00    0.0000000000E+00    0.0000000000E+00    0.0000000000E+00    0.0000000000E+00    0.0000000000E+00    0.2485172279E-13    0.2485172279E-13    0.9999938952E+00    0.9999938952E+00
    4    0.1265833333E+02   -0.1161139353E+00   -0.3483418059E+00   -0.3053589524E+00    0.0000000000E+00    0.0000000000E+00    0.0000000000E+00    0.0000000000E+00    0.0000000000E+00    0.0000000000E+00    0.2564271180E-12    0.2564271180E-12    0.9999895842E+00    0.9999895842E+00
    1    0.1291666667E+02    0.6966836119E+00    0.4644557413E+00   -0.4416422303E+00    0.0000000000E+00    0.0000000000E+00    0.0000000000E+00    0.0000000000E+00    0.0000000000E+00    0.0000000000E+00    0.3988312688E-15    0.3988312690E-15    0.9999928239E+00    0.9999928239E+00
    2    0.1291666667E+02   -0.1161139353E+00    0.4644557413E+00    0.3912754376E+00    0.0000000000E+00    0.0000000000E+00    0.0000000000E+00    0.0000000000E+00    0.0000000000E+00    0.0000000000E+00    0.1867835542E-15    0.1867835542E-15    0.9999924884E+00    0.9999924884E+00
    3    0.1291666667E+02    0.6966836119E+00   -0.3483418059E+00   -0.7965641539E-01    0.0000000000E+00    0.0000000000E+00    0.0000000000E+00    0.0000000000E+00    0.0000000000E+00    0.0000000000E+00    0.4343493101E-11    0.4343493101E-11    0.9999903896E+00    0.9999903896E+00
    1    0.1317500000E+02    0.6966836119E+00    0.4644557413E+00   -0.3457302228E+00    0.0000000000E+00    0.0000000000E+00    0.0000000000E+00    0.0000000000E+00    0.0000000000E+00    0.0000000000E+00    0.1622887178E-13    0.1622887178E-13    0.9999902868E+00    0.9999902868E+00
    2    0.1317500000E+02   -0.1161139353E+00    0.4644557413E+00    0.4803568662E+00   -0.1161139353E+00    0.4644557413E+00    0.4803568662E+00    0.1545852340E+01   -0.3132935621E+01   -0.3428595113E+01    0.1377697716E-14    0.1377697716E-14    0.9999923791E+00    0.9999923791E+00
    1    0.1343333333E+02   -0.1161139353E+00    0.4644557413E+00    0.5663303379E+00    0.0000000000E+00    0.0000000000E+00    0.0000000000E+00    0.0000000000E+00    0.0000000000E+00    0.0000000000E+00    0.1045312853E-11    0.1045312853E-11    0.9999919377E+00    0.9999919377E+00
    2    0.1343333333E+02    0.6966836119E+00   -0.3483418059E+00    0.4976246844E+00    0.0000000000E+00    0.0000000000E+00    0.0000000000E+00    0.0000000000E+00    0.0000000000E+00    0.0000000000E+00    0.4690176818E-11    0.4690176818E-11    0.9999644803E+00    0.9999644803E+00
    3    0.1343333333E+02    0.6966836119E+00    0.4644557413E+00   -0.1712971638E+00    0.6966836119E+00    0.4644557413E+00   -0.1712971638E+00   -0.5709763275E+00   -0.9670098109E+00   -0.5274702364E+00    0.3768574921E-11    0.3768574921E-11    0.9999671205E+00    0.9999671205E+00
    4    0.1343333333E+02   -0.1161139353E+00    0.4644557413E+00    0.2585203527E+00    0.0000000000E+00    0.0000000000E+00    0.0000000000E+00    0.0000000000E+00    0.0000000000E+00    0.0000000000E+00    0.5500319765E-11    0.5500319765E-11    0.9999739919E+00    0.9999739919E+00
    5    0.1343333333E+02    0.6966836119E+00   -0.3483418059E+00    0.2301603378E+00    0.0000000000E+00    0.0000000000E+00    0.0000000000E+00    0.0000000000E+00    0.0000000000E+00    0.0000000000E+00    0.1130443864E-11    0.1130443864E-11    0.9999719052E+00    0.9999719052E+00
    6    0.1343333333E+02    0.6966836119E+00    0.4644557413E+00    0.5150681164E-01    0.6966836119E+00    0.4644557413E+00    0.5150681164E-01    0.5402238751E-01   -0.1483176198E+01   -0.3975719538E+00    0.5120313613E-09    0.5120313613E-09    0.9999414550E+00    0.9999414550E+00
    1    0.1369166667E+02   -0.1161139353E+00    0.4644557413E+00   -0.5023218635E+00    0.0000000000E+00    0.0000000000E+00    0.0000000000E+00    0.0000000000E+00    0.0000000000E+00    0.0000000000E+00    0.7768425250E-13    0.7768425250E-13    0.9999925828E+00    0.9999925828E+00
    2    0.1369166667E+02   -0.1161139353E+00    0.4644557413E+00    0.4613480185E+00    0.0000000000E+00    0.0000000000E+00    0.0000000000E+00    0.0000000000E+00    0.0000000000E+00    0.0000000000E+00    0.7455728457E-12    0.7455728457E-12    0.9999857963E+00    0.9999857963E+00
    3    0.1369166667E+02    0.6966836119E+00   -0.3483418059E+00    0.3689475971E+00    0.0000000000E+00    0.0000000000E+00    0.0000000000E+00    0.0000000000E+00    0.0000000000E+00    0.0000000000E+00    0.6199387662E-11    0.6199387662E-11    0.9999449963E+00    0.9999449963E+00
    4    0.1369166667E+02    0.6966836119E+00   -0.3483418059E+00    0.2123459790E+00    0.0000000000E+00    0.0000000000E+00    0.0000000000E+00    0.0000000000E+00    0.0000000000E+00    0.0000000000E+00    0.6064293445E-11    0.6064293445E-11    0.9999765356E+00    0.9999765356E+00
    5    0.1369166667E+02   -0.1161139353E+00   -0.3483418059E+00    0.2556251132E+00    0.0000000000E+00    0.0000000000E+00    0.0000000000E+00    0.0000000000E+00    0.0000000000E+00    0.0000000000E+00    0.1385764300E-11    0.1385764300E-11    0.9999750290E+00    0.9999750290E+00
    6    0.1369166667E+02   -0.1161139353E+00    0.4644557413E+00    0.2813974860E+00    0.0000000000E+00    0.0000000000E+00    0.0000000000E+00    0.0000000000E+00    0.0000000000E+00    0.0000000000E+00    0.1509192394E-11    0.1509192394E-11    0.9999824191E+00    0.9999824191E+00
    7    0.1369166667E+02    0.6966836119E+00    0.4644557413E+00    0.2921172219E+00    0.0000000000E+00    0.0000000000E+00    0.0000000000E+00    0.0000000000E+00    0.0000000000E+00    0.0000000000E+00    0.2246561001E-11    0.2246561001E-11    0.9999844086E+00    0.9999844086E+00
    1    0.1395000000E+02   -0.1161139353E+00   -0.3483418059E+00    0.5122164250E-01    0.0000000000E+00    0.0000000000E+00    0.0000000000E+00    0.0000000000E+00    0.0000000000E+00    0.0000000000E+00    0.4210966392E-10    0.4210966392E-10    0.9999660058E+00    0.9999660058E+00
    2    0.1395000000E+02   -0.1161139353E+00   -0.3483418059E+00    0.2014372222E+00    0.0000000000E+00    0.0000000000E+00    0.0000000000E+00    0.0000000000E+00    0.0000000000E+00    0.0000000000E+00    0.1152772609E-10    0.1152772609E-10    0.9999601095E+00    0.9999601095E+00
    3    0.1395000000E+02   -0.1161139353E+00    0.4644557413E+00   -0.4224097275E+00    0.0000000000E+00    0.0000000000E+00    0.0000000000E+00    0.0000000000E+00    0.0000000000E+00    0.0000000000E+00    0.1094803790E-11    0.1094803790E-11    0.9999921389E+00    0.9999921389E+00
    4    0.1395000000E+02   -0.1161139353E+00    0.4644557413E+00   -0.5467317946E+00    0.0000000000E+00    0.0000000000E+00    0.0000000000E+00    0.0000000000E+00    0.0000000000E+00    0.0000000000E+00    0.5406815275E-12    0.5406815275E-12    0.9999877309E+00    0.9999877309E+00
    5    0.1395000000E+02   -0.1161139353E+00   -0.3483418059E+00    0.5308431109E+00    0.0000000000E+00    0.0000000000E+00    0.0000000000E+00    0.0000000000E+00    0.0000000000E+00    0.0000000000E+00    0.2201700194E-10    0.2201700194E-10    0.9999679771E+00    0.9999679771E+00
    6    0.1395000000E+02   -0.1161139353E+00   -0.3483418059E+00    0.3862944575E+00    0.0000000000E+00    0.0000000000E+00    0.0000000000E+00    0.0000000000E+00    0.0000000000E+00    0.0000000000E+00    0.2263190397E-10    0.2263190397E-10    0.9999712841E+00    0.9999712841E+00
    7    0.1395000000E+02    0.6966836119E+00    0.4644557413E+00    0.4716398516E+00    0.0000000000E+00    0.0000000000E+00    0.0000000000E+00    0.0000000000E+00    0.0000000000E+00    0.0000000000E+00    0.1578011172E-11    0.1578011172E-11    0.9999815119E+00    0.9999815119E+00
    8    0.1395000000E+02   -0.1161139353E+00    0.4644557413E+00    0.4412322379E+00    0.0000000000E+00    0.0000000000E+00    0.0000000000E+00    0.0000000000E+00    0.0000000000E+00    0.0000000000E+00    0.1007809539E-11    0.1007809539E-11    0.9999870558E+00    0.9999870558E+00
    1    0.1420833333E+02    0.6966836119E+00    0.4644557413E+00    0.9905267479E-01    0.0000000000E+00    0.0000000000E+00    0.0000000000E+00    0.0000000000E+00    0.0000000000E+00    0.0000000000E+00    0.3338946913E-09    0.3338946913E-09    0.9998981324E+00    0.9998981324E+00
    2    0.1420833333E+02   -0.1161139353E+00    0.4644557413E+00   -0.5669293933E+00    0.0000000000E+00    0.0000000000E+00    0.0000000000E+00    0.0000000000E+00    0.0000000000E+00    0.0000000000E+00    0.2520485941E-11    0.2520485941E-11    0.9999857981E+00    0.9999857981E+00
    3    0.1420833333E+02   -0.1161139353E+00    0.4644557413E+00   -0.4125273113E+00    0.0000000000E+00    0.0000000000E+00    0.0000000000E+00    0.0000000000E+00    0.0000000000E+00    0.0000000000E+00    0.2014397261E-12    0.2014397261E-12    0.9999870062E+00    0.9999870062E+00
    4    0.1420833333E+02   -0.1161139353E+00    0.4644557413E+00   -0.3372833534E+00   -0.1161139353E+00    0.4644557413E+00   -0.3372833534E+00    0.7788512017E+00   -0.7227334732E+00    0.2010767364E+00    0.2773004096E-12    0.2773004096E-12    0.9999916282E+00    0.9999916282E+00
    5    0.1420833333E+02    0.6966836119E+00    0.4644557413E+00   -0.3512434850E+00    0.0000000000E+00    0.0000000000E+00    0.0000000000E+00    0.0000000000E+00    0.0000000000E+00    0.0000000000E+00    0.2691192645E-09    0.2691192645E-09    0.9999180544E+00    0.9999180544E+00
    1    0.1446666667E+02   -0.1161139353E+00    0.4644557413E+00   -0.4043871572E+00    0.0000000000E+00    0.0000000000E+00    0.0000000000E+00    0.0000000000E+00    0.0000000000E+00    0.0000000000E+00    0.4844407332E-12    0.4844407332E-12    0.9999823874E+00    0.9999823874E+00
    2    0.1446666667E+02   -0.1161139353E+00    0.4644557413E+00   -0.2251149766E+00    0.0000000000E+00    0.0000000000E+00    0.0000000000E+00    0.0000000000E+00    0.0000000000E+00    0.0000000000E+00    0.1103780363E-11    0.1103780363E-11    0.9999852379E+00    0.9999852379E+00
    3    0.1446666667E+02   -0.1161139353E+00    0.4644557413E+00   -0.2631891268E+00    0.0000000000E+00    0.0000000000E+00    0.0000000000E+00    0.0000000000E+00    0.0000000000E+00    0.0000000000E+00    0.2288941570E-11    0.2288941570E-11    0.9999847609E+00    0.9999847609E+00
    1    0.1472500000E+02   -0.1161139353E+00    0.4644557413E+00   -0.1505710628E+00    0.0000000000E+00    0.0000000000E+00    0.0000000000E+00    0.0000000000E+00    0.0000000000E+00    0.0000000000E+00    0.7640628268E-10    0.7640628268E-10    0.9999564451E+00    0.9999564451E+00
    2    0.1472500000E+02   -0.1161139353E+00    0.4644557413E+00   -0.8832537648E-01    0.0000000000E+00    0.0000000000E+00    0.0000000000E+00    0.0000000000E+00    0.0000000000E+00    0.0000000000E+00    0.5943182323E-10    0.5943182323E-10    0.9999694915E+00    0.9999694915E+00
