    1    0.1033333333E+01    0.4644557413E+00    0.4644557413E+00    0.6003871631E-01    0.0000000000E+00    0.0000000000E+00    0.0000000000E+00    0.0000000000E+00    0.0000000000E+00    0.0000000000E+00    0.4267603310E-13    0.4267603310E-13    0.9999994124E+00    0.9999994124E+00
    1    0.1291666667E+01    0.4644557413E+00    0.4644557413E+00    0.1820351216E+00    0.0000000000E+00    0.0000000000E+00    0.0000000000E+00    0.0000000000E+00    0.0000000000E+00    0.0000000000E+00    0.1686416127E-16    0.1686416127E-16    0.9999994099E+00    0.9999994099E+00
    2    0.1291666667E+01    0.4644557413E+00    0.4644557413E+00    0.1163531053E+00    0.0000000000E+00    0.0000000000E+00    0.0000000000E+00    0.0000000000E+00    0.0000000000E+00    0.0000000000E+00    0.8918727834E-14    0.8918727834E-14    0.9999995545E+00    0.9999995545E+00
    1    0.1550000000E+01    0.4644557413E+00    0.4644557413E+00    0.2366187026E+00    0.0000000000E+00    0.0000000000E+00    0.0000000000E+00    0.0000000000E+00    0.0000000000E+00    0.0000000000E+00    0.1786476577E-15    0.1786476577E-15    0.9999994913E+00    0.9999994913E+00
    2    0.1550000000E+01    0.4644557413E+00    0.4644557413E+00    0.1622336279E+00    0.0000000000E+00    0.0000000000E+00    0.0000000000E+00    0.0000000000E+00    0.0000000000E+00    0.0000000000E+00    0.1206368104E-14    0.1206368104E-14    0.9999995400E+00    0.9999995400E+00
    1    0.1808333333E+01    0.4644557413E+00    0.4644557413E+00    0.2819036891E+00    0.0000000000E+00    0.0000000000E+00    0.0000000000E+00    0.0000000000E+00    0.0000000000E+00    0.0000000000E+00    0.5812759846E-15    0.5812759846E-15    0.9999994709E+00    0.9999994709E+00
    2    0.1808333333E+01    0.4644557413E+00    0.4644557413E+00    0.2044088208E+00    0.0000000000E+00    0.0000000000E+00    0.0000000000E+00    0.0000000000E+00    0.0000000000E+00    0.0000000000E+00    0.1991961610E-15    0.1991961610E-15    0.9999994946E+00    0.9999994946E+00
    1    0.2066666667E+01    0.4644557413E+00    0.4644557413E+00    0.2118174211E-01    0.0000000000E+00    0.0000000000E+00    0.0000000000E+00    0.0000000000E+00    0.0000000000E+00    0.0000000000E+00    0.3110562613E-12    0.3110562613E-12    0.9999986495E+00    0.9999986495E+00
    2    0.2066666667E+01    0.4644557413E+00    0.4644557413E+00    0.2454266659E+00    0.0000000000E+00    0.0000000000E+00    0.0000000000E+00    0.0000000000E+00    0.0000000000E+00    0.0000000000E+00    0.2586096298E-14    0.2586096298E-14    0.9999994316E+00    0.9999994316E+00
    3    0.2066666667E+01    0.4644557413E+00    0.4644557413E+00    0.3241630500E+00    0.0000000000E+00    0.0000000000E+00    0.0000000000E+00    0.0000000000E+00    0.0000000000E+00    0.0000000000E+00    0.2804852695E-13    0.2804852695E-13    0.9999993218E+00    0.9999993218E+00
    1    0.2325000000E+01    0.4644557413E+00    0.4644557413E+00    0.7543706817E-01    0.0000000000E+00    0.0000000000E+00    0.0000000000E+00    0.0000000000E+00    0.0000000000E+00    0.0000000000E+00    0.1192538995E-13    0.1192538995E-13    0.9999994138E+00    0.9999994138E+00
    2    0.2325000000E+01    0.4644557413E+00    0.4644557413E+00    0.2864675441E+00    0.0000000000E+00    0.0000000000E+00    0.0000000000E+00    0.0000000000E+00    0.0000000000E+00    0.0000000000E+00    0.3548742895E-14    0.3548742895E-14    0.9999993577E+00    0.9999993577E+00
    3    0.2325000000E+01    0.4644557413E+00    0.4644557413E+00    0.3654521273E+00    0.0000000000E+00    0.0000000000E+00    0.0000000000E+00    0.0000000000E+00    0.0000000000E+00    0.0000000000E+00    0.6468423220E-15    0.6468423220E-15    0.9999993272E+00    0.9999993272E+00
    1    0.2583333333E+01    0.4644557413E+00    0.4644557413E+00    0.1114769733E+00    0.0000000000E+00    0.0000000000E+00    0.0000000000E+00    0.0000000000E+00    0.0000000000E+00    0.0000000000E+00    0.5043572518E-14    0.5043572518E-14    0.9999994508E+00    0.9999994508E+00
    2    0.2583333333E+01    0.4644557413E+00    0.4644557413E+00    0.3283685531E+00    0.0000000000E+00    0.0000000000E+00    0.0000000000E+00    0.0000000000E+00    0.0000000000E+00    0.0000000000E+00    0.2129413354E-14    0.2129413354E-14    0.9999992673E+00    0.9999992673E+00
    3    0.2583333333E+01    0.4644557413E+00    0.4644557413E+00    0.4068840813E+00    0.0000000000E+00    0.0000000000E+00    0.0000000000E+00    0.0000000000E+00    0.0000000000E+00    0.0000000000E+00    0.2384066439E-14    0.2384066439E-14    0.9999992565E+00    0.9999992565E+00
    1    0.2841666667E+01    0.4644557413E+00    0.4644557413E+00    0.1433312787E+00    0.0000000000E+00    0.0000000000E+00    0.0000000000E+00    0.0000000000E+00    0.0000000000E+00    0.0000000000E+00    0.3999595756E-14    0.3999595756E-14    0.9999994349E+00    0.9999994349E+00
    2    0.2841666667E+01    0.4644557413E+00    0.4644557413E+00    0.3719418925E+00    0.0000000000E+00    0.0000000000E+00    0.0000000000E+00    0.0000000000E+00    0.0000000000E+00    0.0000000000E+00    0.1460995671E-15    0.1460995671E-15    0.9999991562E+00    0.9999991562E+00
    3    0.2841666667E+01    0.4644557413E+00    0.4644557413E+00    0.4493198587E+00    0.0000000000E+00    0.0000000000E+00    0.0000000000E+00    0.0000000000E+00    0.0000000000E+00    0.0000000000E+00    0.3557497231E-14    0.3557497231E-14    0.9999991714E+00    0.9999991714E+00
    1    0.3100000000E+01    0.4644557413E+00    0.4644557413E+00    0.1731229435E+00    0.0000000000E+00    0.0000000000E+00    0.0000000000E+00    0.0000000000E+00    0.0000000000E+00    0.0000000000E+00    0.8118108435E-15    0.8118108435E-15    0.9999993714E+00    0.9999993714E+00
    2    0.3100000000E+01    0.4644557413E+00    0.4644557413E+00    0.4181859237E+00    0.0000000000E+00    0.0000000000E+00    0.0000000000E+00    0.0000000000E+00    0.0000000000E+00    0.0000000000E+00    0.1298818229E-14    0.1298818229E-14    0.9999990136E+00    0.9999990136E+00
    3    0.3100000000E+01    0.4644557413E+00    0.4644557413E+00    0.4936550163E+00    0.0000000000E+00    0.0000000000E+00    0.0000000000E+00    0.0000000000E+00    0.0000000000E+00    0.0000000000E+00    0.4877580450E-14    0.4877580450E-14    0.9999990934E+00    0.9999990934E+00
    1    0.3358333333E+01    0.4644557413E+00    0.4644557413E+00    0.2016610464E+00    0.0000000000E+00    0.0000000000E+00    0.0000000000E+00    0.0000000000E+00    0.0000000000E+00    0.0000000000E+00    0.2822201334E-16    0.2822228029E-16    0.9999993471E+00    0.9999993471E+00
    2    0.3358333333E+01   -0.3483418059E+00    0.4644557413E+00   -0.2564943987E+00    0.0000000000E+00    0.0000000000E+00    0.0000000000E+00    0.0000000000E+00    0.0000000000E+00    0.0000000000E+00    0.5737246780E-13    0.5737246780E-13    0.9999964930E+00    0.9999964930E+00
    3    0.3358333333E+01    0.4644557413E+00   -0.3483418059E+00   -0.2565807926E+00    0.0000000000E+00    0.0000000000E+00    0.0000000000E+00    0.0000000000E+00    0.0000000000E+00    0.0000000000E+00    0.3275654203E-13    0.3275654203E-13    0.9999967108E+00    0.9999967108E+00
    4    0.3358333333E+01    0.4644557413E+00    0.4644557413E+00    0.4685788051E+00    0.0000000000E+00    0.0000000000E+00    0.0000000000E+00    0.0000000000E+00    0.0000000000E+00    0.0000000000E+00    0.5376789602E-14    0.5376789687E-14    0.9999988178E+00    0.9999988178E+00
    5    0.3358333333E+01    0.4644557413E+00    0.4644557413E+00    0.5411073227E+00    0.0000000000E+00    0.0000000000E+00    0.0000000000E+00    0.0000000000E+00    0.0000000000E+00    0.0000000000E+00    0.5096686191E-14    0.5096686201E-14    0.9999989256E+00    0.9999989256E+00
    6    0.3358333333E+01   -0.3483418059E+00    0.4644557413E+00   -0.5075047116E+00    0.0000000000E+00    0.0000000000E+00    0.0000000000E+00    0.0000000000E+00    0.0000000000E+00    0.0000000000E+00    0.2289795561E-12    0.2289795561E-12    0.9999946851E+00    0.9999946851E+00
    7    0.3358333333E+01    0.4644557413E+00   -0.3483418059E+00   -0.5119515280E+00    0.0000000000E+00    0.0000000000E+00    0.0000000000E+00    0.0000000000E+00    0.0000000000E+00    0.0000000000E+00    0.1446426037E-11    0.1446426037E-11    0.9999942086E+00    0.9999942086E+00
    1    0.3616666667E+01    0.4644557413E+00    0.4644557413E+00    0.2293583309E+00    0.0000000000E+00    0.0000000000E+00    0.0000000000E+00    0.0000000000E+00    0.0000000000E+00    0.0000000000E+00    0.2678833802E-14    0.2678833823E-14    0.9999993280E+00    0.9999993280E+00
    2    0.3616666667E+01   -0.3483418059E+00    0.4644557413E+00   -0.8662007997E-01    0.0000000000E+00    0.0000000000E+00    0.0000000000E+00    0.0000000000E+00    0.0000000000E+00    0.0000000000E+00    0.3471697349E-11    0.3471697349E-11    0.9999940075E+00    0.9999940075E+00
    3    0.3616666667E+01    0.4644557413E+00   -0.3483418059E+00   -0.9444180240E-01    0.0000000000E+00    0.0000000000E+00    0.0000000000E+00    0.0000000000E+00    0.0000000000E+00    0.0000000000E+00    0.2444388858E-11    0.2444388858E-11    0.9999944886E+00    0.9999944886E+00
    4    0.3616666667E+01    0.4644557413E+00    0.4644557413E+00    0.5261576338E+00    0.0000000000E+00    0.0000000000E+00    0.0000000000E+00    0.0000000000E+00    0.0000000000E+00    0.0000000000E+00    0.4863131267E-13    0.4863131268E-13    0.9999984489E+00    0.9999984489E+00
    5    0.3616666667E+01   -0.3483418059E+00    0.4644557413E+00   -0.4007679543E+00    0.0000000000E+00    0.0000000000E+00    0.0000000000E+00    0.0000000000E+00    0.0000000000E+00    0.0000000000E+00    0.3409211274E-13    0.3409211279E-13    0.9999975717E+00    0.9999975717E+00
    6    0.3616666667E+01    0.4644557413E+00   -0.3483418059E+00   -0.3961451356E+00    0.0000000000E+00    0.0000000000E+00    0.0000000000E+00    0.0000000000E+00    0.0000000000E+00    0.0000000000E+00    0.1694107503E-13    0.1694107503E-13    0.9999976210E+00    0.9999976210E+00
    7    0.3616666667E+01   -0.3483418059E+00    0.4644557413E+00   -0.3723695815E+00    0.0000000000E+00    0.0000000000E+00    0.0000000000E+00    0.0000000000E+00    0.0000000000E+00    0.0000000000E+00    0.2423303522E-12    0.2423303522E-12    0.9999975495E+00    0.9999975495E+00
    8    0.3616666667E+01    0.4644557413E+00   -0.3483418059E+00   -0.3734388364E+00    0.0000000000E+00    0.0000000000E+00    0.0000000000E+00    0.0000000000E+00    0.0000000000E+00    0.0000000000E+00    0.2184106396E-13    0.2184106397E-13    0.9999976287E+00    0.9999976287E+00
    9    0.3616666667E+01    0.4644557413E+00    0.4644557413E+00   -0.5562265780E+00    0.0000000000E+00    0.0000000000E+00    0.0000000000E+00    0.0000000000E+00    0.0000000000E+00    0.0000000000E+00    0.5125558899E-13    0.5125558900E-13    0.9999985982E+00    0.9999985982E+00
   10    0.3616666667E+01    0.4644557413E+00   -0.3483418059E+00   -0.5582608339E+00    0.0000000000E+00    0.0000000000E+00    0.0000000000E+00    0.0000000000E+00    0.0000000000E+00    0.0000000000E+00    0.4204335518E-13    0.4204335519E-13    0.9999981309E+00    0.9999981309E+00
   11    0.3616666667E+01   -0.3483418059E+00    0.4644557413E+00   -0.5575966036E+00    0.0000000000E+00    0.0000000000E+00    0.0000000000E+00    0.0000000000E+00    0.0000000000E+00    0.0000000000E+00    0.2685081107E-12    0.2685081109E-12    0.9999980017E+00    0.9999980017E+00
    1    0.3875000000E+01    0.4644557413E+00    0.4644557413E+00    0.2564625888E+00    0.0000000000E+00    0.0000000000E+00    0.0000000000E+00    0.0000000000E+00    0.0000000000E+00    0.0000000000E+00    0.3025604258E-14    0.3025605051E-14    0.9999992745E+00    0.9999992745E+00
    2    0.3875000000E+01    0.4644557413E+00    0.4644557413E+00   -0.5572814987E+00    0.0000000000E+00    0.0000000000E+00    0.0000000000E+00    0.0000000000E+00    0.0000000000E+00    0.0000000000E+00    0.7811146529E-13    0.7811146529E-13    0.9999979319E+00    0.9999979319E+00
    3    0.3875000000E+01   -0.3483418059E+00    0.4644557413E+00   -0.2755291344E+00    0.0000000000E+00    0.0000000000E+00    0.0000000000E+00    0.0000000000E+00    0.0000000000E+00    0.0000000000E+00    0.7808410986E-13    0.7808410990E-13    0.9999974999E+00    0.9999974999E+00
    4    0.3875000000E+01    0.4644557413E+00   -0.3483418059E+00   -0.2772209839E+00    0.0000000000E+00    0.0000000000E+00    0.0000000000E+00    0.0000000000E+00    0.0000000000E+00    0.0000000000E+00    0.4164561248E-13    0.4164561248E-13    0.9999975561E+00    0.9999975561E+00
    5    0.3875000000E+01   -0.3483418059E+00    0.4644557413E+00   -0.3256771901E+00    0.0000000000E+00    0.0000000000E+00    0.0000000000E+00    0.0000000000E+00    0.0000000000E+00    0.0000000000E+00    0.3235016566E-13    0.3235016570E-13    0.9999983393E+00    0.9999983393E+00
    6    0.3875000000E+01    0.4644557413E+00   -0.3483418059E+00   -0.3219107215E+00    0.0000000000E+00    0.0000000000E+00    0.0000000000E+00    0.0000000000E+00    0.0000000000E+00    0.0000000000E+00    0.1993454357E-13    0.1993454357E-13    0.9999983631E+00    0.9999983631E+00
    7    0.3875000000E+01    0.4644557413E+00    0.4644557413E+00   -0.4973613633E+00    0.0000000000E+00    0.0000000000E+00    0.0000000000E+00    0.0000000000E+00    0.0000000000E+00    0.0000000000E+00    0.8222081237E-14    0.8222081266E-14    0.9999983561E+00    0.9999983561E+00
    8    0.3875000000E+01   -0.3483418059E+00    0.4644557413E+00   -0.4924391616E+00    0.0000000000E+00    0.0000000000E+00    0.0000000000E+00    0.0000000000E+00    0.0000000000E+00    0.0000000000E+00    0.2202697514E-14    0.2202698156E-14    0.9999985730E+00    0.9999985730E+00
    9    0.3875000000E+01    0.4644557413E+00   -0.3483418059E+00   -0.4939969559E+00    0.0000000000E+00    0.0000000000E+00    0.0000000000E+00    0.0000000000E+00    0.0000000000E+00    0.0000000000E+00    0.1908362628E-14    0.1908362764E-14    0.9999985359E+00    0.9999985359E+00
    1    0.4133333333E+01    0.4644557413E+00    0.4644557413E+00    0.2831407723E+00    0.0000000000E+00    0.0000000000E+00    0.0000000000E+00    0.0000000000E+00    0.0000000000E+00    0.0000000000E+00    0.2940393362E-14    0.2940393373E-14    0.9999992320E+00    0.9999992320E+00
    2    0.4133333333E+01    0.4644557413E+00    0.4644557413E+00   -0.4635363547E+00    0.0000000000E+00    0.0000000000E+00    0.0000000000E+00    0.0000000000E+00    0.0000000000E+00    0.0000000000E+00    0.1990840263E-13    0.1990840277E-13    0.9999968256E+00    0.9999968256E+00
    3    0.4133333333E+01    0.4644557413E+00    0.4644557413E+00   -0.4229216162E+00    0.0000000000E+00    0.0000000000E+00    0.0000000000E+00    0.0000000000E+00    0.0000000000E+00    0.0000000000E+00    0.1303159774E-13    0.1303159801E-13    0.9999976928E+00    0.9999976928E+00
    4    0.4133333333E+01   -0.3483418059E+00    0.4644557413E+00   -0.4384891777E+00    0.0000000000E+00    0.0000000000E+00    0.0000000000E+00    0.0000000000E+00    0.0000000000E+00    0.0000000000E+00    0.2112846009E-13    0.2112846014E-13    0.9999986240E+00    0.9999986240E+00
    5    0.4133333333E+01    0.4644557413E+00   -0.3483418059E+00   -0.4398708232E+00    0.0000000000E+00    0.0000000000E+00    0.0000000000E+00    0.0000000000E+00    0.0000000000E+00    0.0000000000E+00    0.8988666697E-14    0.8988666725E-14    0.9999986139E+00    0.9999986139E+00
    6    0.4133333333E+01    0.4644557413E+00   -0.3483418059E+00   -0.1740539142E+00    0.0000000000E+00    0.0000000000E+00    0.0000000000E+00    0.0000000000E+00    0.0000000000E+00    0.0000000000E+00    0.1747434850E-13    0.1747434854E-13    0.9999967307E+00    0.9999967307E+00
    7    0.4133333333E+01   -0.3483418059E+00    0.4644557413E+00   -0.1703061125E+00    0.0000000000E+00    0.0000000000E+00    0.0000000000E+00    0.0000000000E+00    0.0000000000E+00    0.0000000000E+00    0.3911039753E-13    0.3911039754E-13    0.9999966351E+00    0.9999966351E+00
    8    0.4133333333E+01   -0.3483418059E+00    0.4644557413E+00   -0.2665695564E+00    0.0000000000E+00    0.0000000000E+00    0.0000000000E+00    0.0000000000E+00    0.0000000000E+00    0.0000000000E+00    0.4453031584E-14    0.4453031585E-14    0.9999984954E+00    0.9999984954E+00
    9    0.4133333333E+01    0.4644557413E+00   -0.3483418059E+00   -0.2631947175E+00    0.0000000000E+00    0.0000000000E+00    0.0000000000E+00    0.0000000000E+00    0.0000000000E+00    0.0000000000E+00    0.3499431675E-14    0.3499431691E-14    0.9999985118E+00    0.9999985118E+00
    1    0.4391666667E+01    0.4644557413E+00    0.4644557413E+00    0.3097693486E+00    0.0000000000E+00    0.0000000000E+00    0.0000000000E+00    0.0000000000E+00    0.0000000000E+00    0.0000000000E+00    0.1348334599E-17    0.1348334599E-17    0.2050985382E-04    0.2050985382E-04
    2    0.4391666667E+01   -0.3483418059E+00   -0.3483418059E+00    0.9893075570E-01    0.0000000000E+00    0.0000000000E+00    0.0000000000E+00    0.0000000000E+00    0.0000000000E+00    0.0000000000E+00    0.2321276821E-11    0.2321276821E-11    0.9999934205E+00    0.9999934205E+00
    3    0.4391666667E+01   -0.3483418059E+00   -0.3483418059E+00    0.7636021609E-01    0.0000000000E+00    0.0000000000E+00    0.0000000000E+00    0.0000000000E+00    0.0000000000E+00    0.0000000000E+00    0.2079842686E-11    0.2079842686E-11    0.9999953748E+00    0.9999953748E+00
    4    0.4391666667E+01   -0.3483418059E+00    0.4644557413E+00   -0.3893463510E+00    0.0000000000E+00    0.0000000000E+00    0.0000000000E+00    0.0000000000E+00    0.0000000000E+00    0.0000000000E+00    0.6084625134E-14    0.6084625140E-14    0.9999986288E+00    0.9999986288E+00
    5    0.4391666667E+01    0.4644557413E+00   -0.3483418059E+00   -0.3902713894E+00    0.0000000000E+00    0.0000000000E+00    0.0000000000E+00    0.0000000000E+00    0.0000000000E+00    0.0000000000E+00    0.7663385839E-14    0.7663385839E-14    0.9999986074E+00    0.9999986074E+00
    6    0.4391666667E+01    0.4644557413E+00    0.4644557413E+00   -0.3097693592E+00    0.0000000000E+00    0.0000000000E+00    0.0000000000E+00    0.0000000000E+00    0.0000000000E+00    0.0000000000E+00    0.3002929404E-17    0.3002929404E-17    0.6312136843E-05    0.6312136843E-05
    7    0.4391666667E+01    0.4644557413E+00    0.4644557413E+00   -0.2697446173E+00    0.0000000000E+00    0.0000000000E+00    0.0000000000E+00    0.0000000000E+00    0.0000000000E+00    0.0000000000E+00    0.2726941827E-15    0.2726941836E-15    0.9999622797E+00    0.9999622797E+00
    8    0.4391666667E+01   -0.3483418059E+00    0.4644557413E+00   -0.2141503307E+00    0.0000000000E+00    0.0000000000E+00    0.0000000000E+00    0.0000000000E+00    0.0000000000E+00    0.0000000000E+00    0.6808889381E-14    0.6808889395E-14    0.9999985264E+00    0.9999985264E+00
    9    0.4391666667E+01    0.4644557413E+00   -0.3483418059E+00   -0.2113041581E+00    0.0000000000E+00    0.0000000000E+00    0.0000000000E+00    0.0000000000E+00    0.0000000000E+00    0.0000000000E+00    0.8070085916E-14    0.8070085916E-14    0.9999985505E+00    0.9999985505E+00
    1    0.4650000000E+01   -0.3483418059E+00   -0.3483418059E+00    0.3173694144E+00    0.0000000000E+00    0.0000000000E+00    0.0000000000E+00    0.0000000000E+00    0.0000000000E+00    0.0000000000E+00    0.3837138868E-13    0.3837138868E-13    0.9999972362E+00    0.9999972362E+00
    2    0.4650000000E+01    0.4644557413E+00    0.4644557413E+00    0.3356338749E+00    0.0000000000E+00    0.0000000000E+00    0.0000000000E+00    0.0000000000E+00    0.0000000000E+00    0.0000000000E+00    0.8292464337E-15    0.8292464370E-15    0.9999992013E+00    0.9999992013E+00
    3    0.4650000000E+01   -0.3483418059E+00   -0.3483418059E+00    0.2063929975E+00    0.0000000000E+00    0.0000000000E+00    0.0000000000E+00    0.0000000000E+00    0.0000000000E+00    0.0000000000E+00    0.2614041252E-13    0.2614041252E-13    0.9999974048E+00    0.9999974048E+00
    4    0.4650000000E+01   -0.3483418059E+00   -0.3483418059E+00    0.1725152752E+00    0.0000000000E+00    0.0000000000E+00    0.0000000000E+00    0.0000000000E+00    0.0000000000E+00    0.0000000000E+00    0.2517129448E-13    0.2517129448E-13    0.9999976584E+00    0.9999976584E+00
    5    0.4650000000E+01   -0.3483418059E+00   -0.3483418059E+00    0.2016807975E-01    0.0000000000E+00    0.0000000000E+00    0.0000000000E+00    0.0000000000E+00    0.0000000000E+00    0.0000000000E+00    0.5324288200E-13    0.5324288200E-13    0.9999971543E+00    0.9999971543E+00
    6    0.4650000000E+01   -0.3483418059E+00    0.4644557413E+00   -0.1641199942E+00    0.0000000000E+00    0.0000000000E+00    0.0000000000E+00    0.0000000000E+00    0.0000000000E+00    0.0000000000E+00    0.8812684602E-14    0.8812684605E-14    0.9999984747E+00    0.9999984747E+00
    7    0.4650000000E+01    0.4644557413E+00   -0.3483418059E+00   -0.1619993950E+00    0.0000000000E+00    0.0000000000E+00    0.0000000000E+00    0.0000000000E+00    0.0000000000E+00    0.0000000000E+00    0.9127306915E-14    0.9127306916E-14    0.9999984909E+00    0.9999984909E+00
    8    0.4650000000E+01   -0.3483418059E+00    0.4644557413E+00   -0.3426360334E+00   -0.3483418059E+00    0.4644557413E+00   -0.3426360334E+00   -0.4501641884E+01    0.1290358642E+01   -0.3998492498E+01    0.5036354114E-14    0.5036354114E-14    0.9999985790E+00    0.9999985790E+00
    9    0.4650000000E+01    0.4644557413E+00   -0.3483418059E+00   -0.3429996586E+00    0.4644557413E+00   -0.3483418059E+00   -0.3429996586E+00    0.1298772695E+01   -0.4487986063E+01   -0.4002238900E+01    0.6167007423E-14    0.6167007423E-14    0.9999985707E+00    0.9999985707E+00
    1    0.4908333333E+01   -0.3483418059E+00   -0.3483418059E+00    0.9982306555E-01    0.0000000000E+00    0.0000000000E+00    0.0000000000E+00    0.0000000000E+00    0.0000000000E+00    0.0000000000E+00    0.3905214872E-13    0.3905214872E-13    0.9999977019E+00    0.9999977019E+00
    2    0.4908333333E+01   -0.3483418059E+00   -0.3483418059E+00    0.2415847710E+00    0.0000000000E+00    0.0000000000E+00    0.0000000000E+00    0.0000000000E+00    0.0000000000E+00    0.0000000000E+00    0.5127017219E-13    0.5127017219E-13    0.9999978933E+00    0.9999978933E+00
    3    0.4908333333E+01   -0.3483418059E+00   -0.3483418059E+00    0.2811531272E+00    0.0000000000E+00    0.0000000000E+00    0.0000000000E+00    0.0000000000E+00    0.0000000000E+00    0.0000000000E+00    0.4045103075E-13    0.4045103075E-13    0.9999978095E+00    0.9999978095E+00
    4    0.4908333333E+01   -0.3483418059E+00   -0.3483418059E+00    0.3963676863E+00    0.0000000000E+00    0.0000000000E+00    0.0000000000E+00    0.0000000000E+00    0.0000000000E+00    0.0000000000E+00    0.6050637757E-13    0.6050637757E-13    0.9999976779E+00    0.9999976779E+00
    5    0.4908333333E+01    0.4644557413E+00    0.4644557413E+00    0.3616317683E+00    0.0000000000E+00    0.0000000000E+00    0.0000000000E+00    0.0000000000E+00    0.0000000000E+00    0.0000000000E+00    0.2248149193E-15    0.2248149196E-15    0.9999991613E+00    0.9999991613E+00
    6    0.4908333333E+01   -0.3483418059E+00    0.4644557413E+00   -0.1118425445E+00    0.0000000000E+00    0.0000000000E+00    0.0000000000E+00    0.0000000000E+00    0.0000000000E+00    0.0000000000E+00    0.8914802531E-13    0.8914802531E-13    0.9999982013E+00    0.9999982013E+00
    7    0.4908333333E+01    0.4644557413E+00   -0.3483418059E+00   -0.1107257469E+00    0.0000000000E+00    0.0000000000E+00    0.0000000000E+00    0.0000000000E+00    0.0000000000E+00    0.0000000000E+00    0.8254919369E-13    0.8254919369E-13    0.9999982267E+00    0.9999982267E+00
    8    0.4908333333E+01   -0.3483418059E+00    0.4644557413E+00   -0.2969239009E+00    0.0000000000E+00    0.0000000000E+00    0.0000000000E+00    0.0000000000E+00    0.0000000000E+00    0.0000000000E+00    0.2149236550E-14    0.2149236551E-14    0.9999985087E+00    0.9999985087E+00
    9    0.4908333333E+01    0.4644557413E+00   -0.3483418059E+00   -0.2967137160E+00    0.0000000000E+00    0.0000000000E+00    0.0000000000E+00    0.0000000000E+00    0.0000000000E+00    0.0000000000E+00    0.2740324646E-14    0.2740324647E-14    0.9999985055E+00    0.9999985055E+00
    1    0.5166666667E+01   -0.3483418059E+00   -0.3483418059E+00    0.1666134680E+00    0.0000000000E+00    0.0000000000E+00    0.0000000000E+00    0.0000000000E+00    0.0000000000E+00    0.0000000000E+00    0.4035035840E-13    0.4035035840E-13    0.9999978189E+00    0.9999978189E+00
    2    0.5166666667E+01   -0.3483418059E+00   -0.3483418059E+00    0.4668517742E+00    0.0000000000E+00    0.0000000000E+00    0.0000000000E+00    0.0000000000E+00    0.0000000000E+00    0.0000000000E+00    0.2948997168E-13    0.2948997168E-13    0.9999975666E+00    0.9999975666E+00
    3    0.5166666667E+01   -0.3483418059E+00   -0.3483418059E+00    0.3066473512E+00    0.0000000000E+00    0.0000000000E+00    0.0000000000E+00    0.0000000000E+00    0.0000000000E+00    0.0000000000E+00    0.3391309933E-13    0.3391309933E-13    0.9999977414E+00    0.9999977414E+00
    4    0.5166666667E+01   -0.3483418059E+00   -0.3483418059E+00    0.3452670056E+00    0.0000000000E+00    0.0000000000E+00    0.0000000000E+00    0.0000000000E+00    0.0000000000E+00    0.0000000000E+00    0.2173399092E-13    0.2173399092E-13    0.9999979098E+00    0.9999979098E+00
    5    0.5166666667E+01    0.4644557413E+00    0.4644557413E+00    0.3875381667E+00    0.4644557413E+00    0.4644557413E+00    0.3875381667E+00    0.1189118023E+01    0.1164111526E+01    0.4960928394E+01    0.1072226709E-16    0.1072226877E-16    0.9999991197E+00    0.9999991197E+00
    6    0.5166666667E+01   -0.3483418059E+00    0.4644557413E+00   -0.3942825936E-01    0.0000000000E+00    0.0000000000E+00    0.0000000000E+00    0.0000000000E+00    0.0000000000E+00    0.0000000000E+00    0.2463071375E-11    0.2463071375E-11    0.9999959603E+00    0.9999959603E+00
    7    0.5166666667E+01    0.4644557413E+00   -0.3483418059E+00   -0.4077491107E-01    0.0000000000E+00    0.0000000000E+00    0.0000000000E+00    0.0000000000E+00    0.0000000000E+00    0.0000000000E+00    0.2114544117E-11    0.2114544117E-11    0.9999961913E+00    0.9999961913E+00
    8    0.5166666667E+01   -0.3483418059E+00    0.4644557413E+00   -0.2509696935E+00    0.0000000000E+00    0.0000000000E+00    0.0000000000E+00    0.0000000000E+00    0.0000000000E+00    0.0000000000E+00    0.3913816893E-13    0.3913816893E-13    0.9999983788E+00    0.9999983788E+00
    9    0.5166666667E+01    0.4644557413E+00   -0.3483418059E+00   -0.2502396368E+00    0.0000000000E+00    0.0000000000E+00    0.0000000000E+00    0.0000000000E+00    0.0000000000E+00    0.0000000000E+00    0.1284977080E-13    0.1284977080E-13    0.9999983967E+00    0.9999983967E+00
    1    0.5425000000E+01   -0.3483418059E+00   -0.3483418059E+00    0.2295514823E+00    0.0000000000E+00    0.0000000000E+00    0.0000000000E+00    0.0000000000E+00    0.0000000000E+00    0.0000000000E+00    0.2772068611E-13    0.2772068613E-13    0.9999977368E+00    0.9999977368E+00
    2    0.5425000000E+01   -0.3483418059E+00   -0.3483418059E+00    0.5455067684E+00    0.0000000000E+00    0.0000000000E+00    0.0000000000E+00    0.0000000000E+00    0.0000000000E+00    0.0000000000E+00    0.5322856259E-12    0.5322856265E-12    0.9999966466E+00    0.9999966466E+00
    3    0.5425000000E+01   -0.3483418059E+00    0.4644557413E+00   -0.2032056382E+00    0.0000000000E+00    0.0000000000E+00    0.0000000000E+00    0.0000000000E+00    0.0000000000E+00    0.0000000000E+00    0.6397826497E-15    0.6397828976E-15    0.9999982349E+00    0.9999982349E+00
    4    0.5425000000E+01    0.4644557413E+00   -0.3483418059E+00   -0.2020643793E+00    0.0000000000E+00    0.0000000000E+00    0.0000000000E+00    0.0000000000E+00    0.0000000000E+00    0.0000000000E+00    0.5483414528E-15    0.5483414533E-15    0.9999982227E+00    0.9999982227E+00
    5    0.5425000000E+01   -0.3483418059E+00   -0.3483418059E+00    0.3815051649E+00    0.0000000000E+00    0.0000000000E+00    0.0000000000E+00    0.0000000000E+00    0.0000000000E+00    0.0000000000E+00    0.4888781013E-12    0.4888781013E-12    0.9999968162E+00    0.9999968162E+00
    6    0.5425000000E+01   -0.3483418059E+00   -0.3483418059E+00    0.4060200108E+00    0.0000000000E+00    0.0000000000E+00    0.0000000000E+00    0.0000000000E+00    0.0000000000E+00    0.0000000000E+00    0.2685298453E-13    0.2685298453E-13    0.9999978317E+00    0.9999978317E+00
    7    0.5425000000E+01    0.4644557413E+00    0.4644557413E+00    0.4134051619E+00    0.0000000000E+00    0.0000000000E+00    0.0000000000E+00    0.0000000000E+00    0.0000000000E+00    0.0000000000E+00    0.5151659052E-15    0.5151659054E-15    0.9999990766E+00    0.9999990766E+00
    1    0.5683333333E+01   -0.3483418059E+00   -0.3483418059E+00    0.2943414265E+00    0.0000000000E+00    0.0000000000E+00    0.0000000000E+00    0.0000000000E+00    0.0000000000E+00    0.0000000000E+00    0.2002324636E-15    0.2026645849E-15    0.9999974462E+00    0.9999974462E+00
    2    0.5683333333E+01   -0.3483418059E+00   -0.3483418059E+00    0.4687674228E+00    0.0000000000E+00    0.0000000000E+00    0.0000000000E+00    0.0000000000E+00    0.0000000000E+00    0.0000000000E+00    0.1460082961E-13    0.1460083217E-13    0.9999975311E+00    0.9999975311E+00
    3    0.5683333333E+01    0.4644557413E+00    0.4644557413E+00    0.4392776134E+00    0.0000000000E+00    0.0000000000E+00    0.0000000000E+00    0.0000000000E+00    0.0000000000E+00    0.0000000000E+00    0.1561159695E-14    0.1561159698E-14    0.9999990319E+00    0.9999990319E+00
    4    0.5683333333E+01   -0.3483418059E+00    0.4644557413E+00   -0.1506580614E+00    0.0000000000E+00    0.0000000000E+00    0.0000000000E+00    0.0000000000E+00    0.0000000000E+00    0.0000000000E+00    0.2789113233E-13    0.4744039242E-13    0.9999978726E+00    0.9999978726E+00
    5    0.5683333333E+01    0.4644557413E+00   -0.3483418059E+00   -0.1492607064E+00    0.0000000000E+00    0.0000000000E+00    0.0000000000E+00    0.0000000000E+00    0.0000000000E+00    0.0000000000E+00    0.3105834609E-13    0.3105834609E-13    0.9999978663E+00    0.9999978663E+00
    1    0.5941666667E+01   -0.3483418059E+00   -0.3483418059E+00    0.3714766795E+00    0.0000000000E+00    0.0000000000E+00    0.0000000000E+00    0.0000000000E+00    0.0000000000E+00    0.0000000000E+00    0.5029961657E-12    0.5029961725E-12    0.9999963701E+00    0.9999963701E+00
    2    0.5941666667E+01   -0.3483418059E+00   -0.3483418059E+00    0.5439965928E+00    0.0000000000E+00    0.0000000000E+00    0.0000000000E+00    0.0000000000E+00    0.0000000000E+00    0.0000000000E+00    0.5184846248E-12    0.5184846249E-12    0.9999964491E+00    0.9999964491E+00
    3    0.5941666667E+01    0.4644557413E+00    0.4644557413E+00    0.4651959605E+00    0.0000000000E+00    0.0000000000E+00    0.0000000000E+00    0.0000000000E+00    0.0000000000E+00    0.0000000000E+00    0.2523016515E-14    0.2523016674E-14    0.9999989856E+00    0.9999989856E+00
    4    0.5941666667E+01   -0.3483418059E+00    0.4644557413E+00   -0.8326220446E-01    0.0000000000E+00    0.0000000000E+00    0.0000000000E+00    0.0000000000E+00    0.0000000000E+00    0.0000000000E+00    0.8863289549E-12    0.8863289550E-12    0.9999966157E+00    0.9999966157E+00
    5    0.5941666667E+01    0.4644557413E+00   -0.3483418059E+00   -0.8174000111E-01    0.0000000000E+00    0.0000000000E+00    0.0000000000E+00    0.0000000000E+00    0.0000000000E+00    0.0000000000E+00    0.9304325802E-12    0.9304325817E-12    0.9999966061E+00    0.9999966061E+00
    1    0.6200000000E+01    0.4644557413E+00    0.4644557413E+00    0.4911977576E+00    0.0000000000E+00    0.0000000000E+00    0.0000000000E+00    0.0000000000E+00    0.0000000000E+00    0.0000000000E+00    0.2739969965E-14    0.2739969965E-14    0.9999989376E+00    0.9999989376E+00
    1    0.6458333333E+01    0.4644557413E+00    0.4644557413E+00    0.5173188163E+00    0.0000000000E+00    0.0000000000E+00    0.0000000000E+00    0.0000000000E+00    0.0000000000E+00    0.0000000000E+00    0.2054478263E-14    0.2054478263E-14    0.9999988871E+00    0.9999988871E+00
    1    0.6716666667E+01    0.4644557413E+00    0.4644557413E+00    0.5435941531E+00    0.0000000000E+00    0.0000000000E+00    0.0000000000E+00    0.0000000000E+00    0.0000000000E+00    0.0000000000E+00    0.8286368557E-15    0.8286368557E-15    0.9999988359E+00    0.9999988359E+00
    1    0.6975000000E+01    0.4644557413E+00    0.4644557413E+00    0.5700593761E+00    0.0000000000E+00    0.0000000000E+00    0.0000000000E+00    0.0000000000E+00    0.0000000000E+00    0.0000000000E+00    0.1982324538E-15    0.1982324538E-15    0.9999987816E+00    0.9999987816E+00
    1    0.7233333333E+01    0.4644557413E+00    0.4644557413E+00   -0.5527215051E+00    0.0000000000E+00    0.0000000000E+00    0.0000000000E+00    0.0000000000E+00    0.0000000000E+00    0.0000000000E+00    0.5287186725E-15    0.5287186725E-15    0.9999987253E+00    0.9999987253E+00
    1    0.7491666667E+01    0.4644557413E+00    0.4644557413E+00   -0.5257698408E+00    0.0000000000E+00    0.0000000000E+00    0.0000000000E+00    0.0000000000E+00    0.0000000000E+00    0.0000000000E+00    0.2018040639E-14    0.2018040640E-14    0.9999986661E+00    0.9999986661E+00
    2    0.7491666667E+01   -0.3483418059E+00    0.4644557413E+00    0.4309890782E-01    0.0000000000E+00    0.0000000000E+00    0.0000000000E+00    0.0000000000E+00    0.0000000000E+00    0.0000000000E+00    0.3329919527E-11    0.3329919527E-11    0.9999951914E+00    0.9999951914E+00
    3    0.7491666667E+01    0.4644557413E+00   -0.3483418059E+00    0.4515779669E-01    0.0000000000E+00    0.0000000000E+00    0.0000000000E+00    0.0000000000E+00    0.0000000000E+00    0.0000000000E+00    0.2812241686E-11    0.2812241686E-11    0.9999955220E+00    0.9999955220E+00
    1    0.7750000000E+01    0.4644557413E+00    0.4644557413E+00   -0.4985168371E+00    0.0000000000E+00    0.0000000000E+00    0.0000000000E+00    0.0000000000E+00    0.0000000000E+00    0.0000000000E+00    0.3625842076E-14    0.3625842076E-14    0.9999986039E+00    0.9999986039E+00
    2    0.7750000000E+01   -0.3483418059E+00    0.4644557413E+00    0.1061384488E+00    0.0000000000E+00    0.0000000000E+00    0.0000000000E+00    0.0000000000E+00    0.0000000000E+00    0.0000000000E+00    0.2236845884E-12    0.2236845884E-12    0.9999975008E+00    0.9999975008E+00
    3    0.7750000000E+01    0.4644557413E+00   -0.3483418059E+00    0.1059832809E+00    0.0000000000E+00    0.0000000000E+00    0.0000000000E+00    0.0000000000E+00    0.0000000000E+00    0.0000000000E+00    0.2189827333E-12    0.2189827334E-12    0.9999975508E+00    0.9999975508E+00
    1    0.8008333333E+01    0.4644557413E+00    0.4644557413E+00   -0.4709202867E+00    0.0000000000E+00    0.0000000000E+00    0.0000000000E+00    0.0000000000E+00    0.0000000000E+00    0.0000000000E+00    0.4145489745E-14    0.4145489745E-14    0.9999985383E+00    0.9999985383E+00
    2    0.8008333333E+01   -0.3483418059E+00    0.4644557413E+00    0.1508290500E+00    0.0000000000E+00    0.0000000000E+00    0.0000000000E+00    0.0000000000E+00    0.0000000000E+00    0.0000000000E+00    0.2317623300E-13    0.2317623300E-13    0.9999978057E+00    0.9999978057E+00
    3    0.8008333333E+01    0.4644557413E+00   -0.3483418059E+00    0.1499578490E+00    0.0000000000E+00    0.0000000000E+00    0.0000000000E+00    0.0000000000E+00    0.0000000000E+00    0.0000000000E+00    0.2508782886E-13    0.2508782886E-13    0.9999978339E+00    0.9999978339E+00
    1    0.8266666667E+01    0.4644557413E+00    0.4644557413E+00   -0.4429344159E+00    0.0000000000E+00    0.0000000000E+00    0.0000000000E+00    0.0000000000E+00    0.0000000000E+00    0.0000000000E+00    0.3062659625E-14    0.3062659625E-14    0.9999984688E+00    0.9999984688E+00
    2    0.8266666667E+01   -0.3483418059E+00    0.4644557413E+00    0.1910590781E+00    0.0000000000E+00    0.0000000000E+00    0.0000000000E+00    0.0000000000E+00    0.0000000000E+00    0.0000000000E+00    0.1801023491E-17    0.1801023494E-17    0.9999978724E+00    0.9999978724E+00
    3    0.8266666667E+01    0.4644557413E+00   -0.3483418059E+00    0.1897579472E+00    0.0000000000E+00    0.0000000000E+00    0.0000000000E+00    0.0000000000E+00    0.0000000000E+00    0.0000000000E+00    0.2503782144E-16    0.2503782145E-16    0.9999978910E+00    0.9999978910E+00
    1    0.8525000000E+01    0.4644557413E+00    0.4644557413E+00   -0.4145090154E+00    0.0000000000E+00    0.0000000000E+00    0.0000000000E+00    0.0000000000E+00    0.0000000000E+00    0.0000000000E+00    0.1132806687E-14    0.1132806689E-14    0.9999983950E+00    0.9999983950E+00
    2    0.8525000000E+01   -0.3483418059E+00    0.4644557413E+00    0.2297724464E+00    0.0000000000E+00    0.0000000000E+00    0.0000000000E+00    0.0000000000E+00    0.0000000000E+00    0.0000000000E+00    0.4247878046E-14    0.4247878046E-14    0.9999978465E+00    0.9999978465E+00
    3    0.8525000000E+01    0.4644557413E+00   -0.3483418059E+00    0.2281994606E+00    0.0000000000E+00    0.0000000000E+00    0.0000000000E+00    0.0000000000E+00    0.0000000000E+00    0.0000000000E+00    0.5018305964E-14    0.5018305969E-14    0.9999978581E+00    0.9999978581E+00
    1    0.8783333333E+01    0.4644557413E+00    0.4644557413E+00   -0.3855884966E+00    0.0000000000E+00    0.0000000000E+00    0.0000000000E+00    0.0000000000E+00    0.0000000000E+00    0.0000000000E+00    0.7872491773E-17    0.7872492658E-17    0.9999983162E+00    0.9999983162E+00
    2    0.8783333333E+01   -0.3483418059E+00    0.4644557413E+00    0.2683200488E+00    0.0000000000E+00    0.0000000000E+00    0.0000000000E+00    0.0000000000E+00    0.0000000000E+00    0.0000000000E+00    0.6049408294E-14    0.6049408294E-14    0.9999977626E+00    0.9999977626E+00
    3    0.8783333333E+01    0.4644557413E+00   -0.3483418059E+00    0.2666009458E+00    0.0000000000E+00    0.0000000000E+00    0.0000000000E+00    0.0000000000E+00    0.0000000000E+00    0.0000000000E+00    0.9025278275E-14    0.9025278277E-14    0.9999977676E+00    0.9999977676E+00
    1    0.9041666667E+01    0.4644557413E+00    0.4644557413E+00   -0.3561107960E+00    0.0000000000E+00    0.0000000000E+00    0.0000000000E+00    0.0000000000E+00    0.0000000000E+00    0.0000000000E+00    0.9678056782E-15    0.9678056788E-15    0.9999982317E+00    0.9999982317E+00
    2    0.9041666667E+01   -0.3483418059E+00    0.4644557413E+00    0.8806800564E-01    0.0000000000E+00    0.0000000000E+00    0.0000000000E+00    0.0000000000E+00    0.0000000000E+00    0.0000000000E+00    0.1733417929E-11    0.1733417929E-11    0.9999948114E+00    0.9999948114E+00
    3    0.9041666667E+01    0.4644557413E+00   -0.3483418059E+00    0.9221680259E-01    0.0000000000E+00    0.0000000000E+00    0.0000000000E+00    0.0000000000E+00    0.0000000000E+00    0.0000000000E+00    0.1500054833E-11    0.1500054833E-11    0.9999952004E+00    0.9999952004E+00
    4    0.9041666667E+01   -0.3483418059E+00    0.4644557413E+00    0.3076203365E+00    0.0000000000E+00    0.0000000000E+00    0.0000000000E+00    0.0000000000E+00    0.0000000000E+00    0.0000000000E+00    0.7898195236E-14    0.7898195236E-14    0.9999976364E+00    0.9999976364E+00
    5    0.9041666667E+01    0.4644557413E+00   -0.3483418059E+00    0.3058780921E+00    0.0000000000E+00    0.0000000000E+00    0.0000000000E+00    0.0000000000E+00    0.0000000000E+00    0.0000000000E+00    0.6819795870E-14    0.6819795870E-14    0.9999976192E+00    0.9999976192E+00
    1    0.9300000000E+01    0.4644557413E+00    0.4644557413E+00   -0.3260060577E+00    0.0000000000E+00    0.0000000000E+00    0.0000000000E+00    0.0000000000E+00    0.0000000000E+00    0.0000000000E+00    0.3633086616E-14    0.3633086616E-14    0.9999981407E+00    0.9999981407E+00
    2    0.9300000000E+01   -0.3483418059E+00    0.4644557413E+00    0.1575349249E+00    0.0000000000E+00    0.0000000000E+00    0.0000000000E+00    0.0000000000E+00    0.0000000000E+00    0.0000000000E+00    0.3920755109E-13    0.3920755109E-13    0.9999963288E+00    0.9999963288E+00
    3    0.9300000000E+01    0.4644557413E+00   -0.3483418059E+00    0.1584195902E+00    0.0000000000E+00    0.0000000000E+00    0.0000000000E+00    0.0000000000E+00    0.0000000000E+00    0.0000000000E+00    0.7624006417E-13    0.7624006417E-13    0.9999964608E+00    0.9999964608E+00
    4    0.9300000000E+01   -0.3483418059E+00    0.4644557413E+00    0.3485348503E+00    0.0000000000E+00    0.0000000000E+00    0.0000000000E+00    0.0000000000E+00    0.0000000000E+00    0.0000000000E+00    0.1365683599E-14    0.1365683599E-14    0.9999974476E+00    0.9999974476E+00
    5    0.9300000000E+01    0.4644557413E+00   -0.3483418059E+00    0.3469078204E+00    0.0000000000E+00    0.0000000000E+00    0.0000000000E+00    0.0000000000E+00    0.0000000000E+00    0.0000000000E+00    0.2513246570E-13    0.2513246570E-13    0.9999974190E+00    0.9999974190E+00
    1    0.9558333333E+01    0.4644557413E+00    0.4644557413E+00   -0.2951950002E+00    0.0000000000E+00    0.0000000000E+00    0.0000000000E+00    0.0000000000E+00    0.0000000000E+00    0.0000000000E+00    0.5878509542E-14    0.5878509544E-14    0.9999980421E+00    0.9999980421E+00
    2    0.9558333333E+01   -0.3483418059E+00    0.4644557413E+00    0.2138988452E+00    0.0000000000E+00    0.0000000000E+00    0.0000000000E+00    0.0000000000E+00    0.0000000000E+00    0.0000000000E+00    0.4129291623E-14    0.4129291623E-14    0.9999965831E+00    0.9999965831E+00
    3    0.9558333333E+01    0.4644557413E+00   -0.3483418059E+00    0.2133802409E+00    0.0000000000E+00    0.0000000000E+00    0.0000000000E+00    0.0000000000E+00    0.0000000000E+00    0.0000000000E+00    0.5945395854E-13    0.5945395854E-13    0.9999966620E+00    0.9999966620E+00
    4    0.9558333333E+01   -0.3483418059E+00    0.4644557413E+00    0.3921258069E+00    0.0000000000E+00    0.0000000000E+00    0.0000000000E+00    0.0000000000E+00    0.0000000000E+00    0.0000000000E+00    0.9729819676E-15    0.9729819676E-15    0.9999971634E+00    0.9999971634E+00
    5    0.9558333333E+01    0.4644557413E+00   -0.3483418059E+00    0.3907885875E+00    0.0000000000E+00    0.0000000000E+00    0.0000000000E+00    0.0000000000E+00    0.0000000000E+00    0.0000000000E+00    0.5181802153E-13    0.5181802153E-13    0.9999971250E+00    0.9999971250E+00
    1    0.9816666667E+01    0.4644557413E+00    0.4644557413E+00   -0.2635868294E+00    0.0000000000E+00    0.0000000000E+00    0.0000000000E+00    0.0000000000E+00    0.0000000000E+00    0.0000000000E+00    0.5488246636E-14    0.5488246638E-14    0.9999979347E+00    0.9999979347E+00
    2    0.9816666667E+01   -0.3483418059E+00   -0.3483418059E+00   -0.3530250345E+00    0.0000000000E+00    0.0000000000E+00    0.0000000000E+00    0.0000000000E+00    0.0000000000E+00    0.0000000000E+00    0.6294778153E-12    0.6294778153E-12    0.9999945588E+00    0.9999945588E+00
    3    0.9816666667E+01   -0.3483418059E+00   -0.3483418059E+00   -0.5315179713E+00    0.0000000000E+00    0.0000000000E+00    0.0000000000E+00    0.0000000000E+00    0.0000000000E+00    0.0000000000E+00    0.6247836431E-12    0.6247836431E-12    0.9999948799E+00    0.9999948799E+00
    4    0.9816666667E+01   -0.3483418059E+00    0.4644557413E+00    0.2679090621E+00    0.0000000000E+00    0.0000000000E+00    0.0000000000E+00    0.0000000000E+00    0.0000000000E+00    0.0000000000E+00    0.6168666170E-14    0.6168666171E-14    0.9999964715E+00    0.9999964715E+00
    5    0.9816666667E+01    0.4644557413E+00   -0.3483418059E+00    0.2666066721E+00    0.0000000000E+00    0.0000000000E+00    0.0000000000E+00    0.0000000000E+00    0.0000000000E+00    0.0000000000E+00    0.5352415805E-13    0.5352415805E-13    0.9999965147E+00    0.9999965147E+00
    6    0.9816666667E+01   -0.3483418059E+00    0.4644557413E+00    0.4400595283E+00    0.0000000000E+00    0.0000000000E+00    0.0000000000E+00    0.0000000000E+00    0.0000000000E+00    0.0000000000E+00    0.3300463132E-14    0.3300463132E-14    0.9999967223E+00    0.9999967223E+00
    7    0.9816666667E+01    0.4644557413E+00   -0.3483418059E+00    0.4392610462E+00    0.0000000000E+00    0.0000000000E+00    0.0000000000E+00    0.0000000000E+00    0.0000000000E+00    0.0000000000E+00    0.2815873881E-13    0.2815873881E-13    0.9999966682E+00    0.9999966682E+00
    1    0.1007500000E+02    0.4644557413E+00    0.4644557413E+00   -0.2310764884E+00    0.0000000000E+00    0.0000000000E+00    0.0000000000E+00    0.0000000000E+00    0.0000000000E+00    0.0000000000E+00    0.2520714891E-14    0.2520715200E-14    0.9999978170E+00    0.9999978170E+00
    2    0.1007500000E+02   -0.3483418059E+00   -0.3483418059E+00   -0.2774062838E+00    0.0000000000E+00    0.0000000000E+00    0.0000000000E+00    0.0000000000E+00    0.0000000000E+00    0.0000000000E+00    0.1249145844E-12    0.1249145844E-12    0.9999952659E+00    0.9999952659E+00
    3    0.1007500000E+02   -0.3483418059E+00   -0.3483418059E+00   -0.4623592144E+00    0.0000000000E+00    0.0000000000E+00    0.0000000000E+00    0.0000000000E+00    0.0000000000E+00    0.0000000000E+00    0.1215555087E-13    0.1215555088E-13    0.9999958593E+00    0.9999958593E+00
    4    0.1007500000E+02    0.4644557413E+00   -0.3483418059E+00    0.3235776216E+00    0.0000000000E+00    0.0000000000E+00    0.0000000000E+00    0.0000000000E+00    0.0000000000E+00    0.0000000000E+00    0.7048624453E-13    0.7048624488E-13    0.9999959365E+00    0.9999959365E+00
    5    0.1007500000E+02   -0.3483418059E+00    0.4644557413E+00    0.3251327178E+00    0.0000000000E+00    0.0000000000E+00    0.0000000000E+00    0.0000000000E+00    0.0000000000E+00    0.0000000000E+00    0.2238049121E-13    0.2238049121E-13    0.9999959433E+00    0.9999959433E+00
    6    0.1007500000E+02    0.4644557413E+00   -0.3483418059E+00    0.4959325703E+00    0.0000000000E+00    0.0000000000E+00    0.0000000000E+00    0.0000000000E+00    0.0000000000E+00    0.0000000000E+00    0.6510743130E-13    0.6510743133E-13    0.9999958206E+00    0.9999958206E+00
    7    0.1007500000E+02   -0.3483418059E+00    0.4644557413E+00    0.4957655569E+00    0.0000000000E+00    0.0000000000E+00    0.0000000000E+00    0.0000000000E+00    0.0000000000E+00    0.0000000000E+00    0.2451434006E-13    0.2451434006E-13    0.9999959067E+00    0.9999959067E+00
    1    0.1033333333E+02   -0.3483418059E+00   -0.3483418059E+00   -0.2046956570E+00    0.0000000000E+00    0.0000000000E+00    0.0000000000E+00    0.0000000000E+00    0.0000000000E+00    0.0000000000E+00    0.1116291938E-12    0.1116291945E-12    0.9999948061E+00    0.9999948061E+00
    2    0.1033333333E+02    0.4644557413E+00    0.4644557413E+00   -0.1975409138E+00    0.0000000000E+00    0.0000000000E+00    0.0000000000E+00    0.0000000000E+00    0.0000000000E+00    0.0000000000E+00    0.7162439463E-16    0.7162662339E-16    0.9999976869E+00    0.9999976869E+00
    3    0.1033333333E+02   -0.3483418059E+00   -0.3483418059E+00   -0.4021650387E+00    0.0000000000E+00    0.0000000000E+00    0.0000000000E+00    0.0000000000E+00    0.0000000000E+00    0.0000000000E+00    0.9666091348E-13    0.9666092155E-13    0.9999960196E+00    0.9999960196E+00
    4    0.1033333333E+02    0.4644557413E+00   -0.3483418059E+00    0.3970991869E+00    0.0000000000E+00    0.0000000000E+00    0.0000000000E+00    0.0000000000E+00    0.0000000000E+00    0.0000000000E+00    0.4176549041E-11    0.4176549041E-11    0.9999934691E+00    0.9999934691E+00
    5    0.1033333333E+02   -0.3483418059E+00    0.4644557413E+00    0.3976875151E+00    0.0000000000E+00    0.0000000000E+00    0.0000000000E+00    0.0000000000E+00    0.0000000000E+00    0.0000000000E+00    0.2096524806E-11    0.2096524806E-11    0.9999939896E+00    0.9999939896E+00
    6    0.1033333333E+02    0.4644557413E+00   -0.3483418059E+00    0.5737230365E+00    0.0000000000E+00    0.0000000000E+00    0.0000000000E+00    0.0000000000E+00    0.0000000000E+00    0.0000000000E+00    0.1344440940E-10    0.1344440940E-10    0.9999901344E+00    0.9999901344E+00
    7    0.1033333333E+02   -0.3483418059E+00    0.4644557413E+00    0.5716237798E+00    0.0000000000E+00    0.0000000000E+00    0.0000000000E+00    0.0000000000E+00    0.0000000000E+00    0.0000000000E+00    0.8195720986E-11    0.8195720987E-11    0.9999913303E+00    0.9999913303E+00
    1    0.1059166667E+02   -0.3483418059E+00   -0.3483418059E+00   -0.1150661318E+00    0.0000000000E+00    0.0000000000E+00    0.0000000000E+00    0.0000000000E+00    0.0000000000E+00    0.0000000000E+00    0.2971662637E-11    0.2971662637E-11    0.9999919850E+00    0.9999919850E+00
    2    0.1059166667E+02    0.4644557413E+00    0.4644557413E+00   -0.1628337507E+00    0.0000000000E+00    0.0000000000E+00    0.0000000000E+00    0.0000000000E+00    0.0000000000E+00    0.0000000000E+00    0.1695015092E-14    0.1695015092E-14    0.9999975419E+00    0.9999975419E+00
    3    0.1059166667E+02   -0.3483418059E+00   -0.3483418059E+00    0.5360886541E+00    0.0000000000E+00    0.0000000000E+00    0.0000000000E+00    0.0000000000E+00    0.0000000000E+00    0.0000000000E+00    0.2568938972E-10    0.2568938972E-10    0.9999869037E+00    0.9999869037E+00
    4    0.1059166667E+02   -0.3483418059E+00   -0.3483418059E+00   -0.3434888694E+00    0.0000000000E+00    0.0000000000E+00    0.0000000000E+00    0.0000000000E+00    0.0000000000E+00    0.0000000000E+00    0.2844970478E-12    0.2844970478E-12    0.9999958416E+00    0.9999958416E+00
    5    0.1059166667E+02   -0.3483418059E+00   -0.3483418059E+00   -0.4332527995E+00    0.0000000000E+00    0.0000000000E+00    0.0000000000E+00    0.0000000000E+00    0.0000000000E+00    0.0000000000E+00    0.2559334038E-10    0.2559334038E-10    0.9999864525E+00    0.9999864525E+00
    1    0.1085000000E+02    0.4644557413E+00    0.4644557413E+00   -0.1267775790E+00    0.0000000000E+00    0.0000000000E+00    0.0000000000E+00    0.0000000000E+00    0.0000000000E+00    0.0000000000E+00    0.6922819803E-14    0.6922819803E-14    0.9999973788E+00    0.9999973788E+00
    2    0.1085000000E+02   -0.3483418059E+00   -0.3483418059E+00   -0.5128046174E+00    0.0000000000E+00    0.0000000000E+00    0.0000000000E+00    0.0000000000E+00    0.0000000000E+00    0.0000000000E+00    0.2007545138E-12    0.2007545138E-12    0.9999948992E+00    0.9999948992E+00
    3    0.1085000000E+02   -0.3483418059E+00   -0.3483418059E+00   -0.3227704242E+00    0.0000000000E+00    0.0000000000E+00    0.0000000000E+00    0.0000000000E+00    0.0000000000E+00    0.0000000000E+00    0.2896693967E-12    0.2896693967E-12    0.9999939979E+00    0.9999939979E+00
    4    0.1085000000E+02   -0.3483418059E+00   -0.3483418059E+00   -0.2823342445E+00    0.0000000000E+00    0.0000000000E+00    0.0000000000E+00    0.0000000000E+00    0.0000000000E+00    0.0000000000E+00    0.8615198232E-13    0.8615198232E-13    0.9999954567E+00    0.9999954567E+00
    1    0.1110833333E+02    0.4644557413E+00    0.4644557413E+00   -0.8915190465E-01    0.0000000000E+00    0.0000000000E+00    0.0000000000E+00    0.0000000000E+00    0.0000000000E+00    0.0000000000E+00    0.1002015742E-13    0.1002015742E-13    0.9999971926E+00    0.9999971926E+00
    2    0.1110833333E+02   -0.3483418059E+00   -0.3483418059E+00   -0.4489950678E+00    0.0000000000E+00    0.0000000000E+00    0.0000000000E+00    0.0000000000E+00    0.0000000000E+00    0.0000000000E+00    0.7199600506E-13    0.7199600506E-13    0.9999957569E+00    0.9999957569E+00
    3    0.1110833333E+02   -0.3483418059E+00   -0.3483418059E+00   -0.2427068106E+00    0.0000000000E+00    0.0000000000E+00    0.0000000000E+00    0.0000000000E+00    0.0000000000E+00    0.0000000000E+00    0.1678782153E-12    0.1678782153E-12    0.9999941563E+00    0.9999941563E+00
    4    0.1110833333E+02   -0.3483418059E+00   -0.3483418059E+00   -0.2140296595E+00    0.0000000000E+00    0.0000000000E+00    0.0000000000E+00    0.0000000000E+00    0.0000000000E+00    0.0000000000E+00    0.1012366718E-12    0.1012366718E-12    0.9999945683E+00    0.9999945683E+00
    1    0.1136666667E+02   -0.3483418059E+00   -0.3483418059E+00   -0.3930869629E+00    0.0000000000E+00    0.0000000000E+00    0.0000000000E+00    0.0000000000E+00    0.0000000000E+00    0.0000000000E+00    0.1722317523E-12    0.1722317523E-12    0.9999959759E+00    0.9999959759E+00
    2    0.1136666667E+02    0.4644557413E+00    0.4644557413E+00   -0.4967347914E-01    0.0000000000E+00    0.0000000000E+00    0.0000000000E+00    0.0000000000E+00    0.0000000000E+00    0.0000000000E+00    0.6215692027E-14    0.6215692027E-14    0.9999969765E+00    0.9999969765E+00
    3    0.1136666667E+02   -0.3483418059E+00   -0.3483418059E+00   -0.1541288821E+00    0.0000000000E+00    0.0000000000E+00    0.0000000000E+00    0.0000000000E+00    0.0000000000E+00    0.0000000000E+00    0.1069198410E-11    0.1069198410E-11    0.9999921302E+00    0.9999921302E+00
    4    0.1136666667E+02   -0.3483418059E+00   -0.3483418059E+00   -0.1271519585E+00    0.0000000000E+00    0.0000000000E+00    0.0000000000E+00    0.0000000000E+00    0.0000000000E+00    0.0000000000E+00    0.1003718260E-11    0.1003718260E-11    0.9999920262E+00    0.9999920262E+00
    1    0.1162500000E+02   -0.3483418059E+00   -0.3483418059E+00   -0.3395087677E+00    0.0000000000E+00    0.0000000000E+00    0.0000000000E+00    0.0000000000E+00    0.0000000000E+00    0.0000000000E+00    0.4556492112E-14    0.4556492112E-14    0.9999959226E+00    0.9999959226E+00
    2    0.1162500000E+02    0.4644557413E+00    0.4644557413E+00   -0.7961395578E-02    0.0000000000E+00    0.0000000000E+00    0.0000000000E+00    0.0000000000E+00    0.0000000000E+00    0.0000000000E+00    0.8659076950E-15    0.8659076951E-15    0.9999967192E+00    0.9999967192E+00
    3    0.1162500000E+02   -0.3483418059E+00    0.4644557413E+00    0.2881965473E+00    0.0000000000E+00    0.0000000000E+00    0.0000000000E+00    0.0000000000E+00    0.0000000000E+00    0.0000000000E+00    0.1297612706E-11    0.1297612706E-11    0.9999669466E+00    0.9999669466E+00
    4    0.1162500000E+02    0.4644557413E+00   -0.3483418059E+00    0.2994219358E+00    0.0000000000E+00    0.0000000000E+00    0.0000000000E+00    0.0000000000E+00    0.0000000000E+00    0.0000000000E+00    0.5437577377E-11    0.5437577377E-11    0.9999668257E+00    0.9999668257E+00
    1    0.1188333333E+02   -0.3483418059E+00   -0.3483418059E+00   -0.2854210444E+00    0.0000000000E+00    0.0000000000E+00    0.0000000000E+00    0.0000000000E+00    0.0000000000E+00    0.0000000000E+00    0.2342203276E-13    0.2342203276E-13    0.9999956992E+00    0.9999956992E+00
    2    0.1188333333E+02    0.4644557413E+00    0.4644557413E+00    0.3652759015E-01    0.0000000000E+00    0.0000000000E+00    0.0000000000E+00    0.0000000000E+00    0.0000000000E+00    0.0000000000E+00    0.5014471699E-14    0.5014471708E-14    0.9999964021E+00    0.9999964021E+00
    3    0.1188333333E+02   -0.3483418059E+00    0.4644557413E+00    0.4942171479E+00   -0.3483418059E+00    0.4644557413E+00   -0.6552521671E+00    0.3262646379E+01   -0.2985607000E+01    0.3918427121E+01    0.3458449760E-13    0.3458449760E-13    0.9999915325E+00    0.9999915325E+00
    4    0.1188333333E+02    0.4644557413E+00   -0.3483418059E+00    0.4920328572E+00    0.0000000000E+00    0.0000000000E+00    0.0000000000E+00    0.0000000000E+00    0.0000000000E+00    0.0000000000E+00    0.9781969639E-14    0.9781969639E-14    0.9999916391E+00    0.9999916391E+00
    1    0.1214166667E+02   -0.3483418059E+00   -0.3483418059E+00   -0.2283357532E+00    0.0000000000E+00    0.0000000000E+00    0.0000000000E+00    0.0000000000E+00    0.0000000000E+00    0.0000000000E+00    0.2005231135E-13    0.2005231231E-13    0.9999952508E+00    0.9999952508E+00
    2    0.1214166667E+02    0.4644557413E+00    0.4644557413E+00    0.8464557422E-01    0.0000000000E+00    0.0000000000E+00    0.0000000000E+00    0.0000000000E+00    0.0000000000E+00    0.0000000000E+00    0.1608762739E-13    0.1608762766E-13    0.9999959875E+00    0.9999959875E+00
    3    0.1214166667E+02   -0.3483418059E+00    0.4644557413E+00   -0.5618089804E+00   -0.3483418059E+00    0.4644557413E+00    0.5876603347E+00    0.3223765315E+01   -0.3017108380E+01   -0.4116545171E+01    0.3178250794E-12    0.3178250794E-12    0.9999929285E+00    0.9999929285E+00
    4    0.1214166667E+02    0.4644557413E+00   -0.3483418059E+00   -0.5633179601E+00    0.0000000000E+00    0.0000000000E+00    0.0000000000E+00    0.0000000000E+00    0.0000000000E+00    0.0000000000E+00    0.1343484653E-14    0.1343484653E-14    0.9999929427E+00    0.9999929427E+00
    1    0.1240000000E+02    0.4644557413E+00    0.4644557413E+00    0.1378959864E+00    0.0000000000E+00    0.0000000000E+00    0.0000000000E+00    0.0000000000E+00    0.0000000000E+00    0.0000000000E+00    0.1091195266E-13    0.1091195266E-13    0.9999953907E+00    0.9999953907E+00
    2    0.1240000000E+02   -0.3483418059E+00   -0.3483418059E+00   -0.1645737693E+00    0.0000000000E+00    0.0000000000E+00    0.0000000000E+00    0.0000000000E+00    0.0000000000E+00    0.0000000000E+00    0.4723558289E-13    0.4723558289E-13    0.9999943608E+00    0.9999943608E+00
    3    0.1240000000E+02   -0.3483418059E+00    0.4644557413E+00   -0.4721873354E+00    0.0000000000E+00    0.0000000000E+00    0.0000000000E+00    0.0000000000E+00    0.0000000000E+00    0.0000000000E+00    0.1771879774E-14    0.1771879774E-14    0.9999922555E+00    0.9999922555E+00
    4    0.1240000000E+02    0.4644557413E+00   -0.3483418059E+00   -0.4718892254E+00    0.0000000000E+00    0.0000000000E+00    0.0000000000E+00    0.0000000000E+00    0.0000000000E+00    0.0000000000E+00    0.2508003065E-13    0.2508003065E-13    0.9999920402E+00    0.9999920402E+00
    1    0.1265833333E+02    0.4644557413E+00    0.4644557413E+00    0.1994176450E+00    0.0000000000E+00    0.0000000000E+00    0.0000000000E+00    0.0000000000E+00    0.0000000000E+00    0.0000000000E+00    0.3005693759E-15    0.3005693768E-15    0.9999943852E+00    0.9999943852E+00
    2    0.1265833333E+02   -0.3483418059E+00   -0.3483418059E+00   -0.8287071841E-01    0.0000000000E+00    0.0000000000E+00    0.0000000000E+00    0.0000000000E+00    0.0000000000E+00    0.0000000000E+00    0.4539801560E-11    0.4539801560E-11    0.9999913064E+00    0.9999913064E+00
    3    0.1265833333E+02   -0.3483418059E+00    0.4644557413E+00   -0.3606698795E+00    0.0000000000E+00    0.0000000000E+00    0.0000000000E+00    0.0000000000E+00    0.0000000000E+00    0.0000000000E+00    0.1080716208E-13    0.1080716208E-13    0.9999884491E+00    0.9999884491E+00
    4    0.1265833333E+02    0.4644557413E+00   -0.3483418059E+00   -0.3567132562E+00    0.0000000000E+00    0.0000000000E+00    0.0000000000E+00    0.0000000000E+00    0.0000000000E+00    0.0000000000E+00    0.4978735017E-13    0.4978735017E-13    0.9999880315E+00    0.9999880315E+00
    1    0.1291666667E+02    0.4644557413E+00    0.4644557413E+00    0.2768973500E+00    0.0000000000E+00    0.0000000000E+00    0.0000000000E+00    0.0000000000E+00    0.0000000000E+00    0.0000000000E+00    0.8892760473E-14    0.8892760473E-14    0.9999923557E+00    0.9999923557E+00
    1    0.1317500000E+02    0.4644557413E+00    0.4644557413E+00    0.3830302402E+00    0.0000000000E+00    0.0000000000E+00    0.0000000000E+00    0.0000000000E+00    0.0000000000E+00    0.0000000000E+00    0.2528175464E-19    0.2528175464E-19    0.9999897523E+00    0.9999897523E+00
    1    0.1343333333E+02   -0.3483418059E+00   -0.3483418059E+00    0.5535743206E+00    0.0000000000E+00    0.0000000000E+00    0.0000000000E+00    0.0000000000E+00    0.0000000000E+00    0.0000000000E+00    0.2602020427E-09    0.2602020427E-09    0.9999386012E+00    0.9999386012E+00
    2    0.1343333333E+02    0.4644557413E+00    0.4644557413E+00    0.4981925376E+00    0.0000000000E+00    0.0000000000E+00    0.0000000000E+00    0.0000000000E+00    0.0000000000E+00    0.0000000000E+00    0.7068512883E-12    0.7068512883E-12    0.9999882269E+00    0.9999882269E+00
    3    0.1343333333E+02   -0.3483418059E+00   -0.3483418059E+00    0.5125924975E-01    0.0000000000E+00    0.0000000000E+00    0.0000000000E+00    0.0000000000E+00    0.0000000000E+00    0.0000000000E+00    0.2907340391E-11    0.2907340391E-11    0.9999792719E+00    0.9999792719E+00
    4    0.1343333333E+02    0.4644557413E+00    0.4644557413E+00    0.3112476354E+00    0.0000000000E+00    0.0000000000E+00    0.0000000000E+00    0.0000000000E+00    0.0000000000E+00    0.0000000000E+00    0.3971761753E-11    0.3971761753E-11    0.9999710802E+00    0.9999710802E+00
    5    0.1343333333E+02    0.4644557413E+00    0.4644557413E+00    0.1641885714E+00    0.4644557413E+00    0.4644557413E+00   -0.9852807436E+00   -0.3539877314E+00   -0.3576666775E+00   -0.1684841336E+00    0.3197183895E-11    0.3197183895E-11    0.9999751617E+00    0.9999751617E+00
    6    0.1343333333E+02   -0.3483418059E+00   -0.3483418059E+00    0.2023764463E+00    0.0000000000E+00    0.0000000000E+00    0.0000000000E+00    0.0000000000E+00    0.0000000000E+00    0.0000000000E+00    0.1355637566E-11    0.1355637566E-11    0.9999701193E+00    0.9999701193E+00
    7    0.1343333333E+02   -0.3483418059E+00   -0.3483418059E+00    0.1920365838E+00    0.0000000000E+00    0.0000000000E+00    0.0000000000E+00    0.0000000000E+00    0.0000000000E+00    0.0000000000E+00    0.9121714143E-11    0.9121714143E-11    0.9999696580E+00    0.9999696580E+00
    1    0.1369166667E+02   -0.3483418059E+00   -0.3483418059E+00   -0.4759709547E+00    0.0000000000E+00    0.0000000000E+00    0.0000000000E+00    0.0000000000E+00    0.0000000000E+00    0.0000000000E+00    0.6782526859E-08    0.6782526859E-08    0.9997920390E+00    0.9997920390E+00
    2    0.1369166667E+02    0.4644557413E+00    0.4644557413E+00   -0.5531333408E+00    0.4644557413E+00    0.4644557413E+00   -0.5531333408E+00   -0.8077147899E+00   -0.8057114075E+00    0.1074683256E+01    0.4844675556E-12    0.4844818330E-12    0.9999919573E+00    0.9999919573E+00
    3    0.1369166667E+02    0.4644557413E+00    0.4644557413E+00    0.5068176724E+00    0.0000000000E+00    0.0000000000E+00    0.0000000000E+00    0.0000000000E+00    0.0000000000E+00    0.0000000000E+00    0.4896893538E-12    0.4896898017E-12    0.9999874338E+00    0.9999874338E+00
    4    0.1369166667E+02   -0.3483418059E+00   -0.3483418059E+00    0.4003587620E+00    0.0000000000E+00    0.0000000000E+00    0.0000000000E+00    0.0000000000E+00    0.0000000000E+00    0.0000000000E+00    0.6737518591E-08    0.6737518591E-08    0.9998064390E+00    0.9998064390E+00
    5    0.1369166667E+02    0.4644557413E+00    0.4644557413E+00    0.3290194478E+00    0.0000000000E+00    0.0000000000E+00    0.0000000000E+00    0.0000000000E+00    0.0000000000E+00    0.0000000000E+00    0.7103197841E-13    0.7106516188E-13    0.9999895583E+00    0.9999895583E+00
    6    0.1369166667E+02    0.4644557413E+00   -0.3483418059E+00    0.2035717523E+00    0.0000000000E+00    0.0000000000E+00    0.0000000000E+00    0.0000000000E+00    0.0000000000E+00    0.0000000000E+00    0.1506046969E-12    0.1506047053E-12    0.9999816722E+00    0.9999816722E+00
    7    0.1369166667E+02   -0.3483418059E+00    0.4644557413E+00    0.2019393386E+00    0.0000000000E+00    0.0000000000E+00    0.0000000000E+00    0.0000000000E+00    0.0000000000E+00    0.0000000000E+00    0.1793083960E-12    0.1793084172E-12    0.9999813581E+00    0.9999813581E+00
    1    0.1395000000E+02    0.4644557413E+00    0.4644557413E+00   -0.4656238984E+00    0.0000000000E+00    0.0000000000E+00    0.0000000000E+00    0.0000000000E+00    0.0000000000E+00    0.0000000000E+00    0.2983058483E-12    0.2983058483E-12    0.9999921135E+00    0.9999921135E+00
    2    0.1395000000E+02    0.4644557413E+00    0.4644557413E+00   -0.5204124008E+00    0.0000000000E+00    0.0000000000E+00    0.0000000000E+00    0.0000000000E+00    0.0000000000E+00    0.0000000000E+00    0.4256640422E-12    0.4256640422E-12    0.9999897247E+00    0.9999897247E+00
    3    0.1395000000E+02   -0.3483418059E+00    0.4644557413E+00    0.1350647588E+00    0.0000000000E+00    0.0000000000E+00    0.0000000000E+00    0.0000000000E+00    0.0000000000E+00    0.0000000000E+00    0.8948667215E-10    0.8948667215E-10    0.9999333407E+00    0.9999333407E+00
    4    0.1395000000E+02    0.4644557413E+00   -0.3483418059E+00    0.1420346323E+00    0.0000000000E+00    0.0000000000E+00    0.0000000000E+00    0.0000000000E+00    0.0000000000E+00    0.0000000000E+00    0.5086485557E-10    0.5086485557E-10    0.9999389763E+00    0.9999389763E+00
    5    0.1395000000E+02    0.4644557413E+00    0.4644557413E+00    0.4330669760E+00    0.0000000000E+00    0.0000000000E+00    0.0000000000E+00    0.0000000000E+00    0.0000000000E+00    0.0000000000E+00    0.2460096731E-12    0.2460096731E-12    0.9999908211E+00    0.9999908211E+00
    6    0.1395000000E+02    0.4644557413E+00   -0.3483418059E+00    0.3924815186E+00    0.0000000000E+00    0.0000000000E+00    0.0000000000E+00    0.0000000000E+00    0.0000000000E+00    0.0000000000E+00    0.2928192171E-11    0.2928192171E-11    0.9999813615E+00    0.9999813615E+00
    7    0.1395000000E+02   -0.3483418059E+00    0.4644557413E+00    0.3929284705E+00    0.0000000000E+00    0.0000000000E+00    0.0000000000E+00    0.0000000000E+00    0.0000000000E+00    0.0000000000E+00    0.1360728056E-10    0.1360728056E-10    0.9999818220E+00    0.9999818220E+00
    1    0.1420833333E+02    0.4644557413E+00    0.4644557413E+00   -0.3808398721E+00    0.0000000000E+00    0.0000000000E+00    0.0000000000E+00    0.0000000000E+00    0.0000000000E+00    0.0000000000E+00    0.8071140643E-13    0.8071140643E-13    0.9999918927E+00    0.9999918927E+00
    2    0.1420833333E+02    0.4644557413E+00    0.4644557413E+00   -0.4112374762E+00    0.0000000000E+00    0.0000000000E+00    0.0000000000E+00    0.0000000000E+00    0.0000000000E+00    0.0000000000E+00    0.1087562382E-12    0.1087562382E-12    0.9999898257E+00    0.9999898257E+00
    3    0.1420833333E+02    0.4644557413E+00    0.4644557413E+00    0.5368393201E+00    0.0000000000E+00    0.0000000000E+00    0.0000000000E+00    0.0000000000E+00    0.0000000000E+00    0.0000000000E+00    0.1403384232E-12    0.1403384232E-12    0.9999898625E+00    0.9999898625E+00
    1    0.1446666667E+02    0.4644557413E+00    0.4644557413E+00   -0.4927630425E+00    0.0000000000E+00    0.0000000000E+00    0.0000000000E+00    0.0000000000E+00    0.0000000000E+00    0.0000000000E+00    0.4149238757E-12    0.4149238757E-12    0.9999873111E+00    0.9999873111E+00
    2    0.1446666667E+02    0.4644557413E+00    0.4644557413E+00   -0.2899546254E+00    0.0000000000E+00    0.0000000000E+00    0.0000000000E+00    0.0000000000E+00    0.0000000000E+00    0.0000000000E+00    0.6444720314E-12    0.6444720314E-12    0.9999907068E+00    0.9999907068E+00
    3    0.1446666667E+02    0.4644557413E+00    0.4644557413E+00   -0.2958560453E+00    0.0000000000E+00    0.0000000000E+00    0.0000000000E+00    0.0000000000E+00    0.0000000000E+00    0.0000000000E+00    0.1177829356E-11    0.1177829356E-11    0.9999880218E+00    0.9999880218E+00
    1    0.1472500000E+02    0.4644557413E+00    0.4644557413E+00   -0.3335415852E+00    0.0000000000E+00    0.0000000000E+00    0.0000000000E+00    0.0000000000E+00    0.0000000000E+00    0.0000000000E+00    0.1323105309E-11    0.1323105309E-11    0.9999809038E+00    0.9999809038E+00
    2    0.1472500000E+02    0.4644557413E+00    0.4644557413E+00   -0.1748239756E+00    0.0000000000E+00    0.0000000000E+00    0.0000000000E+00    0.0000000000E+00    0.0000000000E+00    0.0000000000E+00    0.5188428900E-12    0.5188428900E-12    0.9999860523E+00    0.9999860523E+00
    3    0.1472500000E+02    0.4644557413E+00    0.4644557413E+00   -0.1342612777E+00    0.0000000000E+00    0.0000000000E+00    0.0000000000E+00    0.0000000000E+00    0.0000000000E+00    0.0000000000E+00    0.1400319316E-10    0.1400319316E-10    0.9999766201E+00    0.9999766201E+00
