    1    0.3100000000E+01   -0.5805696766E+00    0.5805696766E+00   -0.8539276419E-01    0.0000000000E+00    0.0000000000E+00    0.0000000000E+00    0.0000000000E+00    0.0000000000E+00    0.0000000000E+00    0.2785752447E-12    0.2785752447E-12    0.9999982771E+00    0.9999982771E+00
    1    0.3358333333E+01   -0.5805696766E+00    0.5805696766E+00   -0.1543251474E+00    0.0000000000E+00    0.0000000000E+00    0.0000000000E+00    0.0000000000E+00    0.0000000000E+00    0.0000000000E+00    0.1736483269E-11    0.1736483269E-11    0.9999952442E+00    0.9999952442E+00
    2    0.3358333333E+01   -0.5805696766E+00    0.5805696766E+00   -0.1251464799E+00    0.0000000000E+00    0.0000000000E+00    0.0000000000E+00    0.0000000000E+00    0.0000000000E+00    0.0000000000E+00    0.9558822127E-11    0.9558822127E-11    0.9999817643E+00    0.9999817643E+00
    1    0.3616666667E+01   -0.5805696766E+00    0.5805696766E+00   -0.5138002766E+00    0.0000000000E+00    0.0000000000E+00    0.0000000000E+00    0.0000000000E+00    0.0000000000E+00    0.0000000000E+00    0.8480309825E-14    0.8480309826E-14    0.9999975949E+00    0.9999975949E+00
    2    0.3616666667E+01    0.2322278706E+00    0.5805696766E+00   -0.1857735737E+00    0.0000000000E+00    0.0000000000E+00    0.0000000000E+00    0.0000000000E+00    0.0000000000E+00    0.0000000000E+00    0.1424977969E-17    0.1425048444E-17    0.9999967810E+00    0.9999967810E+00
    3    0.3616666667E+01   -0.5805696766E+00    0.5805696766E+00   -0.1999517799E+00    0.0000000000E+00    0.0000000000E+00    0.0000000000E+00    0.0000000000E+00    0.0000000000E+00    0.0000000000E+00    0.4668601130E-15    0.4668601131E-15    0.9999988802E+00    0.9999988802E+00
    4    0.3616666667E+01   -0.5805696766E+00   -0.2322278706E+00   -0.1962283877E+00    0.0000000000E+00    0.0000000000E+00    0.0000000000E+00    0.0000000000E+00    0.0000000000E+00    0.0000000000E+00    0.4215166210E-18    0.4218200549E-18    0.9999967456E+00    0.9999967456E+00
    1    0.3875000000E+01   -0.5805696766E+00    0.5805696766E+00   -0.2451176800E+00    0.0000000000E+00    0.0000000000E+00    0.0000000000E+00    0.0000000000E+00    0.0000000000E+00    0.0000000000E+00    0.8975350533E-14    0.8975350533E-14    0.9999988739E+00    0.9999988739E+00
    2    0.3875000000E+01    0.2322278706E+00   -0.2322278706E+00   -0.1067863272E+00    0.0000000000E+00    0.0000000000E+00    0.0000000000E+00    0.0000000000E+00    0.0000000000E+00    0.0000000000E+00    0.3252195906E-12    0.3252195906E-12    0.9999976720E+00    0.9999976720E+00
    3    0.3875000000E+01   -0.5805696766E+00   -0.2322278706E+00   -0.8197080945E-01    0.0000000000E+00    0.0000000000E+00    0.0000000000E+00    0.0000000000E+00    0.0000000000E+00    0.0000000000E+00    0.7095468213E-12    0.7095468213E-12    0.9999963745E+00    0.9999963745E+00
    4    0.3875000000E+01    0.2322278706E+00    0.5805696766E+00   -0.8601332281E-01    0.0000000000E+00    0.0000000000E+00    0.0000000000E+00    0.0000000000E+00    0.0000000000E+00    0.0000000000E+00    0.7364302460E-12    0.7364302460E-12    0.9999961809E+00    0.9999961809E+00
    5    0.3875000000E+01   -0.5805696766E+00    0.5805696766E+00    0.5563378660E+00    0.0000000000E+00    0.0000000000E+00    0.0000000000E+00    0.0000000000E+00    0.0000000000E+00    0.0000000000E+00    0.6513802525E-13    0.6513802525E-13    0.9999981542E+00    0.9999981542E+00
    6    0.3875000000E+01   -0.5805696766E+00   -0.2322278706E+00   -0.5474549751E+00    0.0000000000E+00    0.0000000000E+00    0.0000000000E+00    0.0000000000E+00    0.0000000000E+00    0.0000000000E+00    0.1751178996E-11    0.1751178996E-11    0.9999931591E+00    0.9999931591E+00
    7    0.3875000000E+01    0.2322278706E+00    0.5805696766E+00   -0.5474202932E+00    0.0000000000E+00    0.0000000000E+00    0.0000000000E+00    0.0000000000E+00    0.0000000000E+00    0.0000000000E+00    0.1747162763E-11    0.1747162763E-11    0.9999930296E+00    0.9999930296E+00
    1    0.4133333333E+01   -0.5805696766E+00    0.5805696766E+00    0.4929468823E+00    0.0000000000E+00    0.0000000000E+00    0.0000000000E+00    0.0000000000E+00    0.0000000000E+00    0.0000000000E+00    0.3265118281E-14    0.3265118282E-14    0.9999984018E+00    0.9999984018E+00
    2    0.4133333333E+01   -0.5805696766E+00   -0.2322278706E+00    0.4813353623E+00    0.0000000000E+00    0.0000000000E+00    0.0000000000E+00    0.0000000000E+00    0.0000000000E+00    0.0000000000E+00    0.8942333881E-14    0.8942333891E-14    0.9999974758E+00    0.9999974758E+00
    3    0.4133333333E+01    0.2322278706E+00    0.5805696766E+00    0.4794329671E+00    0.0000000000E+00    0.0000000000E+00    0.0000000000E+00    0.0000000000E+00    0.0000000000E+00    0.0000000000E+00    0.9826632849E-14    0.9826632849E-14    0.9999974568E+00    0.9999974568E+00
    4    0.4133333333E+01   -0.5805696766E+00    0.5805696766E+00   -0.2887415534E+00    0.0000000000E+00    0.0000000000E+00    0.0000000000E+00    0.0000000000E+00    0.0000000000E+00    0.0000000000E+00    0.1278737349E-13    0.1278737349E-13    0.9999988124E+00    0.9999988124E+00
    5    0.4133333333E+01    0.2322278706E+00   -0.2322278706E+00   -0.1577253595E+00    0.0000000000E+00    0.0000000000E+00    0.0000000000E+00    0.0000000000E+00    0.0000000000E+00    0.0000000000E+00    0.1144683611E-12    0.1144683611E-12    0.9999959321E+00    0.9999959321E+00
    6    0.4133333333E+01    0.2322278706E+00   -0.2322278706E+00   -0.1792570757E+00    0.0000000000E+00    0.0000000000E+00    0.0000000000E+00    0.0000000000E+00    0.0000000000E+00    0.0000000000E+00    0.2751147241E-14    0.2751147243E-14    0.9999983138E+00    0.9999983138E+00
    7    0.4133333333E+01    0.2322278706E+00    0.5805696766E+00   -0.1944619565E+00    0.0000000000E+00    0.0000000000E+00    0.0000000000E+00    0.0000000000E+00    0.0000000000E+00    0.0000000000E+00    0.1115184522E-14    0.1115184522E-14    0.9999976329E+00    0.9999976329E+00
    8    0.4133333333E+01   -0.5805696766E+00   -0.2322278706E+00   -0.1900802574E+00    0.0000000000E+00    0.0000000000E+00    0.0000000000E+00    0.0000000000E+00    0.0000000000E+00    0.0000000000E+00    0.3868419907E-14    0.3868419911E-14    0.9999975853E+00    0.9999975853E+00
    1    0.4391666667E+01   -0.5805696766E+00    0.5805696766E+00   -0.3327744844E+00    0.0000000000E+00    0.0000000000E+00    0.0000000000E+00    0.0000000000E+00    0.0000000000E+00    0.0000000000E+00    0.7509762365E-14    0.7509762366E-14    0.9999987025E+00    0.9999987025E+00
    2    0.4391666667E+01    0.2322278706E+00   -0.2322278706E+00   -0.2357657560E+00    0.0000000000E+00    0.0000000000E+00    0.0000000000E+00    0.0000000000E+00    0.0000000000E+00    0.0000000000E+00    0.1812745247E-13    0.1812745247E-13    0.9999984526E+00    0.9999984526E+00
    3    0.4391666667E+01    0.2322278706E+00    0.5805696766E+00   -0.2775703147E+00    0.0000000000E+00    0.0000000000E+00    0.0000000000E+00    0.0000000000E+00    0.0000000000E+00    0.0000000000E+00    0.4133737769E-13    0.4133737772E-13    0.9999978160E+00    0.9999978160E+00
    4    0.4391666667E+01   -0.5805696766E+00   -0.2322278706E+00   -0.2750376159E+00    0.0000000000E+00    0.0000000000E+00    0.0000000000E+00    0.0000000000E+00    0.0000000000E+00    0.0000000000E+00    0.2021991895E-13    0.2021991904E-13    0.9999977540E+00    0.9999977540E+00
    5    0.4391666667E+01   -0.5805696766E+00    0.5805696766E+00    0.4365190962E+00    0.0000000000E+00    0.0000000000E+00    0.0000000000E+00    0.0000000000E+00    0.0000000000E+00    0.0000000000E+00    0.2405406740E-14    0.2405406741E-14    0.9999984072E+00    0.9999984072E+00
    6    0.4391666667E+01    0.2322278706E+00   -0.2322278706E+00    0.4010550558E+00    0.0000000000E+00    0.0000000000E+00    0.0000000000E+00    0.0000000000E+00    0.0000000000E+00    0.0000000000E+00    0.8651151560E-14    0.8651152030E-14    0.9999967087E+00    0.9999967087E+00
    7    0.4391666667E+01   -0.5805696766E+00   -0.2322278706E+00    0.4052060559E+00    0.0000000000E+00    0.0000000000E+00    0.0000000000E+00    0.0000000000E+00    0.0000000000E+00    0.0000000000E+00    0.4577207247E-14    0.4577207368E-14    0.9999980479E+00    0.9999980479E+00
    8    0.4391666667E+01    0.2322278706E+00    0.5805696766E+00    0.4033966744E+00    0.0000000000E+00    0.0000000000E+00    0.0000000000E+00    0.0000000000E+00    0.0000000000E+00    0.0000000000E+00    0.4959176179E-14    0.4959176264E-14    0.9999980443E+00    0.9999980443E+00
    1    0.4650000000E+01    0.2322278706E+00   -0.2322278706E+00   -0.2876560700E+00    0.0000000000E+00    0.0000000000E+00    0.0000000000E+00    0.0000000000E+00    0.0000000000E+00    0.0000000000E+00    0.6727217999E-13    0.6727217999E-13    0.9999983969E+00    0.9999983969E+00
    2    0.4650000000E+01   -0.5805696766E+00   -0.2322278706E+00   -0.3424154077E+00    0.0000000000E+00    0.0000000000E+00    0.0000000000E+00    0.0000000000E+00    0.0000000000E+00    0.0000000000E+00    0.1402537839E-18    0.1402537845E-18    0.5610680205E-08    0.5610680205E-08
    3    0.4650000000E+01    0.2322278706E+00    0.5805696766E+00   -0.3434128397E+00    0.0000000000E+00    0.0000000000E+00    0.0000000000E+00    0.0000000000E+00    0.0000000000E+00    0.0000000000E+00    0.6446314039E-11    0.6446314039E-11    0.9999938419E+00    0.9999938419E+00
    4    0.4650000000E+01    0.2322278706E+00   -0.2322278706E+00    0.3119724161E+00    0.0000000000E+00    0.0000000000E+00    0.0000000000E+00    0.0000000000E+00    0.0000000000E+00    0.0000000000E+00    0.5291301227E-13    0.5291301227E-13    0.9999976005E+00    0.9999976005E+00
    5    0.4650000000E+01   -0.5805696766E+00   -0.2322278706E+00    0.3424153442E+00    0.0000000000E+00    0.0000000000E+00    0.0000000000E+00    0.0000000000E+00    0.0000000000E+00    0.0000000000E+00    0.1188705413E-18    0.1188705433E-18    0.5619260027E-08    0.5619260027E-08
    6    0.4650000000E+01    0.2322278706E+00    0.5805696766E+00    0.3410532370E+00    0.0000000000E+00    0.0000000000E+00    0.0000000000E+00    0.0000000000E+00    0.0000000000E+00    0.0000000000E+00    0.6292848016E-11    0.6292848016E-11    0.9999939498E+00    0.9999939498E+00
    1    0.4908333333E+01   -0.5805696766E+00    0.5805696766E+00    0.3253566102E+00    0.0000000000E+00    0.0000000000E+00    0.0000000000E+00    0.0000000000E+00    0.0000000000E+00    0.0000000000E+00    0.4913663300E-14    0.4913760219E-14    0.9999981017E+00    0.9999981017E+00
    2    0.4908333333E+01    0.2322278706E+00   -0.2322278706E+00    0.2409965156E+00    0.0000000000E+00    0.0000000000E+00    0.0000000000E+00    0.0000000000E+00    0.0000000000E+00    0.0000000000E+00    0.6677610325E-14    0.6677615267E-14    0.9999977828E+00    0.9999977828E+00
    3    0.4908333333E+01   -0.5805696766E+00   -0.2322278706E+00    0.2771537697E+00    0.0000000000E+00    0.0000000000E+00    0.0000000000E+00    0.0000000000E+00    0.0000000000E+00    0.0000000000E+00    0.3239237296E-14    0.3239237306E-14    0.9999979260E+00    0.9999979260E+00
    4    0.4908333333E+01    0.2322278706E+00    0.5805696766E+00    0.2759558201E+00    0.0000000000E+00    0.0000000000E+00    0.0000000000E+00    0.0000000000E+00    0.0000000000E+00    0.0000000000E+00    0.2081737621E-13    0.2081738196E-13    0.9999979359E+00    0.9999979359E+00
    5    0.4908333333E+01    0.2322278706E+00   -0.2322278706E+00   -0.3372755959E+00    0.0000000000E+00    0.0000000000E+00    0.0000000000E+00    0.0000000000E+00    0.0000000000E+00    0.0000000000E+00    0.1390690693E-13    0.1390690884E-13    0.9999983731E+00    0.9999983731E+00
    6    0.4908333333E+01   -0.5805696766E+00    0.5805696766E+00   -0.4291679587E+00    0.0000000000E+00    0.0000000000E+00    0.0000000000E+00    0.0000000000E+00    0.0000000000E+00    0.0000000000E+00    0.9446948034E-14    0.9446951507E-14    0.9999982672E+00    0.9999982672E+00
    7    0.4908333333E+01    0.2322278706E+00    0.5805696766E+00   -0.4082682699E+00    0.0000000000E+00    0.0000000000E+00    0.0000000000E+00    0.0000000000E+00    0.0000000000E+00    0.0000000000E+00    0.1387073799E-13    0.1387073895E-13    0.9999980130E+00    0.9999980130E+00
    8    0.4908333333E+01   -0.5805696766E+00   -0.2322278706E+00   -0.4074027602E+00    0.0000000000E+00    0.0000000000E+00    0.0000000000E+00    0.0000000000E+00    0.0000000000E+00    0.0000000000E+00    0.4442573820E-14    0.4442573824E-14    0.9999980168E+00    0.9999980168E+00
    1    0.5166666667E+01    0.2322278706E+00   -0.2322278706E+00   -0.3883658247E+00    0.0000000000E+00    0.0000000000E+00    0.0000000000E+00    0.0000000000E+00    0.0000000000E+00    0.0000000000E+00    0.6016936419E-14    0.6016941175E-14    0.9999982210E+00    0.9999982210E+00
    2    0.5166666667E+01   -0.5805696766E+00    0.5805696766E+00   -0.4876608778E+00    0.0000000000E+00    0.0000000000E+00    0.0000000000E+00    0.0000000000E+00    0.0000000000E+00    0.0000000000E+00    0.1885696437E-13    0.1885696437E-13    0.9999977974E+00    0.9999977974E+00
    3    0.5166666667E+01    0.2322278706E+00    0.5805696766E+00   -0.4712827013E+00    0.0000000000E+00    0.0000000000E+00    0.0000000000E+00    0.0000000000E+00    0.0000000000E+00    0.0000000000E+00    0.2900516140E-13    0.2900516157E-13    0.9999977645E+00    0.9999977645E+00
    4    0.5166666667E+01   -0.5805696766E+00   -0.2322278706E+00   -0.4701352210E+00    0.0000000000E+00    0.0000000000E+00    0.0000000000E+00    0.0000000000E+00    0.0000000000E+00    0.0000000000E+00    0.1037412040E-13    0.1037412042E-13    0.9999977842E+00    0.9999977842E+00
    5    0.5166666667E+01   -0.5805696766E+00    0.5805696766E+00    0.2626784238E+00    0.0000000000E+00    0.0000000000E+00    0.0000000000E+00    0.0000000000E+00    0.0000000000E+00    0.0000000000E+00    0.8807856281E-14    0.8807856282E-14    0.9999976863E+00    0.9999976863E+00
    6    0.5166666667E+01    0.2322278706E+00   -0.2322278706E+00    0.1731662435E+00    0.0000000000E+00    0.0000000000E+00    0.0000000000E+00    0.0000000000E+00    0.0000000000E+00    0.0000000000E+00    0.5953627127E-14    0.5953627135E-14    0.9999976867E+00    0.9999976867E+00
    7    0.5166666667E+01   -0.5805696766E+00   -0.2322278706E+00    0.2106571930E+00    0.0000000000E+00    0.0000000000E+00    0.0000000000E+00    0.0000000000E+00    0.0000000000E+00    0.0000000000E+00    0.3891267345E-14    0.3891270081E-14    0.9999976131E+00    0.9999976131E+00
    8    0.5166666667E+01    0.2322278706E+00    0.5805696766E+00    0.2098837476E+00    0.0000000000E+00    0.0000000000E+00    0.0000000000E+00    0.0000000000E+00    0.0000000000E+00    0.0000000000E+00    0.1142978581E-13    0.1142979318E-13    0.9999976385E+00    0.9999976385E+00
    1    0.5425000000E+01    0.2322278706E+00   -0.2322278706E+00   -0.4427319036E+00    0.0000000000E+00    0.0000000000E+00    0.0000000000E+00    0.0000000000E+00    0.0000000000E+00    0.0000000000E+00    0.1047226132E-13    0.1047226132E-13    0.9999979585E+00    0.9999979585E+00
    2    0.5425000000E+01   -0.5805696766E+00    0.5805696766E+00   -0.5638798662E+00    0.0000000000E+00    0.0000000000E+00    0.0000000000E+00    0.0000000000E+00    0.0000000000E+00    0.0000000000E+00    0.9081769615E-14    0.9081769622E-14    0.9999966752E+00    0.9999966752E+00
    3    0.5425000000E+01    0.2322278706E+00    0.5805696766E+00   -0.5409092545E+00    0.0000000000E+00    0.0000000000E+00    0.0000000000E+00    0.0000000000E+00    0.0000000000E+00    0.0000000000E+00    0.8598926361E-14    0.8598926889E-14    0.9999972402E+00    0.9999972402E+00
    4    0.5425000000E+01   -0.5805696766E+00   -0.2322278706E+00   -0.5392347718E+00    0.0000000000E+00    0.0000000000E+00    0.0000000000E+00    0.0000000000E+00    0.0000000000E+00    0.0000000000E+00    0.3252656580E-14    0.3252656616E-14    0.9999973239E+00    0.9999973239E+00
    5    0.5425000000E+01   -0.5805696766E+00    0.5805696766E+00    0.1843292262E+00    0.0000000000E+00    0.0000000000E+00    0.0000000000E+00    0.0000000000E+00    0.0000000000E+00    0.0000000000E+00    0.3211374003E-16    0.3211399982E-16    0.9999966571E+00    0.9999966571E+00
    6    0.5425000000E+01    0.2322278706E+00   -0.2322278706E+00    0.1031481742E+00    0.0000000000E+00    0.0000000000E+00    0.0000000000E+00    0.0000000000E+00    0.0000000000E+00    0.0000000000E+00    0.1169565030E-14    0.1169565177E-14    0.9999973999E+00    0.9999973999E+00
    7    0.5425000000E+01   -0.5805696766E+00   -0.2322278706E+00    0.1310507241E+00    0.0000000000E+00    0.0000000000E+00    0.0000000000E+00    0.0000000000E+00    0.0000000000E+00    0.0000000000E+00    0.8823814841E-13    0.8823814843E-13    0.9999966427E+00    0.9999966427E+00
    8    0.5425000000E+01    0.2322278706E+00    0.5805696766E+00    0.1313161610E+00    0.0000000000E+00    0.0000000000E+00    0.0000000000E+00    0.0000000000E+00    0.0000000000E+00    0.0000000000E+00    0.1068081376E-12    0.1068081376E-12    0.9999967705E+00    0.9999967705E+00
    1    0.5683333333E+01    0.2322278706E+00   -0.2322278706E+00   -0.5040101900E+00    0.0000000000E+00    0.0000000000E+00    0.0000000000E+00    0.0000000000E+00    0.0000000000E+00    0.0000000000E+00    0.2305314879E-13    0.2305315643E-13    0.9999975069E+00    0.9999975069E+00
    2    0.5683333333E+01   -0.5805696766E+00    0.5805696766E+00    0.4277295040E+00    0.0000000000E+00    0.0000000000E+00    0.0000000000E+00    0.0000000000E+00    0.0000000000E+00    0.0000000000E+00    0.7164405456E-12    0.7164406820E-12    0.9999854794E+00    0.9999854794E+00
    3    0.5683333333E+01    0.2322278706E+00    0.5805696766E+00    0.5212707176E+00    0.0000000000E+00    0.0000000000E+00    0.0000000000E+00    0.0000000000E+00    0.0000000000E+00    0.0000000000E+00    0.3139438896E-14    0.3139453485E-14    0.9999960786E+00    0.9999960786E+00
    4    0.5683333333E+01   -0.5805696766E+00   -0.2322278706E+00    0.5231819109E+00    0.0000000000E+00    0.0000000000E+00    0.0000000000E+00    0.0000000000E+00    0.0000000000E+00    0.0000000000E+00    0.4330559749E-14    0.4330559810E-14    0.9999960825E+00    0.9999960825E+00
    5    0.5683333333E+01   -0.5805696766E+00    0.5805696766E+00    0.3178097185E-01    0.0000000000E+00    0.0000000000E+00    0.0000000000E+00    0.0000000000E+00    0.0000000000E+00    0.0000000000E+00    0.2855262418E-11    0.2855262451E-11    0.9999867080E+00    0.9999867080E+00
    6    0.5683333333E+01    0.2322278706E+00   -0.2322278706E+00    0.2472163819E-01    0.0000000000E+00    0.0000000000E+00    0.0000000000E+00    0.0000000000E+00    0.0000000000E+00    0.0000000000E+00    0.1771204925E-13    0.1771205664E-13    0.9999967937E+00    0.9999967937E+00
    1    0.5941666667E+01    0.2322278706E+00   -0.2322278706E+00    0.5695425705E+00    0.0000000000E+00    0.0000000000E+00    0.0000000000E+00    0.0000000000E+00    0.0000000000E+00    0.0000000000E+00    0.3864250262E-12    0.3864250262E-12    0.9999962566E+00    0.9999962566E+00
    2    0.5941666667E+01    0.2322278706E+00    0.5805696766E+00    0.3580662365E+00    0.0000000000E+00    0.0000000000E+00    0.0000000000E+00    0.0000000000E+00    0.0000000000E+00    0.0000000000E+00    0.6080340935E-14    0.6080366469E-14    0.9999875069E+00    0.9999875069E+00
    3    0.5941666667E+01   -0.5805696766E+00   -0.2322278706E+00    0.3563802950E+00    0.0000000000E+00    0.0000000000E+00    0.0000000000E+00    0.0000000000E+00    0.0000000000E+00    0.0000000000E+00    0.1189318498E-13    0.1189320361E-13    0.9999866979E+00    0.9999866979E+00
    4    0.5941666667E+01    0.2322278706E+00   -0.2322278706E+00   -0.7372509596E-01    0.0000000000E+00    0.0000000000E+00    0.0000000000E+00    0.0000000000E+00    0.0000000000E+00    0.0000000000E+00    0.7682147728E-13    0.7682147729E-13    0.9999954433E+00    0.9999954433E+00
    1    0.6200000000E+01    0.2322278706E+00   -0.2322278706E+00    0.4373890287E+00    0.0000000000E+00    0.0000000000E+00    0.0000000000E+00    0.0000000000E+00    0.0000000000E+00    0.0000000000E+00    0.7835952252E-11    0.7835952252E-11    0.9999901252E+00    0.9999901252E+00
    2    0.6200000000E+01    0.2322278706E+00   -0.2322278706E+00   -0.2402933757E+00    0.0000000000E+00    0.0000000000E+00    0.0000000000E+00    0.0000000000E+00    0.0000000000E+00    0.0000000000E+00    0.7876857062E-11    0.7876857062E-11    0.9999883474E+00    0.9999883474E+00
    3    0.6200000000E+01   -0.5805696766E+00    0.5805696766E+00   -0.1966986020E+00    0.0000000000E+00    0.0000000000E+00    0.0000000000E+00    0.0000000000E+00    0.0000000000E+00    0.0000000000E+00    0.1485348829E-14    0.1485348829E-14    0.9999950781E+00    0.9999950781E+00
    1    0.6458333333E+01   -0.5805696766E+00    0.5805696766E+00   -0.2883289521E+00    0.0000000000E+00    0.0000000000E+00    0.0000000000E+00    0.0000000000E+00    0.0000000000E+00    0.0000000000E+00    0.1266671816E-13    0.1266671816E-13    0.9999968523E+00    0.9999968523E+00
    1    0.6716666667E+01   -0.5805696766E+00    0.5805696766E+00   -0.3544222557E+00    0.0000000000E+00    0.0000000000E+00    0.0000000000E+00    0.0000000000E+00    0.0000000000E+00    0.0000000000E+00    0.2344785670E-15    0.2344785670E-15    0.9999973446E+00    0.9999973446E+00
    1    0.6975000000E+01   -0.5805696766E+00    0.5805696766E+00   -0.4110639850E+00    0.0000000000E+00    0.0000000000E+00    0.0000000000E+00    0.0000000000E+00    0.0000000000E+00    0.0000000000E+00    0.5013188652E-18    0.5013189335E-18    0.9999975293E+00    0.9999975293E+00
    2    0.6975000000E+01   -0.5805696766E+00   -0.2322278706E+00   -0.1669139779E+00    0.0000000000E+00    0.0000000000E+00    0.0000000000E+00    0.0000000000E+00    0.0000000000E+00    0.0000000000E+00    0.4607341611E-12    0.4607341611E-12    0.9999870109E+00    0.9999870109E+00
    3    0.6975000000E+01    0.2322278706E+00    0.5805696766E+00   -0.1713164145E+00    0.0000000000E+00    0.0000000000E+00    0.0000000000E+00    0.0000000000E+00    0.0000000000E+00    0.0000000000E+00    0.2637146920E-12    0.2637146920E-12    0.9999876308E+00    0.9999876308E+00
    1    0.7233333333E+01   -0.5805696766E+00    0.5805696766E+00   -0.4632448522E+00    0.0000000000E+00    0.0000000000E+00    0.0000000000E+00    0.0000000000E+00    0.0000000000E+00    0.0000000000E+00    0.2881773488E-15    0.2881773488E-15    0.9999975833E+00    0.9999975833E+00
    2    0.7233333333E+01   -0.5805696766E+00   -0.2322278706E+00   -0.3021646058E+00    0.0000000000E+00    0.0000000000E+00    0.0000000000E+00    0.0000000000E+00    0.0000000000E+00    0.0000000000E+00    0.3068035618E-13    0.3068035618E-13    0.9999958837E+00    0.9999958837E+00
    3    0.7233333333E+01    0.2322278706E+00    0.5805696766E+00   -0.3033852071E+00    0.0000000000E+00    0.0000000000E+00    0.0000000000E+00    0.0000000000E+00    0.0000000000E+00    0.0000000000E+00    0.2208346009E-13    0.2208346009E-13    0.9999959392E+00    0.9999959392E+00
    1    0.7491666667E+01   -0.5805696766E+00    0.5805696766E+00   -0.5133137969E+00    0.0000000000E+00    0.0000000000E+00    0.0000000000E+00    0.0000000000E+00    0.0000000000E+00    0.0000000000E+00    0.4330455499E-15    0.4330455502E-15    0.9999975619E+00    0.9999975619E+00
    2    0.7491666667E+01    0.2322278706E+00    0.5805696766E+00   -0.3764958301E+00    0.0000000000E+00    0.0000000000E+00    0.0000000000E+00    0.0000000000E+00    0.0000000000E+00    0.0000000000E+00    0.2203405802E-16    0.2203405805E-16    0.9999968005E+00    0.9999968005E+00
    3    0.7491666667E+01   -0.5805696766E+00   -0.2322278706E+00   -0.3762066436E+00    0.0000000000E+00    0.0000000000E+00    0.0000000000E+00    0.0000000000E+00    0.0000000000E+00    0.0000000000E+00    0.7036303049E-16    0.7036303651E-16    0.9999967613E+00    0.9999967613E+00
    1    0.7750000000E+01    0.2322278706E+00   -0.2322278706E+00    0.1015062714E+00    0.0000000000E+00    0.0000000000E+00    0.0000000000E+00    0.0000000000E+00    0.0000000000E+00    0.0000000000E+00    0.2602615977E-10    0.2602615977E-10    0.9999829834E+00    0.9999829834E+00
    2    0.7750000000E+01    0.2322278706E+00   -0.2322278706E+00   -0.3539775443E+00    0.0000000000E+00    0.0000000000E+00    0.0000000000E+00    0.0000000000E+00    0.0000000000E+00    0.0000000000E+00    0.1241823934E-11    0.1241823934E-11    0.9999921552E+00    0.9999921552E+00
    3    0.7750000000E+01   -0.5805696766E+00    0.5805696766E+00   -0.5626989185E+00    0.0000000000E+00    0.0000000000E+00    0.0000000000E+00    0.0000000000E+00    0.0000000000E+00    0.0000000000E+00    0.6928772335E-14    0.6928772424E-14    0.9999974786E+00    0.9999974786E+00
    4    0.7750000000E+01    0.2322278706E+00    0.5805696766E+00   -0.4376273684E+00    0.0000000000E+00    0.0000000000E+00    0.0000000000E+00    0.0000000000E+00    0.0000000000E+00    0.0000000000E+00    0.1594550230E-16    0.1594576148E-16    0.9999970257E+00    0.9999970257E+00
    5    0.7750000000E+01   -0.5805696766E+00   -0.2322278706E+00   -0.4380728749E+00    0.0000000000E+00    0.0000000000E+00    0.0000000000E+00    0.0000000000E+00    0.0000000000E+00    0.0000000000E+00    0.8740750749E-15    0.8740750815E-15    0.9999969909E+00    0.9999969909E+00
    1    0.8008333333E+01   -0.5805696766E+00    0.5805696766E+00    0.5371849700E+00    0.0000000000E+00    0.0000000000E+00    0.0000000000E+00    0.0000000000E+00    0.0000000000E+00    0.0000000000E+00    0.4705251289E-15    0.4705251289E-15    0.9999973650E+00    0.9999973650E+00
    2    0.8008333333E+01    0.2322278706E+00   -0.2322278706E+00   -0.4479938788E+00    0.0000000000E+00    0.0000000000E+00    0.0000000000E+00    0.0000000000E+00    0.0000000000E+00    0.0000000000E+00    0.7713577230E-15    0.7713577230E-15    0.9999961260E+00    0.9999961260E+00
    3    0.8008333333E+01    0.2322278706E+00    0.5805696766E+00   -0.4948438219E+00    0.0000000000E+00    0.0000000000E+00    0.0000000000E+00    0.0000000000E+00    0.0000000000E+00    0.0000000000E+00    0.5098269752E-15    0.5098269752E-15    0.9999970245E+00    0.9999970245E+00
    4    0.8008333333E+01   -0.5805696766E+00   -0.2322278706E+00   -0.4959201909E+00    0.0000000000E+00    0.0000000000E+00    0.0000000000E+00    0.0000000000E+00    0.0000000000E+00    0.0000000000E+00    0.4252480443E-15    0.4252480443E-15    0.9999969945E+00    0.9999969945E+00
    1    0.8266666667E+01   -0.5805696766E+00    0.5805696766E+00    0.4864259352E+00    0.0000000000E+00    0.0000000000E+00    0.0000000000E+00    0.0000000000E+00    0.0000000000E+00    0.0000000000E+00    0.3799907692E-14    0.3799907694E-14    0.9999972000E+00    0.9999972000E+00
    2    0.8266666667E+01    0.2322278706E+00   -0.2322278706E+00   -0.5144960420E+00    0.0000000000E+00    0.0000000000E+00    0.0000000000E+00    0.0000000000E+00    0.0000000000E+00    0.0000000000E+00    0.2830561980E-15    0.2830561987E-15    0.9999966510E+00    0.9999966510E+00
    3    0.8266666667E+01   -0.5805696766E+00   -0.2322278706E+00   -0.5531538597E+00    0.0000000000E+00    0.0000000000E+00    0.0000000000E+00    0.0000000000E+00    0.0000000000E+00    0.0000000000E+00    0.8864228908E-15    0.8864228908E-15    0.9999968671E+00    0.9999968671E+00
    4    0.8266666667E+01    0.2322278706E+00    0.5805696766E+00   -0.5516106339E+00    0.0000000000E+00    0.0000000000E+00    0.0000000000E+00    0.0000000000E+00    0.0000000000E+00    0.0000000000E+00    0.6387404531E-14    0.6387404534E-14    0.9999968826E+00    0.9999968826E+00
    1    0.8525000000E+01   -0.5805696766E+00    0.5805696766E+00    0.4338226033E+00    0.0000000000E+00    0.0000000000E+00    0.0000000000E+00    0.0000000000E+00    0.0000000000E+00    0.0000000000E+00    0.3386665177E-14    0.3386665177E-14    0.9999969899E+00    0.9999969899E+00
    2    0.8525000000E+01    0.2322278706E+00   -0.2322278706E+00   -0.5747346398E+00    0.2322278706E+00   -0.2322278706E+00   -0.5747346398E+00    0.0000000000E+00    0.0000000000E+00    0.0000000000E+00    0.1809723494E-19    0.1809723494E-19    0.2045013378E-08    0.2045013378E-08
    3    0.8525000000E+01   -0.5805696766E+00   -0.2322278706E+00    0.5375686406E+00    0.0000000000E+00    0.0000000000E+00    0.0000000000E+00    0.0000000000E+00    0.0000000000E+00    0.0000000000E+00    0.2249957393E-15    0.2249957393E-15    0.9999966324E+00    0.9999966324E+00
    4    0.8525000000E+01    0.2322278706E+00    0.5805696766E+00    0.5394757609E+00    0.0000000000E+00    0.0000000000E+00    0.0000000000E+00    0.0000000000E+00    0.0000000000E+00    0.0000000000E+00    0.2231295357E-14    0.2231295357E-14    0.9999966362E+00    0.9999966362E+00
    1    0.8783333333E+01   -0.5805696766E+00    0.5805696766E+00    0.3787164637E+00    0.0000000000E+00    0.0000000000E+00    0.0000000000E+00    0.0000000000E+00    0.0000000000E+00    0.0000000000E+00    0.4741096548E-16    0.4741096566E-16    0.9999967385E+00    0.9999967385E+00
    2    0.8783333333E+01    0.2322278706E+00   -0.2322278706E+00    0.5178160107E+00    0.0000000000E+00    0.0000000000E+00    0.0000000000E+00    0.0000000000E+00    0.0000000000E+00    0.0000000000E+00    0.1115947868E-14    0.1115947868E-14    0.9999966562E+00    0.9999966562E+00
    3    0.8783333333E+01   -0.5805696766E+00   -0.2322278706E+00    0.4754050358E+00    0.0000000000E+00    0.0000000000E+00    0.0000000000E+00    0.0000000000E+00    0.0000000000E+00    0.0000000000E+00    0.4706452689E-15    0.4706452701E-15    0.9999962766E+00    0.9999962766E+00
    4    0.8783333333E+01    0.2322278706E+00    0.5805696766E+00    0.4772135535E+00    0.0000000000E+00    0.0000000000E+00    0.0000000000E+00    0.0000000000E+00    0.0000000000E+00    0.0000000000E+00    0.9503803306E-14    0.9503803306E-14    0.9999962585E+00    0.9999962585E+00
    1    0.9041666667E+01   -0.5805696766E+00    0.5805696766E+00    0.3206447942E+00    0.0000000000E+00    0.0000000000E+00    0.0000000000E+00    0.0000000000E+00    0.0000000000E+00    0.0000000000E+00    0.9069486837E-14    0.9069486837E-14    0.9999964600E+00    0.9999964600E+00
    2    0.9041666667E+01    0.2322278706E+00   -0.2322278706E+00    0.4587579865E+00    0.0000000000E+00    0.0000000000E+00    0.0000000000E+00    0.0000000000E+00    0.0000000000E+00    0.0000000000E+00    0.3194260012E-14    0.3194260012E-14    0.9999964015E+00    0.9999964015E+00
    3    0.9041666667E+01   -0.5805696766E+00   -0.2322278706E+00    0.4076384570E+00    0.0000000000E+00    0.0000000000E+00    0.0000000000E+00    0.0000000000E+00    0.0000000000E+00    0.0000000000E+00    0.3500499858E-15    0.3500499858E-15    0.9999957544E+00    0.9999957544E+00
    4    0.9041666667E+01    0.2322278706E+00    0.5805696766E+00    0.4088588398E+00    0.0000000000E+00    0.0000000000E+00    0.0000000000E+00    0.0000000000E+00    0.0000000000E+00    0.0000000000E+00    0.3036893888E-14    0.3036893888E-14    0.9999957022E+00    0.9999957022E+00
    1    0.9300000000E+01    0.2322278706E+00   -0.2322278706E+00    0.3956055193E+00    0.0000000000E+00    0.0000000000E+00    0.0000000000E+00    0.0000000000E+00    0.0000000000E+00    0.0000000000E+00    0.2701766524E-15    0.2701766525E-15    0.9999959504E+00    0.9999959504E+00
    2    0.9300000000E+01   -0.5805696766E+00    0.5805696766E+00    0.2595743308E+00    0.0000000000E+00    0.0000000000E+00    0.0000000000E+00    0.0000000000E+00    0.0000000000E+00    0.0000000000E+00    0.1326285844E-13    0.1326285844E-13    0.9999961880E+00    0.9999961880E+00
    3    0.9300000000E+01   -0.5805696766E+00   -0.2322278706E+00    0.3311308630E+00    0.0000000000E+00    0.0000000000E+00    0.0000000000E+00    0.0000000000E+00    0.0000000000E+00    0.0000000000E+00    0.5614938243E-14    0.5614938243E-14    0.9999949729E+00    0.9999949729E+00
    4    0.9300000000E+01    0.2322278706E+00    0.5805696766E+00    0.3311970610E+00    0.0000000000E+00    0.0000000000E+00    0.0000000000E+00    0.0000000000E+00    0.0000000000E+00    0.0000000000E+00    0.1504932470E-13    0.1504932470E-13    0.9999948890E+00    0.9999948890E+00
    1    0.9558333333E+01    0.2322278706E+00   -0.2322278706E+00    0.3245524788E+00    0.0000000000E+00    0.0000000000E+00    0.0000000000E+00    0.0000000000E+00    0.0000000000E+00    0.0000000000E+00    0.8446044007E-14    0.8446044009E-14    0.9999951751E+00    0.9999951751E+00
    2    0.9558333333E+01   -0.5805696766E+00    0.5805696766E+00    0.1961454496E+00    0.0000000000E+00    0.0000000000E+00    0.0000000000E+00    0.0000000000E+00    0.0000000000E+00    0.0000000000E+00    0.1147408083E-15    0.1147408085E-15    0.9999959687E+00    0.9999959687E+00
    3    0.9558333333E+01   -0.5805696766E+00   -0.2322278706E+00    0.2410594620E+00    0.0000000000E+00    0.0000000000E+00    0.0000000000E+00    0.0000000000E+00    0.0000000000E+00    0.0000000000E+00    0.3071996547E-13    0.3071996547E-13    0.9999937880E+00    0.9999937880E+00
    4    0.9558333333E+01    0.2322278706E+00    0.5805696766E+00    0.2398774016E+00    0.0000000000E+00    0.0000000000E+00    0.0000000000E+00    0.0000000000E+00    0.0000000000E+00    0.0000000000E+00    0.8435839035E-14    0.8435839035E-14    0.9999937401E+00    0.9999937401E+00
    1    0.9816666667E+01    0.2322278706E+00   -0.2322278706E+00    0.2387031320E+00    0.0000000000E+00    0.0000000000E+00    0.0000000000E+00    0.0000000000E+00    0.0000000000E+00    0.0000000000E+00    0.1390184013E-13    0.1390184013E-13    0.9999937390E+00    0.9999937390E+00
    2    0.9816666667E+01   -0.5805696766E+00    0.5805696766E+00    0.1315623598E+00    0.0000000000E+00    0.0000000000E+00    0.0000000000E+00    0.0000000000E+00    0.0000000000E+00    0.0000000000E+00    0.1687557624E-13    0.1687557624E-13    0.9999958271E+00    0.9999958271E+00
    3    0.9816666667E+01   -0.5805696766E+00   -0.2322278706E+00    0.1300451526E+00    0.0000000000E+00    0.0000000000E+00    0.0000000000E+00    0.0000000000E+00    0.0000000000E+00    0.0000000000E+00    0.6598569032E-12    0.6598569032E-12    0.9999918374E+00    0.9999918374E+00
    4    0.9816666667E+01    0.2322278706E+00    0.5805696766E+00    0.1299301837E+00    0.0000000000E+00    0.0000000000E+00    0.0000000000E+00    0.0000000000E+00    0.0000000000E+00    0.0000000000E+00    0.1325449733E-12    0.1325449733E-12    0.9999921004E+00    0.9999921004E+00
    1    0.1007500000E+02    0.2322278706E+00   -0.2322278706E+00    0.1237301646E+00    0.0000000000E+00    0.0000000000E+00    0.0000000000E+00    0.0000000000E+00    0.0000000000E+00    0.0000000000E+00    0.7247357284E-13    0.7247357284E-13    0.9999909721E+00    0.9999909721E+00
    2    0.1007500000E+02   -0.5805696766E+00    0.5805696766E+00    0.6695779085E-01    0.0000000000E+00    0.0000000000E+00    0.0000000000E+00    0.0000000000E+00    0.0000000000E+00    0.0000000000E+00    0.2674034125E-13    0.2674034125E-13    0.9999957400E+00    0.9999957400E+00
    1    0.1033333333E+02    0.2322278706E+00   -0.2322278706E+00   -0.3030003156E-01    0.0000000000E+00    0.0000000000E+00    0.0000000000E+00    0.0000000000E+00    0.0000000000E+00    0.0000000000E+00    0.1921353331E-12    0.1921353331E-12    0.9999891716E+00    0.9999891716E+00
    2    0.1033333333E+02   -0.5805696766E+00    0.5805696766E+00    0.2481438157E-02    0.0000000000E+00    0.0000000000E+00    0.0000000000E+00    0.0000000000E+00    0.0000000000E+00    0.0000000000E+00    0.1023710106E-11    0.1023710106E-11    0.9999950825E+00    0.9999950825E+00
    1    0.1059166667E+02    0.2322278706E+00   -0.2322278706E+00   -0.1736156821E+00    0.0000000000E+00    0.0000000000E+00    0.0000000000E+00    0.0000000000E+00    0.0000000000E+00    0.0000000000E+00    0.7745563708E-14    0.7745563986E-14    0.9999912606E+00    0.9999912606E+00
    2    0.1059166667E+02   -0.5805696766E+00    0.5805696766E+00   -0.6117938692E-01    0.0000000000E+00    0.0000000000E+00    0.0000000000E+00    0.0000000000E+00    0.0000000000E+00    0.0000000000E+00    0.2546161787E-13    0.2546161842E-13    0.9999955385E+00    0.9999955385E+00
    3    0.1059166667E+02   -0.5805696766E+00   -0.2322278706E+00   -0.1016947215E+00    0.0000000000E+00    0.0000000000E+00    0.0000000000E+00    0.0000000000E+00    0.0000000000E+00    0.0000000000E+00    0.1865892905E-11    0.1865892905E-11    0.9999922771E+00    0.9999922771E+00
    4    0.1059166667E+02    0.2322278706E+00    0.5805696766E+00   -0.1025475501E+00    0.0000000000E+00    0.0000000000E+00    0.0000000000E+00    0.0000000000E+00    0.0000000000E+00    0.0000000000E+00    0.7224376822E-12    0.7224376827E-12    0.9999925604E+00    0.9999925604E+00
    1    0.1085000000E+02    0.2322278706E+00   -0.2322278706E+00   -0.2853317380E+00    0.0000000000E+00    0.0000000000E+00    0.0000000000E+00    0.0000000000E+00    0.0000000000E+00    0.0000000000E+00    0.4312690052E-13    0.4312690052E-13    0.9999928884E+00    0.9999928884E+00
    2    0.1085000000E+02   -0.5805696766E+00    0.5805696766E+00   -0.1257431027E+00   -0.5805696766E+00   -0.1045025418E+01   -0.1257431027E+00   -0.2373295507E+01    0.2591601861E+01    0.5790833207E+00    0.1847693627E-13    0.1847693627E-13    0.9999953626E+00    0.9999953626E+00
    3    0.1085000000E+02   -0.5805696766E+00   -0.2322278706E+00   -0.1969576498E+00    0.0000000000E+00    0.0000000000E+00    0.0000000000E+00    0.0000000000E+00    0.0000000000E+00    0.0000000000E+00    0.1168586632E-14    0.1168586632E-14    0.9999938457E+00    0.9999938457E+00
    4    0.1085000000E+02    0.2322278706E+00    0.5805696766E+00   -0.1962141067E+00    0.0000000000E+00    0.0000000000E+00    0.0000000000E+00    0.0000000000E+00    0.0000000000E+00    0.0000000000E+00    0.1220823160E-17    0.1220823169E-17    0.9999938654E+00    0.9999938654E+00
    1    0.1110833333E+02    0.2322278706E+00   -0.2322278706E+00   -0.3763531923E+00    0.0000000000E+00    0.0000000000E+00    0.0000000000E+00    0.0000000000E+00    0.0000000000E+00    0.0000000000E+00    0.2448430159E-15    0.2448430166E-15    0.9999939240E+00    0.9999939240E+00
    2    0.1110833333E+02   -0.5805696766E+00    0.5805696766E+00   -0.1916267018E+00    0.0000000000E+00    0.0000000000E+00    0.0000000000E+00    0.0000000000E+00    0.0000000000E+00    0.0000000000E+00    0.1287557799E-19    0.1287559840E-19    0.9999951324E+00    0.9999951324E+00
    3    0.1110833333E+02   -0.5805696766E+00   -0.2322278706E+00   -0.2792079820E+00    0.0000000000E+00    0.0000000000E+00    0.0000000000E+00    0.0000000000E+00    0.0000000000E+00    0.0000000000E+00    0.4166864490E-13    0.4166864491E-13    0.9999942443E+00    0.9999942443E+00
    4    0.1110833333E+02    0.2322278706E+00    0.5805696766E+00   -0.2787245330E+00    0.0000000000E+00    0.0000000000E+00    0.0000000000E+00    0.0000000000E+00    0.0000000000E+00    0.0000000000E+00    0.1086793204E-13    0.1086793204E-13    0.9999941996E+00    0.9999941996E+00
    1    0.1136666667E+02    0.2322278706E+00   -0.2322278706E+00   -0.4537789864E+00    0.0000000000E+00    0.0000000000E+00    0.0000000000E+00    0.0000000000E+00    0.0000000000E+00    0.0000000000E+00    0.7152701974E-14    0.7152701974E-14    0.9999946065E+00    0.9999946065E+00
    2    0.1136666667E+02   -0.5805696766E+00    0.5805696766E+00   -0.2593150693E+00    0.0000000000E+00    0.0000000000E+00    0.0000000000E+00    0.0000000000E+00    0.0000000000E+00    0.0000000000E+00    0.1368135196E-13    0.1368135196E-13    0.9999948815E+00    0.9999948815E+00
    3    0.1136666667E+02   -0.5805696766E+00   -0.2322278706E+00   -0.3555957519E+00    0.0000000000E+00    0.0000000000E+00    0.0000000000E+00    0.0000000000E+00    0.0000000000E+00    0.0000000000E+00    0.3162503999E-14    0.3162503999E-14    0.9999944782E+00    0.9999944782E+00
    4    0.1136666667E+02    0.2322278706E+00    0.5805696766E+00   -0.3558089685E+00    0.0000000000E+00    0.0000000000E+00    0.0000000000E+00    0.0000000000E+00    0.0000000000E+00    0.0000000000E+00    0.2658129252E-14    0.2658129252E-14    0.9999944271E+00    0.9999944271E+00
    1    0.1162500000E+02    0.2322278706E+00   -0.2322278706E+00   -0.5222143019E+00    0.0000000000E+00    0.0000000000E+00    0.0000000000E+00    0.0000000000E+00    0.0000000000E+00    0.0000000000E+00    0.1410721281E-14    0.1410721281E-14    0.9999950289E+00    0.9999950289E+00
    2    0.1162500000E+02   -0.5805696766E+00    0.5805696766E+00   -0.3285989935E+00    0.0000000000E+00    0.0000000000E+00    0.0000000000E+00    0.0000000000E+00    0.0000000000E+00    0.0000000000E+00    0.7697980812E-14    0.7697980813E-14    0.9999946754E+00    0.9999946754E+00
    3    0.1162500000E+02   -0.5805696766E+00   -0.2322278706E+00   -0.4273765298E+00    0.0000000000E+00    0.0000000000E+00    0.0000000000E+00    0.0000000000E+00    0.0000000000E+00    0.0000000000E+00    0.2968462365E-14    0.2968462366E-14    0.9999946870E+00    0.9999946870E+00
    4    0.1162500000E+02    0.2322278706E+00    0.5805696766E+00   -0.4281422731E+00    0.0000000000E+00    0.0000000000E+00    0.0000000000E+00    0.0000000000E+00    0.0000000000E+00    0.0000000000E+00    0.4511647376E-14    0.4511647382E-14    0.9999946571E+00    0.9999946571E+00
    1    0.1188333333E+02    0.2322278706E+00   -0.2322278706E+00    0.5644699637E+00    0.0000000000E+00    0.0000000000E+00    0.0000000000E+00    0.0000000000E+00    0.0000000000E+00    0.0000000000E+00    0.1642611611E-13    0.1642611611E-13    0.9999952391E+00    0.9999952391E+00
    2    0.1188333333E+02   -0.5805696766E+00    0.5805696766E+00   -0.3983580952E+00    0.0000000000E+00    0.0000000000E+00    0.0000000000E+00    0.0000000000E+00    0.0000000000E+00    0.0000000000E+00    0.4619582072E-15    0.4619582073E-15    0.9999945820E+00    0.9999945820E+00
    3    0.1188333333E+02   -0.5805696766E+00   -0.2322278706E+00   -0.4950355031E+00    0.0000000000E+00    0.0000000000E+00    0.0000000000E+00    0.0000000000E+00    0.0000000000E+00    0.0000000000E+00    0.1874635982E-14    0.1874635982E-14    0.9999948649E+00    0.9999948649E+00
    4    0.1188333333E+02    0.2322278706E+00    0.5805696766E+00   -0.4960258779E+00    0.0000000000E+00    0.0000000000E+00    0.0000000000E+00    0.0000000000E+00    0.0000000000E+00    0.0000000000E+00    0.3864800266E-14    0.3864800266E-14    0.9999948594E+00    0.9999948594E+00
    1    0.1214166667E+02    0.2322278706E+00   -0.2322278706E+00    0.5046845633E+00    0.0000000000E+00    0.0000000000E+00    0.0000000000E+00    0.0000000000E+00    0.0000000000E+00    0.0000000000E+00    0.7737613196E-15    0.7737613202E-15    0.9999952993E+00    0.9999952993E+00
    2    0.1214166667E+02   -0.5805696766E+00    0.5805696766E+00   -0.4670157814E+00    0.0000000000E+00    0.0000000000E+00    0.0000000000E+00    0.0000000000E+00    0.0000000000E+00    0.0000000000E+00    0.2826000270E-14    0.2826000361E-14    0.9999946066E+00    0.9999946066E+00
    3    0.1214166667E+02   -0.5805696766E+00   -0.2322278706E+00   -0.5594096835E+00    0.0000000000E+00    0.0000000000E+00    0.0000000000E+00    0.0000000000E+00    0.0000000000E+00    0.0000000000E+00    0.5300939494E-14    0.5300939642E-14    0.9999949662E+00    0.9999949662E+00
    4    0.1214166667E+02    0.2322278706E+00    0.5805696766E+00   -0.5603702579E+00    0.0000000000E+00    0.0000000000E+00    0.0000000000E+00    0.0000000000E+00    0.0000000000E+00    0.0000000000E+00    0.2219759407E-13    0.2219759439E-13    0.9999949682E+00    0.9999949682E+00
    1    0.1240000000E+02   -0.5805696766E+00    0.5805696766E+00   -0.5335513064E+00    0.0000000000E+00    0.0000000000E+00    0.0000000000E+00    0.0000000000E+00    0.0000000000E+00    0.0000000000E+00    0.7025124744E-15    0.7025124786E-15    0.9999946749E+00    0.9999946749E+00
    2    0.1240000000E+02    0.2322278706E+00   -0.2322278706E+00    0.4457994519E+00    0.0000000000E+00    0.0000000000E+00    0.0000000000E+00    0.0000000000E+00    0.0000000000E+00    0.0000000000E+00    0.1062845005E-14    0.1062845005E-14    0.9999951868E+00    0.9999951868E+00
    3    0.1240000000E+02    0.2322278706E+00    0.5805696766E+00    0.5270084805E+00    0.2322278706E+00    0.5805696766E+00    0.5270084805E+00   -0.2570744809E+01   -0.3049528285E+01   -0.3798112652E+01    0.5855304299E-15    0.5855304840E-15    0.9999949845E+00    0.9999949845E+00
    4    0.1240000000E+02   -0.5805696766E+00   -0.2322278706E+00    0.5277064400E+00    0.0000000000E+00    0.0000000000E+00    0.0000000000E+00    0.0000000000E+00    0.0000000000E+00    0.0000000000E+00    0.1103596541E-15    0.1103596614E-15    0.9999949622E+00    0.9999949622E+00
    1    0.1265833333E+02   -0.5805696766E+00    0.5805696766E+00    0.5514248726E+00    0.0000000000E+00    0.0000000000E+00    0.0000000000E+00    0.0000000000E+00    0.0000000000E+00    0.0000000000E+00    0.7338931015E-14    0.7338931015E-14    0.9999946912E+00    0.9999946912E+00
    2    0.1265833333E+02    0.2322278706E+00   -0.2322278706E+00    0.3856418070E+00    0.0000000000E+00    0.0000000000E+00    0.0000000000E+00    0.0000000000E+00    0.0000000000E+00    0.0000000000E+00    0.5410459848E-17    0.5410459849E-17    0.9999948805E+00    0.9999948805E+00
    3    0.1265833333E+02    0.2322278706E+00    0.5805696766E+00    0.4652965632E+00    0.0000000000E+00    0.0000000000E+00    0.0000000000E+00    0.0000000000E+00    0.0000000000E+00    0.0000000000E+00    0.1426482547E-14    0.1426482547E-14    0.9999948359E+00    0.9999948359E+00
    4    0.1265833333E+02   -0.5805696766E+00   -0.2322278706E+00    0.4656712874E+00    0.0000000000E+00    0.0000000000E+00    0.0000000000E+00    0.0000000000E+00    0.0000000000E+00    0.0000000000E+00    0.2730026020E-15    0.2730026020E-15    0.9999948054E+00    0.9999948054E+00
    1    0.1291666667E+02   -0.5805696766E+00    0.5805696766E+00    0.4877144340E+00    0.0000000000E+00    0.0000000000E+00    0.0000000000E+00    0.0000000000E+00    0.0000000000E+00    0.0000000000E+00    0.3231068719E-16    0.3231071289E-16    0.9999945836E+00    0.9999945836E+00
    2    0.1291666667E+02    0.2322278706E+00   -0.2322278706E+00    0.3214431673E+00    0.0000000000E+00    0.0000000000E+00    0.0000000000E+00    0.0000000000E+00    0.0000000000E+00    0.0000000000E+00    0.8845774263E-14    0.8845774263E-14    0.9999942757E+00    0.9999942757E+00
    3    0.1291666667E+02    0.2322278706E+00    0.5805696766E+00    0.4018664617E+00    0.0000000000E+00    0.0000000000E+00    0.0000000000E+00    0.0000000000E+00    0.0000000000E+00    0.0000000000E+00    0.3009929167E-15    0.3009929168E-15    0.9999944718E+00    0.9999944718E+00
    4    0.1291666667E+02   -0.5805696766E+00   -0.2322278706E+00    0.4018315918E+00    0.0000000000E+00    0.0000000000E+00    0.0000000000E+00    0.0000000000E+00    0.0000000000E+00    0.0000000000E+00    0.9712181962E-16    0.9712182168E-16    0.9999944331E+00    0.9999944331E+00
    1    0.1317500000E+02   -0.5805696766E+00    0.5805696766E+00    0.4227843748E+00    0.0000000000E+00    0.0000000000E+00    0.0000000000E+00    0.0000000000E+00    0.0000000000E+00    0.0000000000E+00    0.2340196904E-15    0.2340196905E-15    0.9999942487E+00    0.9999942487E+00
    2    0.1317500000E+02    0.2322278706E+00   -0.2322278706E+00    0.2483173437E+00    0.0000000000E+00    0.0000000000E+00    0.0000000000E+00    0.0000000000E+00    0.0000000000E+00    0.0000000000E+00    0.5089706560E-13    0.5089706560E-13    0.9999930333E+00    0.9999930333E+00
    3    0.1317500000E+02   -0.5805696766E+00   -0.2322278706E+00    0.3329615748E+00    0.0000000000E+00    0.0000000000E+00    0.0000000000E+00    0.0000000000E+00    0.0000000000E+00    0.0000000000E+00    0.3495511481E-14    0.3495511481E-14    0.9999936838E+00    0.9999936838E+00
    4    0.1317500000E+02    0.2322278706E+00    0.5805696766E+00    0.3335213408E+00    0.0000000000E+00    0.0000000000E+00    0.0000000000E+00    0.0000000000E+00    0.0000000000E+00    0.0000000000E+00    0.6345083900E-14    0.6345083900E-14    0.9999937368E+00    0.9999937368E+00
    1    0.1343333333E+02    0.2322278706E+00   -0.2322278706E+00   -0.2639086575E+00    0.0000000000E+00    0.0000000000E+00    0.0000000000E+00    0.0000000000E+00    0.0000000000E+00    0.0000000000E+00    0.1729186060E-08    0.1729186060E-08    0.9998905776E+00    0.9998905776E+00
    2    0.1343333333E+02   -0.5805696766E+00    0.5805696766E+00    0.3531801285E+00    0.0000000000E+00    0.0000000000E+00    0.0000000000E+00    0.0000000000E+00    0.0000000000E+00    0.0000000000E+00    0.1604087937E-14    0.1604087937E-14    0.9999934940E+00    0.9999934940E+00
    3    0.1343333333E+02    0.2322278706E+00   -0.2322278706E+00    0.1489803012E+00    0.0000000000E+00    0.0000000000E+00    0.0000000000E+00    0.0000000000E+00    0.0000000000E+00    0.0000000000E+00    0.1118439950E-08    0.1118439950E-08    0.9999242718E+00    0.9999242718E+00
    4    0.1343333333E+02    0.2322278706E+00   -0.2322278706E+00    0.1578819669E+00    0.0000000000E+00    0.0000000000E+00    0.0000000000E+00    0.0000000000E+00    0.0000000000E+00    0.0000000000E+00    0.6128622435E-09    0.6128622435E-09    0.9999540810E+00    0.9999540810E+00
    5    0.1343333333E+02    0.2322278706E+00    0.5805696766E+00    0.2538309825E+00    0.0000000000E+00    0.0000000000E+00    0.0000000000E+00    0.0000000000E+00    0.0000000000E+00    0.0000000000E+00    0.5925693897E-13    0.5925693897E-13    0.9999920828E+00    0.9999920828E+00
    6    0.1343333333E+02   -0.5805696766E+00   -0.2322278706E+00    0.2524824719E+00    0.0000000000E+00    0.0000000000E+00    0.0000000000E+00    0.0000000000E+00    0.0000000000E+00    0.0000000000E+00    0.4183514088E-13    0.4183514089E-13    0.9999919888E+00    0.9999919888E+00
    1    0.1369166667E+02    0.2322278706E+00   -0.2322278706E+00    0.5442972833E+00    0.0000000000E+00    0.0000000000E+00    0.0000000000E+00    0.0000000000E+00    0.0000000000E+00    0.0000000000E+00    0.6185232294E-11    0.6185232294E-11    0.9999778463E+00    0.9999778463E+00
    2    0.1369166667E+02   -0.5805696766E+00    0.5805696766E+00    0.2714422964E+00    0.0000000000E+00    0.0000000000E+00    0.0000000000E+00    0.0000000000E+00    0.0000000000E+00    0.0000000000E+00    0.8783901316E-12    0.8783901316E-12    0.9999913996E+00    0.9999913996E+00
    3    0.1369166667E+02   -0.5805696766E+00    0.5805696766E+00   -0.4369920726E+00    0.0000000000E+00    0.0000000000E+00    0.0000000000E+00    0.0000000000E+00    0.0000000000E+00    0.0000000000E+00    0.1274653875E-11    0.1274653875E-11    0.9999784684E+00    0.9999784684E+00
    4    0.1369166667E+02   -0.5805696766E+00   -0.2322278706E+00   -0.4970796587E+00    0.0000000000E+00    0.0000000000E+00    0.0000000000E+00    0.0000000000E+00    0.0000000000E+00    0.0000000000E+00    0.1590211170E-11    0.1590211171E-11    0.9999781109E+00    0.9999781109E+00
    5    0.1369166667E+02    0.2322278706E+00    0.5805696766E+00   -0.4958454288E+00    0.0000000000E+00    0.0000000000E+00    0.0000000000E+00    0.0000000000E+00    0.0000000000E+00    0.0000000000E+00    0.1527467430E-11    0.1527467430E-11    0.9999775199E+00    0.9999775199E+00
    6    0.1369166667E+02   -0.5805696766E+00   -0.2322278706E+00    0.1332355255E+00    0.0000000000E+00    0.0000000000E+00    0.0000000000E+00    0.0000000000E+00    0.0000000000E+00    0.0000000000E+00    0.1480489199E-11    0.1480489199E-11    0.9999823945E+00    0.9999823945E+00
    7    0.1369166667E+02    0.2322278706E+00    0.5805696766E+00    0.1373475778E+00    0.0000000000E+00    0.0000000000E+00    0.0000000000E+00    0.0000000000E+00    0.0000000000E+00    0.0000000000E+00    0.2090560459E-11    0.2090560459E-11    0.9999834356E+00    0.9999834356E+00
    8    0.1369166667E+02   -0.5805696766E+00    0.5805696766E+00   -0.2380817343E+00    0.0000000000E+00    0.0000000000E+00    0.0000000000E+00    0.0000000000E+00    0.0000000000E+00    0.0000000000E+00    0.9346452736E-12    0.9346452736E-12    0.9999816455E+00    0.9999816455E+00
    9    0.1369166667E+02    0.2322278706E+00   -0.2322278706E+00   -0.1603422201E+00    0.0000000000E+00    0.0000000000E+00    0.0000000000E+00    0.0000000000E+00    0.0000000000E+00    0.0000000000E+00    0.3323287887E-11    0.3323287887E-11    0.9999781631E+00    0.9999781631E+00
   10    0.1369166667E+02    0.2322278706E+00    0.5805696766E+00   -0.1769057725E+00    0.0000000000E+00    0.0000000000E+00    0.0000000000E+00    0.0000000000E+00    0.0000000000E+00    0.0000000000E+00    0.2528516675E-11    0.2528516675E-11    0.9999777287E+00    0.9999777287E+00
   11    0.1369166667E+02    0.2322278706E+00   -0.2322278706E+00   -0.1751388327E+00    0.0000000000E+00    0.0000000000E+00    0.0000000000E+00    0.0000000000E+00    0.0000000000E+00    0.0000000000E+00    0.1728903780E-12    0.1728903784E-12    0.9999817650E+00    0.9999817650E+00
   12    0.1369166667E+02   -0.5805696766E+00   -0.2322278706E+00   -0.1759347113E+00    0.0000000000E+00    0.0000000000E+00    0.0000000000E+00    0.0000000000E+00    0.0000000000E+00    0.0000000000E+00    0.1916043201E-11    0.1916043201E-11    0.9999774239E+00    0.9999774239E+00
    1    0.1395000000E+02   -0.5805696766E+00    0.5805696766E+00    0.1474977483E+00    0.0000000000E+00    0.0000000000E+00    0.0000000000E+00    0.0000000000E+00    0.0000000000E+00    0.0000000000E+00    0.3384065932E-11    0.3384065932E-11    0.9999826996E+00    0.9999826996E+00
    2    0.1395000000E+02    0.2322278706E+00   -0.2322278706E+00    0.2795688460E+00    0.0000000000E+00    0.0000000000E+00    0.0000000000E+00    0.0000000000E+00    0.0000000000E+00    0.0000000000E+00    0.1327412632E-11    0.1327412632E-11    0.9999682287E+00    0.9999682287E+00
    3    0.1395000000E+02   -0.5805696766E+00    0.5805696766E+00    0.5016190909E+00    0.0000000000E+00    0.0000000000E+00    0.0000000000E+00    0.0000000000E+00    0.0000000000E+00    0.0000000000E+00    0.2005447436E-11    0.2005447436E-11    0.9999818788E+00    0.9999818788E+00
    4    0.1395000000E+02   -0.5805696766E+00   -0.2322278706E+00    0.4211264701E+00    0.0000000000E+00    0.0000000000E+00    0.0000000000E+00    0.0000000000E+00    0.0000000000E+00    0.0000000000E+00    0.1921543219E-10    0.1921543219E-10    0.9999763005E+00    0.9999763005E+00
    5    0.1395000000E+02    0.2322278706E+00    0.5805696766E+00    0.4188485042E+00    0.0000000000E+00    0.0000000000E+00    0.0000000000E+00    0.0000000000E+00    0.0000000000E+00    0.0000000000E+00    0.2539437811E-10    0.2539437811E-10    0.9999753558E+00    0.9999753558E+00
    6    0.1395000000E+02   -0.5805696766E+00   -0.2322278706E+00   -0.2831559860E+00   -0.5805696766E+00   -0.2322278706E+00   -0.2831559860E+00    0.8862088810E+00    0.1565193689E+01   -0.6561244198E+00    0.2322092663E-10    0.2322092663E-10    0.9999749906E+00    0.9999749906E+00
    7    0.1395000000E+02    0.2322278706E+00    0.5805696766E+00   -0.2855840830E+00    0.2322278706E+00    0.5805696766E+00   -0.2855840830E+00   -0.1546115461E+01   -0.8910415665E+00   -0.6735264942E+00    0.2562068817E-10    0.2562068817E-10    0.9999746023E+00    0.9999746023E+00
    8    0.1395000000E+02   -0.5805696766E+00    0.5805696766E+00   -0.4249748207E+00    0.0000000000E+00    0.0000000000E+00    0.0000000000E+00    0.0000000000E+00    0.0000000000E+00    0.0000000000E+00    0.3032664765E-12    0.3032664765E-12    0.9999821531E+00    0.9999821531E+00
    9    0.1395000000E+02    0.2322278706E+00   -0.2322278706E+00   -0.3707883259E+00    0.2322278706E+00   -0.2322278706E+00   -0.3707883259E+00   -0.1956575817E+01    0.1946824572E+01    0.3324406123E+01    0.3837419188E-12    0.3837419188E-12    0.9999787268E+00    0.9999787268E+00
   10    0.1395000000E+02    0.2322278706E+00   -0.2322278706E+00   -0.3764860817E+00    0.0000000000E+00    0.0000000000E+00    0.0000000000E+00    0.0000000000E+00    0.0000000000E+00    0.0000000000E+00    0.7078474391E-12    0.7078474391E-12    0.9999785132E+00    0.9999785132E+00
   11    0.1395000000E+02    0.2322278706E+00    0.5805696766E+00   -0.3820261871E+00    0.0000000000E+00    0.0000000000E+00    0.0000000000E+00    0.0000000000E+00    0.0000000000E+00    0.0000000000E+00    0.4309774781E-11    0.4309774781E-11    0.9999805023E+00    0.9999805023E+00
   12    0.1395000000E+02   -0.5805696766E+00   -0.2322278706E+00   -0.3814972015E+00    0.0000000000E+00    0.0000000000E+00    0.0000000000E+00    0.0000000000E+00    0.0000000000E+00    0.0000000000E+00    0.4280302757E-11    0.4280302757E-11    0.9999805075E+00    0.9999805075E+00
    1    0.1420833333E+02   -0.5805696766E+00    0.5805696766E+00    0.2981083285E+00    0.0000000000E+00    0.0000000000E+00    0.0000000000E+00    0.0000000000E+00    0.0000000000E+00    0.0000000000E+00    0.2609794492E-12    0.2609794492E-12    0.9999803175E+00    0.9999803175E+00
    2    0.1420833333E+02    0.2322278706E+00    0.5805696766E+00    0.1438480310E+00    0.0000000000E+00    0.0000000000E+00    0.0000000000E+00    0.0000000000E+00    0.0000000000E+00    0.0000000000E+00    0.1912618913E-10    0.1912618913E-10    0.9999567933E+00    0.9999567933E+00
    3    0.1420833333E+02   -0.5805696766E+00   -0.2322278706E+00    0.1452721971E+00    0.0000000000E+00    0.0000000000E+00    0.0000000000E+00    0.0000000000E+00    0.0000000000E+00    0.0000000000E+00    0.1622669101E-10    0.1622669101E-10    0.9999564779E+00    0.9999564779E+00
