    1    0.1033333333E+01   -0.4644557413E+00    0.4644557413E+00   -0.6003871631E-01    0.0000000000E+00    0.0000000000E+00    0.0000000000E+00    0.0000000000E+00    0.0000000000E+00    0.0000000000E+00    0.4267600839E-13    0.4267600839E-13    0.9999994124E+00    0.9999994124E+00
    1    0.1291666667E+01   -0.4644557413E+00    0.4644557413E+00   -0.1820351216E+00    0.0000000000E+00    0.0000000000E+00    0.0000000000E+00    0.0000000000E+00    0.0000000000E+00    0.0000000000E+00    0.1327450856E-16    0.1327450856E-16    0.9999994079E+00    0.9999994079E+00
    2    0.1291666667E+01   -0.4644557413E+00    0.4644557413E+00   -0.1163531053E+00    0.0000000000E+00    0.0000000000E+00    0.0000000000E+00    0.0000000000E+00    0.0000000000E+00    0.0000000000E+00    0.8922321692E-14    0.8922321692E-14    0.9999995566E+00    0.9999995566E+00
    1    0.1550000000E+01   -0.4644557413E+00    0.4644557413E+00   -0.2366187026E+00    0.0000000000E+00    0.0000000000E+00    0.0000000000E+00    0.0000000000E+00    0.0000000000E+00    0.0000000000E+00    0.1785405979E-15    0.1785405979E-15    0.9999994910E+00    0.9999994910E+00
    2    0.1550000000E+01   -0.4644557413E+00    0.4644557413E+00   -0.1622336279E+00    0.0000000000E+00    0.0000000000E+00    0.0000000000E+00    0.0000000000E+00    0.0000000000E+00    0.0000000000E+00    0.1206477448E-14    0.1206477448E-14    0.9999995404E+00    0.9999995404E+00
    1    0.1808333333E+01   -0.4644557413E+00    0.4644557413E+00   -0.2819036891E+00    0.0000000000E+00    0.0000000000E+00    0.0000000000E+00    0.0000000000E+00    0.0000000000E+00    0.0000000000E+00    0.5838615756E-15    0.5838615756E-15    0.9999994706E+00    0.9999994706E+00
    2    0.1808333333E+01   -0.4644557413E+00    0.4644557413E+00   -0.2044088208E+00    0.0000000000E+00    0.0000000000E+00    0.0000000000E+00    0.0000000000E+00    0.0000000000E+00    0.0000000000E+00    0.1966947924E-15    0.1966947924E-15    0.9999994949E+00    0.9999994949E+00
    1    0.2066666667E+01   -0.4644557413E+00    0.4644557413E+00   -0.2118174211E-01    0.0000000000E+00    0.0000000000E+00    0.0000000000E+00    0.0000000000E+00    0.0000000000E+00    0.0000000000E+00    0.3288878509E-12    0.3288878509E-12    0.9999985310E+00    0.9999985310E+00
    2    0.2066666667E+01   -0.4644557413E+00    0.4644557413E+00   -0.2454266659E+00    0.0000000000E+00    0.0000000000E+00    0.0000000000E+00    0.0000000000E+00    0.0000000000E+00    0.0000000000E+00    0.2304824917E-14    0.2304824917E-14    0.9999994333E+00    0.9999994333E+00
    3    0.2066666667E+01   -0.4644557413E+00    0.4644557413E+00   -0.3241630500E+00    0.0000000000E+00    0.0000000000E+00    0.0000000000E+00    0.0000000000E+00    0.0000000000E+00    0.0000000000E+00    0.1049826492E-13    0.1049826492E-13    0.9999994386E+00    0.9999994386E+00
    1    0.2325000000E+01   -0.4644557413E+00    0.4644557413E+00   -0.7543706817E-01    0.0000000000E+00    0.0000000000E+00    0.0000000000E+00    0.0000000000E+00    0.0000000000E+00    0.0000000000E+00    0.9570526470E-14    0.9570526470E-14    0.9999993455E+00    0.9999993455E+00
    2    0.2325000000E+01   -0.4644557413E+00    0.4644557413E+00   -0.2864675441E+00    0.0000000000E+00    0.0000000000E+00    0.0000000000E+00    0.0000000000E+00    0.0000000000E+00    0.0000000000E+00    0.3548784343E-14    0.3548784343E-14    0.9999993577E+00    0.9999993577E+00
    3    0.2325000000E+01   -0.4644557413E+00    0.4644557413E+00   -0.3654521273E+00    0.0000000000E+00    0.0000000000E+00    0.0000000000E+00    0.0000000000E+00    0.0000000000E+00    0.0000000000E+00    0.3002008266E-14    0.3002008266E-14    0.9999993955E+00    0.9999993955E+00
    1    0.2583333333E+01   -0.4644557413E+00    0.4644557413E+00   -0.1114769733E+00    0.0000000000E+00    0.0000000000E+00    0.0000000000E+00    0.0000000000E+00    0.0000000000E+00    0.0000000000E+00    0.3002151573E-14    0.3002151573E-14    0.9999993873E+00    0.9999993873E+00
    2    0.2583333333E+01   -0.4644557413E+00    0.4644557413E+00   -0.3283685531E+00    0.0000000000E+00    0.0000000000E+00    0.0000000000E+00    0.0000000000E+00    0.0000000000E+00    0.0000000000E+00    0.2126158233E-14    0.2126158233E-14    0.9999992676E+00    0.9999992676E+00
    3    0.2583333333E+01   -0.4644557413E+00    0.4644557413E+00   -0.4068840813E+00    0.0000000000E+00    0.0000000000E+00    0.0000000000E+00    0.0000000000E+00    0.0000000000E+00    0.0000000000E+00    0.4428730141E-14    0.4428730141E-14    0.9999993198E+00    0.9999993198E+00
    1    0.2841666667E+01   -0.4644557413E+00    0.4644557413E+00   -0.1433312787E+00    0.0000000000E+00    0.0000000000E+00    0.0000000000E+00    0.0000000000E+00    0.0000000000E+00    0.0000000000E+00    0.2385032323E-14    0.2385032323E-14    0.9999993892E+00    0.9999993892E+00
    2    0.2841666667E+01   -0.4644557413E+00    0.4644557413E+00   -0.4493198587E+00    0.0000000000E+00    0.0000000000E+00    0.0000000000E+00    0.0000000000E+00    0.0000000000E+00    0.0000000000E+00    0.5169481327E-14    0.5169481327E-14    0.9999992171E+00    0.9999992171E+00
    3    0.2841666667E+01   -0.4644557413E+00    0.4644557413E+00   -0.3719418925E+00    0.0000000000E+00    0.0000000000E+00    0.0000000000E+00    0.0000000000E+00    0.0000000000E+00    0.0000000000E+00    0.1484258581E-15    0.1484258581E-15    0.9999991562E+00    0.9999991562E+00
    1    0.3100000000E+01   -0.4644557413E+00    0.4644557413E+00   -0.1731229435E+00    0.0000000000E+00    0.0000000000E+00    0.0000000000E+00    0.0000000000E+00    0.0000000000E+00    0.0000000000E+00    0.2180637394E-14    0.2180637394E-14    0.9999994075E+00    0.9999994075E+00
    2    0.3100000000E+01   -0.4644557413E+00    0.4644557413E+00   -0.4936550163E+00    0.0000000000E+00    0.0000000000E+00    0.0000000000E+00    0.0000000000E+00    0.0000000000E+00    0.0000000000E+00    0.3506864166E-14    0.3506864166E-14    0.9999990574E+00    0.9999990574E+00
    3    0.3100000000E+01   -0.4644557413E+00    0.4644557413E+00   -0.4181859237E+00    0.0000000000E+00    0.0000000000E+00    0.0000000000E+00    0.0000000000E+00    0.0000000000E+00    0.0000000000E+00    0.1304515205E-14    0.1304515205E-14    0.9999990137E+00    0.9999990137E+00
    1    0.3358333333E+01   -0.4644557413E+00    0.4644557413E+00   -0.2016610464E+00    0.0000000000E+00    0.0000000000E+00    0.0000000000E+00    0.0000000000E+00    0.0000000000E+00    0.0000000000E+00    0.4720592885E-15    0.4720592889E-15    0.9999993697E+00    0.9999993697E+00
    2    0.3358333333E+01    0.3483418059E+00    0.4644557413E+00    0.2564943987E+00    0.0000000000E+00    0.0000000000E+00    0.0000000000E+00    0.0000000000E+00    0.0000000000E+00    0.0000000000E+00    0.5787763291E-13    0.5787763311E-13    0.9999966354E+00    0.9999966354E+00
    3    0.3358333333E+01   -0.4644557413E+00   -0.3483418059E+00    0.2565807926E+00    0.0000000000E+00    0.0000000000E+00    0.0000000000E+00    0.0000000000E+00    0.0000000000E+00    0.0000000000E+00    0.3221320692E-13    0.3221320696E-13    0.9999966716E+00    0.9999966716E+00
    4    0.3358333333E+01   -0.4644557413E+00    0.4644557413E+00   -0.4685788051E+00    0.0000000000E+00    0.0000000000E+00    0.0000000000E+00    0.0000000000E+00    0.0000000000E+00    0.0000000000E+00    0.5372234329E-14    0.5372234330E-14    0.9999988178E+00    0.9999988178E+00
    5    0.3358333333E+01   -0.4644557413E+00    0.4644557413E+00   -0.5411073227E+00    0.0000000000E+00    0.0000000000E+00    0.0000000000E+00    0.0000000000E+00    0.0000000000E+00    0.0000000000E+00    0.4654155144E-14    0.4654155144E-14    0.9999989030E+00    0.9999989030E+00
    6    0.3358333333E+01    0.3483418059E+00    0.4644557413E+00    0.5075047116E+00    0.0000000000E+00    0.0000000000E+00    0.0000000000E+00    0.0000000000E+00    0.0000000000E+00    0.0000000000E+00    0.2284745298E-12    0.2284745298E-12    0.9999945426E+00    0.9999945426E+00
    7    0.3358333333E+01   -0.4644557413E+00   -0.3483418059E+00    0.5119515280E+00    0.0000000000E+00    0.0000000000E+00    0.0000000000E+00    0.0000000000E+00    0.0000000000E+00    0.0000000000E+00    0.1446967530E-11    0.1446967530E-11    0.9999942479E+00    0.9999942479E+00
    1    0.3616666667E+01   -0.4644557413E+00    0.4644557413E+00   -0.2293583309E+00    0.0000000000E+00    0.0000000000E+00    0.0000000000E+00    0.0000000000E+00    0.0000000000E+00    0.0000000000E+00    0.1413058177E-14    0.1413058212E-14    0.9999993201E+00    0.9999993201E+00
    2    0.3616666667E+01    0.3483418059E+00    0.4644557413E+00    0.8662007997E-01    0.0000000000E+00    0.0000000000E+00    0.0000000000E+00    0.0000000000E+00    0.0000000000E+00    0.0000000000E+00    0.3515828255E-11    0.3515828255E-11    0.9999938906E+00    0.9999938906E+00
    3    0.3616666667E+01   -0.4644557413E+00   -0.3483418059E+00    0.9444180240E-01    0.0000000000E+00    0.0000000000E+00    0.0000000000E+00    0.0000000000E+00    0.0000000000E+00    0.0000000000E+00    0.2255047323E-11    0.2255047323E-11    0.9999942216E+00    0.9999942216E+00
    4    0.3616666667E+01   -0.4644557413E+00    0.4644557413E+00   -0.5261576338E+00    0.0000000000E+00    0.0000000000E+00    0.0000000000E+00    0.0000000000E+00    0.0000000000E+00    0.0000000000E+00    0.4878066528E-13    0.4878066529E-13    0.9999984486E+00    0.9999984486E+00
    5    0.3616666667E+01    0.3483418059E+00    0.4644557413E+00    0.4007679543E+00    0.0000000000E+00    0.0000000000E+00    0.0000000000E+00    0.0000000000E+00    0.0000000000E+00    0.0000000000E+00    0.3833896269E-12    0.3833896269E-12    0.9999977867E+00    0.9999977867E+00
    6    0.3616666667E+01   -0.4644557413E+00   -0.3483418059E+00    0.3961451356E+00    0.0000000000E+00    0.0000000000E+00    0.0000000000E+00    0.0000000000E+00    0.0000000000E+00    0.0000000000E+00    0.2028452527E-12    0.2028452528E-12    0.9999979116E+00    0.9999979116E+00
    7    0.3616666667E+01    0.3483418059E+00    0.4644557413E+00    0.3723695815E+00    0.0000000000E+00    0.0000000000E+00    0.0000000000E+00    0.0000000000E+00    0.0000000000E+00    0.0000000000E+00    0.2733615815E-13    0.2733615816E-13    0.9999972285E+00    0.9999972285E+00
    8    0.3616666667E+01   -0.4644557413E+00   -0.3483418059E+00    0.3734388364E+00    0.0000000000E+00    0.0000000000E+00    0.0000000000E+00    0.0000000000E+00    0.0000000000E+00    0.0000000000E+00    0.1851352571E-13    0.1851352573E-13    0.9999976100E+00    0.9999976100E+00
    9    0.3616666667E+01   -0.4644557413E+00    0.4644557413E+00    0.5562265780E+00    0.0000000000E+00    0.0000000000E+00    0.0000000000E+00    0.0000000000E+00    0.0000000000E+00    0.0000000000E+00    0.5237201209E-13    0.5237201220E-13    0.9999986064E+00    0.9999986064E+00
   10    0.3616666667E+01    0.3483418059E+00    0.4644557413E+00    0.5575966036E+00    0.0000000000E+00    0.0000000000E+00    0.0000000000E+00    0.0000000000E+00    0.0000000000E+00    0.0000000000E+00    0.9007970731E-13    0.9007970731E-13    0.9999982247E+00    0.9999982247E+00
   11    0.3616666667E+01   -0.4644557413E+00   -0.3483418059E+00    0.5582608339E+00    0.0000000000E+00    0.0000000000E+00    0.0000000000E+00    0.0000000000E+00    0.0000000000E+00    0.0000000000E+00    0.4880657284E-13    0.4880657286E-13    0.9999981260E+00    0.9999981260E+00
    1    0.3875000000E+01   -0.4644557413E+00    0.4644557413E+00   -0.2564625888E+00    0.0000000000E+00    0.0000000000E+00    0.0000000000E+00    0.0000000000E+00    0.0000000000E+00    0.0000000000E+00    0.1971080297E-14    0.1971081456E-14    0.9999992798E+00    0.9999992798E+00
    2    0.3875000000E+01   -0.4644557413E+00    0.4644557413E+00    0.5572814987E+00    0.0000000000E+00    0.0000000000E+00    0.0000000000E+00    0.0000000000E+00    0.0000000000E+00    0.0000000000E+00    0.7815260555E-13    0.7815260556E-13    0.9999979318E+00    0.9999979318E+00
    3    0.3875000000E+01    0.3483418059E+00    0.4644557413E+00    0.3256771901E+00    0.0000000000E+00    0.0000000000E+00    0.0000000000E+00    0.0000000000E+00    0.0000000000E+00    0.0000000000E+00    0.2987428096E-13    0.2987428098E-13    0.9999983731E+00    0.9999983731E+00
    4    0.3875000000E+01   -0.4644557413E+00   -0.3483418059E+00    0.3219107215E+00    0.0000000000E+00    0.0000000000E+00    0.0000000000E+00    0.0000000000E+00    0.0000000000E+00    0.0000000000E+00    0.1966447694E-13    0.1966447695E-13    0.9999983538E+00    0.9999983538E+00
    5    0.3875000000E+01    0.3483418059E+00    0.4644557413E+00    0.2755291344E+00    0.0000000000E+00    0.0000000000E+00    0.0000000000E+00    0.0000000000E+00    0.0000000000E+00    0.0000000000E+00    0.7983277775E-13    0.7983277776E-13    0.9999975711E+00    0.9999975711E+00
    6    0.3875000000E+01   -0.4644557413E+00   -0.3483418059E+00    0.2772209839E+00    0.0000000000E+00    0.0000000000E+00    0.0000000000E+00    0.0000000000E+00    0.0000000000E+00    0.0000000000E+00    0.4194624873E-13    0.4194624873E-13    0.9999975703E+00    0.9999975703E+00
    7    0.3875000000E+01   -0.4644557413E+00    0.4644557413E+00    0.4973613633E+00    0.0000000000E+00    0.0000000000E+00    0.0000000000E+00    0.0000000000E+00    0.0000000000E+00    0.0000000000E+00    0.9235525392E-14    0.9235525433E-14    0.9999983508E+00    0.9999983508E+00
    8    0.3875000000E+01   -0.4644557413E+00   -0.3483418059E+00    0.4939969559E+00    0.0000000000E+00    0.0000000000E+00    0.0000000000E+00    0.0000000000E+00    0.0000000000E+00    0.0000000000E+00    0.1863572842E-14    0.1863572882E-14    0.9999985310E+00    0.9999985310E+00
    9    0.3875000000E+01    0.3483418059E+00    0.4644557413E+00    0.4924391616E+00    0.0000000000E+00    0.0000000000E+00    0.0000000000E+00    0.0000000000E+00    0.0000000000E+00    0.0000000000E+00    0.2930185590E-14    0.2930185960E-14    0.9999984681E+00    0.9999984681E+00
    1    0.4133333333E+01   -0.4644557413E+00    0.4644557413E+00   -0.2831407723E+00    0.0000000000E+00    0.0000000000E+00    0.0000000000E+00    0.0000000000E+00    0.0000000000E+00    0.0000000000E+00    0.4178410054E-14    0.4178410121E-14    0.9999992115E+00    0.9999992115E+00
    2    0.4133333333E+01   -0.4644557413E+00    0.4644557413E+00    0.4635363547E+00    0.0000000000E+00    0.0000000000E+00    0.0000000000E+00    0.0000000000E+00    0.0000000000E+00    0.0000000000E+00    0.1988364186E-13    0.1988364188E-13    0.9999968256E+00    0.9999968256E+00
    3    0.4133333333E+01   -0.4644557413E+00    0.4644557413E+00    0.4229216162E+00    0.0000000000E+00    0.0000000000E+00    0.0000000000E+00    0.0000000000E+00    0.0000000000E+00    0.0000000000E+00    0.1181777079E-13    0.1181777271E-13    0.9999977132E+00    0.9999977132E+00
    4    0.4133333333E+01    0.3483418059E+00    0.4644557413E+00    0.4384891777E+00    0.0000000000E+00    0.0000000000E+00    0.0000000000E+00    0.0000000000E+00    0.0000000000E+00    0.0000000000E+00    0.8383405434E-14    0.8383405654E-14    0.9999984678E+00    0.9999984678E+00
    5    0.4133333333E+01   -0.4644557413E+00   -0.3483418059E+00    0.4398708232E+00    0.0000000000E+00    0.0000000000E+00    0.0000000000E+00    0.0000000000E+00    0.0000000000E+00    0.0000000000E+00    0.5062483012E-14    0.5062483028E-14    0.9999985022E+00    0.9999985022E+00
    6    0.4133333333E+01    0.3483418059E+00    0.4644557413E+00    0.2665695564E+00    0.0000000000E+00    0.0000000000E+00    0.0000000000E+00    0.0000000000E+00    0.0000000000E+00    0.0000000000E+00    0.4742458795E-14    0.4742458805E-14    0.9999985081E+00    0.9999985081E+00
    7    0.4133333333E+01   -0.4644557413E+00   -0.3483418059E+00    0.2631947175E+00    0.0000000000E+00    0.0000000000E+00    0.0000000000E+00    0.0000000000E+00    0.0000000000E+00    0.0000000000E+00    0.3241562773E-14    0.3241562780E-14    0.9999985181E+00    0.9999985181E+00
    8    0.4133333333E+01    0.3483418059E+00    0.4644557413E+00    0.1703061125E+00    0.0000000000E+00    0.0000000000E+00    0.0000000000E+00    0.0000000000E+00    0.0000000000E+00    0.0000000000E+00    0.5156588955E-13    0.5156588958E-13    0.9999967786E+00    0.9999967786E+00
    9    0.4133333333E+01   -0.4644557413E+00   -0.3483418059E+00    0.1740539142E+00    0.0000000000E+00    0.0000000000E+00    0.0000000000E+00    0.0000000000E+00    0.0000000000E+00    0.0000000000E+00    0.2165645489E-13    0.2165645491E-13    0.9999968361E+00    0.9999968361E+00
    1    0.4391666667E+01   -0.4644557413E+00    0.4644557413E+00   -0.3097693486E+00    0.0000000000E+00    0.0000000000E+00    0.0000000000E+00    0.0000000000E+00    0.0000000000E+00    0.0000000000E+00    0.8075183069E-19    0.8075183098E-19    0.1671886005E-04    0.1671886005E-04
    2    0.4391666667E+01    0.3483418059E+00   -0.3483418059E+00   -0.7636021609E-01    0.0000000000E+00    0.0000000000E+00    0.0000000000E+00    0.0000000000E+00    0.0000000000E+00    0.0000000000E+00    0.2074326054E-11    0.2074326054E-11    0.9999953617E+00    0.9999953617E+00
    3    0.4391666667E+01    0.3483418059E+00   -0.3483418059E+00   -0.9893075570E-01    0.0000000000E+00    0.0000000000E+00    0.0000000000E+00    0.0000000000E+00    0.0000000000E+00    0.0000000000E+00    0.2326787552E-11    0.2326787552E-11    0.9999934336E+00    0.9999934336E+00
    4    0.4391666667E+01   -0.4644557413E+00   -0.3483418059E+00    0.3902713894E+00    0.0000000000E+00    0.0000000000E+00    0.0000000000E+00    0.0000000000E+00    0.0000000000E+00    0.0000000000E+00    0.7783566150E-14    0.7783566150E-14    0.9999986023E+00    0.9999986023E+00
    5    0.4391666667E+01    0.3483418059E+00    0.4644557413E+00    0.3893463510E+00    0.0000000000E+00    0.0000000000E+00    0.0000000000E+00    0.0000000000E+00    0.0000000000E+00    0.0000000000E+00    0.6436714719E-14    0.6436714719E-14    0.9999986050E+00    0.9999986050E+00
    6    0.4391666667E+01   -0.4644557413E+00    0.4644557413E+00    0.3097693592E+00    0.0000000000E+00    0.0000000000E+00    0.0000000000E+00    0.0000000000E+00    0.0000000000E+00    0.0000000000E+00    0.4185652187E-17    0.4185652187E-17    0.3563208785E-06    0.3563208785E-06
    7    0.4391666667E+01   -0.4644557413E+00    0.4644557413E+00    0.2697446173E+00    0.0000000000E+00    0.0000000000E+00    0.0000000000E+00    0.0000000000E+00    0.0000000000E+00    0.0000000000E+00    0.2727680925E-15    0.2727681093E-15    0.9999720265E+00    0.9999720265E+00
    8    0.4391666667E+01    0.3483418059E+00    0.4644557413E+00    0.2141503307E+00    0.0000000000E+00    0.0000000000E+00    0.0000000000E+00    0.0000000000E+00    0.0000000000E+00    0.0000000000E+00    0.6456894870E-14    0.6456894890E-14    0.9999985502E+00    0.9999985502E+00
    9    0.4391666667E+01   -0.4644557413E+00   -0.3483418059E+00    0.2113041581E+00    0.0000000000E+00    0.0000000000E+00    0.0000000000E+00    0.0000000000E+00    0.0000000000E+00    0.0000000000E+00    0.7949888751E-14    0.7949888751E-14    0.9999985556E+00    0.9999985556E+00
    1    0.4650000000E+01    0.3483418059E+00   -0.3483418059E+00   -0.3173694144E+00    0.0000000000E+00    0.0000000000E+00    0.0000000000E+00    0.0000000000E+00    0.0000000000E+00    0.0000000000E+00    0.3876649480E-13    0.3876649480E-13    0.9999972401E+00    0.9999972401E+00
    2    0.4650000000E+01   -0.4644557413E+00    0.4644557413E+00   -0.3356338749E+00    0.0000000000E+00    0.0000000000E+00    0.0000000000E+00    0.0000000000E+00    0.0000000000E+00    0.0000000000E+00    0.8292707514E-15    0.8292707515E-15    0.9999992013E+00    0.9999992013E+00
    3    0.4650000000E+01    0.3483418059E+00   -0.3483418059E+00   -0.2063929975E+00    0.0000000000E+00    0.0000000000E+00    0.0000000000E+00    0.0000000000E+00    0.0000000000E+00    0.0000000000E+00    0.2468052204E-13    0.2468052204E-13    0.9999974078E+00    0.9999974078E+00
    4    0.4650000000E+01    0.3483418059E+00   -0.3483418059E+00   -0.1725152752E+00    0.0000000000E+00    0.0000000000E+00    0.0000000000E+00    0.0000000000E+00    0.0000000000E+00    0.0000000000E+00    0.2192889977E-13    0.2192889977E-13    0.9999976341E+00    0.9999976341E+00
    5    0.4650000000E+01    0.3483418059E+00   -0.3483418059E+00   -0.2016807975E-01    0.0000000000E+00    0.0000000000E+00    0.0000000000E+00    0.0000000000E+00    0.0000000000E+00    0.0000000000E+00    0.5755016904E-13    0.5755016905E-13    0.9999971717E+00    0.9999971717E+00
    6    0.4650000000E+01   -0.4644557413E+00   -0.3483418059E+00    0.3429996586E+00   -0.4644557413E+00   -0.3483418059E+00    0.3429996586E+00   -0.1298772695E+01   -0.4487986063E+01    0.4002238901E+01    0.6105225796E-14    0.6105225797E-14    0.9999985697E+00    0.9999985697E+00
    7    0.4650000000E+01    0.3483418059E+00    0.4644557413E+00    0.3426360334E+00    0.3483418059E+00    0.4644557413E+00    0.3426360334E+00    0.4501641884E+01    0.1290358642E+01    0.3998492498E+01    0.4931085411E-14    0.4931085411E-14    0.9999985755E+00    0.9999985755E+00
    8    0.4650000000E+01    0.3483418059E+00    0.4644557413E+00    0.1641199942E+00    0.0000000000E+00    0.0000000000E+00    0.0000000000E+00    0.0000000000E+00    0.0000000000E+00    0.0000000000E+00    0.8917986682E-14    0.8917986682E-14    0.9999984783E+00    0.9999984783E+00
    9    0.4650000000E+01   -0.4644557413E+00   -0.3483418059E+00    0.1619993950E+00    0.0000000000E+00    0.0000000000E+00    0.0000000000E+00    0.0000000000E+00    0.0000000000E+00    0.0000000000E+00    0.9189086111E-14    0.9189086112E-14    0.9999984919E+00    0.9999984919E+00
    1    0.4908333333E+01    0.3483418059E+00   -0.3483418059E+00   -0.9982306555E-01    0.0000000000E+00    0.0000000000E+00    0.0000000000E+00    0.0000000000E+00    0.0000000000E+00    0.0000000000E+00    0.4141898353E-13    0.4141898353E-13    0.9999976950E+00    0.9999976950E+00
    2    0.4908333333E+01    0.3483418059E+00   -0.3483418059E+00   -0.3963676863E+00    0.0000000000E+00    0.0000000000E+00    0.0000000000E+00    0.0000000000E+00    0.0000000000E+00    0.0000000000E+00    0.5899375201E-13    0.5899375201E-13    0.9999976846E+00    0.9999976846E+00
    3    0.4908333333E+01    0.3483418059E+00   -0.3483418059E+00   -0.2415847710E+00    0.0000000000E+00    0.0000000000E+00    0.0000000000E+00    0.0000000000E+00    0.0000000000E+00    0.0000000000E+00    0.5045816255E-13    0.5045816255E-13    0.9999978954E+00    0.9999978954E+00
    4    0.4908333333E+01    0.3483418059E+00   -0.3483418059E+00   -0.2811531272E+00    0.0000000000E+00    0.0000000000E+00    0.0000000000E+00    0.0000000000E+00    0.0000000000E+00    0.0000000000E+00    0.4040819928E-13    0.4040819928E-13    0.9999978076E+00    0.9999978076E+00
    5    0.4908333333E+01   -0.4644557413E+00    0.4644557413E+00   -0.3616317683E+00    0.0000000000E+00    0.0000000000E+00    0.0000000000E+00    0.0000000000E+00    0.0000000000E+00    0.0000000000E+00    0.2248140816E-15    0.2248140817E-15    0.9999991613E+00    0.9999991613E+00
    6    0.4908333333E+01   -0.4644557413E+00   -0.3483418059E+00    0.1107257469E+00    0.0000000000E+00    0.0000000000E+00    0.0000000000E+00    0.0000000000E+00    0.0000000000E+00    0.0000000000E+00    0.8222125308E-13    0.8222125308E-13    0.9999982219E+00    0.9999982219E+00
    7    0.4908333333E+01    0.3483418059E+00    0.4644557413E+00    0.1118425445E+00    0.0000000000E+00    0.0000000000E+00    0.0000000000E+00    0.0000000000E+00    0.0000000000E+00    0.0000000000E+00    0.8780304658E-13    0.8780304658E-13    0.9999981719E+00    0.9999981719E+00
    8    0.4908333333E+01   -0.4644557413E+00   -0.3483418059E+00    0.2967137160E+00    0.0000000000E+00    0.0000000000E+00    0.0000000000E+00    0.0000000000E+00    0.0000000000E+00    0.0000000000E+00    0.3068273639E-14    0.3068273639E-14    0.9999985103E+00    0.9999985103E+00
    9    0.4908333333E+01    0.3483418059E+00    0.4644557413E+00    0.2969239009E+00    0.0000000000E+00    0.0000000000E+00    0.0000000000E+00    0.0000000000E+00    0.0000000000E+00    0.0000000000E+00    0.3494240607E-14    0.3494240607E-14    0.9999985381E+00    0.9999985381E+00
    1    0.5166666667E+01    0.3483418059E+00   -0.3483418059E+00   -0.1666134680E+00    0.0000000000E+00    0.0000000000E+00    0.0000000000E+00    0.0000000000E+00    0.0000000000E+00    0.0000000000E+00    0.4086627989E-13    0.4086627989E-13    0.9999978144E+00    0.9999978144E+00
    2    0.5166666667E+01    0.3483418059E+00   -0.3483418059E+00   -0.4668517742E+00    0.0000000000E+00    0.0000000000E+00    0.0000000000E+00    0.0000000000E+00    0.0000000000E+00    0.0000000000E+00    0.2957299033E-13    0.2957299033E-13    0.9999975864E+00    0.9999975864E+00
    3    0.5166666667E+01    0.3483418059E+00   -0.3483418059E+00   -0.3066473512E+00    0.0000000000E+00    0.0000000000E+00    0.0000000000E+00    0.0000000000E+00    0.0000000000E+00    0.0000000000E+00    0.3363811864E-13    0.3363811864E-13    0.9999977311E+00    0.9999977311E+00
    4    0.5166666667E+01    0.3483418059E+00   -0.3483418059E+00   -0.3452670056E+00    0.0000000000E+00    0.0000000000E+00    0.0000000000E+00    0.0000000000E+00    0.0000000000E+00    0.0000000000E+00    0.2141473566E-13    0.2141473566E-13    0.9999979048E+00    0.9999979048E+00
    5    0.5166666667E+01   -0.4644557413E+00    0.4644557413E+00   -0.3875381667E+00   -0.4644557413E+00    0.4644557413E+00   -0.3875381667E+00   -0.1189118023E+01    0.1164111526E+01   -0.4960928394E+01    0.1071997036E-16    0.1071997042E-16    0.9999991197E+00    0.9999991197E+00
    6    0.5166666667E+01    0.3483418059E+00    0.4644557413E+00    0.2509696935E+00    0.0000000000E+00    0.0000000000E+00    0.0000000000E+00    0.0000000000E+00    0.0000000000E+00    0.0000000000E+00    0.5388624978E-13    0.5388624978E-13    0.9999983620E+00    0.9999983620E+00
    7    0.5166666667E+01   -0.4644557413E+00   -0.3483418059E+00    0.2502396368E+00    0.0000000000E+00    0.0000000000E+00    0.0000000000E+00    0.0000000000E+00    0.0000000000E+00    0.0000000000E+00    0.2484734283E-13    0.2484734283E-13    0.9999983829E+00    0.9999983829E+00
    8    0.5166666667E+01   -0.4644557413E+00   -0.3483418059E+00    0.4077491107E-01    0.0000000000E+00    0.0000000000E+00    0.0000000000E+00    0.0000000000E+00    0.0000000000E+00    0.0000000000E+00    0.2102548349E-11    0.2102548349E-11    0.9999962050E+00    0.9999962050E+00
    9    0.5166666667E+01    0.3483418059E+00    0.4644557413E+00    0.3942825936E-01    0.0000000000E+00    0.0000000000E+00    0.0000000000E+00    0.0000000000E+00    0.0000000000E+00    0.0000000000E+00    0.2448324053E-11    0.2448324053E-11    0.9999959771E+00    0.9999959771E+00
    1    0.5425000000E+01    0.3483418059E+00   -0.3483418059E+00   -0.2295514823E+00    0.0000000000E+00    0.0000000000E+00    0.0000000000E+00    0.0000000000E+00    0.0000000000E+00    0.0000000000E+00    0.2727174554E-13    0.2727174554E-13    0.9999977331E+00    0.9999977331E+00
    2    0.5425000000E+01    0.3483418059E+00   -0.3483418059E+00   -0.5455067684E+00    0.0000000000E+00    0.0000000000E+00    0.0000000000E+00    0.0000000000E+00    0.0000000000E+00    0.0000000000E+00    0.5488886670E-12    0.5488886674E-12    0.9999966333E+00    0.9999966333E+00
    3    0.5425000000E+01    0.3483418059E+00    0.4644557413E+00    0.2032056382E+00    0.0000000000E+00    0.0000000000E+00    0.0000000000E+00    0.0000000000E+00    0.0000000000E+00    0.0000000000E+00    0.6398058993E-15    0.6398061040E-15    0.9999982349E+00    0.9999982349E+00
    4    0.5425000000E+01   -0.4644557413E+00   -0.3483418059E+00    0.2020643793E+00    0.0000000000E+00    0.0000000000E+00    0.0000000000E+00    0.0000000000E+00    0.0000000000E+00    0.0000000000E+00    0.5483535537E-15    0.5483535881E-15    0.9999982227E+00    0.9999982227E+00
    5    0.5425000000E+01    0.3483418059E+00   -0.3483418059E+00   -0.3815051649E+00    0.0000000000E+00    0.0000000000E+00    0.0000000000E+00    0.0000000000E+00    0.0000000000E+00    0.0000000000E+00    0.4724202188E-12    0.4724202188E-12    0.9999968356E+00    0.9999968356E+00
    6    0.5425000000E+01    0.3483418059E+00   -0.3483418059E+00   -0.4060200108E+00    0.0000000000E+00    0.0000000000E+00    0.0000000000E+00    0.0000000000E+00    0.0000000000E+00    0.0000000000E+00    0.2715474624E-13    0.2715474624E-13    0.9999978293E+00    0.9999978293E+00
    7    0.5425000000E+01   -0.4644557413E+00    0.4644557413E+00   -0.4134051619E+00    0.0000000000E+00    0.0000000000E+00    0.0000000000E+00    0.0000000000E+00    0.0000000000E+00    0.0000000000E+00    0.5151509952E-15    0.5151509954E-15    0.9999990766E+00    0.9999990766E+00
    1    0.5683333333E+01    0.3483418059E+00   -0.3483418059E+00   -0.2943414265E+00    0.0000000000E+00    0.0000000000E+00    0.0000000000E+00    0.0000000000E+00    0.0000000000E+00    0.0000000000E+00    0.1521314268E-15    0.2588425886E-13    0.9999974507E+00    0.9999974507E+00
    2    0.5683333333E+01    0.3483418059E+00   -0.3483418059E+00   -0.4687674228E+00    0.0000000000E+00    0.0000000000E+00    0.0000000000E+00    0.0000000000E+00    0.0000000000E+00    0.0000000000E+00    0.1464979459E-13    0.1467691713E-13    0.9999975266E+00    0.9999975266E+00
    3    0.5683333333E+01   -0.4644557413E+00    0.4644557413E+00   -0.4392776134E+00    0.0000000000E+00    0.0000000000E+00    0.0000000000E+00    0.0000000000E+00    0.0000000000E+00    0.0000000000E+00    0.1561167750E-14    0.1561168389E-14    0.9999990319E+00    0.9999990319E+00
    4    0.5683333333E+01    0.3483418059E+00    0.4644557413E+00    0.1506580614E+00    0.0000000000E+00    0.0000000000E+00    0.0000000000E+00    0.0000000000E+00    0.0000000000E+00    0.0000000000E+00    0.2789030767E-13    0.2789388155E-13    0.9999978726E+00    0.9999978726E+00
    5    0.5683333333E+01   -0.4644557413E+00   -0.3483418059E+00    0.1492607064E+00    0.0000000000E+00    0.0000000000E+00    0.0000000000E+00    0.0000000000E+00    0.0000000000E+00    0.0000000000E+00    0.3105835199E-13    0.3105835206E-13    0.9999978663E+00    0.9999978663E+00
    1    0.5941666667E+01    0.3483418059E+00   -0.3483418059E+00   -0.3714766794E+00    0.0000000000E+00    0.0000000000E+00    0.0000000000E+00    0.0000000000E+00    0.0000000000E+00    0.0000000000E+00    0.5090237540E-12    0.5090237563E-12    0.9999963653E+00    0.9999963653E+00
    2    0.5941666667E+01    0.3483418059E+00   -0.3483418059E+00   -0.5439965928E+00    0.0000000000E+00    0.0000000000E+00    0.0000000000E+00    0.0000000000E+00    0.0000000000E+00    0.0000000000E+00    0.5124358388E-12    0.5124358389E-12    0.9999964540E+00    0.9999964540E+00
    3    0.5941666667E+01   -0.4644557413E+00    0.4644557413E+00   -0.4651959605E+00    0.0000000000E+00    0.0000000000E+00    0.0000000000E+00    0.0000000000E+00    0.0000000000E+00    0.0000000000E+00    0.2523428751E-14    0.2523428941E-14    0.9999989857E+00    0.9999989857E+00
    4    0.5941666667E+01    0.3483418059E+00    0.4644557413E+00    0.8326220446E-01    0.0000000000E+00    0.0000000000E+00    0.0000000000E+00    0.0000000000E+00    0.0000000000E+00    0.0000000000E+00    0.8863299813E-12    0.8863299894E-12    0.9999966157E+00    0.9999966157E+00
    5    0.5941666667E+01   -0.4644557413E+00   -0.3483418059E+00    0.8174000111E-01    0.0000000000E+00    0.0000000000E+00    0.0000000000E+00    0.0000000000E+00    0.0000000000E+00    0.0000000000E+00    0.9304754821E-12    0.9304754822E-12    0.9999966062E+00    0.9999966062E+00
    1    0.6200000000E+01   -0.4644557413E+00    0.4644557413E+00   -0.4911977576E+00    0.0000000000E+00    0.0000000000E+00    0.0000000000E+00    0.0000000000E+00    0.0000000000E+00    0.0000000000E+00    0.2739965642E-14    0.2739965642E-14    0.9999989376E+00    0.9999989376E+00
    1    0.6458333333E+01   -0.4644557413E+00    0.4644557413E+00   -0.5173188162E+00    0.0000000000E+00    0.0000000000E+00    0.0000000000E+00    0.0000000000E+00    0.0000000000E+00    0.0000000000E+00    0.2021333963E-14    0.2021333963E-14    0.9999988877E+00    0.9999988877E+00
    1    0.6716666667E+01   -0.4644557413E+00    0.4644557413E+00   -0.5435941531E+00    0.0000000000E+00    0.0000000000E+00    0.0000000000E+00    0.0000000000E+00    0.0000000000E+00    0.0000000000E+00    0.8286381431E-15    0.8286381431E-15    0.9999988359E+00    0.9999988359E+00
    1    0.6975000000E+01   -0.4644557413E+00    0.4644557413E+00   -0.5700593761E+00    0.0000000000E+00    0.0000000000E+00    0.0000000000E+00    0.0000000000E+00    0.0000000000E+00    0.0000000000E+00    0.1982337729E-15    0.1982337729E-15    0.9999987816E+00    0.9999987816E+00
    1    0.7233333333E+01   -0.4644557413E+00    0.4644557413E+00    0.5527215051E+00    0.0000000000E+00    0.0000000000E+00    0.0000000000E+00    0.0000000000E+00    0.0000000000E+00    0.0000000000E+00    0.5287181973E-15    0.5287181973E-15    0.9999987253E+00    0.9999987253E+00
    1    0.7491666667E+01   -0.4644557413E+00    0.4644557413E+00    0.5257698408E+00    0.0000000000E+00    0.0000000000E+00    0.0000000000E+00    0.0000000000E+00    0.0000000000E+00    0.0000000000E+00    0.2017947434E-14    0.2017947434E-14    0.9999986661E+00    0.9999986661E+00
    2    0.7491666667E+01    0.3483418059E+00    0.4644557413E+00   -0.4309890782E-01    0.0000000000E+00    0.0000000000E+00    0.0000000000E+00    0.0000000000E+00    0.0000000000E+00    0.0000000000E+00    0.3329916329E-11    0.3329916329E-11    0.9999951914E+00    0.9999951914E+00
    3    0.7491666667E+01   -0.4644557413E+00   -0.3483418059E+00   -0.4515779669E-01    0.0000000000E+00    0.0000000000E+00    0.0000000000E+00    0.0000000000E+00    0.0000000000E+00    0.0000000000E+00    0.2812242361E-11    0.2812242361E-11    0.9999955220E+00    0.9999955220E+00
    1    0.7750000000E+01   -0.4644557413E+00    0.4644557413E+00    0.4985168371E+00    0.0000000000E+00    0.0000000000E+00    0.0000000000E+00    0.0000000000E+00    0.0000000000E+00    0.0000000000E+00    0.3625870147E-14    0.3625870164E-14    0.9999986039E+00    0.9999986039E+00
    2    0.7750000000E+01    0.3483418059E+00    0.4644557413E+00   -0.1061384488E+00    0.0000000000E+00    0.0000000000E+00    0.0000000000E+00    0.0000000000E+00    0.0000000000E+00    0.0000000000E+00    0.2236845983E-12    0.2236845983E-12    0.9999975008E+00    0.9999975008E+00
    3    0.7750000000E+01   -0.4644557413E+00   -0.3483418059E+00   -0.1059832809E+00    0.0000000000E+00    0.0000000000E+00    0.0000000000E+00    0.0000000000E+00    0.0000000000E+00    0.0000000000E+00    0.2189825111E-12    0.2189825111E-12    0.9999975508E+00    0.9999975508E+00
    1    0.8008333333E+01   -0.4644557413E+00    0.4644557413E+00    0.4709202867E+00    0.0000000000E+00    0.0000000000E+00    0.0000000000E+00    0.0000000000E+00    0.0000000000E+00    0.0000000000E+00    0.4145489213E-14    0.4145489213E-14    0.9999985383E+00    0.9999985383E+00
    2    0.8008333333E+01    0.3483418059E+00    0.4644557413E+00   -0.1508290500E+00    0.0000000000E+00    0.0000000000E+00    0.0000000000E+00    0.0000000000E+00    0.0000000000E+00    0.0000000000E+00    0.2317623156E-13    0.2317623156E-13    0.9999978057E+00    0.9999978057E+00
    3    0.8008333333E+01   -0.4644557413E+00   -0.3483418059E+00   -0.1499578490E+00    0.0000000000E+00    0.0000000000E+00    0.0000000000E+00    0.0000000000E+00    0.0000000000E+00    0.0000000000E+00    0.2508782604E-13    0.2508782604E-13    0.9999978339E+00    0.9999978339E+00
    1    0.8266666667E+01   -0.4644557413E+00    0.4644557413E+00    0.4429344159E+00    0.0000000000E+00    0.0000000000E+00    0.0000000000E+00    0.0000000000E+00    0.0000000000E+00    0.0000000000E+00    0.3062656833E-14    0.3062656833E-14    0.9999984688E+00    0.9999984688E+00
    2    0.8266666667E+01    0.3483418059E+00    0.4644557413E+00   -0.1910590781E+00    0.0000000000E+00    0.0000000000E+00    0.0000000000E+00    0.0000000000E+00    0.0000000000E+00    0.0000000000E+00    0.1800984645E-17    0.1800984649E-17    0.9999978724E+00    0.9999978724E+00
    3    0.8266666667E+01   -0.4644557413E+00   -0.3483418059E+00   -0.1897579472E+00    0.0000000000E+00    0.0000000000E+00    0.0000000000E+00    0.0000000000E+00    0.0000000000E+00    0.0000000000E+00    0.2503786978E-16    0.2503786978E-16    0.9999978910E+00    0.9999978910E+00
    1    0.8525000000E+01   -0.4644557413E+00    0.4644557413E+00    0.4145090154E+00    0.0000000000E+00    0.0000000000E+00    0.0000000000E+00    0.0000000000E+00    0.0000000000E+00    0.0000000000E+00    0.1132822760E-14    0.1132822766E-14    0.9999983950E+00    0.9999983950E+00
    2    0.8525000000E+01    0.3483418059E+00    0.4644557413E+00   -0.2297724464E+00    0.0000000000E+00    0.0000000000E+00    0.0000000000E+00    0.0000000000E+00    0.0000000000E+00    0.0000000000E+00    0.4247891875E-14    0.4247891875E-14    0.9999978465E+00    0.9999978465E+00
    3    0.8525000000E+01   -0.4644557413E+00   -0.3483418059E+00   -0.2281994606E+00    0.0000000000E+00    0.0000000000E+00    0.0000000000E+00    0.0000000000E+00    0.0000000000E+00    0.0000000000E+00    0.5018323927E-14    0.5018323928E-14    0.9999978581E+00    0.9999978581E+00
    1    0.8783333333E+01   -0.4644557413E+00    0.4644557413E+00    0.3855884966E+00    0.0000000000E+00    0.0000000000E+00    0.0000000000E+00    0.0000000000E+00    0.0000000000E+00    0.0000000000E+00    0.7885427876E-17    0.7885428234E-17    0.9999983162E+00    0.9999983162E+00
    2    0.8783333333E+01    0.3483418059E+00    0.4644557413E+00   -0.2683200488E+00    0.0000000000E+00    0.0000000000E+00    0.0000000000E+00    0.0000000000E+00    0.0000000000E+00    0.0000000000E+00    0.6049409036E-14    0.6049409036E-14    0.9999977626E+00    0.9999977626E+00
    3    0.8783333333E+01   -0.4644557413E+00   -0.3483418059E+00   -0.2666009458E+00    0.0000000000E+00    0.0000000000E+00    0.0000000000E+00    0.0000000000E+00    0.0000000000E+00    0.0000000000E+00    0.9025328429E-14    0.9025328429E-14    0.9999977676E+00    0.9999977676E+00
    1    0.9041666667E+01   -0.4644557413E+00    0.4644557413E+00    0.3561107960E+00    0.0000000000E+00    0.0000000000E+00    0.0000000000E+00    0.0000000000E+00    0.0000000000E+00    0.0000000000E+00    0.9678061397E-15    0.9678061400E-15    0.9999982317E+00    0.9999982317E+00
    2    0.9041666667E+01    0.3483418059E+00    0.4644557413E+00   -0.8806800564E-01    0.0000000000E+00    0.0000000000E+00    0.0000000000E+00    0.0000000000E+00    0.0000000000E+00    0.0000000000E+00    0.1734282027E-11    0.1734282027E-11    0.9999948302E+00    0.9999948302E+00
    3    0.9041666667E+01   -0.4644557413E+00   -0.3483418059E+00   -0.9221680259E-01    0.0000000000E+00    0.0000000000E+00    0.0000000000E+00    0.0000000000E+00    0.0000000000E+00    0.0000000000E+00    0.1498475614E-11    0.1498475614E-11    0.9999951931E+00    0.9999951931E+00
    4    0.9041666667E+01    0.3483418059E+00    0.4644557413E+00   -0.3076203365E+00    0.0000000000E+00    0.0000000000E+00    0.0000000000E+00    0.0000000000E+00    0.0000000000E+00    0.0000000000E+00    0.7035162325E-14    0.7035162325E-14    0.9999976175E+00    0.9999976175E+00
    5    0.9041666667E+01   -0.4644557413E+00   -0.3483418059E+00   -0.3058780921E+00    0.0000000000E+00    0.0000000000E+00    0.0000000000E+00    0.0000000000E+00    0.0000000000E+00    0.0000000000E+00    0.8398695740E-14    0.8398695742E-14    0.9999976266E+00    0.9999976266E+00
    1    0.9300000000E+01   -0.4644557413E+00    0.4644557413E+00    0.3260060577E+00    0.0000000000E+00    0.0000000000E+00    0.0000000000E+00    0.0000000000E+00    0.0000000000E+00    0.0000000000E+00    0.3633080752E-14    0.3633080752E-14    0.9999981407E+00    0.9999981407E+00
    2    0.9300000000E+01    0.3483418059E+00    0.4644557413E+00   -0.1575349249E+00    0.0000000000E+00    0.0000000000E+00    0.0000000000E+00    0.0000000000E+00    0.0000000000E+00    0.0000000000E+00    0.3981481539E-13    0.3981481539E-13    0.9999963571E+00    0.9999963571E+00
    3    0.9300000000E+01   -0.4644557413E+00   -0.3483418059E+00   -0.1584195902E+00    0.0000000000E+00    0.0000000000E+00    0.0000000000E+00    0.0000000000E+00    0.0000000000E+00    0.0000000000E+00    0.7517596527E-13    0.7517596527E-13    0.9999964589E+00    0.9999964589E+00
    4    0.9300000000E+01    0.3483418059E+00    0.4644557413E+00   -0.3485348503E+00    0.0000000000E+00    0.0000000000E+00    0.0000000000E+00    0.0000000000E+00    0.0000000000E+00    0.0000000000E+00    0.7583890675E-15    0.7583890675E-15    0.9999974194E+00    0.9999974194E+00
    5    0.9300000000E+01   -0.4644557413E+00   -0.3483418059E+00   -0.3469078204E+00    0.0000000000E+00    0.0000000000E+00    0.0000000000E+00    0.0000000000E+00    0.0000000000E+00    0.0000000000E+00    0.2619657171E-13    0.2619657171E-13    0.9999974210E+00    0.9999974210E+00
    1    0.9558333333E+01   -0.4644557413E+00    0.4644557413E+00    0.2951950002E+00    0.0000000000E+00    0.0000000000E+00    0.0000000000E+00    0.0000000000E+00    0.0000000000E+00    0.0000000000E+00    0.5880803831E-14    0.5880803831E-14    0.9999980422E+00    0.9999980422E+00
    2    0.9558333333E+01    0.3483418059E+00    0.4644557413E+00   -0.2138988452E+00    0.0000000000E+00    0.0000000000E+00    0.0000000000E+00    0.0000000000E+00    0.0000000000E+00    0.0000000000E+00    0.4388495474E-14    0.4388495475E-14    0.9999966119E+00    0.9999966119E+00
    3    0.9558333333E+01   -0.4644557413E+00   -0.3483418059E+00   -0.2133802409E+00    0.0000000000E+00    0.0000000000E+00    0.0000000000E+00    0.0000000000E+00    0.0000000000E+00    0.0000000000E+00    0.5986610742E-13    0.5986610742E-13    0.9999966613E+00    0.9999966613E+00
    4    0.9558333333E+01    0.3483418059E+00    0.4644557413E+00   -0.3921258069E+00    0.0000000000E+00    0.0000000000E+00    0.0000000000E+00    0.0000000000E+00    0.0000000000E+00    0.0000000000E+00    0.7137847429E-15    0.7137847430E-15    0.9999971346E+00    0.9999971346E+00
    5    0.9558333333E+01   -0.4644557413E+00   -0.3483418059E+00   -0.3907885875E+00    0.0000000000E+00    0.0000000000E+00    0.0000000000E+00    0.0000000000E+00    0.0000000000E+00    0.0000000000E+00    0.5140589533E-13    0.5140589533E-13    0.9999971257E+00    0.9999971257E+00
    1    0.9816666667E+01   -0.4644557413E+00    0.4644557413E+00    0.2635868294E+00    0.0000000000E+00    0.0000000000E+00    0.0000000000E+00    0.0000000000E+00    0.0000000000E+00    0.0000000000E+00    0.5488233208E-14    0.5488233209E-14    0.9999979347E+00    0.9999979347E+00
    2    0.9816666667E+01    0.3483418059E+00   -0.3483418059E+00    0.3530250345E+00    0.0000000000E+00    0.0000000000E+00    0.0000000000E+00    0.0000000000E+00    0.0000000000E+00    0.0000000000E+00    0.6349753093E-12    0.6349753093E-12    0.9999945779E+00    0.9999945779E+00
    3    0.9816666667E+01    0.3483418059E+00   -0.3483418059E+00    0.5315179713E+00    0.0000000000E+00    0.0000000000E+00    0.0000000000E+00    0.0000000000E+00    0.0000000000E+00    0.0000000000E+00    0.6192857579E-12    0.6192857579E-12    0.9999948608E+00    0.9999948608E+00
    4    0.9816666667E+01    0.3483418059E+00    0.4644557413E+00   -0.2679090621E+00    0.0000000000E+00    0.0000000000E+00    0.0000000000E+00    0.0000000000E+00    0.0000000000E+00    0.0000000000E+00    0.6560501591E-14    0.6560501598E-14    0.9999964985E+00    0.9999964985E+00
    5    0.9816666667E+01   -0.4644557413E+00   -0.3483418059E+00   -0.2666066721E+00    0.0000000000E+00    0.0000000000E+00    0.0000000000E+00    0.0000000000E+00    0.0000000000E+00    0.0000000000E+00    0.5377840584E-13    0.5377840584E-13    0.9999965144E+00    0.9999965144E+00
    6    0.9816666667E+01    0.3483418059E+00    0.4644557413E+00   -0.4400595283E+00    0.0000000000E+00    0.0000000000E+00    0.0000000000E+00    0.0000000000E+00    0.0000000000E+00    0.0000000000E+00    0.2908621145E-14    0.2908621145E-14    0.9999966953E+00    0.9999966953E+00
    7    0.9816666667E+01   -0.4644557413E+00   -0.3483418059E+00   -0.4392610462E+00    0.0000000000E+00    0.0000000000E+00    0.0000000000E+00    0.0000000000E+00    0.0000000000E+00    0.0000000000E+00    0.2790447898E-13    0.2790447898E-13    0.9999966686E+00    0.9999966686E+00
    1    0.1007500000E+02   -0.4644557413E+00    0.4644557413E+00    0.2310764884E+00    0.0000000000E+00    0.0000000000E+00    0.0000000000E+00    0.0000000000E+00    0.0000000000E+00    0.0000000000E+00    0.2522282092E-14    0.2522282106E-14    0.9999978171E+00    0.9999978171E+00
    2    0.1007500000E+02    0.3483418059E+00   -0.3483418059E+00    0.2774062838E+00    0.0000000000E+00    0.0000000000E+00    0.0000000000E+00    0.0000000000E+00    0.0000000000E+00    0.0000000000E+00    0.1225242791E-12    0.1225242791E-12    0.9999952823E+00    0.9999952823E+00
    3    0.1007500000E+02    0.3483418059E+00   -0.3483418059E+00    0.4623592144E+00    0.0000000000E+00    0.0000000000E+00    0.0000000000E+00    0.0000000000E+00    0.0000000000E+00    0.0000000000E+00    0.1454634063E-13    0.1454634075E-13    0.9999958430E+00    0.9999958430E+00
    4    0.1007500000E+02    0.3483418059E+00    0.4644557413E+00   -0.3251327178E+00    0.0000000000E+00    0.0000000000E+00    0.0000000000E+00    0.0000000000E+00    0.0000000000E+00    0.0000000000E+00    0.2348476303E-13    0.2348476305E-13    0.9999959644E+00    0.9999959644E+00
    5    0.1007500000E+02   -0.4644557413E+00   -0.3483418059E+00   -0.3235776216E+00    0.0000000000E+00    0.0000000000E+00    0.0000000000E+00    0.0000000000E+00    0.0000000000E+00    0.0000000000E+00    0.7044907065E-13    0.7044907074E-13    0.9999959364E+00    0.9999959364E+00
    6    0.1007500000E+02    0.3483418059E+00    0.4644557413E+00   -0.4957655569E+00    0.0000000000E+00    0.0000000000E+00    0.0000000000E+00    0.0000000000E+00    0.0000000000E+00    0.0000000000E+00    0.2341012005E-13    0.2341012013E-13    0.9999958856E+00    0.9999958856E+00
    7    0.1007500000E+02   -0.4644557413E+00   -0.3483418059E+00   -0.4959325703E+00    0.0000000000E+00    0.0000000000E+00    0.0000000000E+00    0.0000000000E+00    0.0000000000E+00    0.0000000000E+00    0.6516218358E-13    0.6516218358E-13    0.9999958207E+00    0.9999958207E+00
    1    0.1033333333E+02    0.3483418059E+00   -0.3483418059E+00    0.2046956570E+00    0.0000000000E+00    0.0000000000E+00    0.0000000000E+00    0.0000000000E+00    0.0000000000E+00    0.0000000000E+00    0.1094797230E-12    0.1094797230E-12    0.9999948202E+00    0.9999948202E+00
    2    0.1033333333E+02    0.3483418059E+00   -0.3483418059E+00    0.4021650387E+00    0.0000000000E+00    0.0000000000E+00    0.0000000000E+00    0.0000000000E+00    0.0000000000E+00    0.0000000000E+00    0.9880742696E-13    0.9880742714E-13    0.9999960054E+00    0.9999960054E+00
    3    0.1033333333E+02   -0.4644557413E+00    0.4644557413E+00    0.1975409138E+00    0.0000000000E+00    0.0000000000E+00    0.0000000000E+00    0.0000000000E+00    0.0000000000E+00    0.0000000000E+00    0.7162620346E-16    0.7163457177E-16    0.9999976869E+00    0.9999976869E+00
    4    0.1033333333E+02    0.3483418059E+00    0.4644557413E+00   -0.3976875151E+00    0.0000000000E+00    0.0000000000E+00    0.0000000000E+00    0.0000000000E+00    0.0000000000E+00    0.0000000000E+00    0.3845798406E-11    0.3845798421E-11    0.9999932801E+00    0.9999932801E+00
    5    0.1033333333E+02   -0.4644557413E+00   -0.3483418059E+00   -0.3970991869E+00    0.0000000000E+00    0.0000000000E+00    0.0000000000E+00    0.0000000000E+00    0.0000000000E+00    0.0000000000E+00    0.6823803132E-11    0.6823803133E-11    0.9999926619E+00    0.9999926619E+00
    6    0.1033333333E+02    0.3483418059E+00    0.4644557413E+00   -0.5716237798E+00    0.0000000000E+00    0.0000000000E+00    0.0000000000E+00    0.0000000000E+00    0.0000000000E+00    0.0000000000E+00    0.6446441851E-11    0.6446441851E-11    0.9999920398E+00    0.9999920398E+00
    7    0.1033333333E+02   -0.4644557413E+00   -0.3483418059E+00   -0.5737230365E+00    0.0000000000E+00    0.0000000000E+00    0.0000000000E+00    0.0000000000E+00    0.0000000000E+00    0.0000000000E+00    0.1079714110E-10    0.1079714110E-10    0.9999909417E+00    0.9999909417E+00
    1    0.1059166667E+02    0.3483418059E+00   -0.3483418059E+00    0.1150661318E+00    0.0000000000E+00    0.0000000000E+00    0.0000000000E+00    0.0000000000E+00    0.0000000000E+00    0.0000000000E+00    0.2954757171E-11    0.2954757171E-11    0.9999920912E+00    0.9999920912E+00
    2    0.1059166667E+02   -0.4644557413E+00    0.4644557413E+00    0.1628337507E+00    0.0000000000E+00    0.0000000000E+00    0.0000000000E+00    0.0000000000E+00    0.0000000000E+00    0.0000000000E+00    0.1695015635E-14    0.1695015635E-14    0.9999975419E+00    0.9999975419E+00
    3    0.1059166667E+02    0.3483418059E+00   -0.3483418059E+00   -0.5360886541E+00    0.0000000000E+00    0.0000000000E+00    0.0000000000E+00    0.0000000000E+00    0.0000000000E+00    0.0000000000E+00    0.2568022943E-10    0.2568022943E-10    0.9999869226E+00    0.9999869226E+00
    4    0.1059166667E+02    0.3483418059E+00   -0.3483418059E+00    0.3434888694E+00    0.0000000000E+00    0.0000000000E+00    0.0000000000E+00    0.0000000000E+00    0.0000000000E+00    0.0000000000E+00    0.1870893811E-12    0.1870893811E-12    0.9999958131E+00    0.9999958131E+00
    5    0.1059166667E+02    0.3483418059E+00   -0.3483418059E+00    0.4332527995E+00    0.0000000000E+00    0.0000000000E+00    0.0000000000E+00    0.0000000000E+00    0.0000000000E+00    0.0000000000E+00    0.2571681396E-10    0.2571681396E-10    0.9999863559E+00    0.9999863559E+00
    1    0.1085000000E+02    0.3483418059E+00   -0.3483418059E+00    0.5128046174E+00    0.0000000000E+00    0.0000000000E+00    0.0000000000E+00    0.0000000000E+00    0.0000000000E+00    0.0000000000E+00    0.1804797155E-12    0.1804797155E-12    0.9999948658E+00    0.9999948658E+00
    2    0.1085000000E+02   -0.4644557413E+00    0.4644557413E+00    0.1267775790E+00    0.0000000000E+00    0.0000000000E+00    0.0000000000E+00    0.0000000000E+00    0.0000000000E+00    0.0000000000E+00    0.6922822837E-14    0.6922822837E-14    0.9999973788E+00    0.9999973788E+00
    3    0.1085000000E+02    0.3483418059E+00   -0.3483418059E+00    0.3227704242E+00    0.0000000000E+00    0.0000000000E+00    0.0000000000E+00    0.0000000000E+00    0.0000000000E+00    0.0000000000E+00    0.2970663825E-12    0.2970663825E-12    0.9999940155E+00    0.9999940155E+00
    4    0.1085000000E+02    0.3483418059E+00   -0.3483418059E+00    0.2823342445E+00    0.0000000000E+00    0.0000000000E+00    0.0000000000E+00    0.0000000000E+00    0.0000000000E+00    0.0000000000E+00    0.9902953684E-13    0.9902953684E-13    0.9999954725E+00    0.9999954725E+00
    1    0.1110833333E+02    0.3483418059E+00   -0.3483418059E+00    0.4489950678E+00    0.0000000000E+00    0.0000000000E+00    0.0000000000E+00    0.0000000000E+00    0.0000000000E+00    0.0000000000E+00    0.8762515413E-13    0.8762515413E-13    0.9999957129E+00    0.9999957129E+00
    2    0.1110833333E+02   -0.4644557413E+00    0.4644557413E+00    0.8915190465E-01    0.0000000000E+00    0.0000000000E+00    0.0000000000E+00    0.0000000000E+00    0.0000000000E+00    0.0000000000E+00    0.1002015154E-13    0.1002015155E-13    0.9999971926E+00    0.9999971926E+00
    3    0.1110833333E+02    0.3483418059E+00   -0.3483418059E+00    0.2427068106E+00    0.0000000000E+00    0.0000000000E+00    0.0000000000E+00    0.0000000000E+00    0.0000000000E+00    0.0000000000E+00    0.1601491545E-12    0.1601491545E-12    0.9999941793E+00    0.9999941793E+00
    4    0.1110833333E+02    0.3483418059E+00   -0.3483418059E+00    0.2140296595E+00    0.0000000000E+00    0.0000000000E+00    0.0000000000E+00    0.0000000000E+00    0.0000000000E+00    0.0000000000E+00    0.9333578323E-13    0.9333578323E-13    0.9999945892E+00    0.9999945892E+00
    1    0.1136666667E+02    0.3483418059E+00   -0.3483418059E+00    0.3930869629E+00    0.0000000000E+00    0.0000000000E+00    0.0000000000E+00    0.0000000000E+00    0.0000000000E+00    0.0000000000E+00    0.8851609373E-13    0.8851609373E-13    0.9999959051E+00    0.9999959051E+00
    2    0.1136666667E+02    0.3483418059E+00   -0.3483418059E+00    0.1541288821E+00    0.0000000000E+00    0.0000000000E+00    0.0000000000E+00    0.0000000000E+00    0.0000000000E+00    0.0000000000E+00    0.1109326754E-11    0.1109326754E-11    0.9999921716E+00    0.9999921716E+00
    3    0.1136666667E+02    0.3483418059E+00   -0.3483418059E+00    0.1271519585E+00    0.0000000000E+00    0.0000000000E+00    0.0000000000E+00    0.0000000000E+00    0.0000000000E+00    0.0000000000E+00    0.1047305413E-11    0.1047305413E-11    0.9999920556E+00    0.9999920556E+00
    4    0.1136666667E+02   -0.4644557413E+00    0.4644557413E+00    0.4967347914E-01    0.0000000000E+00    0.0000000000E+00    0.0000000000E+00    0.0000000000E+00    0.0000000000E+00    0.0000000000E+00    0.6215688113E-14    0.6215688113E-14    0.9999969765E+00    0.9999969765E+00
    1    0.1162500000E+02    0.3483418059E+00   -0.3483418059E+00    0.3395087677E+00    0.0000000000E+00    0.0000000000E+00    0.0000000000E+00    0.0000000000E+00    0.0000000000E+00    0.0000000000E+00    0.4556494108E-14    0.4556494109E-14    0.9999959226E+00    0.9999959226E+00
    2    0.1162500000E+02    0.3483418059E+00    0.4644557413E+00   -0.2881965473E+00    0.0000000000E+00    0.0000000000E+00    0.0000000000E+00    0.0000000000E+00    0.0000000000E+00    0.0000000000E+00    0.1297631846E-11    0.1297631846E-11    0.9999669466E+00    0.9999669466E+00
    3    0.1162500000E+02   -0.4644557413E+00   -0.3483418059E+00   -0.2994219358E+00    0.0000000000E+00    0.0000000000E+00    0.0000000000E+00    0.0000000000E+00    0.0000000000E+00    0.0000000000E+00    0.5437576249E-11    0.5437576249E-11    0.9999668257E+00    0.9999668257E+00
    4    0.1162500000E+02   -0.4644557413E+00    0.4644557413E+00    0.7961395578E-02    0.0000000000E+00    0.0000000000E+00    0.0000000000E+00    0.0000000000E+00    0.0000000000E+00    0.0000000000E+00    0.8659043166E-15    0.8659043166E-15    0.9999967192E+00    0.9999967192E+00
    1    0.1188333333E+02    0.3483418059E+00   -0.3483418059E+00    0.2854210444E+00    0.0000000000E+00    0.0000000000E+00    0.0000000000E+00    0.0000000000E+00    0.0000000000E+00    0.0000000000E+00    0.2342200606E-13    0.2342200606E-13    0.9999956992E+00    0.9999956992E+00
    2    0.1188333333E+02   -0.4644557413E+00    0.4644557413E+00   -0.3652759015E-01    0.0000000000E+00    0.0000000000E+00    0.0000000000E+00    0.0000000000E+00    0.0000000000E+00    0.0000000000E+00    0.5028638755E-14    0.5028638755E-14    0.9999964021E+00    0.9999964021E+00
    3    0.1188333333E+02    0.3483418059E+00    0.4644557413E+00   -0.4942171479E+00    0.3483418059E+00    0.4644557413E+00    0.6552521671E+00   -0.3262646379E+01   -0.2985607000E+01   -0.3918427121E+01    0.3458433815E-13    0.3458433816E-13    0.9999915325E+00    0.9999915325E+00
    4    0.1188333333E+02   -0.4644557413E+00   -0.3483418059E+00   -0.4920328572E+00    0.0000000000E+00    0.0000000000E+00    0.0000000000E+00    0.0000000000E+00    0.0000000000E+00    0.0000000000E+00    0.9781991290E-14    0.9781991292E-14    0.9999916391E+00    0.9999916391E+00
    1    0.1214166667E+02    0.3483418059E+00   -0.3483418059E+00    0.2283357532E+00    0.0000000000E+00    0.0000000000E+00    0.0000000000E+00    0.0000000000E+00    0.0000000000E+00    0.0000000000E+00    0.2005222693E-13    0.2005222731E-13    0.9999952508E+00    0.9999952508E+00
    2    0.1214166667E+02   -0.4644557413E+00    0.4644557413E+00   -0.8464557422E-01    0.0000000000E+00    0.0000000000E+00    0.0000000000E+00    0.0000000000E+00    0.0000000000E+00    0.0000000000E+00    0.1608762460E-13    0.1608762495E-13    0.9999959875E+00    0.9999959875E+00
    3    0.1214166667E+02    0.3483418059E+00    0.4644557413E+00    0.5618089804E+00    0.3483418059E+00    0.4644557413E+00   -0.5876603347E+00   -0.3223765315E+01   -0.3017108380E+01    0.4116545171E+01    0.3178256598E-12    0.3178256598E-12    0.9999929285E+00    0.9999929285E+00
    4    0.1214166667E+02   -0.4644557413E+00   -0.3483418059E+00    0.5633179601E+00    0.0000000000E+00    0.0000000000E+00    0.0000000000E+00    0.0000000000E+00    0.0000000000E+00    0.0000000000E+00    0.1343491340E-14    0.1343491340E-14    0.9999929427E+00    0.9999929427E+00
    1    0.1240000000E+02   -0.4644557413E+00    0.4644557413E+00   -0.1378959864E+00    0.0000000000E+00    0.0000000000E+00    0.0000000000E+00    0.0000000000E+00    0.0000000000E+00    0.0000000000E+00    0.1091194900E-13    0.1091194900E-13    0.9999953907E+00    0.9999953907E+00
    2    0.1240000000E+02    0.3483418059E+00   -0.3483418059E+00    0.1645737693E+00    0.0000000000E+00    0.0000000000E+00    0.0000000000E+00    0.0000000000E+00    0.0000000000E+00    0.0000000000E+00    0.4723558223E-13    0.4723558223E-13    0.9999943608E+00    0.9999943608E+00
    3    0.1240000000E+02    0.3483418059E+00    0.4644557413E+00    0.4721873354E+00    0.0000000000E+00    0.0000000000E+00    0.0000000000E+00    0.0000000000E+00    0.0000000000E+00    0.0000000000E+00    0.1771858526E-14    0.1771858526E-14    0.9999922555E+00    0.9999922555E+00
    4    0.1240000000E+02   -0.4644557413E+00   -0.3483418059E+00    0.4718892254E+00    0.0000000000E+00    0.0000000000E+00    0.0000000000E+00    0.0000000000E+00    0.0000000000E+00    0.0000000000E+00    0.2508003723E-13    0.2508003723E-13    0.9999920402E+00    0.9999920402E+00
    1    0.1265833333E+02   -0.4644557413E+00    0.4644557413E+00   -0.1994176450E+00    0.0000000000E+00    0.0000000000E+00    0.0000000000E+00    0.0000000000E+00    0.0000000000E+00    0.0000000000E+00    0.3005368687E-15    0.3005368687E-15    0.9999943852E+00    0.9999943852E+00
    2    0.1265833333E+02    0.3483418059E+00   -0.3483418059E+00    0.8287071841E-01    0.0000000000E+00    0.0000000000E+00    0.0000000000E+00    0.0000000000E+00    0.0000000000E+00    0.0000000000E+00    0.4539801665E-11    0.4539801665E-11    0.9999913064E+00    0.9999913064E+00
    3    0.1265833333E+02    0.3483418059E+00    0.4644557413E+00    0.3606698795E+00    0.0000000000E+00    0.0000000000E+00    0.0000000000E+00    0.0000000000E+00    0.0000000000E+00    0.0000000000E+00    0.1080712730E-13    0.1080712730E-13    0.9999884491E+00    0.9999884491E+00
    4    0.1265833333E+02   -0.4644557413E+00   -0.3483418059E+00    0.3567132562E+00    0.0000000000E+00    0.0000000000E+00    0.0000000000E+00    0.0000000000E+00    0.0000000000E+00    0.0000000000E+00    0.4978725535E-13    0.4978725535E-13    0.9999880315E+00    0.9999880315E+00
    1    0.1291666667E+02   -0.4644557413E+00    0.4644557413E+00   -0.2768973500E+00    0.0000000000E+00    0.0000000000E+00    0.0000000000E+00    0.0000000000E+00    0.0000000000E+00    0.0000000000E+00    0.8892752579E-14    0.8892752579E-14    0.9999923557E+00    0.9999923557E+00
    1    0.1317500000E+02   -0.4644557413E+00    0.4644557413E+00   -0.3830302402E+00    0.0000000000E+00    0.0000000000E+00    0.0000000000E+00    0.0000000000E+00    0.0000000000E+00    0.0000000000E+00    0.2528801729E-19    0.2528801729E-19    0.9999897523E+00    0.9999897523E+00
    1    0.1343333333E+02    0.3483418059E+00   -0.3483418059E+00   -0.5535743206E+00    0.0000000000E+00    0.0000000000E+00    0.0000000000E+00    0.0000000000E+00    0.0000000000E+00    0.0000000000E+00    0.2647726603E-09    0.2647726603E-09    0.9999388999E+00    0.9999388999E+00
    2    0.1343333333E+02   -0.4644557413E+00    0.4644557413E+00   -0.4981925376E+00    0.0000000000E+00    0.0000000000E+00    0.0000000000E+00    0.0000000000E+00    0.0000000000E+00    0.0000000000E+00    0.8339542481E-12    0.8339542481E-12    0.9999885091E+00    0.9999885091E+00
    3    0.1343333333E+02    0.3483418059E+00   -0.3483418059E+00   -0.5125924975E-01    0.0000000000E+00    0.0000000000E+00    0.0000000000E+00    0.0000000000E+00    0.0000000000E+00    0.0000000000E+00    0.4339274216E-11    0.4339274216E-11    0.9999794737E+00    0.9999794737E+00
    4    0.1343333333E+02   -0.4644557413E+00    0.4644557413E+00   -0.3112476354E+00    0.0000000000E+00    0.0000000000E+00    0.0000000000E+00    0.0000000000E+00    0.0000000000E+00    0.0000000000E+00    0.3991693763E-11    0.3991693763E-11    0.9999710867E+00    0.9999710867E+00
    5    0.1343333333E+02   -0.4644557413E+00    0.4644557413E+00   -0.1641885714E+00   -0.4644557413E+00    0.4644557413E+00    0.9852807436E+00    0.3539877313E+00   -0.3576666774E+00    0.1684841336E+00    0.3050150388E-11    0.3050150388E-11    0.9999748730E+00    0.9999748730E+00
    6    0.1343333333E+02    0.3483418059E+00   -0.3483418059E+00   -0.1920365838E+00    0.0000000000E+00    0.0000000000E+00    0.0000000000E+00    0.0000000000E+00    0.0000000000E+00    0.0000000000E+00    0.2571588143E-11    0.2571588143E-11    0.9999694323E+00    0.9999694323E+00
    7    0.1343333333E+02    0.3483418059E+00   -0.3483418059E+00   -0.2023764463E+00    0.0000000000E+00    0.0000000000E+00    0.0000000000E+00    0.0000000000E+00    0.0000000000E+00    0.0000000000E+00    0.1903821485E-11    0.1903821485E-11    0.9999698444E+00    0.9999698444E+00
    1    0.1369166667E+02    0.3483418059E+00   -0.3483418059E+00    0.4759709547E+00    0.0000000000E+00    0.0000000000E+00    0.0000000000E+00    0.0000000000E+00    0.0000000000E+00    0.0000000000E+00    0.6820657901E-08    0.6820657965E-08    0.9997912407E+00    0.9997912407E+00
    2    0.1369166667E+02   -0.4644557413E+00    0.4644557413E+00    0.5531333405E+00   -0.4644557413E+00    0.4644557413E+00    0.5531333405E+00    0.8077147901E+00   -0.8057114078E+00   -0.1074683256E+01    0.3936426243E-12    0.3936426281E-12    0.9999913357E+00    0.9999913357E+00
    3    0.1369166667E+02   -0.4644557413E+00    0.4644557413E+00   -0.5068176724E+00    0.0000000000E+00    0.0000000000E+00    0.0000000000E+00    0.0000000000E+00    0.0000000000E+00    0.0000000000E+00    0.4935302974E-12    0.4935303056E-12    0.9999874306E+00    0.9999874306E+00
    4    0.1369166667E+02    0.3483418059E+00   -0.3483418059E+00   -0.4003587620E+00    0.0000000000E+00    0.0000000000E+00    0.0000000000E+00    0.0000000000E+00    0.0000000000E+00    0.0000000000E+00    0.6699392940E-08    0.6699392948E-08    0.9998072374E+00    0.9998072374E+00
    5    0.1369166667E+02   -0.4644557413E+00    0.4644557413E+00   -0.3290194484E+00    0.0000000000E+00    0.0000000000E+00    0.0000000000E+00    0.0000000000E+00    0.0000000000E+00    0.0000000000E+00    0.1595915106E-12    0.1595915422E-12    0.9999901896E+00    0.9999901896E+00
    6    0.1369166667E+02    0.3483418059E+00    0.4644557413E+00   -0.2019393386E+00    0.0000000000E+00    0.0000000000E+00    0.0000000000E+00    0.0000000000E+00    0.0000000000E+00    0.0000000000E+00    0.1793052684E-12    0.1793060541E-12    0.9999813581E+00    0.9999813581E+00
    7    0.1369166667E+02   -0.4644557413E+00   -0.3483418059E+00   -0.2035717523E+00    0.0000000000E+00    0.0000000000E+00    0.0000000000E+00    0.0000000000E+00    0.0000000000E+00    0.0000000000E+00    0.1506048957E-12    0.1506060247E-12    0.9999816722E+00    0.9999816722E+00
    1    0.1395000000E+02   -0.4644557413E+00    0.4644557413E+00    0.4656238984E+00    0.0000000000E+00    0.0000000000E+00    0.0000000000E+00    0.0000000000E+00    0.0000000000E+00    0.0000000000E+00    0.3211993195E-12    0.3211993195E-12    0.9999922027E+00    0.9999922027E+00
    2    0.1395000000E+02   -0.4644557413E+00    0.4644557413E+00    0.5204124008E+00    0.0000000000E+00    0.0000000000E+00    0.0000000000E+00    0.0000000000E+00    0.0000000000E+00    0.0000000000E+00    0.4287652439E-12    0.4287652439E-12    0.9999897259E+00    0.9999897259E+00
    3    0.1395000000E+02    0.3483418059E+00    0.4644557413E+00   -0.1350647588E+00    0.0000000000E+00    0.0000000000E+00    0.0000000000E+00    0.0000000000E+00    0.0000000000E+00    0.0000000000E+00    0.1000358155E-09    0.1000358155E-09    0.9999353548E+00    0.9999353548E+00
    4    0.1395000000E+02   -0.4644557413E+00   -0.3483418059E+00   -0.1420346323E+00    0.0000000000E+00    0.0000000000E+00    0.0000000000E+00    0.0000000000E+00    0.0000000000E+00    0.0000000000E+00    0.5058949815E-10    0.5058949815E-10    0.9999389407E+00    0.9999389407E+00
    5    0.1395000000E+02   -0.4644557413E+00    0.4644557413E+00   -0.4330669760E+00    0.0000000000E+00    0.0000000000E+00    0.0000000000E+00    0.0000000000E+00    0.0000000000E+00    0.0000000000E+00    0.2200150249E-12    0.2200150249E-12    0.9999907307E+00    0.9999907307E+00
    6    0.1395000000E+02    0.3483418059E+00    0.4644557413E+00   -0.3929284705E+00    0.0000000000E+00    0.0000000000E+00    0.0000000000E+00    0.0000000000E+00    0.0000000000E+00    0.0000000000E+00    0.3058114222E-11    0.3058114222E-11    0.9999798079E+00    0.9999798079E+00
    7    0.1395000000E+02   -0.4644557413E+00   -0.3483418059E+00   -0.3924815186E+00    0.0000000000E+00    0.0000000000E+00    0.0000000000E+00    0.0000000000E+00    0.0000000000E+00    0.0000000000E+00    0.3203560896E-11    0.3203560896E-11    0.9999813971E+00    0.9999813971E+00
    1    0.1420833333E+02   -0.4644557413E+00    0.4644557413E+00    0.3808398721E+00    0.0000000000E+00    0.0000000000E+00    0.0000000000E+00    0.0000000000E+00    0.0000000000E+00    0.0000000000E+00    0.6732482871E-13    0.6732482871E-13    0.9999919804E+00    0.9999919804E+00
    2    0.1420833333E+02   -0.4644557413E+00    0.4644557413E+00    0.4112374762E+00    0.0000000000E+00    0.0000000000E+00    0.0000000000E+00    0.0000000000E+00    0.0000000000E+00    0.0000000000E+00    0.1100941040E-12    0.1100941040E-12    0.9999898245E+00    0.9999898245E+00
    3    0.1420833333E+02   -0.4644557413E+00    0.4644557413E+00   -0.5368393201E+00    0.0000000000E+00    0.0000000000E+00    0.0000000000E+00    0.0000000000E+00    0.0000000000E+00    0.0000000000E+00    0.1523900194E-12    0.1523900194E-12    0.9999897760E+00    0.9999897760E+00
    1    0.1446666667E+02   -0.4644557413E+00    0.4644557413E+00    0.4927630425E+00    0.0000000000E+00    0.0000000000E+00    0.0000000000E+00    0.0000000000E+00    0.0000000000E+00    0.0000000000E+00    0.4201225260E-12    0.4201225260E-12    0.9999873548E+00    0.9999873548E+00
    2    0.1446666667E+02   -0.4644557413E+00    0.4644557413E+00    0.2899546254E+00    0.0000000000E+00    0.0000000000E+00    0.0000000000E+00    0.0000000000E+00    0.0000000000E+00    0.0000000000E+00    0.6395163552E-12    0.6395163552E-12    0.9999906634E+00    0.9999906634E+00
    3    0.1446666667E+02   -0.4644557413E+00    0.4644557413E+00    0.2958560453E+00    0.0000000000E+00    0.0000000000E+00    0.0000000000E+00    0.0000000000E+00    0.0000000000E+00    0.0000000000E+00    0.1177563013E-11    0.1177563013E-11    0.9999880215E+00    0.9999880215E+00
    1    0.1472500000E+02   -0.4644557413E+00    0.4644557413E+00    0.3335415852E+00    0.0000000000E+00    0.0000000000E+00    0.0000000000E+00    0.0000000000E+00    0.0000000000E+00    0.0000000000E+00    0.1351006474E-11    0.1351006474E-11    0.9999809243E+00    0.9999809243E+00
    2    0.1472500000E+02   -0.4644557413E+00    0.4644557413E+00    0.1748239756E+00    0.0000000000E+00    0.0000000000E+00    0.0000000000E+00    0.0000000000E+00    0.0000000000E+00    0.0000000000E+00    0.4886630474E-12    0.4886630474E-12    0.9999860315E+00    0.9999860315E+00
    3    0.1472500000E+02   -0.4644557413E+00    0.4644557413E+00    0.1342612777E+00    0.0000000000E+00    0.0000000000E+00    0.0000000000E+00    0.0000000000E+00    0.0000000000E+00    0.0000000000E+00    0.1400547196E-10    0.1400547196E-10    0.9999766204E+00    0.9999766204E+00
