    1    0.1550000000E+01   -0.1161139353E+00   -0.4644557413E+00   -0.4785967890E-01    0.0000000000E+00    0.0000000000E+00    0.0000000000E+00    0.0000000000E+00    0.0000000000E+00    0.0000000000E+00    0.3505914087E-12    0.3505914087E-12    0.9999984806E+00    0.9999984806E+00
    1    0.1808333333E+01   -0.1161139353E+00   -0.4644557413E+00    0.1207181649E+00    0.0000000000E+00    0.0000000000E+00    0.0000000000E+00    0.0000000000E+00    0.0000000000E+00    0.0000000000E+00    0.2066186782E-11    0.2066186782E-11    0.9999964049E+00    0.9999964049E+00
    2    0.1808333333E+01   -0.1161139353E+00   -0.4644557413E+00   -0.1306391194E+00    0.0000000000E+00    0.0000000000E+00    0.0000000000E+00    0.0000000000E+00    0.0000000000E+00    0.0000000000E+00    0.3609985816E-13    0.3609985816E-13    0.9999992707E+00    0.9999992707E+00
    3    0.1808333333E+01   -0.1161139353E+00   -0.4644557413E+00   -0.1846740884E+00    0.0000000000E+00    0.0000000000E+00    0.0000000000E+00    0.0000000000E+00    0.0000000000E+00    0.0000000000E+00    0.2126811566E-11    0.2126811566E-11    0.9999966446E+00    0.9999966446E+00
    1    0.2066666667E+01   -0.1161139353E+00   -0.4644557413E+00   -0.2853673994E+00    0.0000000000E+00    0.0000000000E+00    0.0000000000E+00    0.0000000000E+00    0.0000000000E+00    0.0000000000E+00    0.1113635396E-14    0.1113635396E-14    0.9999990913E+00    0.9999990913E+00
    2    0.2066666667E+01   -0.1161139353E+00   -0.4644557413E+00   -0.1853514114E+00    0.0000000000E+00    0.0000000000E+00    0.0000000000E+00    0.0000000000E+00    0.0000000000E+00    0.0000000000E+00    0.8193764899E-15    0.8193764899E-15    0.9999993016E+00    0.9999993016E+00
    1    0.2325000000E+01   -0.1161139353E+00   -0.4644557413E+00   -0.3437697693E+00    0.0000000000E+00    0.0000000000E+00    0.0000000000E+00    0.0000000000E+00    0.0000000000E+00    0.0000000000E+00    0.1864911348E-14    0.1864911348E-14    0.9999991615E+00    0.9999991615E+00
    2    0.2325000000E+01   -0.1161139353E+00   -0.4644557413E+00   -0.2323837900E+00    0.0000000000E+00    0.0000000000E+00    0.0000000000E+00    0.0000000000E+00    0.0000000000E+00    0.0000000000E+00    0.3072247105E-14    0.3072247105E-14    0.9999993118E+00    0.9999993118E+00
    1    0.2583333333E+01   -0.1161139353E+00   -0.4644557413E+00   -0.2761999729E+00    0.0000000000E+00    0.0000000000E+00    0.0000000000E+00    0.0000000000E+00    0.0000000000E+00    0.0000000000E+00    0.4475155089E-14    0.4475155089E-14    0.9999992430E+00    0.9999992430E+00
    2    0.2583333333E+01   -0.1161139353E+00   -0.4644557413E+00   -0.3946152958E+00    0.0000000000E+00    0.0000000000E+00    0.0000000000E+00    0.0000000000E+00    0.0000000000E+00    0.0000000000E+00    0.4855946453E-15    0.4855946453E-15    0.9999991737E+00    0.9999991737E+00
    1    0.2841666667E+01   -0.1161139353E+00   -0.4644557413E+00   -0.3185857889E+00    0.0000000000E+00    0.0000000000E+00    0.0000000000E+00    0.0000000000E+00    0.0000000000E+00    0.0000000000E+00    0.2327671443E-14    0.2327671443E-14    0.9999991805E+00    0.9999991805E+00
    2    0.2841666667E+01   -0.1161139353E+00   -0.4644557413E+00   -0.4431651098E+00    0.0000000000E+00    0.0000000000E+00    0.0000000000E+00    0.0000000000E+00    0.0000000000E+00    0.0000000000E+00    0.1325043803E-14    0.1325043803E-14    0.9999991140E+00    0.9999991140E+00
    1    0.3100000000E+01    0.6966836119E+00   -0.4644557413E+00    0.1781625094E+00    0.0000000000E+00    0.0000000000E+00    0.0000000000E+00    0.0000000000E+00    0.0000000000E+00    0.0000000000E+00    0.2323148702E-11    0.2323148704E-11    0.9999917730E+00    0.9999917730E+00
    2    0.3100000000E+01   -0.1161139353E+00   -0.4644557413E+00   -0.4919344054E+00    0.0000000000E+00    0.0000000000E+00    0.0000000000E+00    0.0000000000E+00    0.0000000000E+00    0.0000000000E+00    0.3540756083E-14    0.3540756083E-14    0.9999989545E+00    0.9999989545E+00
    3    0.3100000000E+01    0.6966836119E+00   -0.4644557413E+00   -0.3628468288E+00    0.0000000000E+00    0.0000000000E+00    0.0000000000E+00    0.0000000000E+00    0.0000000000E+00    0.0000000000E+00    0.2296690681E-11    0.2296690681E-11    0.9999951025E+00    0.9999951025E+00
    4    0.3100000000E+01   -0.1161139353E+00   -0.4644557413E+00   -0.3606368459E+00    0.0000000000E+00    0.0000000000E+00    0.0000000000E+00    0.0000000000E+00    0.0000000000E+00    0.0000000000E+00    0.7767081503E-15    0.7767081508E-15    0.9999991609E+00    0.9999991609E+00
    1    0.3358333333E+01   -0.1161139353E+00   -0.4644557413E+00   -0.6103035351E-01    0.0000000000E+00    0.0000000000E+00    0.0000000000E+00    0.0000000000E+00    0.0000000000E+00    0.0000000000E+00    0.1593565765E-12    0.1593567280E-12    0.9999986470E+00    0.9999986470E+00
    2    0.3358333333E+01    0.6966836119E+00   -0.4644557413E+00    0.3768836363E+00    0.0000000000E+00    0.0000000000E+00    0.0000000000E+00    0.0000000000E+00    0.0000000000E+00    0.0000000000E+00    0.2874098712E-11    0.2874098712E-11    0.9999950770E+00    0.9999950770E+00
    3    0.3358333333E+01   -0.1161139353E+00   -0.4644557413E+00   -0.4032380002E+00    0.0000000000E+00    0.0000000000E+00    0.0000000000E+00    0.0000000000E+00    0.0000000000E+00    0.0000000000E+00    0.3781664126E-14    0.3781665662E-14    0.9999990437E+00    0.9999990437E+00
    4    0.3358333333E+01    0.6966836119E+00   -0.4644557413E+00   -0.4438806690E+00    0.0000000000E+00    0.0000000000E+00    0.0000000000E+00    0.0000000000E+00    0.0000000000E+00    0.0000000000E+00    0.1375244365E-11    0.1375244365E-11    0.9999970783E+00    0.9999970783E+00
    5    0.3358333333E+01    0.6966836119E+00   -0.4644557413E+00    0.5612535382E+00    0.0000000000E+00    0.0000000000E+00    0.0000000000E+00    0.0000000000E+00    0.0000000000E+00    0.0000000000E+00    0.2312840741E-11    0.2312840741E-11    0.9999954811E+00    0.9999954811E+00
    6    0.3358333333E+01   -0.1161139353E+00   -0.4644557413E+00   -0.5429575289E+00    0.0000000000E+00    0.0000000000E+00    0.0000000000E+00    0.0000000000E+00    0.0000000000E+00    0.0000000000E+00    0.2869983498E-13    0.2869984106E-13    0.9999987729E+00    0.9999987729E+00
    1    0.3616666667E+01   -0.1161139353E+00   -0.4644557413E+00   -0.1111123849E+00    0.0000000000E+00    0.0000000000E+00    0.0000000000E+00    0.0000000000E+00    0.0000000000E+00    0.0000000000E+00    0.1737071167E-13    0.1737071167E-13    0.9999989558E+00    0.9999989558E+00
    2    0.3616666667E+01   -0.1161139353E+00    0.3483418059E+00    0.2295840460E+00    0.0000000000E+00    0.0000000000E+00    0.0000000000E+00    0.0000000000E+00    0.0000000000E+00    0.0000000000E+00    0.6112052928E-12    0.6112052928E-12    0.9999969781E+00    0.9999969781E+00
    3    0.3616666667E+01    0.6966836119E+00   -0.4644557413E+00    0.2660578154E+00    0.0000000000E+00    0.0000000000E+00    0.0000000000E+00    0.0000000000E+00    0.0000000000E+00    0.0000000000E+00    0.1281676137E-13    0.1281676137E-13    0.9999981660E+00    0.9999981660E+00
    4    0.3616666667E+01    0.6966836119E+00   -0.4644557413E+00    0.4432174312E+00    0.0000000000E+00    0.0000000000E+00    0.0000000000E+00    0.0000000000E+00    0.0000000000E+00    0.0000000000E+00    0.3132985848E-13    0.3132985848E-13    0.9999976332E+00    0.9999976332E+00
    5    0.3616666667E+01   -0.1161139353E+00   -0.4644557413E+00   -0.4473002364E+00    0.0000000000E+00    0.0000000000E+00    0.0000000000E+00    0.0000000000E+00    0.0000000000E+00    0.0000000000E+00    0.5631445156E-14    0.5631445156E-14    0.9999989229E+00    0.9999989229E+00
    6    0.3616666667E+01   -0.1161139353E+00   -0.4644557413E+00    0.5507585177E+00    0.0000000000E+00    0.0000000000E+00    0.0000000000E+00    0.0000000000E+00    0.0000000000E+00    0.0000000000E+00    0.4335388242E-14    0.4335388242E-14    0.9999985984E+00    0.9999985984E+00
    7    0.3616666667E+01    0.6966836119E+00   -0.4644557413E+00   -0.5269256906E+00    0.0000000000E+00    0.0000000000E+00    0.0000000000E+00    0.0000000000E+00    0.0000000000E+00    0.0000000000E+00    0.9973577808E-14    0.9973577808E-14    0.9999984911E+00    0.9999984911E+00
    8    0.3616666667E+01   -0.1161139353E+00    0.3483418059E+00   -0.4953018455E+00    0.0000000000E+00    0.0000000000E+00    0.0000000000E+00    0.0000000000E+00    0.0000000000E+00    0.0000000000E+00    0.8774659812E-11    0.8774659812E-11    0.9999867644E+00    0.9999867644E+00
    1    0.3875000000E+01   -0.1161139353E+00   -0.4644557413E+00   -0.1509577108E+00    0.0000000000E+00    0.0000000000E+00    0.0000000000E+00    0.0000000000E+00    0.0000000000E+00    0.0000000000E+00    0.2660918018E-14    0.2660918018E-14    0.9999990009E+00    0.9999990009E+00
    2    0.3875000000E+01   -0.1161139353E+00   -0.4644557413E+00   -0.4936830438E+00    0.0000000000E+00    0.0000000000E+00    0.0000000000E+00    0.0000000000E+00    0.0000000000E+00    0.0000000000E+00    0.7831527891E-13    0.7831527891E-13    0.9999986374E+00    0.9999986374E+00
    3    0.3875000000E+01   -0.1161139353E+00    0.3483418059E+00    0.1290536403E+00    0.0000000000E+00    0.0000000000E+00    0.0000000000E+00    0.0000000000E+00    0.0000000000E+00    0.0000000000E+00    0.6053845778E-13    0.6053845779E-13    0.9999976184E+00    0.9999976184E+00
    4    0.3875000000E+01    0.6966836119E+00   -0.4644557413E+00    0.1986678181E+00    0.0000000000E+00    0.0000000000E+00    0.0000000000E+00    0.0000000000E+00    0.0000000000E+00    0.0000000000E+00    0.1445445937E-13    0.1445445971E-13    0.9999984332E+00    0.9999984332E+00
    5    0.3875000000E+01    0.6966836119E+00   -0.4644557413E+00    0.5670041435E+00    0.0000000000E+00    0.0000000000E+00    0.0000000000E+00    0.0000000000E+00    0.0000000000E+00    0.0000000000E+00    0.5043079501E-13    0.5043079501E-13    0.9999984781E+00    0.9999984781E+00
    6    0.3875000000E+01   -0.1161139353E+00   -0.4644557413E+00    0.4863160093E+00    0.0000000000E+00    0.0000000000E+00    0.0000000000E+00    0.0000000000E+00    0.0000000000E+00    0.0000000000E+00    0.6384307748E-13    0.6384307748E-13    0.9999981213E+00    0.9999981213E+00
    7    0.3875000000E+01    0.6966836119E+00   -0.4644557413E+00    0.3489411870E+00    0.0000000000E+00    0.0000000000E+00    0.0000000000E+00    0.0000000000E+00    0.0000000000E+00    0.0000000000E+00    0.3403756365E-13    0.3403756365E-13    0.9999977408E+00    0.9999977408E+00
    8    0.3875000000E+01   -0.1161139353E+00    0.3483418059E+00    0.3634910180E+00    0.0000000000E+00    0.0000000000E+00    0.0000000000E+00    0.0000000000E+00    0.0000000000E+00    0.0000000000E+00    0.3121563193E-15    0.3121563354E-15    0.9999974437E+00    0.9999974437E+00
    1    0.4133333333E+01   -0.1161139353E+00   -0.4644557413E+00   -0.1871870633E+00    0.0000000000E+00    0.0000000000E+00    0.0000000000E+00    0.0000000000E+00    0.0000000000E+00    0.0000000000E+00    0.1322651757E-14    0.1322651859E-14    0.9999990354E+00    0.9999990354E+00
    2    0.4133333333E+01    0.6966836119E+00   -0.4644557413E+00    0.1400422979E+00    0.0000000000E+00    0.0000000000E+00    0.0000000000E+00    0.0000000000E+00    0.0000000000E+00    0.0000000000E+00    0.2031576068E-13    0.2031576069E-13    0.9999984211E+00    0.9999984211E+00
    3    0.4133333333E+01    0.6966836119E+00   -0.4644557413E+00    0.2530497597E+00    0.0000000000E+00    0.0000000000E+00    0.0000000000E+00    0.0000000000E+00    0.0000000000E+00    0.0000000000E+00    0.6736743300E-13    0.6736743300E-13    0.9999972467E+00    0.9999972467E+00
    4    0.4133333333E+01   -0.1161139353E+00    0.3483418059E+00    0.2790068879E+00    0.0000000000E+00    0.0000000000E+00    0.0000000000E+00    0.0000000000E+00    0.0000000000E+00    0.0000000000E+00    0.4532103469E-14    0.4532103470E-14    0.9999979414E+00    0.9999979414E+00
    5    0.4133333333E+01   -0.1161139353E+00   -0.4644557413E+00    0.4027093113E+00    0.0000000000E+00    0.0000000000E+00    0.0000000000E+00    0.0000000000E+00    0.0000000000E+00    0.0000000000E+00    0.8011037655E-14    0.8011037657E-14    0.9999972316E+00    0.9999972316E+00
    6    0.4133333333E+01   -0.1161139353E+00   -0.4644557413E+00   -0.5449799163E+00    0.0000000000E+00    0.0000000000E+00    0.0000000000E+00    0.0000000000E+00    0.0000000000E+00    0.0000000000E+00    0.1396987346E-13    0.1396987346E-13    0.9999985736E+00    0.9999985736E+00
    7    0.4133333333E+01    0.6966836119E+00   -0.4644557413E+00    0.5170019174E+00    0.0000000000E+00    0.0000000000E+00    0.0000000000E+00    0.0000000000E+00    0.0000000000E+00    0.0000000000E+00    0.8465898964E-14    0.8465898966E-14    0.9999986427E+00    0.9999986427E+00
    1    0.4391666667E+01   -0.1161139353E+00   -0.4644557413E+00   -0.2216289323E+00    0.0000000000E+00    0.0000000000E+00    0.0000000000E+00    0.0000000000E+00    0.0000000000E+00    0.0000000000E+00    0.2969365547E-14    0.2969365995E-14    0.9999989523E+00    0.9999989523E+00
    2    0.4391666667E+01    0.6966836119E+00    0.3483418059E+00   -0.1934097310E+00    0.0000000000E+00    0.0000000000E+00    0.0000000000E+00    0.0000000000E+00    0.0000000000E+00    0.0000000000E+00    0.7152659468E-12    0.7152659780E-12    0.9999962017E+00    0.9999962017E+00
    3    0.4391666667E+01   -0.1161139353E+00   -0.4644557413E+00    0.5472549610E+00    0.0000000000E+00    0.0000000000E+00    0.0000000000E+00    0.0000000000E+00    0.0000000000E+00    0.0000000000E+00    0.2951108315E-13    0.2951108383E-13    0.9999978962E+00    0.9999978962E+00
    4    0.4391666667E+01   -0.1161139353E+00    0.3483418059E+00    0.5418437870E+00    0.0000000000E+00    0.0000000000E+00    0.0000000000E+00    0.0000000000E+00    0.0000000000E+00    0.0000000000E+00    0.9738264579E-13    0.9738321632E-13    0.9999976880E+00    0.9999976880E+00
    5    0.4391666667E+01    0.6966836119E+00   -0.4644557413E+00    0.4705691727E+00    0.0000000000E+00    0.0000000000E+00    0.0000000000E+00    0.0000000000E+00    0.0000000000E+00    0.0000000000E+00    0.6490970250E-13    0.6490980461E-13    0.9999985924E+00    0.9999985924E+00
    6    0.4391666667E+01   -0.1161139353E+00    0.3483418059E+00    0.3919651315E+00    0.0000000000E+00    0.0000000000E+00    0.0000000000E+00    0.0000000000E+00    0.0000000000E+00    0.0000000000E+00    0.1573814223E-12    0.1573814365E-12    0.9999973095E+00    0.9999973095E+00
    7    0.4391666667E+01    0.6966836119E+00    0.3483418059E+00   -0.2061039844E-01    0.0000000000E+00    0.0000000000E+00    0.0000000000E+00    0.0000000000E+00    0.0000000000E+00    0.0000000000E+00    0.1307648897E-11    0.1307649023E-11    0.9999960640E+00    0.9999960640E+00
    8    0.4391666667E+01    0.6966836119E+00   -0.4644557413E+00    0.7714977369E-01    0.0000000000E+00    0.0000000000E+00    0.0000000000E+00    0.0000000000E+00    0.0000000000E+00    0.0000000000E+00    0.3468644429E-12    0.3468650572E-12    0.9999978852E+00    0.9999978852E+00
    9    0.4391666667E+01    0.6966836119E+00   -0.4644557413E+00    0.1273005993E+00    0.0000000000E+00    0.0000000000E+00    0.0000000000E+00    0.0000000000E+00    0.0000000000E+00    0.0000000000E+00    0.8095265164E-12    0.8095265283E-12    0.9999950583E+00    0.9999950583E+00
   10    0.4391666667E+01   -0.1161139353E+00   -0.4644557413E+00    0.2650517989E+00    0.0000000000E+00    0.0000000000E+00    0.0000000000E+00    0.0000000000E+00    0.0000000000E+00    0.0000000000E+00    0.3533463173E-12    0.3533463173E-12    0.9999944370E+00    0.9999944370E+00
   11    0.4391666667E+01   -0.1161139353E+00    0.3483418059E+00    0.2058686594E+00    0.0000000000E+00    0.0000000000E+00    0.0000000000E+00    0.0000000000E+00    0.0000000000E+00    0.0000000000E+00    0.6295622755E-13    0.6295623771E-13    0.9999979133E+00    0.9999979133E+00
    1    0.4650000000E+01    0.6966836119E+00    0.3483418059E+00   -0.4012950245E+00    0.0000000000E+00    0.0000000000E+00    0.0000000000E+00    0.0000000000E+00    0.0000000000E+00    0.0000000000E+00    0.5467830039E-13    0.5467830039E-13    0.9999970293E+00    0.9999970293E+00
    2    0.4650000000E+01    0.6966836119E+00   -0.4644557413E+00    0.4255363401E+00    0.0000000000E+00    0.0000000000E+00    0.0000000000E+00    0.0000000000E+00    0.0000000000E+00    0.0000000000E+00    0.1834426245E-15    0.1834426254E-15    0.9999986285E+00    0.9999986285E+00
    3    0.4650000000E+01   -0.1161139353E+00    0.3483418059E+00    0.4714823189E+00    0.0000000000E+00    0.0000000000E+00    0.0000000000E+00    0.0000000000E+00    0.0000000000E+00    0.0000000000E+00    0.9515724321E-14    0.9515724322E-14    0.9999979378E+00    0.9999979378E+00
    4    0.4650000000E+01   -0.1161139353E+00   -0.4644557413E+00    0.4756334231E+00    0.0000000000E+00    0.0000000000E+00    0.0000000000E+00    0.0000000000E+00    0.0000000000E+00    0.0000000000E+00    0.1639900781E-14    0.1639900786E-14    0.9999974996E+00    0.9999974996E+00
    5    0.4650000000E+01   -0.1161139353E+00    0.3483418059E+00    0.3040167121E+00    0.0000000000E+00    0.0000000000E+00    0.0000000000E+00    0.0000000000E+00    0.0000000000E+00    0.0000000000E+00    0.6452073690E-14    0.6452073690E-14    0.9999972580E+00    0.9999972580E+00
    6    0.4650000000E+01    0.6966836119E+00    0.3483418059E+00   -0.2882197354E+00    0.0000000000E+00    0.0000000000E+00    0.0000000000E+00    0.0000000000E+00    0.0000000000E+00    0.0000000000E+00    0.1905512229E-13    0.1905512229E-13    0.9999975579E+00    0.9999975579E+00
    7    0.4650000000E+01   -0.1161139353E+00   -0.4644557413E+00   -0.2550393102E+00    0.0000000000E+00    0.0000000000E+00    0.0000000000E+00    0.0000000000E+00    0.0000000000E+00    0.0000000000E+00    0.1498622103E-14    0.1498622103E-14    0.9999989653E+00    0.9999989653E+00
    8    0.4650000000E+01    0.6966836119E+00    0.3483418059E+00   -0.1132272428E+00    0.0000000000E+00    0.0000000000E+00    0.0000000000E+00    0.0000000000E+00    0.0000000000E+00    0.0000000000E+00    0.6909690511E-13    0.6909690511E-13    0.9999976030E+00    0.9999976030E+00
    9    0.4650000000E+01   -0.1161139353E+00    0.3483418059E+00    0.1269291659E+00    0.0000000000E+00    0.0000000000E+00    0.0000000000E+00    0.0000000000E+00    0.0000000000E+00    0.0000000000E+00    0.1634207823E-12    0.1634207823E-12    0.9999972832E+00    0.9999972832E+00
   10    0.4650000000E+01    0.6966836119E+00    0.3483418059E+00    0.7183950443E-01    0.0000000000E+00    0.0000000000E+00    0.0000000000E+00    0.0000000000E+00    0.0000000000E+00    0.0000000000E+00    0.1015344363E-12    0.1015344363E-12    0.9999969815E+00    0.9999969815E+00
    1    0.4908333333E+01    0.6966836119E+00    0.3483418059E+00   -0.4887497203E+00    0.0000000000E+00    0.0000000000E+00    0.0000000000E+00    0.0000000000E+00    0.0000000000E+00    0.0000000000E+00    0.7471574651E-13    0.7471574652E-13    0.9999973424E+00    0.9999973424E+00
    2    0.4908333333E+01    0.6966836119E+00    0.3483418059E+00   -0.3627005978E+00    0.0000000000E+00    0.0000000000E+00    0.0000000000E+00    0.0000000000E+00    0.0000000000E+00    0.0000000000E+00    0.8052243510E-13    0.8052243512E-13    0.9999976433E+00    0.9999976433E+00
    3    0.4908333333E+01   -0.1161139353E+00   -0.4644557413E+00   -0.2879300083E+00    0.0000000000E+00    0.0000000000E+00    0.0000000000E+00    0.0000000000E+00    0.0000000000E+00    0.0000000000E+00    0.2247307647E-14    0.2247307661E-14    0.9999988917E+00    0.9999988917E+00
    4    0.4908333333E+01    0.6966836119E+00    0.3483418059E+00   -0.1824857684E+00    0.0000000000E+00    0.0000000000E+00    0.0000000000E+00    0.0000000000E+00    0.0000000000E+00    0.0000000000E+00    0.6351899431E-13    0.6351899431E-13    0.9999978729E+00    0.9999978729E+00
    5    0.4908333333E+01    0.6966836119E+00    0.3483418059E+00   -0.9470042050E-02    0.0000000000E+00    0.0000000000E+00    0.0000000000E+00    0.0000000000E+00    0.0000000000E+00    0.0000000000E+00    0.4345928996E-12    0.4345929002E-12    0.9999972369E+00    0.9999972369E+00
    6    0.4908333333E+01   -0.1161139353E+00    0.3483418059E+00    0.1966554475E+00    0.0000000000E+00    0.0000000000E+00    0.0000000000E+00    0.0000000000E+00    0.0000000000E+00    0.0000000000E+00    0.1599450492E-15    0.1599450733E-15    0.9999951889E+00    0.9999951889E+00
    7    0.4908333333E+01   -0.1161139353E+00    0.3483418059E+00    0.4067055149E+00    0.0000000000E+00    0.0000000000E+00    0.0000000000E+00    0.0000000000E+00    0.0000000000E+00    0.0000000000E+00    0.1239602809E-15    0.1239602829E-15    0.9999979125E+00    0.9999979125E+00
    8    0.4908333333E+01    0.6966836119E+00   -0.4644557413E+00    0.3806867053E+00    0.0000000000E+00    0.0000000000E+00    0.0000000000E+00    0.0000000000E+00    0.0000000000E+00    0.0000000000E+00    0.1691555608E-17    0.1691564312E-17    0.9999985412E+00    0.9999985412E+00
    9    0.4908333333E+01   -0.1161139353E+00   -0.4644557413E+00    0.3704469019E+00    0.0000000000E+00    0.0000000000E+00    0.0000000000E+00    0.0000000000E+00    0.0000000000E+00    0.0000000000E+00    0.2744386326E-14    0.2744386326E-14    0.9999954064E+00    0.9999954064E+00
    1    0.5166666667E+01   -0.1161139353E+00    0.3483418059E+00    0.3399444410E+00    0.0000000000E+00    0.0000000000E+00    0.0000000000E+00    0.0000000000E+00    0.0000000000E+00    0.0000000000E+00    0.2988290517E-16    0.2988303110E-16    0.9999976298E+00    0.9999976298E+00
    2    0.5166666667E+01    0.6966836119E+00   -0.4644557413E+00    0.3348987656E+00    0.0000000000E+00    0.0000000000E+00    0.0000000000E+00    0.0000000000E+00    0.0000000000E+00    0.0000000000E+00    0.1243157264E-14    0.1243157265E-14    0.9999984122E+00    0.9999984122E+00
    3    0.5166666667E+01    0.6966836119E+00    0.3483418059E+00   -0.4449741014E+00    0.0000000000E+00    0.0000000000E+00    0.0000000000E+00    0.0000000000E+00    0.0000000000E+00    0.0000000000E+00    0.2086990869E-13    0.2086990870E-13    0.9999963173E+00    0.9999963173E+00
    4    0.5166666667E+01   -0.1161139353E+00   -0.4644557413E+00   -0.3204319769E+00    0.0000000000E+00    0.0000000000E+00    0.0000000000E+00    0.0000000000E+00    0.0000000000E+00    0.0000000000E+00    0.3191315747E-15    0.3191315758E-15    0.9999988938E+00    0.9999988938E+00
    5    0.5166666667E+01    0.6966836119E+00    0.3483418059E+00   -0.2472216894E+00    0.0000000000E+00    0.0000000000E+00    0.0000000000E+00    0.0000000000E+00    0.0000000000E+00    0.0000000000E+00    0.1826558749E-13    0.1826558751E-13    0.9999977279E+00    0.9999977279E+00
    6    0.5166666667E+01    0.6966836119E+00    0.3483418059E+00   -0.7971030349E-01    0.0000000000E+00    0.0000000000E+00    0.0000000000E+00    0.0000000000E+00    0.0000000000E+00    0.0000000000E+00    0.9545102965E-14    0.9545102973E-14    0.9999977396E+00    0.9999977396E+00
    1    0.5425000000E+01   -0.1161139353E+00    0.3483418059E+00    0.2644473910E+00    0.0000000000E+00    0.0000000000E+00    0.0000000000E+00    0.0000000000E+00    0.0000000000E+00    0.0000000000E+00    0.2516054269E-14    0.2516054271E-14    0.9999970119E+00    0.9999970119E+00
    2    0.5425000000E+01    0.6966836119E+00   -0.4644557413E+00    0.2867880710E+00    0.0000000000E+00    0.0000000000E+00    0.0000000000E+00    0.0000000000E+00    0.0000000000E+00    0.0000000000E+00    0.6378167111E-14    0.6378167111E-14    0.9999982183E+00    0.9999982183E+00
    3    0.5425000000E+01    0.6966836119E+00    0.3483418059E+00   -0.1442998293E+00    0.0000000000E+00    0.0000000000E+00    0.0000000000E+00    0.0000000000E+00    0.0000000000E+00    0.0000000000E+00    0.3749326032E-14    0.3749326033E-14    0.9999977034E+00    0.9999977034E+00
    4    0.5425000000E+01   -0.1161139353E+00   -0.4644557413E+00   -0.3528919088E+00    0.0000000000E+00    0.0000000000E+00    0.0000000000E+00    0.0000000000E+00    0.0000000000E+00    0.0000000000E+00    0.1922350464E-15    0.1922350466E-15    0.9999988419E+00    0.9999988419E+00
    5    0.5425000000E+01    0.6966836119E+00    0.3483418059E+00   -0.3181096749E+00    0.0000000000E+00    0.0000000000E+00    0.0000000000E+00    0.0000000000E+00    0.0000000000E+00    0.0000000000E+00    0.5560565063E-14    0.5560565069E-14    0.9999971719E+00    0.9999971719E+00
    1    0.5683333333E+01    0.6966836119E+00   -0.4644557413E+00    0.2341057756E+00    0.0000000000E+00    0.0000000000E+00    0.0000000000E+00    0.0000000000E+00    0.0000000000E+00    0.0000000000E+00    0.8299999098E-14    0.8300023768E-14    0.9999978985E+00    0.9999978985E+00
    2    0.5683333333E+01   -0.1161139353E+00    0.3483418059E+00    0.1609893413E+00    0.0000000000E+00    0.0000000000E+00    0.0000000000E+00    0.0000000000E+00    0.0000000000E+00    0.0000000000E+00    0.4517852672E-13    0.4517862338E-13    0.9999947915E+00    0.9999947915E+00
    3    0.5683333333E+01    0.6966836119E+00    0.3483418059E+00   -0.2097068612E+00    0.0000000000E+00    0.0000000000E+00    0.0000000000E+00    0.0000000000E+00    0.0000000000E+00    0.0000000000E+00    0.4139229951E-13    0.4139229955E-13    0.9999974484E+00    0.9999974484E+00
    4    0.5683333333E+01    0.6966836119E+00    0.3483418059E+00   -0.4229726416E+00    0.0000000000E+00    0.0000000000E+00    0.0000000000E+00    0.0000000000E+00    0.0000000000E+00    0.0000000000E+00    0.4183673049E-13    0.4183673073E-13    0.9999945652E+00    0.9999945652E+00
    5    0.5683333333E+01   -0.1161139353E+00   -0.4644557413E+00   -0.3853390755E+00    0.0000000000E+00    0.0000000000E+00    0.0000000000E+00    0.0000000000E+00    0.0000000000E+00    0.0000000000E+00    0.1671608807E-17    0.1736798977E-17    0.9999987857E+00    0.9999987857E+00
    1    0.5941666667E+01    0.6966836119E+00   -0.4644557413E+00    0.1718495983E+00    0.0000000000E+00    0.0000000000E+00    0.0000000000E+00    0.0000000000E+00    0.0000000000E+00    0.0000000000E+00    0.1004073404E-13    0.1004073404E-13    0.9999972395E+00    0.9999972395E+00
    2    0.5941666667E+01    0.6966836119E+00    0.3483418059E+00   -0.5496223580E+00    0.0000000000E+00    0.0000000000E+00    0.0000000000E+00    0.0000000000E+00    0.0000000000E+00    0.0000000000E+00    0.7768858702E-13    0.7768858702E-13    0.9999959735E+00    0.9999959735E+00
    3    0.5941666667E+01    0.6966836119E+00    0.3483418059E+00   -0.2835972376E+00    0.0000000000E+00    0.0000000000E+00    0.0000000000E+00    0.0000000000E+00    0.0000000000E+00    0.0000000000E+00    0.7442533963E-13    0.7442533963E-13    0.9999967336E+00    0.9999967336E+00
    4    0.5941666667E+01   -0.1161139353E+00   -0.4644557413E+00   -0.4178603213E+00    0.0000000000E+00    0.0000000000E+00    0.0000000000E+00    0.0000000000E+00    0.0000000000E+00    0.0000000000E+00    0.5262811411E-15    0.5262811414E-15    0.9999987268E+00    0.9999987268E+00
    1    0.6200000000E+01    0.6966836119E+00   -0.4644557413E+00    0.7858125683E-01    0.0000000000E+00    0.0000000000E+00    0.0000000000E+00    0.0000000000E+00    0.0000000000E+00    0.0000000000E+00    0.3122535658E-11    0.3122535658E-11    0.9999941680E+00    0.9999941680E+00
    2    0.6200000000E+01    0.6966836119E+00    0.3483418059E+00    0.4418955092E+00    0.0000000000E+00    0.0000000000E+00    0.0000000000E+00    0.0000000000E+00    0.0000000000E+00    0.0000000000E+00    0.1505465394E-08    0.1505465394E-08    0.9999107234E+00    0.9999107234E+00
    3    0.6200000000E+01    0.6966836119E+00    0.3483418059E+00   -0.4319861817E+00    0.0000000000E+00    0.0000000000E+00    0.0000000000E+00    0.0000000000E+00    0.0000000000E+00    0.0000000000E+00    0.1509197362E-08    0.1509197362E-08    0.9999107848E+00    0.9999107848E+00
    4    0.6200000000E+01   -0.1161139353E+00   -0.4644557413E+00   -0.4505022043E+00    0.0000000000E+00    0.0000000000E+00    0.0000000000E+00    0.0000000000E+00    0.0000000000E+00    0.0000000000E+00    0.1876096709E-14    0.1876096709E-14    0.9999986663E+00    0.9999986663E+00
    1    0.6458333333E+01   -0.1161139353E+00   -0.4644557413E+00   -0.4832844194E+00    0.0000000000E+00    0.0000000000E+00    0.0000000000E+00    0.0000000000E+00    0.0000000000E+00    0.0000000000E+00    0.2855622474E-14    0.2855622474E-14    0.9999986049E+00    0.9999986049E+00
    1    0.6716666667E+01    0.6966836119E+00   -0.4644557413E+00   -0.6570911299E-01    0.0000000000E+00    0.0000000000E+00    0.0000000000E+00    0.0000000000E+00    0.0000000000E+00    0.0000000000E+00    0.8275468437E-12    0.8275468437E-12    0.9999970979E+00    0.9999970979E+00
    2    0.6716666667E+01   -0.1161139353E+00   -0.4644557413E+00   -0.5162061540E+00    0.0000000000E+00    0.0000000000E+00    0.0000000000E+00    0.0000000000E+00    0.0000000000E+00    0.0000000000E+00    0.2120854830E-14    0.2120854830E-14    0.9999985434E+00    0.9999985434E+00
    1    0.6975000000E+01    0.6966836119E+00   -0.4644557413E+00   -0.1181185176E+00    0.0000000000E+00    0.0000000000E+00    0.0000000000E+00    0.0000000000E+00    0.0000000000E+00    0.0000000000E+00    0.9599161466E-13    0.9599161466E-13    0.9999979325E+00    0.9999979325E+00
    2    0.6975000000E+01   -0.1161139353E+00   -0.4644557413E+00   -0.5492539222E+00    0.0000000000E+00    0.0000000000E+00    0.0000000000E+00    0.0000000000E+00    0.0000000000E+00    0.0000000000E+00    0.3027254357E-15    0.3027254357E-15    0.9999984822E+00    0.9999984822E+00
    1    0.7233333333E+01    0.6966836119E+00   -0.4644557413E+00   -0.1602489461E+00    0.0000000000E+00    0.0000000000E+00    0.0000000000E+00    0.0000000000E+00    0.0000000000E+00    0.0000000000E+00    0.8445723794E-14    0.8445723794E-14    0.9999980964E+00    0.9999980964E+00
    2    0.7233333333E+01   -0.1161139353E+00   -0.4644557413E+00    0.5670961069E+00    0.0000000000E+00    0.0000000000E+00    0.0000000000E+00    0.0000000000E+00    0.0000000000E+00    0.0000000000E+00    0.1833792183E-14    0.1833792183E-14    0.9999984181E+00    0.9999984181E+00
    1    0.7491666667E+01    0.6966836119E+00   -0.4644557413E+00   -0.1992405034E+00    0.0000000000E+00    0.0000000000E+00    0.0000000000E+00    0.0000000000E+00    0.0000000000E+00    0.0000000000E+00    0.2451861336E-15    0.2451861336E-15    0.9999981166E+00    0.9999981166E+00
    2    0.7491666667E+01   -0.1161139353E+00   -0.4644557413E+00    0.5338541981E+00    0.0000000000E+00    0.0000000000E+00    0.0000000000E+00    0.0000000000E+00    0.0000000000E+00    0.0000000000E+00    0.1593655865E-14    0.1593655865E-14    0.9999983625E+00    0.9999983625E+00
    1    0.7750000000E+01   -0.1161139353E+00   -0.4644557413E+00    0.5005595996E+00    0.0000000000E+00    0.0000000000E+00    0.0000000000E+00    0.0000000000E+00    0.0000000000E+00    0.0000000000E+00    0.5033443400E-14    0.5033443400E-14    0.9999983030E+00    0.9999983030E+00
    2    0.7750000000E+01    0.6966836119E+00   -0.4644557413E+00   -0.2372244926E+00    0.0000000000E+00    0.0000000000E+00    0.0000000000E+00    0.0000000000E+00    0.0000000000E+00    0.0000000000E+00    0.3766033508E-14    0.3766033508E-14    0.9999980709E+00    0.9999980709E+00
    3    0.7750000000E+01   -0.1161139353E+00    0.3483418059E+00   -0.2835247111E-01    0.0000000000E+00    0.0000000000E+00    0.0000000000E+00    0.0000000000E+00    0.0000000000E+00    0.0000000000E+00    0.4030373314E-10    0.4030373314E-10    0.9999847133E+00    0.9999847133E+00
    1    0.8008333333E+01   -0.1161139353E+00   -0.4644557413E+00    0.4671963579E+00    0.0000000000E+00    0.0000000000E+00    0.0000000000E+00    0.0000000000E+00    0.0000000000E+00    0.0000000000E+00    0.6277339410E-14    0.6277339410E-14    0.9999982426E+00    0.9999982426E+00
    2    0.8008333333E+01    0.6966836119E+00   -0.4644557413E+00   -0.2753070539E+00    0.0000000000E+00    0.0000000000E+00    0.0000000000E+00    0.0000000000E+00    0.0000000000E+00    0.0000000000E+00    0.4344522512E-14    0.4344522512E-14    0.9999979791E+00    0.9999979791E+00
    3    0.8008333333E+01   -0.1161139353E+00    0.3483418059E+00   -0.1367672781E+00    0.0000000000E+00    0.0000000000E+00    0.0000000000E+00    0.0000000000E+00    0.0000000000E+00    0.0000000000E+00    0.1903728343E-12    0.1903728343E-12    0.9999963709E+00    0.9999963709E+00
    1    0.8266666667E+01   -0.1161139353E+00   -0.4644557413E+00    0.4337427094E+00    0.0000000000E+00    0.0000000000E+00    0.0000000000E+00    0.0000000000E+00    0.0000000000E+00    0.0000000000E+00    0.3858910187E-14    0.3858910187E-14    0.9999981802E+00    0.9999981802E+00
    2    0.8266666667E+01    0.6966836119E+00   -0.4644557413E+00   -0.3143036188E+00    0.0000000000E+00    0.0000000000E+00    0.0000000000E+00    0.0000000000E+00    0.0000000000E+00    0.0000000000E+00    0.2037727106E-14    0.2037727106E-14    0.9999978435E+00    0.9999978435E+00
    3    0.8266666667E+01   -0.1161139353E+00    0.3483418059E+00   -0.1967515342E+00    0.0000000000E+00    0.0000000000E+00    0.0000000000E+00    0.0000000000E+00    0.0000000000E+00    0.0000000000E+00    0.4725502236E-15    0.4725502236E-15    0.9999970702E+00    0.9999970702E+00
    1    0.8525000000E+01   -0.1161139353E+00   -0.4644557413E+00    0.4001569913E+00    0.0000000000E+00    0.0000000000E+00    0.0000000000E+00    0.0000000000E+00    0.0000000000E+00    0.0000000000E+00    0.5731427422E-15    0.5731427422E-15    0.9999981146E+00    0.9999981146E+00
    2    0.8525000000E+01    0.6966836119E+00   -0.4644557413E+00   -0.3550143844E+00    0.0000000000E+00    0.0000000000E+00    0.0000000000E+00    0.0000000000E+00    0.0000000000E+00    0.0000000000E+00    0.2447162469E-15    0.2447162470E-15    0.9999976555E+00    0.9999976555E+00
    3    0.8525000000E+01   -0.1161139353E+00    0.3483418059E+00   -0.2476943478E+00    0.0000000000E+00    0.0000000000E+00    0.0000000000E+00    0.0000000000E+00    0.0000000000E+00    0.0000000000E+00    0.1608248762E-13    0.1608248762E-13    0.9999972696E+00    0.9999972696E+00
    1    0.8783333333E+01   -0.1161139353E+00   -0.4644557413E+00    0.3663770942E+00    0.0000000000E+00    0.0000000000E+00    0.0000000000E+00    0.0000000000E+00    0.0000000000E+00    0.0000000000E+00    0.5898156535E-15    0.5898156535E-15    0.9999980442E+00    0.9999980442E+00
    2    0.8783333333E+01    0.6966836119E+00   -0.4644557413E+00   -0.3984279626E+00    0.0000000000E+00    0.0000000000E+00    0.0000000000E+00    0.0000000000E+00    0.0000000000E+00    0.0000000000E+00    0.2684249623E-16    0.2684249624E-16    0.9999973929E+00    0.9999973929E+00
    3    0.8783333333E+01   -0.1161139353E+00    0.3483418059E+00   -0.2953990860E+00    0.0000000000E+00    0.0000000000E+00    0.0000000000E+00    0.0000000000E+00    0.0000000000E+00    0.0000000000E+00    0.1276119843E-13    0.1276119843E-13    0.9999972854E+00    0.9999972854E+00
    1    0.9041666667E+01   -0.1161139353E+00   -0.4644557413E+00    0.3323211027E+00    0.0000000000E+00    0.0000000000E+00    0.0000000000E+00    0.0000000000E+00    0.0000000000E+00    0.0000000000E+00    0.1651729346E-13    0.1651729354E-13    0.9999980882E+00    0.9999980882E+00
    2    0.9041666667E+01   -0.1161139353E+00    0.3483418059E+00   -0.8898726070E-01    0.0000000000E+00    0.0000000000E+00    0.0000000000E+00    0.0000000000E+00    0.0000000000E+00    0.0000000000E+00    0.4273582498E-11    0.4273582503E-11    0.9999924271E+00    0.9999924271E+00
    3    0.9041666667E+01    0.6966836119E+00   -0.4644557413E+00   -0.4460218339E+00    0.0000000000E+00    0.0000000000E+00    0.0000000000E+00    0.0000000000E+00    0.0000000000E+00    0.0000000000E+00    0.7751783393E-16    0.7751800067E-16    0.9999970066E+00    0.9999970066E+00
    4    0.9041666667E+01   -0.1161139353E+00    0.3483418059E+00   -0.3424850819E+00    0.0000000000E+00    0.0000000000E+00    0.0000000000E+00    0.0000000000E+00    0.0000000000E+00    0.0000000000E+00    0.2801894043E-13    0.2801894884E-13    0.9999971904E+00    0.9999971904E+00
    1    0.9300000000E+01   -0.1161139353E+00    0.3483418059E+00   -0.1806598415E+00    0.0000000000E+00    0.0000000000E+00    0.0000000000E+00    0.0000000000E+00    0.0000000000E+00    0.0000000000E+00    0.7411669081E-13    0.7411669081E-13    0.9999954370E+00    0.9999954370E+00
    2    0.9300000000E+01    0.6966836119E+00    0.3483418059E+00    0.3549841881E+00    0.0000000000E+00    0.0000000000E+00    0.0000000000E+00    0.0000000000E+00    0.0000000000E+00    0.0000000000E+00    0.9680613872E-11    0.9680613872E-11    0.9999904613E+00    0.9999904613E+00
    3    0.9300000000E+01   -0.1161139353E+00   -0.4644557413E+00    0.2978878999E+00    0.0000000000E+00    0.0000000000E+00    0.0000000000E+00    0.0000000000E+00    0.0000000000E+00    0.0000000000E+00    0.8519078389E-14    0.8519078389E-14    0.9999978832E+00    0.9999978832E+00
    4    0.9300000000E+01   -0.1161139353E+00    0.3483418059E+00   -0.3908631060E+00    0.0000000000E+00    0.0000000000E+00    0.0000000000E+00    0.0000000000E+00    0.0000000000E+00    0.0000000000E+00    0.6815213924E-13    0.6815213925E-13    0.9999969689E+00    0.9999969689E+00
    5    0.9300000000E+01    0.6966836119E+00   -0.4644557413E+00   -0.5004736568E+00    0.0000000000E+00    0.0000000000E+00    0.0000000000E+00    0.0000000000E+00    0.0000000000E+00    0.0000000000E+00    0.1002141747E-14    0.1002141747E-14    0.9999963711E+00    0.9999963711E+00
    6    0.9300000000E+01    0.6966836119E+00    0.3483418059E+00   -0.5004536315E+00    0.0000000000E+00    0.0000000000E+00    0.0000000000E+00    0.0000000000E+00    0.0000000000E+00    0.0000000000E+00    0.9696856184E-11    0.9696856184E-11    0.9999906181E+00    0.9999906181E+00
    1    0.9558333333E+01   -0.1161139353E+00    0.3483418059E+00   -0.2500173146E+00    0.0000000000E+00    0.0000000000E+00    0.0000000000E+00    0.0000000000E+00    0.0000000000E+00    0.0000000000E+00    0.8935489239E-13    0.8935489239E-13    0.9999958268E+00    0.9999958268E+00
    2    0.9558333333E+01   -0.1161139353E+00    0.3483418059E+00   -0.4427203913E+00    0.0000000000E+00    0.0000000000E+00    0.0000000000E+00    0.0000000000E+00    0.0000000000E+00    0.0000000000E+00    0.4289613093E-13    0.4289613093E-13    0.9999965727E+00    0.9999965727E+00
    3    0.9558333333E+01    0.6966836119E+00   -0.4644557413E+00   -0.5685708566E+00    0.0000000000E+00    0.0000000000E+00    0.0000000000E+00    0.0000000000E+00    0.0000000000E+00    0.0000000000E+00    0.7977933222E-12    0.7977933222E-12    0.9999946293E+00    0.9999946293E+00
    4    0.9558333333E+01    0.6966836119E+00    0.3483418059E+00    0.5436353137E+00    0.0000000000E+00    0.0000000000E+00    0.0000000000E+00    0.0000000000E+00    0.0000000000E+00    0.0000000000E+00    0.2602064575E-13    0.2602064575E-13    0.9999944276E+00    0.9999944276E+00
    5    0.9558333333E+01    0.6966836119E+00    0.3483418059E+00    0.2469665344E+00    0.0000000000E+00    0.0000000000E+00    0.0000000000E+00    0.0000000000E+00    0.0000000000E+00    0.0000000000E+00    0.1764090198E-12    0.1764090198E-12    0.9999942649E+00    0.9999942649E+00
    6    0.9558333333E+01   -0.1161139353E+00   -0.4644557413E+00    0.2629571471E+00    0.0000000000E+00    0.0000000000E+00    0.0000000000E+00    0.0000000000E+00    0.0000000000E+00    0.0000000000E+00    0.7787494202E-14    0.7787494206E-14    0.9999977891E+00    0.9999977891E+00
    1    0.9816666667E+01    0.6966836119E+00    0.3483418059E+00    0.1514706655E+00    0.0000000000E+00    0.0000000000E+00    0.0000000000E+00    0.0000000000E+00    0.0000000000E+00    0.0000000000E+00    0.6458718860E-12    0.6458718860E-12    0.9999930204E+00    0.9999930204E+00
    2    0.9816666667E+01   -0.1161139353E+00   -0.4644557413E+00    0.2273877554E+00    0.0000000000E+00    0.0000000000E+00    0.0000000000E+00    0.0000000000E+00    0.0000000000E+00    0.0000000000E+00    0.2947734748E-14    0.2947734750E-14    0.9999976833E+00    0.9999976833E+00
    3    0.9816666667E+01    0.6966836119E+00   -0.4644557413E+00   -0.2891888150E+00    0.0000000000E+00    0.0000000000E+00    0.0000000000E+00    0.0000000000E+00    0.0000000000E+00    0.0000000000E+00    0.1372049851E-10    0.1372049851E-10    0.9999838082E+00    0.9999838082E+00
    4    0.9816666667E+01   -0.1161139353E+00    0.3483418059E+00   -0.3174220369E+00    0.0000000000E+00    0.0000000000E+00    0.0000000000E+00    0.0000000000E+00    0.0000000000E+00    0.0000000000E+00    0.9059747270E-13    0.9059747270E-13    0.9999954556E+00    0.9999954556E+00
    5    0.9816666667E+01   -0.1161139353E+00    0.3483418059E+00   -0.5020349740E+00    0.0000000000E+00    0.0000000000E+00    0.0000000000E+00    0.0000000000E+00    0.0000000000E+00    0.0000000000E+00    0.7021730561E-13    0.7021730561E-13    0.9999957681E+00    0.9999957681E+00
    6    0.9816666667E+01    0.6966836119E+00   -0.4644557413E+00    0.4698952736E+00    0.0000000000E+00    0.0000000000E+00    0.0000000000E+00    0.0000000000E+00    0.0000000000E+00    0.0000000000E+00    0.1348134186E-10    0.1348134186E-10    0.9999876011E+00    0.9999876011E+00
    7    0.9816666667E+01    0.6966836119E+00    0.3483418059E+00    0.4545410364E+00    0.0000000000E+00    0.0000000000E+00    0.0000000000E+00    0.0000000000E+00    0.0000000000E+00    0.0000000000E+00    0.2974649993E-12    0.2974649993E-12    0.9999940041E+00    0.9999940041E+00
    1    0.1007500000E+02   -0.1161139353E+00   -0.4644557413E+00    0.1910145589E+00    0.0000000000E+00    0.0000000000E+00    0.0000000000E+00    0.0000000000E+00    0.0000000000E+00    0.0000000000E+00    0.8558177879E-18    0.8558178130E-18    0.9999975632E+00    0.9999975632E+00
    2    0.1007500000E+02    0.6966836119E+00    0.3483418059E+00    0.3559058106E+00    0.0000000000E+00    0.0000000000E+00    0.0000000000E+00    0.0000000000E+00    0.0000000000E+00    0.0000000000E+00    0.1796442433E-13    0.1796442433E-13    0.9999933199E+00    0.9999933199E+00
    3    0.1007500000E+02   -0.1161139353E+00    0.3483418059E+00   -0.4005345783E+00    0.0000000000E+00    0.0000000000E+00    0.0000000000E+00    0.0000000000E+00    0.0000000000E+00    0.0000000000E+00    0.4676711565E-11    0.4676711565E-11    0.9999927114E+00    0.9999927114E+00
    4    0.1007500000E+02   -0.1161139353E+00    0.3483418059E+00    0.5664578366E+00    0.0000000000E+00    0.0000000000E+00    0.0000000000E+00    0.0000000000E+00    0.0000000000E+00    0.0000000000E+00    0.4758920879E-11    0.4758920879E-11    0.9999926523E+00    0.9999926523E+00
    1    0.1033333333E+02    0.6966836119E+00    0.3483418059E+00    0.2554045724E+00    0.0000000000E+00    0.0000000000E+00    0.0000000000E+00    0.0000000000E+00    0.0000000000E+00    0.0000000000E+00    0.2234112938E-12    0.2234112940E-12    0.9999930854E+00    0.9999930854E+00
    2    0.1033333333E+02   -0.1161139353E+00   -0.4644557413E+00    0.1536422623E+00    0.0000000000E+00    0.0000000000E+00    0.0000000000E+00    0.0000000000E+00    0.0000000000E+00    0.0000000000E+00    0.3505869553E-14    0.3505875150E-14    0.9999974256E+00    0.9999974256E+00
    1    0.1059166667E+02    0.6966836119E+00    0.3483418059E+00    0.1405315372E+00    0.0000000000E+00    0.0000000000E+00    0.0000000000E+00    0.0000000000E+00    0.0000000000E+00    0.0000000000E+00    0.1599186552E-11    0.1599186552E-11    0.9999900934E+00    0.9999900934E+00
    2    0.1059166667E+02   -0.1161139353E+00   -0.4644557413E+00    0.1150353998E+00    0.0000000000E+00    0.0000000000E+00    0.0000000000E+00    0.0000000000E+00    0.0000000000E+00    0.0000000000E+00    0.9165153119E-14    0.9165153119E-14    0.9999972661E+00    0.9999972661E+00
    1    0.1085000000E+02    0.6966836119E+00    0.3483418059E+00   -0.5211682441E+00    0.0000000000E+00    0.0000000000E+00    0.0000000000E+00    0.0000000000E+00    0.0000000000E+00    0.0000000000E+00    0.2552250538E-10    0.2552250538E-10    0.9999870232E+00    0.9999870232E+00
    2    0.1085000000E+02    0.6966836119E+00    0.3483418059E+00    0.4220209844E+00    0.0000000000E+00    0.0000000000E+00    0.0000000000E+00    0.0000000000E+00    0.0000000000E+00    0.0000000000E+00    0.2570533473E-10    0.2570533473E-10    0.9999863789E+00    0.9999863789E+00
    3    0.1085000000E+02   -0.1161139353E+00   -0.4644557413E+00    0.7490118502E-01    0.0000000000E+00    0.0000000000E+00    0.0000000000E+00    0.0000000000E+00    0.0000000000E+00    0.0000000000E+00    0.6887976479E-14    0.6887976479E-14    0.9999970785E+00    0.9999970785E+00
    1    0.1110833333E+02    0.6966836119E+00   -0.4644557413E+00   -0.1519136347E+00    0.0000000000E+00    0.0000000000E+00    0.0000000000E+00    0.0000000000E+00    0.0000000000E+00    0.0000000000E+00    0.3070509029E-12    0.3070509029E-12    0.9999905121E+00    0.9999905121E+00
    2    0.1110833333E+02    0.6966836119E+00    0.3483418059E+00    0.5290948197E+00    0.0000000000E+00    0.0000000000E+00    0.0000000000E+00    0.0000000000E+00    0.0000000000E+00    0.0000000000E+00    0.2243012577E-12    0.2243012577E-12    0.9999947206E+00    0.9999947206E+00
    3    0.1110833333E+02    0.6966836119E+00    0.3483418059E+00    0.3090732972E+00    0.0000000000E+00    0.0000000000E+00    0.0000000000E+00    0.0000000000E+00    0.0000000000E+00    0.0000000000E+00    0.4005836939E-12    0.4005836939E-12    0.9999933385E+00    0.9999933385E+00
    4    0.1110833333E+02   -0.1161139353E+00   -0.4644557413E+00    0.3284752902E-01    0.0000000000E+00    0.0000000000E+00    0.0000000000E+00    0.0000000000E+00    0.0000000000E+00    0.0000000000E+00    0.5419648319E-15    0.5419648319E-15    0.9999968495E+00    0.9999968495E+00
    1    0.1136666667E+02    0.6966836119E+00   -0.4644557413E+00   -0.2585930780E+00    0.0000000000E+00    0.0000000000E+00    0.0000000000E+00    0.0000000000E+00    0.0000000000E+00    0.0000000000E+00    0.2019599245E-15    0.2019599246E-15    0.9999931066E+00    0.9999931066E+00
    2    0.1136666667E+02    0.6966836119E+00    0.3483418059E+00    0.4643511049E+00    0.0000000000E+00    0.0000000000E+00    0.0000000000E+00    0.0000000000E+00    0.0000000000E+00    0.0000000000E+00    0.1201140769E-12    0.1201140769E-12    0.9999954922E+00    0.9999954922E+00
    3    0.1136666667E+02    0.6966836119E+00    0.3483418059E+00    0.2161897564E+00    0.0000000000E+00    0.0000000000E+00    0.0000000000E+00    0.0000000000E+00    0.0000000000E+00    0.0000000000E+00    0.1927152788E-12    0.1927152788E-12    0.9999926015E+00    0.9999926015E+00
    4    0.1136666667E+02   -0.1161139353E+00   -0.4644557413E+00   -0.1124906699E-01    0.0000000000E+00    0.0000000000E+00    0.0000000000E+00    0.0000000000E+00    0.0000000000E+00    0.0000000000E+00    0.7092061641E-13    0.7092061641E-13    0.9999965188E+00    0.9999965188E+00
    1    0.1162500000E+02    0.6966836119E+00    0.3483418059E+00    0.4067804987E+00    0.0000000000E+00    0.0000000000E+00    0.0000000000E+00    0.0000000000E+00    0.0000000000E+00    0.0000000000E+00    0.6901373463E-13    0.6901373463E-13    0.9999954599E+00    0.9999954599E+00
    2    0.1162500000E+02   -0.1161139353E+00    0.3483418059E+00   -0.4476674887E+00    0.0000000000E+00    0.0000000000E+00    0.0000000000E+00    0.0000000000E+00    0.0000000000E+00    0.0000000000E+00    0.1413448536E-12    0.1413448536E-12    0.9999842924E+00    0.9999842924E+00
    3    0.1162500000E+02    0.6966836119E+00   -0.4644557413E+00   -0.3435587104E+00    0.0000000000E+00    0.0000000000E+00    0.0000000000E+00    0.0000000000E+00    0.0000000000E+00    0.0000000000E+00    0.6791625729E-14    0.6791625729E-14    0.9999939695E+00    0.9999939695E+00
    4    0.1162500000E+02   -0.1161139353E+00   -0.4644557413E+00   -0.5885421620E-01    0.0000000000E+00    0.0000000000E+00    0.0000000000E+00    0.0000000000E+00    0.0000000000E+00    0.0000000000E+00    0.4508093641E-14    0.4508093641E-14    0.9999962397E+00    0.9999962397E+00
    5    0.1162500000E+02    0.6966836119E+00    0.3483418059E+00    0.8408950282E-01   -0.9289114825E+00    0.3483418059E+00    0.8408950282E-01    0.6147820131E+01    0.4243281817E+00   -0.2849910948E+00    0.2559226071E-10    0.2559226071E-10    0.9999835520E+00    0.9999835520E+00
    1    0.1188333333E+02    0.6966836119E+00    0.3483418059E+00    0.3510688045E+00    0.0000000000E+00    0.0000000000E+00    0.0000000000E+00    0.0000000000E+00    0.0000000000E+00    0.0000000000E+00    0.1458690448E-14    0.1458690448E-14    0.9999956492E+00    0.9999956492E+00
    2    0.1188333333E+02   -0.1161139353E+00    0.3483418059E+00   -0.5679503471E+00    0.0000000000E+00    0.0000000000E+00    0.0000000000E+00    0.0000000000E+00    0.0000000000E+00    0.0000000000E+00    0.2617052766E-13    0.2617052766E-13    0.9999929280E+00    0.9999929280E+00
    3    0.1188333333E+02    0.6966836119E+00   -0.4644557413E+00   -0.4186617180E+00    0.0000000000E+00    0.0000000000E+00    0.0000000000E+00    0.0000000000E+00    0.0000000000E+00    0.0000000000E+00    0.6766822147E-14    0.6766822149E-14    0.9999943872E+00    0.9999943872E+00
    4    0.1188333333E+02   -0.1161139353E+00   -0.4644557413E+00   -0.1103135769E+00    0.0000000000E+00    0.0000000000E+00    0.0000000000E+00    0.0000000000E+00    0.0000000000E+00    0.0000000000E+00    0.1798724501E-13    0.1798724501E-13    0.9999957969E+00    0.9999957969E+00
    1    0.1214166667E+02   -0.1161139353E+00   -0.4644557413E+00   -0.1672105689E+00    0.0000000000E+00    0.0000000000E+00    0.0000000000E+00    0.0000000000E+00    0.0000000000E+00    0.0000000000E+00    0.3986086435E-14    0.3986086435E-14    0.9999951971E+00    0.9999951971E+00
    2    0.1214166667E+02    0.6966836119E+00    0.3483418059E+00    0.2944208913E+00    0.0000000000E+00    0.0000000000E+00    0.0000000000E+00    0.0000000000E+00    0.0000000000E+00    0.0000000000E+00    0.1306791304E-13    0.1306791304E-13    0.9999953838E+00    0.9999953838E+00
    3    0.1214166667E+02    0.6966836119E+00   -0.4644557413E+00   -0.4888357140E+00    0.0000000000E+00    0.0000000000E+00    0.0000000000E+00    0.0000000000E+00    0.0000000000E+00    0.0000000000E+00    0.1309137148E-13    0.1309137148E-13    0.9999945004E+00    0.9999945004E+00
    4    0.1214166667E+02   -0.1161139353E+00    0.3483418059E+00    0.4964661682E+00    0.0000000000E+00    0.0000000000E+00    0.0000000000E+00    0.0000000000E+00    0.0000000000E+00    0.0000000000E+00    0.3750138979E-14    0.3750138979E-14    0.9999933679E+00    0.9999933679E+00
    1    0.1240000000E+02   -0.1161139353E+00   -0.4644557413E+00   -0.2316827941E+00    0.0000000000E+00    0.0000000000E+00    0.0000000000E+00    0.0000000000E+00    0.0000000000E+00    0.0000000000E+00    0.1163058312E-13    0.1163058312E-13    0.9999943726E+00    0.9999943726E+00
    2    0.1240000000E+02    0.6966836119E+00   -0.4644557413E+00   -0.5579003395E+00    0.0000000000E+00    0.0000000000E+00    0.0000000000E+00    0.0000000000E+00    0.0000000000E+00    0.0000000000E+00    0.5651140521E-13    0.5651140521E-13    0.9999943067E+00    0.9999943067E+00
    3    0.1240000000E+02    0.6966836119E+00    0.3483418059E+00    0.2342903239E+00    0.0000000000E+00    0.0000000000E+00    0.0000000000E+00    0.0000000000E+00    0.0000000000E+00    0.0000000000E+00    0.1489032706E-13    0.1489032706E-13    0.9999948786E+00    0.9999948786E+00
    4    0.1240000000E+02   -0.1161139353E+00    0.3483418059E+00    0.4101439182E+00    0.0000000000E+00    0.0000000000E+00    0.0000000000E+00    0.0000000000E+00    0.0000000000E+00    0.0000000000E+00    0.5938368230E-14    0.5938368230E-14    0.9999925301E+00    0.9999925301E+00
    1    0.1265833333E+02   -0.1161139353E+00   -0.4644557413E+00   -0.3062818025E+00    0.0000000000E+00    0.0000000000E+00    0.0000000000E+00    0.0000000000E+00    0.0000000000E+00    0.0000000000E+00    0.2537109664E-13    0.2537109664E-13    0.9999933352E+00    0.9999933352E+00
    2    0.1265833333E+02    0.6966836119E+00   -0.4644557413E+00    0.5202679032E+00    0.0000000000E+00    0.0000000000E+00    0.0000000000E+00    0.0000000000E+00    0.0000000000E+00    0.0000000000E+00    0.3283180178E-14    0.3283180178E-14    0.9999938472E+00    0.9999938472E+00
    3    0.1265833333E+02    0.6966836119E+00    0.3483418059E+00    0.1668111450E+00    0.0000000000E+00    0.0000000000E+00    0.0000000000E+00    0.0000000000E+00    0.0000000000E+00    0.0000000000E+00    0.2485172261E-13    0.2485172261E-13    0.9999938952E+00    0.9999938952E+00
    4    0.1265833333E+02   -0.1161139353E+00    0.3483418059E+00    0.3053589524E+00    0.0000000000E+00    0.0000000000E+00    0.0000000000E+00    0.0000000000E+00    0.0000000000E+00    0.0000000000E+00    0.2564267298E-12    0.2564267298E-12    0.9999895842E+00    0.9999895842E+00
    1    0.1291666667E+02    0.6966836119E+00   -0.4644557413E+00    0.4416422303E+00    0.0000000000E+00    0.0000000000E+00    0.0000000000E+00    0.0000000000E+00    0.0000000000E+00    0.0000000000E+00    0.3988273172E-15    0.3988273219E-15    0.9999928239E+00    0.9999928239E+00
    2    0.1291666667E+02   -0.1161139353E+00   -0.4644557413E+00   -0.3912754376E+00    0.0000000000E+00    0.0000000000E+00    0.0000000000E+00    0.0000000000E+00    0.0000000000E+00    0.0000000000E+00    0.1867844761E-15    0.1867844761E-15    0.9999924884E+00    0.9999924884E+00
    3    0.1291666667E+02    0.6966836119E+00    0.3483418059E+00    0.7965641539E-01    0.0000000000E+00    0.0000000000E+00    0.0000000000E+00    0.0000000000E+00    0.0000000000E+00    0.0000000000E+00    0.4343492582E-11    0.4343492582E-11    0.9999903896E+00    0.9999903896E+00
    1    0.1317500000E+02    0.6966836119E+00   -0.4644557413E+00    0.3457302228E+00    0.0000000000E+00    0.0000000000E+00    0.0000000000E+00    0.0000000000E+00    0.0000000000E+00    0.0000000000E+00    0.1622901176E-13    0.1622901176E-13    0.9999902868E+00    0.9999902868E+00
    2    0.1317500000E+02   -0.1161139353E+00   -0.4644557413E+00   -0.4803568662E+00   -0.1161139353E+00   -0.4644557413E+00   -0.4803568662E+00    0.1545852340E+01    0.3132935621E+01    0.3428595113E+01    0.1377679389E-14    0.1377679389E-14    0.9999923791E+00    0.9999923791E+00
    1    0.1343333333E+02   -0.1161139353E+00   -0.4644557413E+00   -0.5663303379E+00    0.0000000000E+00    0.0000000000E+00    0.0000000000E+00    0.0000000000E+00    0.0000000000E+00    0.0000000000E+00    0.1145836372E-11    0.1145836372E-11    0.9999921268E+00    0.9999921268E+00
    2    0.1343333333E+02    0.6966836119E+00    0.3483418059E+00   -0.4976246844E+00    0.0000000000E+00    0.0000000000E+00    0.0000000000E+00    0.0000000000E+00    0.0000000000E+00    0.0000000000E+00    0.4563348222E-11    0.4563348222E-11    0.9999644523E+00    0.9999644523E+00
    3    0.1343333333E+02    0.6966836119E+00   -0.4644557413E+00    0.1712971638E+00    0.6966836119E+00   -0.4644557413E+00    0.1712971638E+00   -0.5709763275E+00    0.9670098109E+00    0.5274702365E+00    0.2177247408E-11    0.2177247408E-11    0.9999671805E+00    0.9999671805E+00
    4    0.1343333333E+02   -0.1161139353E+00   -0.4644557413E+00   -0.2585203527E+00    0.0000000000E+00    0.0000000000E+00    0.0000000000E+00    0.0000000000E+00    0.0000000000E+00    0.0000000000E+00    0.5399792195E-11    0.5399792195E-11    0.9999738028E+00    0.9999738028E+00
    5    0.1343333333E+02    0.6966836119E+00    0.3483418059E+00   -0.2301603378E+00    0.0000000000E+00    0.0000000000E+00    0.0000000000E+00    0.0000000000E+00    0.0000000000E+00    0.0000000000E+00    0.1257323385E-11    0.1257323385E-11    0.9999719333E+00    0.9999719333E+00
    6    0.1343333333E+02    0.6966836119E+00   -0.4644557413E+00   -0.5150681164E-01    0.6966836119E+00   -0.4644557413E+00   -0.5150681164E-01    0.5402238756E-01    0.1483176198E+01    0.3975719538E+00    0.5136226642E-09    0.5136226642E-09    0.9999413950E+00    0.9999413950E+00
    1    0.1369166667E+02   -0.1161139353E+00   -0.4644557413E+00    0.5023218635E+00    0.0000000000E+00    0.0000000000E+00    0.0000000000E+00    0.0000000000E+00    0.0000000000E+00    0.0000000000E+00    0.1161613617E-12    0.1161613617E-12    0.9999924893E+00    0.9999924893E+00
    2    0.1369166667E+02   -0.1161139353E+00   -0.4644557413E+00   -0.4613480185E+00    0.0000000000E+00    0.0000000000E+00    0.0000000000E+00    0.0000000000E+00    0.0000000000E+00    0.0000000000E+00    0.7292283486E-12    0.7292283486E-12    0.9999859984E+00    0.9999859984E+00
    3    0.1369166667E+02    0.6966836119E+00    0.3483418059E+00   -0.3689475971E+00    0.0000000000E+00    0.0000000000E+00    0.0000000000E+00    0.0000000000E+00    0.0000000000E+00    0.0000000000E+00    0.6187464243E-11    0.6187464243E-11    0.9999449920E+00    0.9999449920E+00
    4    0.1369166667E+02    0.6966836119E+00    0.3483418059E+00   -0.2123459790E+00    0.0000000000E+00    0.0000000000E+00    0.0000000000E+00    0.0000000000E+00    0.0000000000E+00    0.0000000000E+00    0.6076210929E-11    0.6076210929E-11    0.9999765399E+00    0.9999765399E+00
    5    0.1369166667E+02    0.6966836119E+00   -0.4644557413E+00   -0.2921172219E+00    0.0000000000E+00    0.0000000000E+00    0.0000000000E+00    0.0000000000E+00    0.0000000000E+00    0.0000000000E+00    0.2246559569E-11    0.2246559569E-11    0.9999844086E+00    0.9999844086E+00
    6    0.1369166667E+02   -0.1161139353E+00   -0.4644557413E+00   -0.2813974860E+00    0.0000000000E+00    0.0000000000E+00    0.0000000000E+00    0.0000000000E+00    0.0000000000E+00    0.0000000000E+00    0.1487060732E-11    0.1487060732E-11    0.9999823105E+00    0.9999823105E+00
    7    0.1369166667E+02   -0.1161139353E+00    0.3483418059E+00   -0.2556251132E+00    0.0000000000E+00    0.0000000000E+00    0.0000000000E+00    0.0000000000E+00    0.0000000000E+00    0.0000000000E+00    0.1385764520E-11    0.1385764520E-11    0.9999750290E+00    0.9999750290E+00
    1    0.1395000000E+02   -0.1161139353E+00    0.3483418059E+00   -0.5122164250E-01    0.0000000000E+00    0.0000000000E+00    0.0000000000E+00    0.0000000000E+00    0.0000000000E+00    0.0000000000E+00    0.4581064380E-10    0.4581064380E-10    0.9999663183E+00    0.9999663183E+00
    2    0.1395000000E+02   -0.1161139353E+00    0.3483418059E+00   -0.2014372222E+00    0.0000000000E+00    0.0000000000E+00    0.0000000000E+00    0.0000000000E+00    0.0000000000E+00    0.0000000000E+00    0.1076007294E-10    0.1076007294E-10    0.9999599966E+00    0.9999599966E+00
    3    0.1395000000E+02   -0.1161139353E+00   -0.4644557413E+00    0.4224097275E+00    0.0000000000E+00    0.0000000000E+00    0.0000000000E+00    0.0000000000E+00    0.0000000000E+00    0.0000000000E+00    0.8590193725E-12    0.8590193725E-12    0.9999923957E+00    0.9999923957E+00
    4    0.1395000000E+02   -0.1161139353E+00   -0.4644557413E+00    0.5467317946E+00    0.0000000000E+00    0.0000000000E+00    0.0000000000E+00    0.0000000000E+00    0.0000000000E+00    0.0000000000E+00    0.5258992502E-12    0.5258992502E-12    0.9999877287E+00    0.9999877287E+00
    5    0.1395000000E+02   -0.1161139353E+00    0.3483418059E+00   -0.5308431109E+00    0.0000000000E+00    0.0000000000E+00    0.0000000000E+00    0.0000000000E+00    0.0000000000E+00    0.0000000000E+00    0.2320116873E-10    0.2320116873E-10    0.9999682136E+00    0.9999682136E+00
    6    0.1395000000E+02   -0.1161139353E+00    0.3483418059E+00   -0.3862944575E+00    0.0000000000E+00    0.0000000000E+00    0.0000000000E+00    0.0000000000E+00    0.0000000000E+00    0.0000000000E+00    0.1851445249E-10    0.1851445249E-10    0.9999708480E+00    0.9999708480E+00
    7    0.1395000000E+02    0.6966836119E+00   -0.4644557413E+00   -0.4716398516E+00    0.0000000000E+00    0.0000000000E+00    0.0000000000E+00    0.0000000000E+00    0.0000000000E+00    0.0000000000E+00    0.1578010096E-11    0.1578010096E-11    0.9999815119E+00    0.9999815119E+00
    8    0.1395000000E+02   -0.1161139353E+00   -0.4644557413E+00   -0.4412322379E+00    0.0000000000E+00    0.0000000000E+00    0.0000000000E+00    0.0000000000E+00    0.0000000000E+00    0.0000000000E+00    0.1258385887E-11    0.1258385887E-11    0.9999868012E+00    0.9999868012E+00
    1    0.1420833333E+02    0.6966836119E+00   -0.4644557413E+00   -0.9905267479E-01    0.0000000000E+00    0.0000000000E+00    0.0000000000E+00    0.0000000000E+00    0.0000000000E+00    0.0000000000E+00    0.3347303633E-09    0.3347303633E-09    0.9998981368E+00    0.9998981368E+00
    2    0.1420833333E+02   -0.1161139353E+00   -0.4644557413E+00    0.5669293933E+00    0.0000000000E+00    0.0000000000E+00    0.0000000000E+00    0.0000000000E+00    0.0000000000E+00    0.0000000000E+00    0.2563269100E-11    0.2563269100E-11    0.9999858746E+00    0.9999858746E+00
    3    0.1420833333E+02   -0.1161139353E+00   -0.4644557413E+00    0.4125273113E+00    0.0000000000E+00    0.0000000000E+00    0.0000000000E+00    0.0000000000E+00    0.0000000000E+00    0.0000000000E+00    0.2103900728E-12    0.2103900728E-12    0.9999870409E+00    0.9999870409E+00
    4    0.1420833333E+02   -0.1161139353E+00   -0.4644557413E+00    0.3372833534E+00   -0.1161139353E+00   -0.4644557413E+00    0.3372833534E+00    0.7788512018E+00    0.7227334732E+00   -0.2010767364E+00    0.2255600930E-12    0.2255600930E-12    0.9999915170E+00    0.9999915170E+00
    5    0.1420833333E+02    0.6966836119E+00   -0.4644557413E+00    0.3512434850E+00    0.0000000000E+00    0.0000000000E+00    0.0000000000E+00    0.0000000000E+00    0.0000000000E+00    0.0000000000E+00    0.2682830202E-09    0.2682830202E-09    0.9999180499E+00    0.9999180499E+00
    1    0.1446666667E+02   -0.1161139353E+00   -0.4644557413E+00    0.4043871572E+00    0.0000000000E+00    0.0000000000E+00    0.0000000000E+00    0.0000000000E+00    0.0000000000E+00    0.0000000000E+00    0.5232203166E-12    0.5232203166E-12    0.9999824283E+00    0.9999824283E+00
    2    0.1446666667E+02   -0.1161139353E+00   -0.4644557413E+00    0.2631891268E+00    0.0000000000E+00    0.0000000000E+00    0.0000000000E+00    0.0000000000E+00    0.0000000000E+00    0.0000000000E+00    0.1865277385E-11    0.1865277385E-11    0.9999867153E+00    0.9999867153E+00
    3    0.1446666667E+02   -0.1161139353E+00   -0.4644557413E+00    0.2251149766E+00    0.0000000000E+00    0.0000000000E+00    0.0000000000E+00    0.0000000000E+00    0.0000000000E+00    0.0000000000E+00    0.1488664740E-11    0.1488664740E-11    0.9999832427E+00    0.9999832427E+00
    1    0.1472500000E+02   -0.1161139353E+00   -0.4644557413E+00    0.1505710628E+00    0.0000000000E+00    0.0000000000E+00    0.0000000000E+00    0.0000000000E+00    0.0000000000E+00    0.0000000000E+00    0.7869128971E-10    0.7869128971E-10    0.9999556681E+00    0.9999556681E+00
    2    0.1472500000E+02   -0.1161139353E+00   -0.4644557413E+00    0.8832537648E-01    0.0000000000E+00    0.0000000000E+00    0.0000000000E+00    0.0000000000E+00    0.0000000000E+00    0.0000000000E+00    0.5714681787E-10    0.5714681787E-10    0.9999702685E+00    0.9999702685E+00
