    1    0.1550000000E+01   -0.4644557413E+00    0.1161139353E+00   -0.7228068099E-01    0.0000000000E+00    0.0000000000E+00    0.0000000000E+00    0.0000000000E+00    0.0000000000E+00    0.0000000000E+00    0.1043185814E-12    0.1043185814E-12    0.9999990305E+00    0.9999990305E+00
    1    0.1808333333E+01   -0.4644557413E+00    0.1161139353E+00    0.1113457446E+00    0.0000000000E+00    0.0000000000E+00    0.0000000000E+00    0.0000000000E+00    0.0000000000E+00    0.0000000000E+00    0.8813199904E-12    0.8813199904E-12    0.9999975246E+00    0.9999975246E+00
    2    0.1808333333E+01   -0.4644557413E+00    0.1161139353E+00   -0.2006512950E+00    0.0000000000E+00    0.0000000000E+00    0.0000000000E+00    0.0000000000E+00    0.0000000000E+00    0.0000000000E+00    0.8261283059E-12    0.8261283059E-12    0.9999978531E+00    0.9999978531E+00
    3    0.1808333333E+01   -0.4644557413E+00    0.1161139353E+00   -0.1394387511E+00    0.0000000000E+00    0.0000000000E+00    0.0000000000E+00    0.0000000000E+00    0.0000000000E+00    0.0000000000E+00    0.2771347120E-13    0.2771347120E-13    0.9999992966E+00    0.9999992966E+00
    1    0.2066666667E+01   -0.4644557413E+00    0.1161139353E+00   -0.2885979022E+00    0.0000000000E+00    0.0000000000E+00    0.0000000000E+00    0.0000000000E+00    0.0000000000E+00    0.0000000000E+00    0.5965613990E-15    0.5965613990E-15    0.9999991224E+00    0.9999991224E+00
    2    0.2066666667E+01   -0.4644557413E+00    0.1161139353E+00   -0.1906457200E+00    0.0000000000E+00    0.0000000000E+00    0.0000000000E+00    0.0000000000E+00    0.0000000000E+00    0.0000000000E+00    0.2949943756E-15    0.2949943756E-15    0.9999993564E+00    0.9999993564E+00
    1    0.2325000000E+01   -0.4644557413E+00    0.1161139353E+00   -0.3441762071E+00    0.0000000000E+00    0.0000000000E+00    0.0000000000E+00    0.0000000000E+00    0.0000000000E+00    0.0000000000E+00    0.7023042886E-15    0.7023042886E-15    0.9999992005E+00    0.9999992005E+00
    2    0.2325000000E+01   -0.4644557413E+00    0.1161139353E+00   -0.2359017925E+00    0.0000000000E+00    0.0000000000E+00    0.0000000000E+00    0.0000000000E+00    0.0000000000E+00    0.0000000000E+00    0.2307597811E-14    0.2307597811E-14    0.9999993272E+00    0.9999993272E+00
    1    0.2583333333E+01   -0.4644557413E+00    0.1161139353E+00   -0.3931438959E+00    0.0000000000E+00    0.0000000000E+00    0.0000000000E+00    0.0000000000E+00    0.0000000000E+00    0.0000000000E+00    0.2779246722E-15    0.2779246722E-15    0.9999991702E+00    0.9999991702E+00
    2    0.2583333333E+01   -0.4644557413E+00    0.1161139353E+00   -0.2787146341E+00    0.0000000000E+00    0.0000000000E+00    0.0000000000E+00    0.0000000000E+00    0.0000000000E+00    0.0000000000E+00    0.3281443566E-14    0.3281443566E-14    0.9999992872E+00    0.9999992872E+00
    1    0.2841666667E+01   -0.4644557413E+00    0.1161139353E+00   -0.4402790376E+00    0.0000000000E+00    0.0000000000E+00    0.0000000000E+00    0.0000000000E+00    0.0000000000E+00    0.0000000000E+00    0.6391647477E-15    0.6391647477E-15    0.9999991239E+00    0.9999991239E+00
    2    0.2841666667E+01   -0.4644557413E+00    0.1161139353E+00   -0.3205304149E+00    0.0000000000E+00    0.0000000000E+00    0.0000000000E+00    0.0000000000E+00    0.0000000000E+00    0.0000000000E+00    0.1978379216E-14    0.1978379216E-14    0.9999992016E+00    0.9999992016E+00
    1    0.3100000000E+01   -0.4644557413E+00   -0.6966836119E+00    0.1717146758E+00    0.0000000000E+00    0.0000000000E+00    0.0000000000E+00    0.0000000000E+00    0.0000000000E+00    0.0000000000E+00    0.1157356485E-11    0.1157356485E-11    0.9999925490E+00    0.9999925490E+00
    2    0.3100000000E+01   -0.4644557413E+00    0.1161139353E+00   -0.4880097633E+00    0.0000000000E+00    0.0000000000E+00    0.0000000000E+00    0.0000000000E+00    0.0000000000E+00    0.0000000000E+00    0.2056252228E-14    0.2056252228E-14    0.9999990144E+00    0.9999990144E+00
    3    0.3100000000E+01   -0.4644557413E+00   -0.6966836119E+00   -0.3771886422E+00    0.0000000000E+00    0.0000000000E+00    0.0000000000E+00    0.0000000000E+00    0.0000000000E+00    0.0000000000E+00    0.1131357992E-11    0.1131357992E-11    0.9999958690E+00    0.9999958690E+00
    4    0.3100000000E+01   -0.4644557413E+00    0.1161139353E+00   -0.3622858073E+00    0.0000000000E+00    0.0000000000E+00    0.0000000000E+00    0.0000000000E+00    0.0000000000E+00    0.0000000000E+00    0.4098185948E-15    0.4098185949E-15    0.9999991220E+00    0.9999991220E+00
    1    0.3358333333E+01   -0.4644557413E+00    0.1161139353E+00   -0.5307808898E-01    0.0000000000E+00    0.0000000000E+00    0.0000000000E+00    0.0000000000E+00    0.0000000000E+00    0.0000000000E+00    0.2397423960E-12    0.2397423960E-12    0.9999984997E+00    0.9999984997E+00
    2    0.3358333333E+01   -0.4644557413E+00   -0.6966836119E+00    0.3711381371E+00    0.0000000000E+00    0.0000000000E+00    0.0000000000E+00    0.0000000000E+00    0.0000000000E+00    0.0000000000E+00    0.2808394705E-11    0.2808394705E-11    0.9999951163E+00    0.9999951163E+00
    3    0.3358333333E+01   -0.4644557413E+00    0.1161139353E+00   -0.4047771377E+00    0.0000000000E+00    0.0000000000E+00    0.0000000000E+00    0.0000000000E+00    0.0000000000E+00    0.0000000000E+00    0.2277765925E-14    0.2277765925E-14    0.9999990613E+00    0.9999990613E+00
    4    0.3358333333E+01   -0.4644557413E+00   -0.6966836119E+00   -0.4437741417E+00    0.0000000000E+00    0.0000000000E+00    0.0000000000E+00    0.0000000000E+00    0.0000000000E+00    0.0000000000E+00    0.2699037900E-11    0.2699037900E-11    0.9999952475E+00    0.9999952475E+00
    5    0.3358333333E+01   -0.4644557413E+00   -0.6966836119E+00    0.5610616899E+00    0.0000000000E+00    0.0000000000E+00    0.0000000000E+00    0.0000000000E+00    0.0000000000E+00    0.0000000000E+00    0.4845837663E-12    0.4845837663E-12    0.9999974652E+00    0.9999974652E+00
    6    0.3358333333E+01   -0.4644557413E+00    0.1161139353E+00   -0.5385773204E+00    0.0000000000E+00    0.0000000000E+00    0.0000000000E+00    0.0000000000E+00    0.0000000000E+00    0.0000000000E+00    0.4714131580E-13    0.4714131580E-13    0.9999987346E+00    0.9999987346E+00
    1    0.3616666667E+01   -0.4644557413E+00    0.1161139353E+00   -0.1060605828E+00    0.0000000000E+00    0.0000000000E+00    0.0000000000E+00    0.0000000000E+00    0.0000000000E+00    0.0000000000E+00    0.3002703501E-13    0.3002703537E-13    0.9999989307E+00    0.9999989307E+00
    2    0.3616666667E+01    0.3483418059E+00    0.1161139353E+00    0.2303996881E+00    0.0000000000E+00    0.0000000000E+00    0.0000000000E+00    0.0000000000E+00    0.0000000000E+00    0.0000000000E+00    0.3583222964E-12    0.3583222973E-12    0.9999968959E+00    0.9999968959E+00
    3    0.3616666667E+01   -0.4644557413E+00   -0.6966836119E+00    0.2607972821E+00    0.0000000000E+00    0.0000000000E+00    0.0000000000E+00    0.0000000000E+00    0.0000000000E+00    0.0000000000E+00    0.1320101762E-13    0.1320101783E-13    0.9999981877E+00    0.9999981877E+00
    4    0.3616666667E+01   -0.4644557413E+00   -0.6966836119E+00    0.4434588201E+00    0.0000000000E+00    0.0000000000E+00    0.0000000000E+00    0.0000000000E+00    0.0000000000E+00    0.0000000000E+00    0.1618950362E-13    0.1618950379E-13    0.9999977014E+00    0.9999977014E+00
    5    0.3616666667E+01   -0.4644557413E+00    0.1161139353E+00   -0.4488645005E+00    0.0000000000E+00    0.0000000000E+00    0.0000000000E+00    0.0000000000E+00    0.0000000000E+00    0.0000000000E+00    0.4544721207E-14    0.4544721293E-14    0.9999988493E+00    0.9999988493E+00
    6    0.3616666667E+01    0.3483418059E+00    0.1161139353E+00   -0.4994638986E+00    0.0000000000E+00    0.0000000000E+00    0.0000000000E+00    0.0000000000E+00    0.0000000000E+00    0.0000000000E+00    0.1314227432E-10    0.1314227432E-10    0.9999849746E+00    0.9999849746E+00
    7    0.3616666667E+01   -0.4644557413E+00   -0.6966836119E+00   -0.5252555854E+00    0.0000000000E+00    0.0000000000E+00    0.0000000000E+00    0.0000000000E+00    0.0000000000E+00    0.0000000000E+00    0.1385392279E-13    0.1385393105E-13    0.9999984391E+00    0.9999984391E+00
    8    0.3616666667E+01   -0.4644557413E+00    0.1161139353E+00    0.5574001440E+00    0.0000000000E+00    0.0000000000E+00    0.0000000000E+00    0.0000000000E+00    0.0000000000E+00    0.0000000000E+00    0.5565187455E-13    0.5565187459E-13    0.9999985649E+00    0.9999985649E+00
    1    0.3875000000E+01   -0.4644557413E+00    0.1161139353E+00   -0.1468818117E+00    0.0000000000E+00    0.0000000000E+00    0.0000000000E+00    0.0000000000E+00    0.0000000000E+00    0.0000000000E+00    0.2126044255E-14    0.2126044257E-14    0.9999990186E+00    0.9999990186E+00
    2    0.3875000000E+01    0.3483418059E+00    0.1161139353E+00    0.1292993438E+00    0.0000000000E+00    0.0000000000E+00    0.0000000000E+00    0.0000000000E+00    0.0000000000E+00    0.0000000000E+00    0.6898287463E-13    0.6898287465E-13    0.9999975558E+00    0.9999975558E+00
    3    0.3875000000E+01   -0.4644557413E+00   -0.6966836119E+00    0.1947841734E+00    0.0000000000E+00    0.0000000000E+00    0.0000000000E+00    0.0000000000E+00    0.0000000000E+00    0.0000000000E+00    0.1216583572E-13    0.1216583572E-13    0.9999984776E+00    0.9999984776E+00
    4    0.3875000000E+01   -0.4644557413E+00   -0.6966836119E+00    0.5701052554E+00    0.0000000000E+00    0.0000000000E+00    0.0000000000E+00    0.0000000000E+00    0.0000000000E+00    0.0000000000E+00    0.1739173377E-12    0.1739173377E-12    0.9999983416E+00    0.9999983416E+00
    5    0.3875000000E+01    0.3483418059E+00    0.1161139353E+00    0.3583347896E+00    0.0000000000E+00    0.0000000000E+00    0.0000000000E+00    0.0000000000E+00    0.0000000000E+00    0.0000000000E+00    0.5574084666E-14    0.5574084735E-14    0.9999975808E+00    0.9999975808E+00
    6    0.3875000000E+01   -0.4644557413E+00   -0.6966836119E+00    0.3491239842E+00    0.0000000000E+00    0.0000000000E+00    0.0000000000E+00    0.0000000000E+00    0.0000000000E+00    0.0000000000E+00    0.1392783787E-13    0.1392783788E-13    0.9999976708E+00    0.9999976708E+00
    1    0.4133333333E+01   -0.4644557413E+00    0.1161139353E+00   -0.1838116922E+00    0.0000000000E+00    0.0000000000E+00    0.0000000000E+00    0.0000000000E+00    0.0000000000E+00    0.0000000000E+00    0.1224175736E-14    0.1228951903E-14    0.9999989974E+00    0.9999989974E+00
    2    0.4133333333E+01   -0.4644557413E+00   -0.6966836119E+00    0.1377994479E+00    0.0000000000E+00    0.0000000000E+00    0.0000000000E+00    0.0000000000E+00    0.0000000000E+00    0.0000000000E+00    0.2336755185E-13    0.2341182918E-13    0.9999984654E+00    0.9999984654E+00
    3    0.4133333333E+01    0.3483418059E+00    0.1161139353E+00    0.2758051378E+00    0.0000000000E+00    0.0000000000E+00    0.0000000000E+00    0.0000000000E+00    0.0000000000E+00    0.0000000000E+00    0.1172462760E-13    0.1172462813E-13    0.9999979951E+00    0.9999979951E+00
    4    0.4133333333E+01   -0.4644557413E+00   -0.6966836119E+00    0.2537245426E+00    0.0000000000E+00    0.0000000000E+00    0.0000000000E+00    0.0000000000E+00    0.0000000000E+00    0.0000000000E+00    0.3352882531E-13    0.3354562292E-13    0.9999972636E+00    0.9999972636E+00
    5    0.4133333333E+01   -0.4644557413E+00    0.1161139353E+00    0.4061089958E+00    0.0000000000E+00    0.0000000000E+00    0.0000000000E+00    0.0000000000E+00    0.0000000000E+00    0.0000000000E+00    0.1024325795E-14    0.1326155984E-14    0.9999972069E+00    0.9999972069E+00
    6    0.4133333333E+01   -0.4644557413E+00    0.1161139353E+00   -0.5465311519E+00    0.0000000000E+00    0.0000000000E+00    0.0000000000E+00    0.0000000000E+00    0.0000000000E+00    0.0000000000E+00    0.2071195677E-14    0.2094794354E-14    0.9999985287E+00    0.9999985287E+00
    7    0.4133333333E+01   -0.4644557413E+00   -0.6966836119E+00    0.5200115420E+00    0.0000000000E+00    0.0000000000E+00    0.0000000000E+00    0.0000000000E+00    0.0000000000E+00    0.0000000000E+00    0.6217440256E-14    0.6243918219E-14    0.9999986593E+00    0.9999986593E+00
    1    0.4391666667E+01    0.3483418059E+00    0.1161139353E+00    0.5431769795E+00    0.0000000000E+00    0.0000000000E+00    0.0000000000E+00    0.0000000000E+00    0.0000000000E+00    0.0000000000E+00    0.1220329161E-12    0.1220329161E-12    0.9999977170E+00    0.9999977170E+00
    2    0.4391666667E+01   -0.4644557413E+00    0.1161139353E+00    0.5447817110E+00    0.0000000000E+00    0.0000000000E+00    0.0000000000E+00    0.0000000000E+00    0.0000000000E+00    0.0000000000E+00    0.1272987780E-13    0.1272987780E-13    0.9999980845E+00    0.9999980845E+00
    3    0.4391666667E+01   -0.4644557413E+00   -0.6966836119E+00    0.4736467914E+00    0.0000000000E+00    0.0000000000E+00    0.0000000000E+00    0.0000000000E+00    0.0000000000E+00    0.0000000000E+00    0.5530446469E-13    0.5530446469E-13    0.9999985977E+00    0.9999985977E+00
    4    0.4391666667E+01    0.3483418059E+00    0.1161139353E+00    0.3960177278E+00    0.0000000000E+00    0.0000000000E+00    0.0000000000E+00    0.0000000000E+00    0.0000000000E+00    0.0000000000E+00    0.2172332945E-12    0.2172332945E-12    0.9999972537E+00    0.9999972537E+00
    5    0.4391666667E+01   -0.4644557413E+00    0.1161139353E+00   -0.2189265301E+00    0.0000000000E+00    0.0000000000E+00    0.0000000000E+00    0.0000000000E+00    0.0000000000E+00    0.0000000000E+00    0.3170363169E-13    0.3170363169E-13    0.9999989163E+00    0.9999989163E+00
    6    0.4391666667E+01    0.3483418059E+00   -0.6966836119E+00   -0.1975310465E+00    0.0000000000E+00    0.0000000000E+00    0.0000000000E+00    0.0000000000E+00    0.0000000000E+00    0.0000000000E+00    0.7782972277E-12    0.7782972277E-12    0.9999957960E+00    0.9999957960E+00
    7    0.4391666667E+01    0.3483418059E+00   -0.6966836119E+00   -0.2022020322E-01    0.0000000000E+00    0.0000000000E+00    0.0000000000E+00    0.0000000000E+00    0.0000000000E+00    0.0000000000E+00    0.1060821747E-11    0.1060821747E-11    0.9999962415E+00    0.9999962415E+00
    8    0.4391666667E+01   -0.4644557413E+00   -0.6966836119E+00    0.7713614854E-01    0.0000000000E+00    0.0000000000E+00    0.0000000000E+00    0.0000000000E+00    0.0000000000E+00    0.0000000000E+00    0.2863744287E-12    0.2863744287E-12    0.9999979695E+00    0.9999979695E+00
    9    0.4391666667E+01   -0.4644557413E+00   -0.6966836119E+00    0.1299509879E+00    0.0000000000E+00    0.0000000000E+00    0.0000000000E+00    0.0000000000E+00    0.0000000000E+00    0.0000000000E+00    0.5930279849E-12    0.5930279850E-12    0.9999952048E+00    0.9999952048E+00
   10    0.4391666667E+01    0.3483418059E+00    0.1161139353E+00    0.2035827661E+00    0.0000000000E+00    0.0000000000E+00    0.0000000000E+00    0.0000000000E+00    0.0000000000E+00    0.0000000000E+00    0.9482061241E-13    0.9482061241E-13    0.9999979045E+00    0.9999979045E+00
   11    0.4391666667E+01   -0.4644557413E+00    0.1161139353E+00    0.2574197587E+00    0.0000000000E+00    0.0000000000E+00    0.0000000000E+00    0.0000000000E+00    0.0000000000E+00    0.0000000000E+00    0.2206043675E-12    0.2206043675E-12    0.9999934756E+00    0.9999934756E+00
    1    0.4650000000E+01    0.3483418059E+00   -0.6966836119E+00   -0.4030749108E+00    0.0000000000E+00    0.0000000000E+00    0.0000000000E+00    0.0000000000E+00    0.0000000000E+00    0.0000000000E+00    0.6481497386E-13    0.6481497386E-13    0.9999970178E+00    0.9999970178E+00
    2    0.4650000000E+01    0.3483418059E+00   -0.6966836119E+00   -0.2902669525E+00    0.0000000000E+00    0.0000000000E+00    0.0000000000E+00    0.0000000000E+00    0.0000000000E+00    0.0000000000E+00    0.2788870295E-13    0.2788870295E-13    0.9999975735E+00    0.9999975735E+00
    3    0.4650000000E+01   -0.4644557413E+00    0.1161139353E+00   -0.2528712864E+00    0.0000000000E+00    0.0000000000E+00    0.0000000000E+00    0.0000000000E+00    0.0000000000E+00    0.0000000000E+00    0.1446672486E-13    0.1446672486E-13    0.9999988799E+00    0.9999988799E+00
    4    0.4650000000E+01    0.3483418059E+00    0.1161139353E+00    0.3077439920E+00    0.0000000000E+00    0.0000000000E+00    0.0000000000E+00    0.0000000000E+00    0.0000000000E+00    0.0000000000E+00    0.1979933852E-13    0.1979933852E-13    0.9999972516E+00    0.9999972516E+00
    5    0.4650000000E+01   -0.4644557413E+00   -0.6966836119E+00    0.4283986513E+00    0.0000000000E+00    0.0000000000E+00    0.0000000000E+00    0.0000000000E+00    0.0000000000E+00    0.0000000000E+00    0.3753586825E-15    0.3753586825E-15    0.9999986180E+00    0.9999986180E+00
    6    0.4650000000E+01   -0.4644557413E+00    0.1161139353E+00    0.4734976669E+00    0.0000000000E+00    0.0000000000E+00    0.0000000000E+00    0.0000000000E+00    0.0000000000E+00    0.0000000000E+00    0.2526486019E-13    0.2526486019E-13    0.9999975827E+00    0.9999975827E+00
    7    0.4650000000E+01    0.3483418059E+00    0.1161139353E+00    0.4726049661E+00    0.0000000000E+00    0.0000000000E+00    0.0000000000E+00    0.0000000000E+00    0.0000000000E+00    0.0000000000E+00    0.9027979012E-13    0.9027979012E-13    0.9999980316E+00    0.9999980316E+00
    8    0.4650000000E+01    0.3483418059E+00   -0.6966836119E+00   -0.1119165733E+00    0.0000000000E+00    0.0000000000E+00    0.0000000000E+00    0.0000000000E+00    0.0000000000E+00    0.0000000000E+00    0.6975585032E-13    0.6975585032E-13    0.9999976440E+00    0.9999976440E+00
    9    0.4650000000E+01    0.3483418059E+00    0.1161139353E+00    0.1251613358E+00    0.0000000000E+00    0.0000000000E+00    0.0000000000E+00    0.0000000000E+00    0.0000000000E+00    0.0000000000E+00    0.1594737218E-12    0.1594737218E-12    0.9999972079E+00    0.9999972079E+00
   10    0.4650000000E+01    0.3483418059E+00   -0.6966836119E+00    0.7152132278E-01    0.0000000000E+00    0.0000000000E+00    0.0000000000E+00    0.0000000000E+00    0.0000000000E+00    0.0000000000E+00    0.1025155119E-12    0.1025155119E-12    0.9999970053E+00    0.9999970053E+00
    1    0.4908333333E+01    0.3483418059E+00   -0.6966836119E+00   -0.4894618739E+00    0.0000000000E+00    0.0000000000E+00    0.0000000000E+00    0.0000000000E+00    0.0000000000E+00    0.0000000000E+00    0.1124890732E-12    0.1124890732E-12    0.9999973264E+00    0.9999973264E+00
    2    0.4908333333E+01    0.3483418059E+00    0.1161139353E+00    0.2002081671E+00    0.0000000000E+00    0.0000000000E+00    0.0000000000E+00    0.0000000000E+00    0.0000000000E+00    0.0000000000E+00    0.1027331989E-14    0.1027331990E-14    0.9999951361E+00    0.9999951361E+00
    3    0.4908333333E+01    0.3483418059E+00    0.1161139353E+00    0.4081938128E+00    0.0000000000E+00    0.0000000000E+00    0.0000000000E+00    0.0000000000E+00    0.0000000000E+00    0.0000000000E+00    0.1242627336E-14    0.1242627336E-14    0.9999979599E+00    0.9999979599E+00
    4    0.4908333333E+01   -0.4644557413E+00    0.1161139353E+00    0.3703552239E+00    0.0000000000E+00    0.0000000000E+00    0.0000000000E+00    0.0000000000E+00    0.0000000000E+00    0.0000000000E+00    0.1507797747E-13    0.1507797747E-13    0.9999955851E+00    0.9999955851E+00
    5    0.4908333333E+01   -0.4644557413E+00   -0.6966836119E+00    0.3830955325E+00    0.0000000000E+00    0.0000000000E+00    0.0000000000E+00    0.0000000000E+00    0.0000000000E+00    0.0000000000E+00    0.1489826772E-20    0.1490206285E-20    0.9999985232E+00    0.9999985232E+00
    6    0.4908333333E+01    0.3483418059E+00   -0.6966836119E+00   -0.3645040925E+00    0.0000000000E+00    0.0000000000E+00    0.0000000000E+00    0.0000000000E+00    0.0000000000E+00    0.0000000000E+00    0.7620517440E-13    0.7620517440E-13    0.9999976484E+00    0.9999976484E+00
    7    0.4908333333E+01   -0.4644557413E+00    0.1161139353E+00   -0.2863311348E+00    0.0000000000E+00    0.0000000000E+00    0.0000000000E+00    0.0000000000E+00    0.0000000000E+00    0.0000000000E+00    0.1066990871E-13    0.1066990871E-13    0.9999988818E+00    0.9999988818E+00
    8    0.4908333333E+01    0.3483418059E+00   -0.6966836119E+00   -0.1810062281E+00    0.0000000000E+00    0.0000000000E+00    0.0000000000E+00    0.0000000000E+00    0.0000000000E+00    0.0000000000E+00    0.8849687250E-13    0.8849687250E-13    0.9999978779E+00    0.9999978779E+00
    9    0.4908333333E+01    0.3483418059E+00   -0.6966836119E+00   -0.6318274246E-02    0.0000000000E+00    0.0000000000E+00    0.0000000000E+00    0.0000000000E+00    0.0000000000E+00    0.0000000000E+00    0.1928445329E-11    0.1928445329E-11    0.9999960800E+00    0.9999960800E+00
    1    0.5166666667E+01    0.3483418059E+00   -0.6966836119E+00   -0.4462918526E+00    0.0000000000E+00    0.0000000000E+00    0.0000000000E+00    0.0000000000E+00    0.0000000000E+00    0.0000000000E+00    0.3032124404E-13    0.3032124404E-13    0.9999963412E+00    0.9999963412E+00
    2    0.5166666667E+01    0.3483418059E+00    0.1161139353E+00    0.3420167376E+00    0.0000000000E+00    0.0000000000E+00    0.0000000000E+00    0.0000000000E+00    0.0000000000E+00    0.0000000000E+00    0.3783653265E-15    0.3783653265E-15    0.9999976523E+00    0.9999976523E+00
    3    0.5166666667E+01   -0.4644557413E+00   -0.6966836119E+00    0.3366594453E+00    0.0000000000E+00    0.0000000000E+00    0.0000000000E+00    0.0000000000E+00    0.0000000000E+00    0.0000000000E+00    0.1551780116E-14    0.1551780116E-14    0.9999983874E+00    0.9999983874E+00
    4    0.5166666667E+01   -0.4644557413E+00    0.1161139353E+00   -0.3194389231E+00    0.0000000000E+00    0.0000000000E+00    0.0000000000E+00    0.0000000000E+00    0.0000000000E+00    0.0000000000E+00    0.1768414276E-15    0.1768414276E-15    0.9999988759E+00    0.9999988759E+00
    5    0.5166666667E+01    0.3483418059E+00   -0.6966836119E+00   -0.2455746607E+00    0.0000000000E+00    0.0000000000E+00    0.0000000000E+00    0.0000000000E+00    0.0000000000E+00    0.0000000000E+00    0.1235664432E-13    0.1235664432E-13    0.9999976969E+00    0.9999976969E+00
    6    0.5166666667E+01    0.3483418059E+00   -0.6966836119E+00   -0.7885450448E-01    0.0000000000E+00    0.0000000000E+00    0.0000000000E+00    0.0000000000E+00    0.0000000000E+00    0.0000000000E+00    0.1838378061E-13    0.1838378061E-13    0.9999977812E+00    0.9999977812E+00
    1    0.5425000000E+01   -0.4644557413E+00    0.1161139353E+00   -0.3524200033E+00    0.0000000000E+00    0.0000000000E+00    0.0000000000E+00    0.0000000000E+00    0.0000000000E+00    0.0000000000E+00    0.9232354386E-16    0.9232354386E-16    0.9999988239E+00    0.9999988239E+00
    2    0.5425000000E+01    0.3483418059E+00   -0.6966836119E+00   -0.3161738463E+00    0.0000000000E+00    0.0000000000E+00    0.0000000000E+00    0.0000000000E+00    0.0000000000E+00    0.0000000000E+00    0.1761878046E-14    0.1761878054E-14    0.9999971476E+00    0.9999971476E+00
    3    0.5425000000E+01    0.3483418059E+00   -0.6966836119E+00   -0.1434253246E+00    0.0000000000E+00    0.0000000000E+00    0.0000000000E+00    0.0000000000E+00    0.0000000000E+00    0.0000000000E+00    0.1616462446E-14    0.1616462447E-14    0.9999977443E+00    0.9999977443E+00
    4    0.5425000000E+01   -0.4644557413E+00   -0.6966836119E+00    0.2877510391E+00    0.0000000000E+00    0.0000000000E+00    0.0000000000E+00    0.0000000000E+00    0.0000000000E+00    0.0000000000E+00    0.8195248826E-14    0.8195248827E-14    0.9999981878E+00    0.9999981878E+00
    5    0.5425000000E+01    0.3483418059E+00    0.1161139353E+00    0.2672354492E+00    0.0000000000E+00    0.0000000000E+00    0.0000000000E+00    0.0000000000E+00    0.0000000000E+00    0.0000000000E+00    0.4802211055E-15    0.4802211055E-15    0.9999970387E+00    0.9999970387E+00
    1    0.5683333333E+01    0.3483418059E+00    0.1161139353E+00    0.1644066848E+00    0.0000000000E+00    0.0000000000E+00    0.0000000000E+00    0.0000000000E+00    0.0000000000E+00    0.0000000000E+00    0.3164961813E-13    0.3164961813E-13    0.9999947975E+00    0.9999947975E+00
    2    0.5683333333E+01   -0.4644557413E+00   -0.6966836119E+00    0.2341744273E+00    0.0000000000E+00    0.0000000000E+00    0.0000000000E+00    0.0000000000E+00    0.0000000000E+00    0.0000000000E+00    0.1037780164E-13    0.1037780164E-13    0.9999978640E+00    0.9999978640E+00
    3    0.5683333333E+01    0.3483418059E+00   -0.6966836119E+00   -0.2087225694E+00    0.0000000000E+00    0.0000000000E+00    0.0000000000E+00    0.0000000000E+00    0.0000000000E+00    0.0000000000E+00    0.4018650955E-13    0.4018650955E-13    0.9999973460E+00    0.9999973460E+00
    4    0.5683333333E+01    0.3483418059E+00   -0.6966836119E+00   -0.4211868191E+00    0.0000000000E+00    0.0000000000E+00    0.0000000000E+00    0.0000000000E+00    0.0000000000E+00    0.0000000000E+00    0.4107144873E-13    0.4107144873E-13    0.9999945420E+00    0.9999945420E+00
    5    0.5683333333E+01   -0.4644557413E+00    0.1161139353E+00   -0.3853476469E+00    0.0000000000E+00    0.0000000000E+00    0.0000000000E+00    0.0000000000E+00    0.0000000000E+00    0.0000000000E+00    0.8022295675E-18    0.8022296912E-18    0.9999987687E+00    0.9999987687E+00
    1    0.5941666667E+01    0.3483418059E+00   -0.6966836119E+00   -0.5507471954E+00    0.0000000000E+00    0.0000000000E+00    0.0000000000E+00    0.0000000000E+00    0.0000000000E+00    0.0000000000E+00    0.8432371200E-13    0.8432371200E-13    0.9999959486E+00    0.9999959486E+00
    2    0.5941666667E+01    0.3483418059E+00   -0.6966836119E+00   -0.2823832965E+00    0.0000000000E+00    0.0000000000E+00    0.0000000000E+00    0.0000000000E+00    0.0000000000E+00    0.0000000000E+00    0.7499951987E-13    0.7499951987E-13    0.9999967694E+00    0.9999967694E+00
    3    0.5941666667E+01   -0.4644557413E+00    0.1161139353E+00   -0.4182870483E+00    0.0000000000E+00    0.0000000000E+00    0.0000000000E+00    0.0000000000E+00    0.0000000000E+00    0.0000000000E+00    0.2615376996E-15    0.2615377011E-15    0.9999987119E+00    0.9999987119E+00
    4    0.5941666667E+01   -0.4644557413E+00   -0.6966836119E+00    0.1709878980E+00    0.0000000000E+00    0.0000000000E+00    0.0000000000E+00    0.0000000000E+00    0.0000000000E+00    0.0000000000E+00    0.1291146260E-13    0.1291146260E-13    0.9999972029E+00    0.9999972029E+00
    1    0.6200000000E+01    0.3483418059E+00   -0.6966836119E+00    0.4479701166E+00    0.0000000000E+00    0.0000000000E+00    0.0000000000E+00    0.0000000000E+00    0.0000000000E+00    0.0000000000E+00    0.2429985369E-09    0.2429985369E-09    0.9999638804E+00    0.9999638804E+00
    2    0.6200000000E+01   -0.4644557413E+00   -0.6966836119E+00    0.7648375335E-01    0.0000000000E+00    0.0000000000E+00    0.0000000000E+00    0.0000000000E+00    0.0000000000E+00    0.0000000000E+00    0.3501028473E-11    0.3501028473E-11    0.9999940526E+00    0.9999940526E+00
    3    0.6200000000E+01    0.3483418059E+00   -0.6966836119E+00   -0.4236374241E+00    0.0000000000E+00    0.0000000000E+00    0.0000000000E+00    0.0000000000E+00    0.0000000000E+00    0.0000000000E+00    0.2464594092E-09    0.2464594092E-09    0.9999637911E+00    0.9999637911E+00
    4    0.6200000000E+01   -0.4644557413E+00    0.1161139353E+00   -0.4512691200E+00    0.0000000000E+00    0.0000000000E+00    0.0000000000E+00    0.0000000000E+00    0.0000000000E+00    0.0000000000E+00    0.9420359247E-15    0.9420359417E-15    0.9999986542E+00    0.9999986542E+00
    1    0.6458333333E+01   -0.4644557413E+00    0.1161139353E+00   -0.4843015290E+00    0.0000000000E+00    0.0000000000E+00    0.0000000000E+00    0.0000000000E+00    0.0000000000E+00    0.0000000000E+00    0.1451255365E-14    0.1451255365E-14    0.9999985963E+00    0.9999985963E+00
    1    0.6716666667E+01   -0.4644557413E+00   -0.6966836119E+00   -0.6451893657E-01    0.0000000000E+00    0.0000000000E+00    0.0000000000E+00    0.0000000000E+00    0.0000000000E+00    0.0000000000E+00    0.8281144315E-12    0.8281144315E-12    0.9999971300E+00    0.9999971300E+00
    2    0.6716666667E+01   -0.4644557413E+00    0.1161139353E+00   -0.5173766041E+00    0.0000000000E+00    0.0000000000E+00    0.0000000000E+00    0.0000000000E+00    0.0000000000E+00    0.0000000000E+00    0.1127336921E-14    0.1127336921E-14    0.9999985388E+00    0.9999985388E+00
    1    0.6975000000E+01   -0.4644557413E+00   -0.6966836119E+00   -0.1163867910E+00    0.0000000000E+00    0.0000000000E+00    0.0000000000E+00    0.0000000000E+00    0.0000000000E+00    0.0000000000E+00    0.1017878918E-12    0.1017878918E-12    0.9999979509E+00    0.9999979509E+00
    2    0.6975000000E+01   -0.4644557413E+00    0.1161139353E+00   -0.5504793304E+00    0.0000000000E+00    0.0000000000E+00    0.0000000000E+00    0.0000000000E+00    0.0000000000E+00    0.0000000000E+00    0.2316181923E-15    0.2316181923E-15    0.9999984820E+00    0.9999984820E+00
    1    0.7233333333E+01   -0.4644557413E+00   -0.6966836119E+00   -0.1582063271E+00    0.0000000000E+00    0.0000000000E+00    0.0000000000E+00    0.0000000000E+00    0.0000000000E+00    0.0000000000E+00    0.1024823691E-13    0.1024823691E-13    0.9999981073E+00    0.9999981073E+00
    2    0.7233333333E+01   -0.4644557413E+00    0.1161139353E+00    0.5658756347E+00    0.0000000000E+00    0.0000000000E+00    0.0000000000E+00    0.0000000000E+00    0.0000000000E+00    0.0000000000E+00    0.1509457869E-16    0.1509457870E-16    0.9999984255E+00    0.9999984255E+00
    1    0.7491666667E+01   -0.4644557413E+00   -0.6966836119E+00   -0.1970374265E+00    0.0000000000E+00    0.0000000000E+00    0.0000000000E+00    0.0000000000E+00    0.0000000000E+00    0.0000000000E+00    0.1455399579E-15    0.1455399579E-15    0.9999981213E+00    0.9999981213E+00
    2    0.7491666667E+01   -0.4644557413E+00    0.1161139353E+00    0.5327534855E+00    0.0000000000E+00    0.0000000000E+00    0.0000000000E+00    0.0000000000E+00    0.0000000000E+00    0.0000000000E+00    0.1050835627E-14    0.1050835627E-14    0.9999983693E+00    0.9999983693E+00
    1    0.7750000000E+01   -0.4644557413E+00   -0.6966836119E+00   -0.2349905532E+00    0.0000000000E+00    0.0000000000E+00    0.0000000000E+00    0.0000000000E+00    0.0000000000E+00    0.0000000000E+00    0.4580709403E-14    0.4580709403E-14    0.9999980692E+00    0.9999980692E+00
    2    0.7750000000E+01    0.3483418059E+00    0.1161139353E+00   -0.2589520592E-01    0.0000000000E+00    0.0000000000E+00    0.0000000000E+00    0.0000000000E+00    0.0000000000E+00    0.0000000000E+00    0.5169726457E-10    0.5169726457E-10    0.9999828245E+00    0.9999828245E+00
    3    0.7750000000E+01   -0.4644557413E+00    0.1161139353E+00    0.4996194042E+00    0.0000000000E+00    0.0000000000E+00    0.0000000000E+00    0.0000000000E+00    0.0000000000E+00    0.0000000000E+00    0.2785324967E-14    0.2785324967E-14    0.9999983122E+00    0.9999983122E+00
    1    0.8008333333E+01    0.3483418059E+00    0.1161139353E+00   -0.1377069853E+00    0.0000000000E+00    0.0000000000E+00    0.0000000000E+00    0.0000000000E+00    0.0000000000E+00    0.0000000000E+00    0.1833576671E-12    0.1833576671E-12    0.9999963300E+00    0.9999963300E+00
    2    0.8008333333E+01   -0.4644557413E+00   -0.6966836119E+00   -0.2731710814E+00    0.0000000000E+00    0.0000000000E+00    0.0000000000E+00    0.0000000000E+00    0.0000000000E+00    0.0000000000E+00    0.6889915585E-14    0.6889915585E-14    0.9999979704E+00    0.9999979704E+00
    3    0.8008333333E+01   -0.4644557413E+00    0.1161139353E+00    0.4664495278E+00    0.0000000000E+00    0.0000000000E+00    0.0000000000E+00    0.0000000000E+00    0.0000000000E+00    0.0000000000E+00    0.3368553133E-14    0.3368553133E-14    0.9999982533E+00    0.9999982533E+00
    1    0.8266666667E+01    0.3483418059E+00    0.1161139353E+00   -0.1981741657E+00    0.0000000000E+00    0.0000000000E+00    0.0000000000E+00    0.0000000000E+00    0.0000000000E+00    0.0000000000E+00    0.6997328086E-15    0.6997328088E-15    0.9999970549E+00    0.9999970549E+00
    2    0.8266666667E+01   -0.4644557413E+00   -0.6966836119E+00   -0.3124064786E+00    0.0000000000E+00    0.0000000000E+00    0.0000000000E+00    0.0000000000E+00    0.0000000000E+00    0.0000000000E+00    0.4645770825E-14    0.4645770826E-14    0.9999978263E+00    0.9999978263E+00
    3    0.8266666667E+01   -0.4644557413E+00    0.1161139353E+00    0.4332021878E+00    0.0000000000E+00    0.0000000000E+00    0.0000000000E+00    0.0000000000E+00    0.0000000000E+00    0.0000000000E+00    0.2066728965E-14    0.2066728965E-14    0.9999981914E+00    0.9999981914E+00
    1    0.8525000000E+01    0.3483418059E+00    0.1161139353E+00   -0.2492812996E+00    0.0000000000E+00    0.0000000000E+00    0.0000000000E+00    0.0000000000E+00    0.0000000000E+00    0.0000000000E+00    0.1330935976E-13    0.1330935976E-13    0.9999972660E+00    0.9999972660E+00
    2    0.8525000000E+01   -0.4644557413E+00   -0.6966836119E+00   -0.3535226537E+00    0.0000000000E+00    0.0000000000E+00    0.0000000000E+00    0.0000000000E+00    0.0000000000E+00    0.0000000000E+00    0.1017471314E-14    0.1017471314E-14    0.9999976274E+00    0.9999976274E+00
    3    0.8525000000E+01   -0.4644557413E+00    0.1161139353E+00    0.3998175843E+00    0.0000000000E+00    0.0000000000E+00    0.0000000000E+00    0.0000000000E+00    0.0000000000E+00    0.0000000000E+00    0.3054948450E-15    0.3054948450E-15    0.9999981254E+00    0.9999981254E+00
    1    0.8783333333E+01    0.3483418059E+00    0.1161139353E+00   -0.2969678492E+00    0.0000000000E+00    0.0000000000E+00    0.0000000000E+00    0.0000000000E+00    0.0000000000E+00    0.0000000000E+00    0.7957820467E-14    0.7957820467E-14    0.9999972910E+00    0.9999972910E+00
    2    0.8783333333E+01   -0.4644557413E+00   -0.6966836119E+00   -0.3975543867E+00    0.0000000000E+00    0.0000000000E+00    0.0000000000E+00    0.0000000000E+00    0.0000000000E+00    0.0000000000E+00    0.2412914737E-15    0.2412914737E-15    0.9999973497E+00    0.9999973497E+00
    3    0.8783333333E+01   -0.4644557413E+00    0.1161139353E+00    0.3662187168E+00    0.0000000000E+00    0.0000000000E+00    0.0000000000E+00    0.0000000000E+00    0.0000000000E+00    0.0000000000E+00    0.3406214611E-15    0.3406214611E-15    0.9999980539E+00    0.9999980539E+00
    1    0.9041666667E+01    0.3483418059E+00    0.1161139353E+00   -0.8452324801E-01    0.0000000000E+00    0.0000000000E+00    0.0000000000E+00    0.0000000000E+00    0.0000000000E+00    0.0000000000E+00    0.5310228076E-11    0.5310228076E-11    0.9999917273E+00    0.9999917273E+00
    2    0.9041666667E+01    0.3483418059E+00    0.1161139353E+00   -0.3438797212E+00    0.0000000000E+00    0.0000000000E+00    0.0000000000E+00    0.0000000000E+00    0.0000000000E+00    0.0000000000E+00    0.1001143641E-13    0.1001143641E-13    0.9999971948E+00    0.9999971948E+00
    3    0.9041666667E+01   -0.4644557413E+00   -0.6966836119E+00   -0.4460633569E+00    0.0000000000E+00    0.0000000000E+00    0.0000000000E+00    0.0000000000E+00    0.0000000000E+00    0.0000000000E+00    0.3558756880E-14    0.3558756880E-14    0.9999969408E+00    0.9999969408E+00
    4    0.9041666667E+01   -0.4644557413E+00    0.1161139353E+00    0.3323123877E+00    0.0000000000E+00    0.0000000000E+00    0.0000000000E+00    0.0000000000E+00    0.0000000000E+00    0.0000000000E+00    0.2674348553E-14    0.2674348553E-14    0.9999979754E+00    0.9999979754E+00
    1    0.9300000000E+01    0.3483418059E+00    0.1161139353E+00   -0.1807924412E+00    0.0000000000E+00    0.0000000000E+00    0.0000000000E+00    0.0000000000E+00    0.0000000000E+00    0.0000000000E+00    0.6304765804E-14    0.6306154219E-14    0.9999953077E+00    0.9999953077E+00
    2    0.9300000000E+01    0.3483418059E+00    0.1161139353E+00   -0.3919128102E+00    0.0000000000E+00    0.0000000000E+00    0.0000000000E+00    0.0000000000E+00    0.0000000000E+00    0.0000000000E+00    0.5738889370E-15    0.5742253369E-15    0.9999970011E+00    0.9999970011E+00
    3    0.9300000000E+01    0.3483418059E+00   -0.6966836119E+00    0.3554994647E+00    0.0000000000E+00    0.0000000000E+00    0.0000000000E+00    0.0000000000E+00    0.0000000000E+00    0.0000000000E+00    0.1012527891E-10    0.1012527893E-10    0.9999903209E+00    0.9999903209E+00
    4    0.9300000000E+01   -0.4644557413E+00    0.1161139353E+00    0.2979896463E+00    0.0000000000E+00    0.0000000000E+00    0.0000000000E+00    0.0000000000E+00    0.0000000000E+00    0.0000000000E+00    0.5613319063E-14    0.5613319582E-14    0.9999978957E+00    0.9999978957E+00
    5    0.9300000000E+01   -0.4644557413E+00   -0.6966836119E+00   -0.5018972168E+00    0.0000000000E+00    0.0000000000E+00    0.0000000000E+00    0.0000000000E+00    0.0000000000E+00    0.0000000000E+00    0.6220842908E-14    0.6221523480E-14    0.9999962663E+00    0.9999962663E+00
    6    0.9300000000E+01    0.3483418059E+00   -0.6966836119E+00   -0.4979452465E+00    0.0000000000E+00    0.0000000000E+00    0.0000000000E+00    0.0000000000E+00    0.0000000000E+00    0.0000000000E+00    0.1002037314E-10    0.1002037385E-10    0.9999904524E+00    0.9999904524E+00
    1    0.9558333333E+01   -0.4644557413E+00   -0.6966836119E+00   -0.4403339819E-01    0.0000000000E+00    0.0000000000E+00    0.0000000000E+00    0.0000000000E+00    0.0000000000E+00    0.0000000000E+00    0.2099109655E-09    0.2099109656E-09    0.9999627034E+00    0.9999627034E+00
    2    0.9558333333E+01    0.3483418059E+00    0.1161139353E+00   -0.2514492722E+00    0.0000000000E+00    0.0000000000E+00    0.0000000000E+00    0.0000000000E+00    0.0000000000E+00    0.0000000000E+00    0.1960283411E-13    0.1962653381E-13    0.9999957742E+00    0.9999957742E+00
    3    0.9558333333E+01    0.3483418059E+00    0.1161139353E+00   -0.4431985203E+00    0.0000000000E+00    0.0000000000E+00    0.0000000000E+00    0.0000000000E+00    0.0000000000E+00    0.0000000000E+00    0.5969264302E-14    0.5973354050E-14    0.9999966293E+00    0.9999966293E+00
    4    0.9558333333E+01   -0.4644557413E+00   -0.6966836119E+00   -0.5719492977E+00    0.0000000000E+00    0.0000000000E+00    0.0000000000E+00    0.0000000000E+00    0.0000000000E+00    0.0000000000E+00    0.2031028853E-11    0.2031028855E-11    0.9999945648E+00    0.9999945648E+00
    5    0.9558333333E+01    0.3483418059E+00   -0.6966836119E+00    0.5457783320E+00    0.0000000000E+00    0.0000000000E+00    0.0000000000E+00    0.0000000000E+00    0.0000000000E+00    0.0000000000E+00    0.3207012210E-13    0.3243764609E-13    0.9999944467E+00    0.9999944467E+00
    6    0.9558333333E+01    0.3483418059E+00   -0.6966836119E+00    0.2466509846E+00    0.0000000000E+00    0.0000000000E+00    0.0000000000E+00    0.0000000000E+00    0.0000000000E+00    0.0000000000E+00    0.1794027067E-12    0.1794240568E-12    0.9999942162E+00    0.9999942162E+00
    7    0.9558333333E+01   -0.4644557413E+00    0.1161139353E+00    0.2631252073E+00    0.0000000000E+00    0.0000000000E+00    0.0000000000E+00    0.0000000000E+00    0.0000000000E+00    0.0000000000E+00    0.4827133766E-14    0.4853925213E-14    0.9999977918E+00    0.9999977918E+00
    1    0.9816666667E+01   -0.4644557413E+00   -0.6966836119E+00   -0.2872482893E+00    0.0000000000E+00    0.0000000000E+00    0.0000000000E+00    0.0000000000E+00    0.0000000000E+00    0.0000000000E+00    0.2093103674E-10    0.2093103674E-10    0.9999828218E+00    0.9999828218E+00
    2    0.9816666667E+01    0.3483418059E+00    0.1161139353E+00   -0.3191904289E+00    0.0000000000E+00    0.0000000000E+00    0.0000000000E+00    0.0000000000E+00    0.0000000000E+00    0.0000000000E+00    0.2721579721E-13    0.2721579721E-13    0.9999954468E+00    0.9999954468E+00
    3    0.9816666667E+01    0.3483418059E+00    0.1161139353E+00   -0.5015647855E+00    0.0000000000E+00    0.0000000000E+00    0.0000000000E+00    0.0000000000E+00    0.0000000000E+00    0.0000000000E+00    0.2807291364E-13    0.2807291364E-13    0.9999958644E+00    0.9999958644E+00
    4    0.9816666667E+01    0.3483418059E+00   -0.6966836119E+00    0.1506057660E+00    0.0000000000E+00    0.0000000000E+00    0.0000000000E+00    0.0000000000E+00    0.0000000000E+00    0.0000000000E+00    0.6675508097E-12    0.6675508097E-12    0.9999930097E+00    0.9999930097E+00
    5    0.9816666667E+01   -0.4644557413E+00    0.1161139353E+00    0.2275754507E+00    0.0000000000E+00    0.0000000000E+00    0.0000000000E+00    0.0000000000E+00    0.0000000000E+00    0.0000000000E+00    0.1918555335E-14    0.1918555335E-14    0.9999976830E+00    0.9999976830E+00
    6    0.9816666667E+01    0.3483418059E+00   -0.6966836119E+00    0.4563483708E+00    0.0000000000E+00    0.0000000000E+00    0.0000000000E+00    0.0000000000E+00    0.0000000000E+00    0.0000000000E+00    0.1056247514E-12    0.1056247514E-12    0.9999938965E+00    0.9999938965E+00
    7    0.9816666667E+01   -0.4644557413E+00   -0.6966836119E+00    0.4588815837E+00    0.0000000000E+00    0.0000000000E+00    0.0000000000E+00    0.0000000000E+00    0.0000000000E+00    0.0000000000E+00    0.2081310560E-10    0.2081310560E-10    0.9999862536E+00    0.9999862536E+00
    1    0.1007500000E+02    0.3483418059E+00    0.1161139353E+00   -0.4012487273E+00    0.0000000000E+00    0.0000000000E+00    0.0000000000E+00    0.0000000000E+00    0.0000000000E+00    0.0000000000E+00    0.3844352224E-11    0.3844352224E-11    0.9999928401E+00    0.9999928401E+00
    2    0.1007500000E+02   -0.4644557413E+00    0.1161139353E+00    0.1911745484E+00    0.0000000000E+00    0.0000000000E+00    0.0000000000E+00    0.0000000000E+00    0.0000000000E+00    0.0000000000E+00    0.3027549775E-18    0.3027550817E-18    0.9999975598E+00    0.9999975598E+00
    3    0.1007500000E+02    0.3483418059E+00    0.1161139353E+00    0.5695472183E+00    0.0000000000E+00    0.0000000000E+00    0.0000000000E+00    0.0000000000E+00    0.0000000000E+00    0.0000000000E+00    0.4755813635E-11    0.4755813636E-11    0.9999924566E+00    0.9999924566E+00
    4    0.1007500000E+02    0.3483418059E+00   -0.6966836119E+00    0.3560113702E+00    0.0000000000E+00    0.0000000000E+00    0.0000000000E+00    0.0000000000E+00    0.0000000000E+00    0.0000000000E+00    0.8914190084E-14    0.8914190117E-14    0.9999931960E+00    0.9999931960E+00
    1    0.1033333333E+02    0.3483418059E+00   -0.6966836119E+00    0.2541598194E+00    0.0000000000E+00    0.0000000000E+00    0.0000000000E+00    0.0000000000E+00    0.0000000000E+00    0.0000000000E+00    0.2123721478E-12    0.2123721478E-12    0.9999930210E+00    0.9999930210E+00
    2    0.1033333333E+02   -0.4644557413E+00    0.1161139353E+00    0.1537279989E+00    0.0000000000E+00    0.0000000000E+00    0.0000000000E+00    0.0000000000E+00    0.0000000000E+00    0.0000000000E+00    0.2675202841E-14    0.2675202841E-14    0.9999974190E+00    0.9999974190E+00
    1    0.1059166667E+02   -0.4644557413E+00    0.1161139353E+00    0.1150021028E+00    0.0000000000E+00    0.0000000000E+00    0.0000000000E+00    0.0000000000E+00    0.0000000000E+00    0.0000000000E+00    0.8996365532E-14    0.8996365532E-14    0.9999972563E+00    0.9999972563E+00
    2    0.1059166667E+02    0.3483418059E+00   -0.6966836119E+00    0.1381655088E+00    0.0000000000E+00    0.0000000000E+00    0.0000000000E+00    0.0000000000E+00    0.0000000000E+00    0.0000000000E+00    0.1875261513E-11    0.1875261513E-11    0.9999899517E+00    0.9999899517E+00
    1    0.1085000000E+02    0.3483418059E+00   -0.6966836119E+00   -0.5249488459E+00    0.0000000000E+00    0.0000000000E+00    0.0000000000E+00    0.0000000000E+00    0.0000000000E+00    0.0000000000E+00    0.1994277053E-10    0.1994277053E-10    0.9999878919E+00    0.9999878919E+00
    2    0.1085000000E+02    0.3483418059E+00   -0.6966836119E+00    0.4198926685E+00    0.0000000000E+00    0.0000000000E+00    0.0000000000E+00    0.0000000000E+00    0.0000000000E+00    0.0000000000E+00    0.1988072411E-10    0.1988072411E-10    0.9999873079E+00    0.9999873079E+00
    3    0.1085000000E+02   -0.4644557413E+00    0.1161139353E+00    0.7470506776E-01    0.0000000000E+00    0.0000000000E+00    0.0000000000E+00    0.0000000000E+00    0.0000000000E+00    0.0000000000E+00    0.1476188670E-13    0.1476188670E-13    0.9999970652E+00    0.9999970652E+00
    1    0.1110833333E+02    0.3483418059E+00   -0.6966836119E+00    0.5279539878E+00    0.0000000000E+00    0.0000000000E+00    0.0000000000E+00    0.0000000000E+00    0.0000000000E+00    0.0000000000E+00    0.1189046270E-12    0.1189046270E-12    0.9999947965E+00    0.9999947965E+00
    2    0.1110833333E+02    0.3483418059E+00   -0.6966836119E+00    0.3097861488E+00    0.0000000000E+00    0.0000000000E+00    0.0000000000E+00    0.0000000000E+00    0.0000000000E+00    0.0000000000E+00    0.1606026187E-12    0.1606026187E-12    0.9999933933E+00    0.9999933933E+00
    3    0.1110833333E+02   -0.4644557413E+00   -0.6966836119E+00   -0.1503660733E+00    0.0000000000E+00    0.0000000000E+00    0.0000000000E+00    0.0000000000E+00    0.0000000000E+00    0.0000000000E+00    0.8522532848E-12    0.8522532848E-12    0.9999898389E+00    0.9999898389E+00
    4    0.1110833333E+02   -0.4644557413E+00    0.1161139353E+00    0.3242613040E-01    0.0000000000E+00    0.0000000000E+00    0.0000000000E+00    0.0000000000E+00    0.0000000000E+00    0.0000000000E+00    0.2976708134E-13    0.2976708134E-13    0.9999968277E+00    0.9999968277E+00
    1    0.1136666667E+02   -0.4644557413E+00   -0.6966836119E+00   -0.2597984214E+00    0.0000000000E+00    0.0000000000E+00    0.0000000000E+00    0.0000000000E+00    0.0000000000E+00    0.0000000000E+00    0.1204566827E-12    0.1204566827E-12    0.9999931509E+00    0.9999931509E+00
    2    0.1136666667E+02    0.3483418059E+00   -0.6966836119E+00    0.4637672765E+00    0.0000000000E+00    0.0000000000E+00    0.0000000000E+00    0.0000000000E+00    0.0000000000E+00    0.0000000000E+00    0.2408759588E-13    0.2408759588E-13    0.9999955668E+00    0.9999955668E+00
    3    0.1136666667E+02    0.3483418059E+00   -0.6966836119E+00    0.2175895994E+00    0.0000000000E+00    0.0000000000E+00    0.0000000000E+00    0.0000000000E+00    0.0000000000E+00    0.0000000000E+00    0.8374553037E-13    0.8374553037E-13    0.9999925929E+00    0.9999925929E+00
    4    0.1136666667E+02   -0.4644557413E+00    0.1161139353E+00   -0.1157409305E-01    0.0000000000E+00    0.0000000000E+00    0.0000000000E+00    0.0000000000E+00    0.0000000000E+00    0.0000000000E+00    0.1795562156E-12    0.1795562156E-12    0.9999964432E+00    0.9999964432E+00
    1    0.1162500000E+02    0.3483418059E+00   -0.6966836119E+00    0.4065352167E+00    0.0000000000E+00    0.0000000000E+00    0.0000000000E+00    0.0000000000E+00    0.0000000000E+00    0.0000000000E+00    0.1136137326E-13    0.1136137329E-13    0.9999957353E+00    0.9999957353E+00
    2    0.1162500000E+02    0.3483418059E+00    0.1161139353E+00   -0.4491240916E+00    0.0000000000E+00    0.0000000000E+00    0.0000000000E+00    0.0000000000E+00    0.0000000000E+00    0.0000000000E+00    0.4902579108E-13    0.4902579108E-13    0.9999834157E+00    0.9999834157E+00
    3    0.1162500000E+02   -0.4644557413E+00   -0.6966836119E+00   -0.3432430591E+00    0.0000000000E+00    0.0000000000E+00    0.0000000000E+00    0.0000000000E+00    0.0000000000E+00    0.0000000000E+00    0.8628559443E-14    0.8628559450E-14    0.9999941134E+00    0.9999941134E+00
    4    0.1162500000E+02    0.3483418059E+00   -0.6966836119E+00    0.8607505293E-01    0.3483418059E+00    0.9289114825E+00    0.8607505293E-01    0.4138367208E+00   -0.6147441701E+01   -0.2969898574E+00    0.2225313546E-10    0.2225313546E-10    0.9999834706E+00    0.9999834706E+00
    5    0.1162500000E+02   -0.4644557413E+00    0.1161139353E+00   -0.5953317495E-01    0.0000000000E+00    0.0000000000E+00    0.0000000000E+00    0.0000000000E+00    0.0000000000E+00    0.0000000000E+00    0.2223895759E-13    0.2223895760E-13    0.9999962241E+00    0.9999962241E+00
    1    0.1188333333E+02    0.3483418059E+00   -0.6966836119E+00    0.3510873572E+00    0.0000000000E+00    0.0000000000E+00    0.0000000000E+00    0.0000000000E+00    0.0000000000E+00    0.0000000000E+00    0.6566875180E-15    0.6566875182E-15    0.9999956682E+00    0.9999956682E+00
    2    0.1188333333E+02    0.3483418059E+00    0.1161139353E+00   -0.5708478186E+00    0.0000000000E+00    0.0000000000E+00    0.0000000000E+00    0.0000000000E+00    0.0000000000E+00    0.0000000000E+00    0.3299874739E-11    0.3299874739E-11    0.9999918712E+00    0.9999918712E+00
    3    0.1188333333E+02   -0.4644557413E+00   -0.6966836119E+00   -0.4167016588E+00   -0.4644557413E+00   -0.6966836119E+00   -0.4167016588E+00    0.2468372518E+01    0.3008445943E+01    0.4184803225E+01    0.9381099973E-15    0.9381099975E-15    0.9999944865E+00    0.9999944865E+00
    4    0.1188333333E+02   -0.4644557413E+00    0.1161139353E+00   -0.1111444807E+00    0.0000000000E+00    0.0000000000E+00    0.0000000000E+00    0.0000000000E+00    0.0000000000E+00    0.0000000000E+00    0.1295240453E-13    0.1295240454E-13    0.9999957897E+00    0.9999957897E+00
    1    0.1214166667E+02    0.3483418059E+00   -0.6966836119E+00    0.2946696443E+00    0.0000000000E+00    0.0000000000E+00    0.0000000000E+00    0.0000000000E+00    0.0000000000E+00    0.0000000000E+00    0.7097488189E-14    0.7097488492E-14    0.9999954012E+00    0.9999954012E+00
    2    0.1214166667E+02    0.3483418059E+00    0.1161139353E+00    0.4956648491E+00    0.0000000000E+00    0.0000000000E+00    0.0000000000E+00    0.0000000000E+00    0.0000000000E+00    0.0000000000E+00    0.4002403700E-14    0.4002403702E-14    0.9999934947E+00    0.9999934947E+00
    3    0.1214166667E+02   -0.4644557413E+00   -0.6966836119E+00   -0.4860613313E+00    0.0000000000E+00    0.0000000000E+00    0.0000000000E+00    0.0000000000E+00    0.0000000000E+00    0.0000000000E+00    0.5287299817E-16    0.5287299843E-16    0.9999945291E+00    0.9999945291E+00
    4    0.1214166667E+02   -0.4644557413E+00    0.1161139353E+00   -0.1680424369E+00    0.0000000000E+00    0.0000000000E+00    0.0000000000E+00    0.0000000000E+00    0.0000000000E+00    0.0000000000E+00    0.1300199149E-14    0.1300199149E-14    0.9999952063E+00    0.9999952063E+00
    1    0.1240000000E+02    0.3483418059E+00   -0.6966836119E+00    0.2347448172E+00    0.0000000000E+00    0.0000000000E+00    0.0000000000E+00    0.0000000000E+00    0.0000000000E+00    0.0000000000E+00    0.9622016812E-14    0.9622016919E-14    0.9999948941E+00    0.9999948941E+00
    2    0.1240000000E+02    0.3483418059E+00    0.1161139353E+00    0.4111421772E+00    0.0000000000E+00    0.0000000000E+00    0.0000000000E+00    0.0000000000E+00    0.0000000000E+00    0.0000000000E+00    0.4474171396E-15    0.4474216890E-15    0.9999926938E+00    0.9999926938E+00
    3    0.1240000000E+02   -0.4644557413E+00   -0.6966836119E+00   -0.5551369510E+00    0.0000000000E+00    0.0000000000E+00    0.0000000000E+00    0.0000000000E+00    0.0000000000E+00    0.0000000000E+00    0.9255509531E-15    0.9255509554E-15    0.9999942969E+00    0.9999942969E+00
    4    0.1240000000E+02   -0.4644557413E+00    0.1161139353E+00   -0.2322153581E+00    0.0000000000E+00    0.0000000000E+00    0.0000000000E+00    0.0000000000E+00    0.0000000000E+00    0.0000000000E+00    0.1892579093E-14    0.1892579242E-14    0.9999944151E+00    0.9999944151E+00
    1    0.1265833333E+02   -0.4644557413E+00    0.1161139353E+00   -0.3060104789E+00    0.0000000000E+00    0.0000000000E+00    0.0000000000E+00    0.0000000000E+00    0.0000000000E+00    0.0000000000E+00    0.4884706879E-15    0.4885070381E-15    0.9999934250E+00    0.9999934250E+00
    2    0.1265833333E+02   -0.4644557413E+00   -0.6966836119E+00    0.5220166666E+00    0.0000000000E+00    0.0000000000E+00    0.0000000000E+00    0.0000000000E+00    0.0000000000E+00    0.0000000000E+00    0.3354142429E-14    0.3354142440E-14    0.9999937429E+00    0.9999937429E+00
    3    0.1265833333E+02    0.3483418059E+00    0.1161139353E+00    0.3085685774E+00    0.0000000000E+00    0.0000000000E+00    0.0000000000E+00    0.0000000000E+00    0.0000000000E+00    0.0000000000E+00    0.1018836202E-12    0.1018836207E-12    0.9999897770E+00    0.9999897770E+00
    4    0.1265833333E+02    0.3483418059E+00   -0.6966836119E+00    0.1674257312E+00    0.0000000000E+00    0.0000000000E+00    0.0000000000E+00    0.0000000000E+00    0.0000000000E+00    0.0000000000E+00    0.1783743139E-13    0.1783743140E-13    0.9999939047E+00    0.9999939047E+00
    1    0.1291666667E+02   -0.4644557413E+00    0.1161139353E+00   -0.3898220164E+00    0.0000000000E+00    0.0000000000E+00    0.0000000000E+00    0.0000000000E+00    0.0000000000E+00    0.0000000000E+00    0.3679534449E-16    0.3679534450E-16    0.9999925826E+00    0.9999925826E+00
    2    0.1291666667E+02   -0.4644557413E+00   -0.6966836119E+00    0.4416775528E+00    0.0000000000E+00    0.0000000000E+00    0.0000000000E+00    0.0000000000E+00    0.0000000000E+00    0.0000000000E+00    0.1366360013E-13    0.1366360013E-13    0.9999926374E+00    0.9999926374E+00
    3    0.1291666667E+02    0.3483418059E+00   -0.6966836119E+00    0.8025474196E-01    0.0000000000E+00    0.0000000000E+00    0.0000000000E+00    0.0000000000E+00    0.0000000000E+00    0.0000000000E+00    0.4016291693E-11    0.4016291693E-11    0.9999903662E+00    0.9999903662E+00
    1    0.1317500000E+02   -0.4644557413E+00    0.1161139353E+00   -0.4781704457E+00   -0.4644557413E+00    0.1161139353E+00   -0.4781704457E+00    0.3134413075E+01   -0.1535028545E+01    0.3412913829E+01    0.2503657069E-13    0.2503657069E-13    0.9999924055E+00    0.9999924055E+00
    2    0.1317500000E+02   -0.4644557413E+00   -0.6966836119E+00    0.3429208999E+00    0.0000000000E+00    0.0000000000E+00    0.0000000000E+00    0.0000000000E+00    0.0000000000E+00    0.0000000000E+00    0.5415886226E-13    0.5415886226E-13    0.9999899713E+00    0.9999899713E+00
    1    0.1343333333E+02   -0.4644557413E+00    0.1161139353E+00   -0.5639638657E+00    0.0000000000E+00    0.0000000000E+00    0.0000000000E+00    0.0000000000E+00    0.0000000000E+00    0.0000000000E+00    0.2723171592E-12    0.2723171592E-12    0.9999925153E+00    0.9999925153E+00
    2    0.1343333333E+02    0.3483418059E+00   -0.6966836119E+00   -0.4962566408E+00    0.0000000000E+00    0.0000000000E+00    0.0000000000E+00    0.0000000000E+00    0.0000000000E+00    0.0000000000E+00    0.4900240830E-11    0.4900240830E-11    0.9999641600E+00    0.9999641600E+00
    3    0.1343333333E+02   -0.4644557413E+00   -0.6966836119E+00    0.1635400656E+00   -0.4644557413E+00   -0.6966836119E+00    0.1635400656E+00    0.9878055146E+00    0.5328982639E+00    0.4724696099E+00    0.4341672052E-11    0.4341672052E-11    0.9999668611E+00    0.9999668611E+00
    4    0.1343333333E+02    0.3483418059E+00   -0.6966836119E+00   -0.2275014269E+00    0.0000000000E+00    0.0000000000E+00    0.0000000000E+00    0.0000000000E+00    0.0000000000E+00    0.0000000000E+00    0.7827609301E-12    0.7827609301E-12    0.9999721750E+00    0.9999721750E+00
    5    0.1343333333E+02   -0.4644557413E+00    0.1161139353E+00   -0.2552677084E+00    0.0000000000E+00    0.0000000000E+00    0.0000000000E+00    0.0000000000E+00    0.0000000000E+00    0.0000000000E+00    0.2780708329E-11    0.2780708329E-11    0.9999725711E+00    0.9999725711E+00
    6    0.1343333333E+02   -0.4644557413E+00   -0.6966836119E+00   -0.5613658427E-01   -0.4644557413E+00   -0.6966836119E+00   -0.5613658427E-01    0.1466921278E+01   -0.3645182150E-01    0.4008551073E+00    0.3913211510E-09    0.3913211510E-09    0.9999467819E+00    0.9999467819E+00
    1    0.1369166667E+02   -0.4644557413E+00    0.1161139353E+00    0.5038935480E+00    0.0000000000E+00    0.0000000000E+00    0.0000000000E+00    0.0000000000E+00    0.0000000000E+00    0.0000000000E+00    0.4792204018E-12    0.4792204018E-12    0.9999922141E+00    0.9999922141E+00
    2    0.1369166667E+02   -0.4644557413E+00    0.1161139353E+00   -0.4622935479E+00    0.0000000000E+00    0.0000000000E+00    0.0000000000E+00    0.0000000000E+00    0.0000000000E+00    0.0000000000E+00    0.1502145563E-12    0.1502145563E-12    0.9999858452E+00    0.9999858452E+00
    3    0.1369166667E+02    0.3483418059E+00   -0.6966836119E+00   -0.3734849369E+00    0.0000000000E+00    0.0000000000E+00    0.0000000000E+00    0.0000000000E+00    0.0000000000E+00    0.0000000000E+00    0.8219817908E-11    0.8219817908E-11    0.9999490141E+00    0.9999490141E+00
    4    0.1369166667E+02    0.3483418059E+00   -0.6966836119E+00   -0.2142633860E+00    0.0000000000E+00    0.0000000000E+00    0.0000000000E+00    0.0000000000E+00    0.0000000000E+00    0.0000000000E+00    0.8081129032E-11    0.8081129032E-11    0.9999762847E+00    0.9999762847E+00
    5    0.1369166667E+02    0.3483418059E+00    0.1161139353E+00   -0.2525184285E+00    0.0000000000E+00    0.0000000000E+00    0.0000000000E+00    0.0000000000E+00    0.0000000000E+00    0.0000000000E+00    0.2503680589E-11    0.2503680589E-11    0.9999749076E+00    0.9999749076E+00
    6    0.1369166667E+02   -0.4644557413E+00    0.1161139353E+00   -0.2838415185E+00    0.0000000000E+00    0.0000000000E+00    0.0000000000E+00    0.0000000000E+00    0.0000000000E+00    0.0000000000E+00    0.1694817752E-11    0.1694817752E-11    0.9999824812E+00    0.9999824812E+00
    7    0.1369166667E+02   -0.4644557413E+00   -0.6966836119E+00   -0.2921376915E+00    0.0000000000E+00    0.0000000000E+00    0.0000000000E+00    0.0000000000E+00    0.0000000000E+00    0.0000000000E+00    0.9137144049E-12    0.9137144050E-12    0.9999844876E+00    0.9999844876E+00
    1    0.1395000000E+02    0.3483418059E+00    0.1161139353E+00   -0.4959247115E-01    0.0000000000E+00    0.0000000000E+00    0.0000000000E+00    0.0000000000E+00    0.0000000000E+00    0.0000000000E+00    0.5093021237E-10    0.5093021237E-10    0.9999655836E+00    0.9999655836E+00
    2    0.1395000000E+02    0.3483418059E+00    0.1161139353E+00   -0.2062797310E+00    0.0000000000E+00    0.0000000000E+00    0.0000000000E+00    0.0000000000E+00    0.0000000000E+00    0.0000000000E+00    0.1432258929E-10    0.1432258929E-10    0.9999602628E+00    0.9999602628E+00
    3    0.1395000000E+02   -0.4644557413E+00    0.1161139353E+00    0.4236159317E+00    0.0000000000E+00    0.0000000000E+00    0.0000000000E+00    0.0000000000E+00    0.0000000000E+00    0.0000000000E+00    0.1584930725E-11    0.1584930725E-11    0.9999920416E+00    0.9999920416E+00
    4    0.1395000000E+02   -0.4644557413E+00    0.1161139353E+00    0.5449308474E+00    0.0000000000E+00    0.0000000000E+00    0.0000000000E+00    0.0000000000E+00    0.0000000000E+00    0.0000000000E+00    0.8115679910E-12    0.8115679910E-12    0.9999875997E+00    0.9999875997E+00
    5    0.1395000000E+02    0.3483418059E+00    0.1161139353E+00   -0.3853309245E+00    0.0000000000E+00    0.0000000000E+00    0.0000000000E+00    0.0000000000E+00    0.0000000000E+00    0.0000000000E+00    0.1494022161E-10    0.1494022161E-10    0.9999711382E+00    0.9999711382E+00
    6    0.1395000000E+02    0.3483418059E+00    0.1161139353E+00   -0.5269935469E+00    0.0000000000E+00    0.0000000000E+00    0.0000000000E+00    0.0000000000E+00    0.0000000000E+00    0.0000000000E+00    0.1967264971E-10    0.1967264971E-10    0.9999680854E+00    0.9999680854E+00
    7    0.1395000000E+02   -0.4644557413E+00   -0.6966836119E+00   -0.4712368770E+00    0.0000000000E+00    0.0000000000E+00    0.0000000000E+00    0.0000000000E+00    0.0000000000E+00    0.0000000000E+00    0.7883706736E-13    0.7883706736E-13    0.9999815287E+00    0.9999815287E+00
    8    0.1395000000E+02   -0.4644557413E+00    0.1161139353E+00   -0.4432566722E+00    0.0000000000E+00    0.0000000000E+00    0.0000000000E+00    0.0000000000E+00    0.0000000000E+00    0.0000000000E+00    0.1504872260E-11    0.1504872260E-11    0.9999869480E+00    0.9999869480E+00
    1    0.1420833333E+02   -0.4644557413E+00   -0.6966836119E+00   -0.9812366198E-01    0.0000000000E+00    0.0000000000E+00    0.0000000000E+00    0.0000000000E+00    0.0000000000E+00    0.0000000000E+00    0.2211344796E-09    0.2211344796E-09    0.9999106464E+00    0.9999106464E+00
    2    0.1420833333E+02   -0.4644557413E+00    0.1161139353E+00    0.5661290044E+00    0.0000000000E+00    0.0000000000E+00    0.0000000000E+00    0.0000000000E+00    0.0000000000E+00    0.0000000000E+00    0.1037001897E-11    0.1037001897E-11    0.9999863514E+00    0.9999863514E+00
    3    0.1420833333E+02   -0.4644557413E+00    0.1161139353E+00    0.3375487160E+00   -0.4644557413E+00    0.1161139353E+00    0.3375487160E+00    0.7337139566E+00   -0.8025417457E+00   -0.1908137902E+00    0.4387296920E-12    0.4387296920E-12    0.9999913100E+00    0.9999913100E+00
    4    0.1420833333E+02   -0.4644557413E+00   -0.6966836119E+00    0.3628995281E+00    0.0000000000E+00    0.0000000000E+00    0.0000000000E+00    0.0000000000E+00    0.0000000000E+00    0.0000000000E+00    0.1551063766E-09    0.1551063766E-09    0.9999274092E+00    0.9999274092E+00
    5    0.1420833333E+02   -0.4644557413E+00    0.1161139353E+00    0.4102651650E+00    0.0000000000E+00    0.0000000000E+00    0.0000000000E+00    0.0000000000E+00    0.0000000000E+00    0.0000000000E+00    0.1483820924E-12    0.1483820924E-12    0.9999872110E+00    0.9999872110E+00
    1    0.1446666667E+02   -0.4644557413E+00    0.1161139353E+00    0.4061204147E+00    0.0000000000E+00    0.0000000000E+00    0.0000000000E+00    0.0000000000E+00    0.0000000000E+00    0.0000000000E+00    0.6913006157E-12    0.6913006157E-12    0.9999825913E+00    0.9999825913E+00
    2    0.1446666667E+02   -0.4644557413E+00    0.1161139353E+00    0.2218405933E+00    0.0000000000E+00    0.0000000000E+00    0.0000000000E+00    0.0000000000E+00    0.0000000000E+00    0.0000000000E+00    0.1609682055E-11    0.1609682055E-11    0.9999832684E+00    0.9999832684E+00
    3    0.1446666667E+02   -0.4644557413E+00    0.1161139353E+00    0.2637324837E+00    0.0000000000E+00    0.0000000000E+00    0.0000000000E+00    0.0000000000E+00    0.0000000000E+00    0.0000000000E+00    0.1327858941E-11    0.1327858941E-11    0.9999866537E+00    0.9999866537E+00
    1    0.1472500000E+02   -0.4644557413E+00    0.1161139353E+00    0.1530945620E+00    0.0000000000E+00    0.0000000000E+00    0.0000000000E+00    0.0000000000E+00    0.0000000000E+00    0.0000000000E+00    0.7726751167E-10    0.7726751167E-10    0.9999551378E+00    0.9999551378E+00
    2    0.1472500000E+02   -0.4644557413E+00    0.1161139353E+00    0.8897704859E-01    0.0000000000E+00    0.0000000000E+00    0.0000000000E+00    0.0000000000E+00    0.0000000000E+00    0.0000000000E+00    0.5630521306E-10    0.5630521306E-10    0.9999699807E+00    0.9999699807E+00
