    1    0.1550000000E+01   -0.4644557413E+00   -0.1161139353E+00   -0.7228068099E-01    0.0000000000E+00    0.0000000000E+00    0.0000000000E+00    0.0000000000E+00    0.0000000000E+00    0.0000000000E+00    0.1043186933E-12    0.1043186933E-12    0.9999990305E+00    0.9999990305E+00
    1    0.1808333333E+01   -0.4644557413E+00   -0.1161139353E+00    0.1113457446E+00    0.0000000000E+00    0.0000000000E+00    0.0000000000E+00    0.0000000000E+00    0.0000000000E+00    0.0000000000E+00    0.8813200973E-12    0.8813200973E-12    0.9999975246E+00    0.9999975246E+00
    2    0.1808333333E+01   -0.4644557413E+00   -0.1161139353E+00   -0.2006512950E+00    0.0000000000E+00    0.0000000000E+00    0.0000000000E+00    0.0000000000E+00    0.0000000000E+00    0.0000000000E+00    0.8261278940E-12    0.8261278940E-12    0.9999978531E+00    0.9999978531E+00
    3    0.1808333333E+01   -0.4644557413E+00   -0.1161139353E+00   -0.1394387511E+00    0.0000000000E+00    0.0000000000E+00    0.0000000000E+00    0.0000000000E+00    0.0000000000E+00    0.0000000000E+00    0.2771345498E-13    0.2771345498E-13    0.9999992966E+00    0.9999992966E+00
    1    0.2066666667E+01   -0.4644557413E+00   -0.1161139353E+00   -0.2885979022E+00    0.0000000000E+00    0.0000000000E+00    0.0000000000E+00    0.0000000000E+00    0.0000000000E+00    0.0000000000E+00    0.5965964784E-15    0.5965964784E-15    0.9999991224E+00    0.9999991224E+00
    2    0.2066666667E+01   -0.4644557413E+00   -0.1161139353E+00   -0.1906457200E+00    0.0000000000E+00    0.0000000000E+00    0.0000000000E+00    0.0000000000E+00    0.0000000000E+00    0.0000000000E+00    0.2950396295E-15    0.2950396295E-15    0.9999993564E+00    0.9999993564E+00
    1    0.2325000000E+01   -0.4644557413E+00   -0.1161139353E+00   -0.3441762071E+00    0.0000000000E+00    0.0000000000E+00    0.0000000000E+00    0.0000000000E+00    0.0000000000E+00    0.0000000000E+00    0.7023043853E-15    0.7023043853E-15    0.9999992005E+00    0.9999992005E+00
    2    0.2325000000E+01   -0.4644557413E+00   -0.1161139353E+00   -0.2359017925E+00    0.0000000000E+00    0.0000000000E+00    0.0000000000E+00    0.0000000000E+00    0.0000000000E+00    0.0000000000E+00    0.2307597179E-14    0.2307597179E-14    0.9999993272E+00    0.9999993272E+00
    1    0.2583333333E+01   -0.4644557413E+00   -0.1161139353E+00   -0.3931438959E+00    0.0000000000E+00    0.0000000000E+00    0.0000000000E+00    0.0000000000E+00    0.0000000000E+00    0.0000000000E+00    0.2778844155E-15    0.2778844155E-15    0.9999991701E+00    0.9999991701E+00
    2    0.2583333333E+01   -0.4644557413E+00   -0.1161139353E+00   -0.2787146341E+00    0.0000000000E+00    0.0000000000E+00    0.0000000000E+00    0.0000000000E+00    0.0000000000E+00    0.0000000000E+00    0.3281477235E-14    0.3281477235E-14    0.9999992872E+00    0.9999992872E+00
    1    0.2841666667E+01   -0.4644557413E+00   -0.1161139353E+00   -0.4402790376E+00    0.0000000000E+00    0.0000000000E+00    0.0000000000E+00    0.0000000000E+00    0.0000000000E+00    0.0000000000E+00    0.6391669269E-15    0.6391669269E-15    0.9999991239E+00    0.9999991239E+00
    2    0.2841666667E+01   -0.4644557413E+00   -0.1161139353E+00   -0.3205304149E+00    0.0000000000E+00    0.0000000000E+00    0.0000000000E+00    0.0000000000E+00    0.0000000000E+00    0.0000000000E+00    0.1978377215E-14    0.1978377215E-14    0.9999992016E+00    0.9999992016E+00
    1    0.3100000000E+01   -0.4644557413E+00    0.6966836119E+00    0.1717146758E+00    0.0000000000E+00    0.0000000000E+00    0.0000000000E+00    0.0000000000E+00    0.0000000000E+00    0.0000000000E+00    0.1157355896E-11    0.1157355896E-11    0.9999925490E+00    0.9999925490E+00
    2    0.3100000000E+01   -0.4644557413E+00   -0.1161139353E+00   -0.4880097633E+00    0.0000000000E+00    0.0000000000E+00    0.0000000000E+00    0.0000000000E+00    0.0000000000E+00    0.0000000000E+00    0.2056250671E-14    0.2056250671E-14    0.9999990144E+00    0.9999990144E+00
    3    0.3100000000E+01   -0.4644557413E+00    0.6966836119E+00   -0.3771886422E+00    0.0000000000E+00    0.0000000000E+00    0.0000000000E+00    0.0000000000E+00    0.0000000000E+00    0.0000000000E+00    0.1131358207E-11    0.1131358207E-11    0.9999958690E+00    0.9999958690E+00
    4    0.3100000000E+01   -0.4644557413E+00   -0.1161139353E+00   -0.3622858073E+00    0.0000000000E+00    0.0000000000E+00    0.0000000000E+00    0.0000000000E+00    0.0000000000E+00    0.0000000000E+00    0.4098192084E-15    0.4098192084E-15    0.9999991220E+00    0.9999991220E+00
    1    0.3358333333E+01   -0.4644557413E+00   -0.1161139353E+00   -0.5307808898E-01    0.0000000000E+00    0.0000000000E+00    0.0000000000E+00    0.0000000000E+00    0.0000000000E+00    0.0000000000E+00    0.2397423934E-12    0.2397423934E-12    0.9999984997E+00    0.9999984997E+00
    2    0.3358333333E+01   -0.4644557413E+00    0.6966836119E+00    0.3711381371E+00    0.0000000000E+00    0.0000000000E+00    0.0000000000E+00    0.0000000000E+00    0.0000000000E+00    0.0000000000E+00    0.2808394125E-11    0.2808394125E-11    0.9999951163E+00    0.9999951163E+00
    3    0.3358333333E+01   -0.4644557413E+00   -0.1161139353E+00   -0.4047771377E+00    0.0000000000E+00    0.0000000000E+00    0.0000000000E+00    0.0000000000E+00    0.0000000000E+00    0.0000000000E+00    0.2277771244E-14    0.2277771244E-14    0.9999990613E+00    0.9999990613E+00
    4    0.3358333333E+01   -0.4644557413E+00    0.6966836119E+00   -0.4437741417E+00    0.0000000000E+00    0.0000000000E+00    0.0000000000E+00    0.0000000000E+00    0.0000000000E+00    0.0000000000E+00    0.2699038030E-11    0.2699038030E-11    0.9999952475E+00    0.9999952475E+00
    5    0.3358333333E+01   -0.4644557413E+00    0.6966836119E+00    0.5610616899E+00    0.0000000000E+00    0.0000000000E+00    0.0000000000E+00    0.0000000000E+00    0.0000000000E+00    0.0000000000E+00    0.4845835933E-12    0.4845835933E-12    0.9999974652E+00    0.9999974652E+00
    6    0.3358333333E+01   -0.4644557413E+00   -0.1161139353E+00   -0.5385773204E+00    0.0000000000E+00    0.0000000000E+00    0.0000000000E+00    0.0000000000E+00    0.0000000000E+00    0.0000000000E+00    0.4714130787E-13    0.4714130787E-13    0.9999987346E+00    0.9999987346E+00
    1    0.3616666667E+01   -0.4644557413E+00   -0.1161139353E+00   -0.1060605828E+00    0.0000000000E+00    0.0000000000E+00    0.0000000000E+00    0.0000000000E+00    0.0000000000E+00    0.0000000000E+00    0.3002693803E-13    0.3002693819E-13    0.9999989307E+00    0.9999989307E+00
    2    0.3616666667E+01    0.3483418059E+00   -0.1161139353E+00    0.2303996881E+00    0.0000000000E+00    0.0000000000E+00    0.0000000000E+00    0.0000000000E+00    0.0000000000E+00    0.0000000000E+00    0.3583321272E-12    0.3583321278E-12    0.9999968959E+00    0.9999968959E+00
    3    0.3616666667E+01   -0.4644557413E+00    0.6966836119E+00    0.2607972821E+00    0.0000000000E+00    0.0000000000E+00    0.0000000000E+00    0.0000000000E+00    0.0000000000E+00    0.0000000000E+00    0.1320104217E-13    0.1320104220E-13    0.9999981878E+00    0.9999981878E+00
    4    0.3616666667E+01   -0.4644557413E+00    0.6966836119E+00    0.4434588201E+00    0.0000000000E+00    0.0000000000E+00    0.0000000000E+00    0.0000000000E+00    0.0000000000E+00    0.0000000000E+00    0.1619564104E-13    0.1619564109E-13    0.9999977014E+00    0.9999977014E+00
    5    0.3616666667E+01   -0.4644557413E+00   -0.1161139353E+00   -0.4488645005E+00    0.0000000000E+00    0.0000000000E+00    0.0000000000E+00    0.0000000000E+00    0.0000000000E+00    0.0000000000E+00    0.4544721050E-14    0.4544721067E-14    0.9999988493E+00    0.9999988493E+00
    6    0.3616666667E+01    0.3483418059E+00   -0.1161139353E+00   -0.4994638986E+00    0.0000000000E+00    0.0000000000E+00    0.0000000000E+00    0.0000000000E+00    0.0000000000E+00    0.0000000000E+00    0.1314247726E-10    0.1314247726E-10    0.9999849746E+00    0.9999849746E+00
    7    0.3616666667E+01   -0.4644557413E+00    0.6966836119E+00   -0.5252555854E+00    0.0000000000E+00    0.0000000000E+00    0.0000000000E+00    0.0000000000E+00    0.0000000000E+00    0.0000000000E+00    0.1383431751E-13    0.1383431863E-13    0.9999984391E+00    0.9999984391E+00
    8    0.3616666667E+01   -0.4644557413E+00   -0.1161139353E+00    0.5574001440E+00    0.0000000000E+00    0.0000000000E+00    0.0000000000E+00    0.0000000000E+00    0.0000000000E+00    0.0000000000E+00    0.5565208303E-13    0.5565208311E-13    0.9999985649E+00    0.9999985649E+00
    1    0.3875000000E+01   -0.4644557413E+00   -0.1161139353E+00   -0.1468818117E+00    0.0000000000E+00    0.0000000000E+00    0.0000000000E+00    0.0000000000E+00    0.0000000000E+00    0.0000000000E+00    0.2126132448E-14    0.2126132453E-14    0.9999990186E+00    0.9999990186E+00
    2    0.3875000000E+01    0.3483418059E+00   -0.1161139353E+00    0.1292993438E+00    0.0000000000E+00    0.0000000000E+00    0.0000000000E+00    0.0000000000E+00    0.0000000000E+00    0.0000000000E+00    0.6898357049E-13    0.6898357051E-13    0.9999975557E+00    0.9999975557E+00
    3    0.3875000000E+01   -0.4644557413E+00    0.6966836119E+00    0.1947841734E+00    0.0000000000E+00    0.0000000000E+00    0.0000000000E+00    0.0000000000E+00    0.0000000000E+00    0.0000000000E+00    0.1216585414E-13    0.1216585415E-13    0.9999984776E+00    0.9999984776E+00
    4    0.3875000000E+01   -0.4644557413E+00    0.6966836119E+00    0.5701052554E+00    0.0000000000E+00    0.0000000000E+00    0.0000000000E+00    0.0000000000E+00    0.0000000000E+00    0.0000000000E+00    0.1739175076E-12    0.1739175076E-12    0.9999983416E+00    0.9999983416E+00
    5    0.3875000000E+01    0.3483418059E+00   -0.1161139353E+00    0.3583347896E+00    0.0000000000E+00    0.0000000000E+00    0.0000000000E+00    0.0000000000E+00    0.0000000000E+00    0.0000000000E+00    0.5573817639E-14    0.5573817718E-14    0.9999975808E+00    0.9999975808E+00
    6    0.3875000000E+01   -0.4644557413E+00    0.6966836119E+00    0.3491239842E+00    0.0000000000E+00    0.0000000000E+00    0.0000000000E+00    0.0000000000E+00    0.0000000000E+00    0.0000000000E+00    0.1392762208E-13    0.1392762212E-13    0.9999976709E+00    0.9999976709E+00
    1    0.4133333333E+01   -0.4644557413E+00   -0.1161139353E+00   -0.1838116922E+00    0.0000000000E+00    0.0000000000E+00    0.0000000000E+00    0.0000000000E+00    0.0000000000E+00    0.0000000000E+00    0.1156486276E-14    0.1164045397E-14    0.9999989944E+00    0.9999989944E+00
    2    0.4133333333E+01   -0.4644557413E+00    0.6966836119E+00    0.1377994479E+00    0.0000000000E+00    0.0000000000E+00    0.0000000000E+00    0.0000000000E+00    0.0000000000E+00    0.0000000000E+00    0.2335164416E-13    0.2336020424E-13    0.9999984653E+00    0.9999984653E+00
    3    0.4133333333E+01    0.3483418059E+00   -0.1161139353E+00    0.2758051345E+00    0.0000000000E+00    0.0000000000E+00    0.0000000000E+00    0.0000000000E+00    0.0000000000E+00    0.0000000000E+00    0.1349425239E-13    0.1349425287E-13    0.9999979784E+00    0.9999979784E+00
    4    0.4133333333E+01   -0.4644557413E+00    0.6966836119E+00    0.2537245426E+00    0.0000000000E+00    0.0000000000E+00    0.0000000000E+00    0.0000000000E+00    0.0000000000E+00    0.0000000000E+00    0.3352871514E-13    0.3354537168E-13    0.9999972636E+00    0.9999972636E+00
    5    0.4133333333E+01   -0.4644557413E+00   -0.1161139353E+00    0.4061089958E+00    0.0000000000E+00    0.0000000000E+00    0.0000000000E+00    0.0000000000E+00    0.0000000000E+00    0.0000000000E+00    0.1017085846E-14    0.1043634951E-14    0.9999972074E+00    0.9999972074E+00
    6    0.4133333333E+01   -0.4644557413E+00   -0.1161139353E+00   -0.5465311522E+00    0.0000000000E+00    0.0000000000E+00    0.0000000000E+00    0.0000000000E+00    0.0000000000E+00    0.0000000000E+00    0.1609044855E-14    0.1627922047E-14    0.9999985288E+00    0.9999985288E+00
    7    0.4133333333E+01   -0.4644557413E+00    0.6966836119E+00    0.5200115420E+00    0.0000000000E+00    0.0000000000E+00    0.0000000000E+00    0.0000000000E+00    0.0000000000E+00    0.0000000000E+00    0.6226315343E-14    0.6237537364E-14    0.9999986593E+00    0.9999986593E+00
    1    0.4391666667E+01    0.3483418059E+00   -0.1161139353E+00    0.5431769795E+00    0.0000000000E+00    0.0000000000E+00    0.0000000000E+00    0.0000000000E+00    0.0000000000E+00    0.0000000000E+00    0.1220319828E-12    0.1220319828E-12    0.9999977170E+00    0.9999977170E+00
    2    0.4391666667E+01   -0.4644557413E+00   -0.1161139353E+00    0.5447817110E+00    0.0000000000E+00    0.0000000000E+00    0.0000000000E+00    0.0000000000E+00    0.0000000000E+00    0.0000000000E+00    0.1272982364E-13    0.1272982364E-13    0.9999980845E+00    0.9999980845E+00
    3    0.4391666667E+01   -0.4644557413E+00    0.6966836119E+00    0.4736467914E+00    0.0000000000E+00    0.0000000000E+00    0.0000000000E+00    0.0000000000E+00    0.0000000000E+00    0.0000000000E+00    0.5530494343E-13    0.5530494343E-13    0.9999985977E+00    0.9999985977E+00
    4    0.4391666667E+01    0.3483418059E+00   -0.1161139353E+00    0.3960177278E+00    0.0000000000E+00    0.0000000000E+00    0.0000000000E+00    0.0000000000E+00    0.0000000000E+00    0.0000000000E+00    0.2172325825E-12    0.2172325825E-12    0.9999972537E+00    0.9999972537E+00
    5    0.4391666667E+01   -0.4644557413E+00   -0.1161139353E+00   -0.2189265301E+00    0.0000000000E+00    0.0000000000E+00    0.0000000000E+00    0.0000000000E+00    0.0000000000E+00    0.0000000000E+00    0.3170364657E-13    0.3170364657E-13    0.9999989163E+00    0.9999989163E+00
    6    0.4391666667E+01    0.3483418059E+00    0.6966836119E+00   -0.1975310465E+00    0.0000000000E+00    0.0000000000E+00    0.0000000000E+00    0.0000000000E+00    0.0000000000E+00    0.0000000000E+00    0.7783001337E-12    0.7783001337E-12    0.9999957960E+00    0.9999957960E+00
    7    0.4391666667E+01    0.3483418059E+00    0.6966836119E+00   -0.2022020322E-01    0.0000000000E+00    0.0000000000E+00    0.0000000000E+00    0.0000000000E+00    0.0000000000E+00    0.0000000000E+00    0.1060822984E-11    0.1060822984E-11    0.9999962415E+00    0.9999962415E+00
    8    0.4391666667E+01   -0.4644557413E+00    0.6966836119E+00    0.7713614854E-01    0.0000000000E+00    0.0000000000E+00    0.0000000000E+00    0.0000000000E+00    0.0000000000E+00    0.0000000000E+00    0.2863740633E-12    0.2863740633E-12    0.9999979695E+00    0.9999979695E+00
    9    0.4391666667E+01   -0.4644557413E+00    0.6966836119E+00    0.1299509879E+00    0.0000000000E+00    0.0000000000E+00    0.0000000000E+00    0.0000000000E+00    0.0000000000E+00    0.0000000000E+00    0.5930281705E-12    0.5930281705E-12    0.9999952048E+00    0.9999952048E+00
   10    0.4391666667E+01    0.3483418059E+00   -0.1161139353E+00    0.2035827661E+00    0.0000000000E+00    0.0000000000E+00    0.0000000000E+00    0.0000000000E+00    0.0000000000E+00    0.0000000000E+00    0.9482046645E-13    0.9482046645E-13    0.9999979045E+00    0.9999979045E+00
   11    0.4391666667E+01   -0.4644557413E+00   -0.1161139353E+00    0.2574197587E+00    0.0000000000E+00    0.0000000000E+00    0.0000000000E+00    0.0000000000E+00    0.0000000000E+00    0.0000000000E+00    0.2206043857E-12    0.2206043857E-12    0.9999934756E+00    0.9999934756E+00
    1    0.4650000000E+01    0.3483418059E+00    0.6966836119E+00   -0.4030749108E+00    0.0000000000E+00    0.0000000000E+00    0.0000000000E+00    0.0000000000E+00    0.0000000000E+00    0.0000000000E+00    0.6481494889E-13    0.6481494889E-13    0.9999970178E+00    0.9999970178E+00
    2    0.4650000000E+01    0.3483418059E+00    0.6966836119E+00   -0.2902669525E+00    0.0000000000E+00    0.0000000000E+00    0.0000000000E+00    0.0000000000E+00    0.0000000000E+00    0.0000000000E+00    0.2788866865E-13    0.2788866865E-13    0.9999975735E+00    0.9999975735E+00
    3    0.4650000000E+01   -0.4644557413E+00   -0.1161139353E+00   -0.2528712864E+00    0.0000000000E+00    0.0000000000E+00    0.0000000000E+00    0.0000000000E+00    0.0000000000E+00    0.0000000000E+00    0.1446666032E-13    0.1446666032E-13    0.9999988799E+00    0.9999988799E+00
    4    0.4650000000E+01    0.3483418059E+00   -0.1161139353E+00    0.3077439920E+00    0.0000000000E+00    0.0000000000E+00    0.0000000000E+00    0.0000000000E+00    0.0000000000E+00    0.0000000000E+00    0.1979936263E-13    0.1979936263E-13    0.9999972516E+00    0.9999972516E+00
    5    0.4650000000E+01   -0.4644557413E+00    0.6966836119E+00    0.4283986513E+00    0.0000000000E+00    0.0000000000E+00    0.0000000000E+00    0.0000000000E+00    0.0000000000E+00    0.0000000000E+00    0.3753752046E-15    0.3753752047E-15    0.9999986180E+00    0.9999986180E+00
    6    0.4650000000E+01   -0.4644557413E+00   -0.1161139353E+00    0.4734976669E+00    0.0000000000E+00    0.0000000000E+00    0.0000000000E+00    0.0000000000E+00    0.0000000000E+00    0.0000000000E+00    0.2526484545E-13    0.2526484545E-13    0.9999975827E+00    0.9999975827E+00
    7    0.4650000000E+01    0.3483418059E+00   -0.1161139353E+00    0.4726049661E+00    0.0000000000E+00    0.0000000000E+00    0.0000000000E+00    0.0000000000E+00    0.0000000000E+00    0.0000000000E+00    0.9027996141E-13    0.9027996141E-13    0.9999980316E+00    0.9999980316E+00
    8    0.4650000000E+01    0.3483418059E+00    0.6966836119E+00   -0.1119165733E+00    0.0000000000E+00    0.0000000000E+00    0.0000000000E+00    0.0000000000E+00    0.0000000000E+00    0.0000000000E+00    0.6975576786E-13    0.6975576786E-13    0.9999976440E+00    0.9999976440E+00
    9    0.4650000000E+01    0.3483418059E+00   -0.1161139353E+00    0.1251613358E+00    0.0000000000E+00    0.0000000000E+00    0.0000000000E+00    0.0000000000E+00    0.0000000000E+00    0.0000000000E+00    0.1594741078E-12    0.1594741078E-12    0.9999972079E+00    0.9999972079E+00
   10    0.4650000000E+01    0.3483418059E+00    0.6966836119E+00    0.7152132278E-01    0.0000000000E+00    0.0000000000E+00    0.0000000000E+00    0.0000000000E+00    0.0000000000E+00    0.0000000000E+00    0.1025154463E-12    0.1025154464E-12    0.9999970053E+00    0.9999970053E+00
    1    0.4908333333E+01    0.3483418059E+00    0.6966836119E+00   -0.4894618739E+00    0.0000000000E+00    0.0000000000E+00    0.0000000000E+00    0.0000000000E+00    0.0000000000E+00    0.0000000000E+00    0.1124889807E-12    0.1124889807E-12    0.9999973264E+00    0.9999973264E+00
    2    0.4908333333E+01    0.3483418059E+00   -0.1161139353E+00    0.2002081671E+00    0.0000000000E+00    0.0000000000E+00    0.0000000000E+00    0.0000000000E+00    0.0000000000E+00    0.0000000000E+00    0.1027320424E-14    0.1027320424E-14    0.9999951361E+00    0.9999951361E+00
    3    0.4908333333E+01    0.3483418059E+00   -0.1161139353E+00    0.4081938128E+00    0.0000000000E+00    0.0000000000E+00    0.0000000000E+00    0.0000000000E+00    0.0000000000E+00    0.0000000000E+00    0.1242629291E-14    0.1242629291E-14    0.9999979599E+00    0.9999979599E+00
    4    0.4908333333E+01   -0.4644557413E+00   -0.1161139353E+00    0.3703552239E+00    0.0000000000E+00    0.0000000000E+00    0.0000000000E+00    0.0000000000E+00    0.0000000000E+00    0.0000000000E+00    0.1507795889E-13    0.1507795889E-13    0.9999955851E+00    0.9999955851E+00
    5    0.4908333333E+01   -0.4644557413E+00    0.6966836119E+00    0.3830955325E+00    0.0000000000E+00    0.0000000000E+00    0.0000000000E+00    0.0000000000E+00    0.0000000000E+00    0.0000000000E+00    0.1470263444E-20    0.1470698792E-20    0.9999985232E+00    0.9999985232E+00
    6    0.4908333333E+01    0.3483418059E+00    0.6966836119E+00   -0.3645040925E+00    0.0000000000E+00    0.0000000000E+00    0.0000000000E+00    0.0000000000E+00    0.0000000000E+00    0.0000000000E+00    0.7620516691E-13    0.7620516691E-13    0.9999976484E+00    0.9999976484E+00
    7    0.4908333333E+01   -0.4644557413E+00   -0.1161139353E+00   -0.2863311348E+00    0.0000000000E+00    0.0000000000E+00    0.0000000000E+00    0.0000000000E+00    0.0000000000E+00    0.0000000000E+00    0.1066993796E-13    0.1066993796E-13    0.9999988818E+00    0.9999988818E+00
    8    0.4908333333E+01    0.3483418059E+00    0.6966836119E+00   -0.1810062281E+00    0.0000000000E+00    0.0000000000E+00    0.0000000000E+00    0.0000000000E+00    0.0000000000E+00    0.0000000000E+00    0.8849686756E-13    0.8849686756E-13    0.9999978779E+00    0.9999978779E+00
    9    0.4908333333E+01    0.3483418059E+00    0.6966836119E+00   -0.6318274246E-02    0.0000000000E+00    0.0000000000E+00    0.0000000000E+00    0.0000000000E+00    0.0000000000E+00    0.0000000000E+00    0.1928445038E-11    0.1928445038E-11    0.9999960800E+00    0.9999960800E+00
    1    0.5166666667E+01    0.3483418059E+00    0.6966836119E+00   -0.4462918526E+00    0.0000000000E+00    0.0000000000E+00    0.0000000000E+00    0.0000000000E+00    0.0000000000E+00    0.0000000000E+00    0.3032122732E-13    0.3032122732E-13    0.9999963412E+00    0.9999963412E+00
    2    0.5166666667E+01    0.3483418059E+00   -0.1161139353E+00    0.3420167376E+00    0.0000000000E+00    0.0000000000E+00    0.0000000000E+00    0.0000000000E+00    0.0000000000E+00    0.0000000000E+00    0.3783604386E-15    0.3783604386E-15    0.9999976523E+00    0.9999976523E+00
    3    0.5166666667E+01   -0.4644557413E+00    0.6966836119E+00    0.3366594453E+00    0.0000000000E+00    0.0000000000E+00    0.0000000000E+00    0.0000000000E+00    0.0000000000E+00    0.0000000000E+00    0.1551775438E-14    0.1551775438E-14    0.9999983874E+00    0.9999983874E+00
    4    0.5166666667E+01   -0.4644557413E+00   -0.1161139353E+00   -0.3194389231E+00    0.0000000000E+00    0.0000000000E+00    0.0000000000E+00    0.0000000000E+00    0.0000000000E+00    0.0000000000E+00    0.1768406721E-15    0.1768406721E-15    0.9999988759E+00    0.9999988759E+00
    5    0.5166666667E+01    0.3483418059E+00    0.6966836119E+00   -0.2455746607E+00    0.0000000000E+00    0.0000000000E+00    0.0000000000E+00    0.0000000000E+00    0.0000000000E+00    0.0000000000E+00    0.1235663885E-13    0.1235663885E-13    0.9999976969E+00    0.9999976969E+00
    6    0.5166666667E+01    0.3483418059E+00    0.6966836119E+00   -0.7885450448E-01    0.0000000000E+00    0.0000000000E+00    0.0000000000E+00    0.0000000000E+00    0.0000000000E+00    0.0000000000E+00    0.1838376975E-13    0.1838376975E-13    0.9999977812E+00    0.9999977812E+00
    1    0.5425000000E+01    0.3483418059E+00   -0.1161139353E+00    0.2672354492E+00    0.0000000000E+00    0.0000000000E+00    0.0000000000E+00    0.0000000000E+00    0.0000000000E+00    0.0000000000E+00    0.4802210967E-15    0.4802210967E-15    0.9999970387E+00    0.9999970387E+00
    2    0.5425000000E+01   -0.4644557413E+00    0.6966836119E+00    0.2877510391E+00    0.0000000000E+00    0.0000000000E+00    0.0000000000E+00    0.0000000000E+00    0.0000000000E+00    0.0000000000E+00    0.8195180833E-14    0.8195180834E-14    0.9999981878E+00    0.9999981878E+00
    3    0.5425000000E+01    0.3483418059E+00    0.6966836119E+00   -0.1434253246E+00    0.0000000000E+00    0.0000000000E+00    0.0000000000E+00    0.0000000000E+00    0.0000000000E+00    0.0000000000E+00    0.1660088771E-14    0.1660088771E-14    0.9999976727E+00    0.9999976727E+00
    4    0.5425000000E+01    0.3483418059E+00    0.6966836119E+00   -0.3161738463E+00    0.0000000000E+00    0.0000000000E+00    0.0000000000E+00    0.0000000000E+00    0.0000000000E+00    0.0000000000E+00    0.1718255417E-14    0.1718255425E-14    0.9999972192E+00    0.9999972192E+00
    5    0.5425000000E+01   -0.4644557413E+00   -0.1161139353E+00   -0.3524200033E+00    0.0000000000E+00    0.0000000000E+00    0.0000000000E+00    0.0000000000E+00    0.0000000000E+00    0.0000000000E+00    0.9232316216E-16    0.9232316216E-16    0.9999988239E+00    0.9999988239E+00
    1    0.5683333333E+01    0.3483418059E+00   -0.1161139353E+00    0.1644066848E+00    0.0000000000E+00    0.0000000000E+00    0.0000000000E+00    0.0000000000E+00    0.0000000000E+00    0.0000000000E+00    0.3164961653E-13    0.3164961653E-13    0.9999947975E+00    0.9999947975E+00
    2    0.5683333333E+01   -0.4644557413E+00    0.6966836119E+00    0.2341744273E+00    0.0000000000E+00    0.0000000000E+00    0.0000000000E+00    0.0000000000E+00    0.0000000000E+00    0.0000000000E+00    0.1037807209E-13    0.1037807209E-13    0.9999978640E+00    0.9999978640E+00
    3    0.5683333333E+01    0.3483418059E+00    0.6966836119E+00   -0.2087225694E+00    0.0000000000E+00    0.0000000000E+00    0.0000000000E+00    0.0000000000E+00    0.0000000000E+00    0.0000000000E+00    0.4018649518E-13    0.4018649518E-13    0.9999973460E+00    0.9999973460E+00
    4    0.5683333333E+01    0.3483418059E+00    0.6966836119E+00   -0.4211868191E+00    0.0000000000E+00    0.0000000000E+00    0.0000000000E+00    0.0000000000E+00    0.0000000000E+00    0.0000000000E+00    0.4107144310E-13    0.4107144310E-13    0.9999945420E+00    0.9999945420E+00
    5    0.5683333333E+01   -0.4644557413E+00   -0.1161139353E+00   -0.3853476469E+00    0.0000000000E+00    0.0000000000E+00    0.0000000000E+00    0.0000000000E+00    0.0000000000E+00    0.0000000000E+00    0.8021848410E-18    0.8021849331E-18    0.9999987687E+00    0.9999987687E+00
    1    0.5941666667E+01    0.3483418059E+00    0.6966836119E+00   -0.5507471954E+00    0.0000000000E+00    0.0000000000E+00    0.0000000000E+00    0.0000000000E+00    0.0000000000E+00    0.0000000000E+00    0.8432248727E-13    0.8432248727E-13    0.9999959486E+00    0.9999959486E+00
    2    0.5941666667E+01    0.3483418059E+00    0.6966836119E+00   -0.2823832965E+00    0.0000000000E+00    0.0000000000E+00    0.0000000000E+00    0.0000000000E+00    0.0000000000E+00    0.0000000000E+00    0.7499965248E-13    0.7499965248E-13    0.9999967694E+00    0.9999967694E+00
    3    0.5941666667E+01   -0.4644557413E+00   -0.1161139353E+00   -0.4182870483E+00    0.0000000000E+00    0.0000000000E+00    0.0000000000E+00    0.0000000000E+00    0.0000000000E+00    0.0000000000E+00    0.2614838465E-15    0.2614838489E-15    0.9999987119E+00    0.9999987119E+00
    4    0.5941666667E+01   -0.4644557413E+00    0.6966836119E+00    0.1709878980E+00    0.0000000000E+00    0.0000000000E+00    0.0000000000E+00    0.0000000000E+00    0.0000000000E+00    0.0000000000E+00    0.1291138153E-13    0.1291138153E-13    0.9999972029E+00    0.9999972029E+00
    1    0.6200000000E+01    0.3483418059E+00    0.6966836119E+00    0.4479701166E+00    0.0000000000E+00    0.0000000000E+00    0.0000000000E+00    0.0000000000E+00    0.0000000000E+00    0.0000000000E+00    0.2429985352E-09    0.2429985352E-09    0.9999638804E+00    0.9999638804E+00
    2    0.6200000000E+01   -0.4644557413E+00    0.6966836119E+00    0.7648375335E-01    0.0000000000E+00    0.0000000000E+00    0.0000000000E+00    0.0000000000E+00    0.0000000000E+00    0.0000000000E+00    0.3501027185E-11    0.3501027185E-11    0.9999940526E+00    0.9999940526E+00
    3    0.6200000000E+01    0.3483418059E+00    0.6966836119E+00   -0.4236374241E+00    0.0000000000E+00    0.0000000000E+00    0.0000000000E+00    0.0000000000E+00    0.0000000000E+00    0.0000000000E+00    0.2464594100E-09    0.2464594100E-09    0.9999637911E+00    0.9999637911E+00
    4    0.6200000000E+01   -0.4644557413E+00   -0.1161139353E+00   -0.4512691200E+00    0.0000000000E+00    0.0000000000E+00    0.0000000000E+00    0.0000000000E+00    0.0000000000E+00    0.0000000000E+00    0.9421644319E-15    0.9421644404E-15    0.9999986541E+00    0.9999986541E+00
    1    0.6458333333E+01   -0.4644557413E+00   -0.1161139353E+00   -0.4843015290E+00    0.0000000000E+00    0.0000000000E+00    0.0000000000E+00    0.0000000000E+00    0.0000000000E+00    0.0000000000E+00    0.1451294936E-14    0.1451294936E-14    0.9999985963E+00    0.9999985963E+00
    1    0.6716666667E+01   -0.4644557413E+00    0.6966836119E+00   -0.6451893657E-01    0.0000000000E+00    0.0000000000E+00    0.0000000000E+00    0.0000000000E+00    0.0000000000E+00    0.0000000000E+00    0.8281143513E-12    0.8281143513E-12    0.9999971300E+00    0.9999971300E+00
    2    0.6716666667E+01   -0.4644557413E+00   -0.1161139353E+00   -0.5173766041E+00    0.0000000000E+00    0.0000000000E+00    0.0000000000E+00    0.0000000000E+00    0.0000000000E+00    0.0000000000E+00    0.1127336572E-14    0.1127336572E-14    0.9999985388E+00    0.9999985388E+00
    1    0.6975000000E+01   -0.4644557413E+00    0.6966836119E+00   -0.1163867910E+00    0.0000000000E+00    0.0000000000E+00    0.0000000000E+00    0.0000000000E+00    0.0000000000E+00    0.0000000000E+00    0.1017876585E-12    0.1017876585E-12    0.9999979509E+00    0.9999979509E+00
    2    0.6975000000E+01   -0.4644557413E+00   -0.1161139353E+00   -0.5504793304E+00    0.0000000000E+00    0.0000000000E+00    0.0000000000E+00    0.0000000000E+00    0.0000000000E+00    0.0000000000E+00    0.2316128700E-15    0.2316128702E-15    0.9999984820E+00    0.9999984820E+00
    1    0.7233333333E+01   -0.4644557413E+00    0.6966836119E+00   -0.1582063271E+00    0.0000000000E+00    0.0000000000E+00    0.0000000000E+00    0.0000000000E+00    0.0000000000E+00    0.0000000000E+00    0.1024815379E-13    0.1024815379E-13    0.9999981073E+00    0.9999981073E+00
    2    0.7233333333E+01   -0.4644557413E+00   -0.1161139353E+00    0.5658756347E+00    0.0000000000E+00    0.0000000000E+00    0.0000000000E+00    0.0000000000E+00    0.0000000000E+00    0.0000000000E+00    0.1509458034E-16    0.1509458034E-16    0.9999984255E+00    0.9999984255E+00
    1    0.7491666667E+01   -0.4644557413E+00    0.6966836119E+00   -0.1970374265E+00    0.0000000000E+00    0.0000000000E+00    0.0000000000E+00    0.0000000000E+00    0.0000000000E+00    0.0000000000E+00    0.1455417432E-15    0.1455417432E-15    0.9999981213E+00    0.9999981213E+00
    2    0.7491666667E+01   -0.4644557413E+00   -0.1161139353E+00    0.5327534855E+00    0.0000000000E+00    0.0000000000E+00    0.0000000000E+00    0.0000000000E+00    0.0000000000E+00    0.0000000000E+00    0.1050836334E-14    0.1050836334E-14    0.9999983693E+00    0.9999983693E+00
    1    0.7750000000E+01   -0.4644557413E+00    0.6966836119E+00   -0.2349905532E+00    0.0000000000E+00    0.0000000000E+00    0.0000000000E+00    0.0000000000E+00    0.0000000000E+00    0.0000000000E+00    0.4580714945E-14    0.4580714945E-14    0.9999980692E+00    0.9999980692E+00
    2    0.7750000000E+01    0.3483418059E+00   -0.1161139353E+00   -0.2589520592E-01    0.0000000000E+00    0.0000000000E+00    0.0000000000E+00    0.0000000000E+00    0.0000000000E+00    0.0000000000E+00    0.5169726448E-10    0.5169726448E-10    0.9999828245E+00    0.9999828245E+00
    3    0.7750000000E+01   -0.4644557413E+00   -0.1161139353E+00    0.4996194042E+00    0.0000000000E+00    0.0000000000E+00    0.0000000000E+00    0.0000000000E+00    0.0000000000E+00    0.0000000000E+00    0.2785325166E-14    0.2785325166E-14    0.9999983122E+00    0.9999983122E+00
    1    0.8008333333E+01    0.3483418059E+00   -0.1161139353E+00   -0.1377069853E+00    0.0000000000E+00    0.0000000000E+00    0.0000000000E+00    0.0000000000E+00    0.0000000000E+00    0.0000000000E+00    0.1833576686E-12    0.1833576686E-12    0.9999963300E+00    0.9999963300E+00
    2    0.8008333333E+01   -0.4644557413E+00    0.6966836119E+00   -0.2731710814E+00    0.0000000000E+00    0.0000000000E+00    0.0000000000E+00    0.0000000000E+00    0.0000000000E+00    0.0000000000E+00    0.6889915852E-14    0.6889915852E-14    0.9999979704E+00    0.9999979704E+00
    3    0.8008333333E+01   -0.4644557413E+00   -0.1161139353E+00    0.4664495278E+00    0.0000000000E+00    0.0000000000E+00    0.0000000000E+00    0.0000000000E+00    0.0000000000E+00    0.0000000000E+00    0.3368553227E-14    0.3368553227E-14    0.9999982533E+00    0.9999982533E+00
    1    0.8266666667E+01    0.3483418059E+00   -0.1161139353E+00   -0.1981741657E+00    0.0000000000E+00    0.0000000000E+00    0.0000000000E+00    0.0000000000E+00    0.0000000000E+00    0.0000000000E+00    0.6997241461E-15    0.6997241462E-15    0.9999970549E+00    0.9999970549E+00
    2    0.8266666667E+01   -0.4644557413E+00    0.6966836119E+00   -0.3124064786E+00    0.0000000000E+00    0.0000000000E+00    0.0000000000E+00    0.0000000000E+00    0.0000000000E+00    0.0000000000E+00    0.4645755058E-14    0.4645755058E-14    0.9999978263E+00    0.9999978263E+00
    3    0.8266666667E+01   -0.4644557413E+00   -0.1161139353E+00    0.4332021878E+00    0.0000000000E+00    0.0000000000E+00    0.0000000000E+00    0.0000000000E+00    0.0000000000E+00    0.0000000000E+00    0.2066704625E-14    0.2066704625E-14    0.9999981914E+00    0.9999981914E+00
    1    0.8525000000E+01    0.3483418059E+00   -0.1161139353E+00   -0.2492812996E+00    0.0000000000E+00    0.0000000000E+00    0.0000000000E+00    0.0000000000E+00    0.0000000000E+00    0.0000000000E+00    0.1330936073E-13    0.1330936073E-13    0.9999972660E+00    0.9999972660E+00
    2    0.8525000000E+01   -0.4644557413E+00    0.6966836119E+00   -0.3535226537E+00    0.0000000000E+00    0.0000000000E+00    0.0000000000E+00    0.0000000000E+00    0.0000000000E+00    0.0000000000E+00    0.1017470274E-14    0.1017470274E-14    0.9999976274E+00    0.9999976274E+00
    3    0.8525000000E+01   -0.4644557413E+00   -0.1161139353E+00    0.3998175843E+00    0.0000000000E+00    0.0000000000E+00    0.0000000000E+00    0.0000000000E+00    0.0000000000E+00    0.0000000000E+00    0.3054988038E-15    0.3054988038E-15    0.9999981254E+00    0.9999981254E+00
    1    0.8783333333E+01    0.3483418059E+00   -0.1161139353E+00   -0.2969678492E+00    0.0000000000E+00    0.0000000000E+00    0.0000000000E+00    0.0000000000E+00    0.0000000000E+00    0.0000000000E+00    0.7957820973E-14    0.7957820973E-14    0.9999972910E+00    0.9999972910E+00
    2    0.8783333333E+01   -0.4644557413E+00    0.6966836119E+00   -0.3975543867E+00    0.0000000000E+00    0.0000000000E+00    0.0000000000E+00    0.0000000000E+00    0.0000000000E+00    0.0000000000E+00    0.2412917867E-15    0.2412917867E-15    0.9999973497E+00    0.9999973497E+00
    3    0.8783333333E+01   -0.4644557413E+00   -0.1161139353E+00    0.3662187168E+00    0.0000000000E+00    0.0000000000E+00    0.0000000000E+00    0.0000000000E+00    0.0000000000E+00    0.0000000000E+00    0.3406218119E-15    0.3406218119E-15    0.9999980539E+00    0.9999980539E+00
    1    0.9041666667E+01    0.3483418059E+00   -0.1161139353E+00   -0.8452324801E-01    0.0000000000E+00    0.0000000000E+00    0.0000000000E+00    0.0000000000E+00    0.0000000000E+00    0.0000000000E+00    0.5310228478E-11    0.5310228478E-11    0.9999917273E+00    0.9999917273E+00
    2    0.9041666667E+01    0.3483418059E+00   -0.1161139353E+00   -0.3438797212E+00    0.0000000000E+00    0.0000000000E+00    0.0000000000E+00    0.0000000000E+00    0.0000000000E+00    0.0000000000E+00    0.1001139660E-13    0.1001139660E-13    0.9999971948E+00    0.9999971948E+00
    3    0.9041666667E+01   -0.4644557413E+00    0.6966836119E+00   -0.4460633569E+00    0.0000000000E+00    0.0000000000E+00    0.0000000000E+00    0.0000000000E+00    0.0000000000E+00    0.0000000000E+00    0.3555840598E-14    0.3555840598E-14    0.9999969408E+00    0.9999969408E+00
    4    0.9041666667E+01   -0.4644557413E+00   -0.1161139353E+00    0.3323123877E+00    0.0000000000E+00    0.0000000000E+00    0.0000000000E+00    0.0000000000E+00    0.0000000000E+00    0.0000000000E+00    0.2674334629E-14    0.2674334630E-14    0.9999979754E+00    0.9999979754E+00
    1    0.9300000000E+01    0.3483418059E+00   -0.1161139353E+00   -0.1807924412E+00    0.0000000000E+00    0.0000000000E+00    0.0000000000E+00    0.0000000000E+00    0.0000000000E+00    0.0000000000E+00    0.6304810283E-14    0.6304882955E-14    0.9999953077E+00    0.9999953077E+00
    2    0.9300000000E+01    0.3483418059E+00   -0.1161139353E+00   -0.3919128102E+00    0.0000000000E+00    0.0000000000E+00    0.0000000000E+00    0.0000000000E+00    0.0000000000E+00    0.0000000000E+00    0.5739131013E-15    0.5739780963E-15    0.9999970011E+00    0.9999970011E+00
    3    0.9300000000E+01    0.3483418059E+00    0.6966836119E+00    0.3554994647E+00    0.0000000000E+00    0.0000000000E+00    0.0000000000E+00    0.0000000000E+00    0.0000000000E+00    0.0000000000E+00    0.1012528431E-10    0.1012528440E-10    0.9999903209E+00    0.9999903209E+00
    4    0.9300000000E+01   -0.4644557413E+00   -0.1161139353E+00    0.2979896461E+00    0.0000000000E+00    0.0000000000E+00    0.0000000000E+00    0.0000000000E+00    0.0000000000E+00    0.0000000000E+00    0.5183097576E-14    0.5183097788E-14    0.9999978953E+00    0.9999978953E+00
    5    0.9300000000E+01   -0.4644557413E+00    0.6966836119E+00   -0.5018972168E+00    0.0000000000E+00    0.0000000000E+00    0.0000000000E+00    0.0000000000E+00    0.0000000000E+00    0.0000000000E+00    0.6219588866E-14    0.6219652959E-14    0.9999962663E+00    0.9999962663E+00
    6    0.9300000000E+01    0.3483418059E+00    0.6966836119E+00   -0.4979452465E+00    0.0000000000E+00    0.0000000000E+00    0.0000000000E+00    0.0000000000E+00    0.0000000000E+00    0.0000000000E+00    0.1002035818E-10    0.1002035862E-10    0.9999904524E+00    0.9999904524E+00
    1    0.9558333333E+01   -0.4644557413E+00    0.6966836119E+00   -0.4403339826E-01    0.0000000000E+00    0.0000000000E+00    0.0000000000E+00    0.0000000000E+00    0.0000000000E+00    0.0000000000E+00    0.2098758734E-09    0.2098758734E-09    0.9999627221E+00    0.9999627221E+00
    2    0.9558333333E+01    0.3483418059E+00   -0.1161139353E+00   -0.2514492725E+00    0.0000000000E+00    0.0000000000E+00    0.0000000000E+00    0.0000000000E+00    0.0000000000E+00    0.0000000000E+00    0.1709012814E-13    0.1711120644E-13    0.9999957647E+00    0.9999957647E+00
    3    0.9558333333E+01    0.3483418059E+00   -0.1161139353E+00   -0.4431985203E+00    0.0000000000E+00    0.0000000000E+00    0.0000000000E+00    0.0000000000E+00    0.0000000000E+00    0.0000000000E+00    0.5895598018E-14    0.5899567224E-14    0.9999966289E+00    0.9999966289E+00
    4    0.9558333333E+01   -0.4644557413E+00    0.6966836119E+00   -0.5719492992E+00    0.0000000000E+00    0.0000000000E+00    0.0000000000E+00    0.0000000000E+00    0.0000000000E+00    0.0000000000E+00    0.2081086556E-11    0.2081086558E-11    0.9999945802E+00    0.9999945802E+00
    5    0.9558333333E+01    0.3483418059E+00    0.6966836119E+00    0.5457783320E+00    0.0000000000E+00    0.0000000000E+00    0.0000000000E+00    0.0000000000E+00    0.0000000000E+00    0.0000000000E+00    0.3207313642E-13    0.3229268973E-13    0.9999944466E+00    0.9999944466E+00
    6    0.9558333333E+01    0.3483418059E+00    0.6966836119E+00    0.2466509846E+00    0.0000000000E+00    0.0000000000E+00    0.0000000000E+00    0.0000000000E+00    0.0000000000E+00    0.0000000000E+00    0.1794003695E-12    0.1794350636E-12    0.9999942163E+00    0.9999942163E+00
    7    0.9558333333E+01   -0.4644557413E+00   -0.1161139353E+00    0.2631252073E+00    0.0000000000E+00    0.0000000000E+00    0.0000000000E+00    0.0000000000E+00    0.0000000000E+00    0.0000000000E+00    0.4827501788E-14    0.4833181543E-14    0.9999977919E+00    0.9999977919E+00
    1    0.9816666667E+01   -0.4644557413E+00    0.6966836119E+00   -0.2872482893E+00    0.0000000000E+00    0.0000000000E+00    0.0000000000E+00    0.0000000000E+00    0.0000000000E+00    0.0000000000E+00    0.2093103632E-10    0.2093103632E-10    0.9999828218E+00    0.9999828218E+00
    2    0.9816666667E+01    0.3483418059E+00   -0.1161139353E+00   -0.3191904289E+00    0.0000000000E+00    0.0000000000E+00    0.0000000000E+00    0.0000000000E+00    0.0000000000E+00    0.0000000000E+00    0.2721581401E-13    0.2721581401E-13    0.9999954468E+00    0.9999954468E+00
    3    0.9816666667E+01    0.3483418059E+00   -0.1161139353E+00   -0.5015647855E+00    0.0000000000E+00    0.0000000000E+00    0.0000000000E+00    0.0000000000E+00    0.0000000000E+00    0.0000000000E+00    0.2807290628E-13    0.2807290628E-13    0.9999958644E+00    0.9999958644E+00
    4    0.9816666667E+01    0.3483418059E+00    0.6966836119E+00    0.1506057660E+00    0.0000000000E+00    0.0000000000E+00    0.0000000000E+00    0.0000000000E+00    0.0000000000E+00    0.0000000000E+00    0.6675507270E-12    0.6675507270E-12    0.9999930097E+00    0.9999930097E+00
    5    0.9816666667E+01   -0.4644557413E+00   -0.1161139353E+00    0.2275754507E+00    0.0000000000E+00    0.0000000000E+00    0.0000000000E+00    0.0000000000E+00    0.0000000000E+00    0.0000000000E+00    0.1918558102E-14    0.1918558102E-14    0.9999976830E+00    0.9999976830E+00
    6    0.9816666667E+01    0.3483418059E+00    0.6966836119E+00    0.4563483708E+00    0.0000000000E+00    0.0000000000E+00    0.0000000000E+00    0.0000000000E+00    0.0000000000E+00    0.0000000000E+00    0.1056246798E-12    0.1056246798E-12    0.9999938965E+00    0.9999938965E+00
    7    0.9816666667E+01   -0.4644557413E+00    0.6966836119E+00    0.4588815837E+00    0.0000000000E+00    0.0000000000E+00    0.0000000000E+00    0.0000000000E+00    0.0000000000E+00    0.0000000000E+00    0.2081310582E-10    0.2081310582E-10    0.9999862536E+00    0.9999862536E+00
    1    0.1007500000E+02    0.3483418059E+00   -0.1161139353E+00   -0.4012487273E+00    0.0000000000E+00    0.0000000000E+00    0.0000000000E+00    0.0000000000E+00    0.0000000000E+00    0.0000000000E+00    0.3844351640E-11    0.3844351640E-11    0.9999928401E+00    0.9999928401E+00
    2    0.1007500000E+02   -0.4644557413E+00   -0.1161139353E+00    0.1911745484E+00    0.0000000000E+00    0.0000000000E+00    0.0000000000E+00    0.0000000000E+00    0.0000000000E+00    0.0000000000E+00    0.3018326240E-18    0.3018352913E-18    0.9999975598E+00    0.9999975598E+00
    3    0.1007500000E+02    0.3483418059E+00   -0.1161139353E+00    0.5695472183E+00    0.0000000000E+00    0.0000000000E+00    0.0000000000E+00    0.0000000000E+00    0.0000000000E+00    0.0000000000E+00    0.4755813499E-11    0.4755813499E-11    0.9999924566E+00    0.9999924566E+00
    4    0.1007500000E+02    0.3483418059E+00    0.6966836119E+00    0.3560113702E+00    0.0000000000E+00    0.0000000000E+00    0.0000000000E+00    0.0000000000E+00    0.0000000000E+00    0.0000000000E+00    0.8914254571E-14    0.8914254576E-14    0.9999931960E+00    0.9999931960E+00
    1    0.1033333333E+02    0.3483418059E+00    0.6966836119E+00    0.2541598194E+00    0.0000000000E+00    0.0000000000E+00    0.0000000000E+00    0.0000000000E+00    0.0000000000E+00    0.0000000000E+00    0.2123720741E-12    0.2123720741E-12    0.9999930210E+00    0.9999930210E+00
    2    0.1033333333E+02   -0.4644557413E+00   -0.1161139353E+00    0.1537279989E+00    0.0000000000E+00    0.0000000000E+00    0.0000000000E+00    0.0000000000E+00    0.0000000000E+00    0.0000000000E+00    0.2675217808E-14    0.2675217808E-14    0.9999974190E+00    0.9999974190E+00
    1    0.1059166667E+02   -0.4644557413E+00   -0.1161139353E+00    0.1150021028E+00    0.0000000000E+00    0.0000000000E+00    0.0000000000E+00    0.0000000000E+00    0.0000000000E+00    0.0000000000E+00    0.8996345035E-14    0.8996345035E-14    0.9999972563E+00    0.9999972563E+00
    2    0.1059166667E+02    0.3483418059E+00    0.6966836119E+00    0.1381655088E+00    0.0000000000E+00    0.0000000000E+00    0.0000000000E+00    0.0000000000E+00    0.0000000000E+00    0.0000000000E+00    0.1875262040E-11    0.1875262040E-11    0.9999899517E+00    0.9999899517E+00
    1    0.1085000000E+02    0.3483418059E+00    0.6966836119E+00   -0.5249488459E+00    0.0000000000E+00    0.0000000000E+00    0.0000000000E+00    0.0000000000E+00    0.0000000000E+00    0.0000000000E+00    0.1994277052E-10    0.1994277052E-10    0.9999878919E+00    0.9999878919E+00
    2    0.1085000000E+02    0.3483418059E+00    0.6966836119E+00    0.4198926685E+00    0.0000000000E+00    0.0000000000E+00    0.0000000000E+00    0.0000000000E+00    0.0000000000E+00    0.0000000000E+00    0.1988072362E-10    0.1988072362E-10    0.9999873079E+00    0.9999873079E+00
    3    0.1085000000E+02   -0.4644557413E+00   -0.1161139353E+00    0.7470506776E-01    0.0000000000E+00    0.0000000000E+00    0.0000000000E+00    0.0000000000E+00    0.0000000000E+00    0.0000000000E+00    0.1476213801E-13    0.1476213801E-13    0.9999970652E+00    0.9999970652E+00
    1    0.1110833333E+02    0.3483418059E+00    0.6966836119E+00    0.5279539878E+00    0.0000000000E+00    0.0000000000E+00    0.0000000000E+00    0.0000000000E+00    0.0000000000E+00    0.0000000000E+00    0.1189045712E-12    0.1189045712E-12    0.9999947965E+00    0.9999947965E+00
    2    0.1110833333E+02    0.3483418059E+00    0.6966836119E+00    0.3097861488E+00    0.0000000000E+00    0.0000000000E+00    0.0000000000E+00    0.0000000000E+00    0.0000000000E+00    0.0000000000E+00    0.1606027098E-12    0.1606027098E-12    0.9999933933E+00    0.9999933933E+00
    3    0.1110833333E+02   -0.4644557413E+00    0.6966836119E+00   -0.1503660733E+00    0.0000000000E+00    0.0000000000E+00    0.0000000000E+00    0.0000000000E+00    0.0000000000E+00    0.0000000000E+00    0.8522532832E-12    0.8522532832E-12    0.9999898389E+00    0.9999898389E+00
    4    0.1110833333E+02   -0.4644557413E+00   -0.1161139353E+00    0.3242613040E-01    0.0000000000E+00    0.0000000000E+00    0.0000000000E+00    0.0000000000E+00    0.0000000000E+00    0.0000000000E+00    0.2976707093E-13    0.2976707093E-13    0.9999968277E+00    0.9999968277E+00
    1    0.1136666667E+02   -0.4644557413E+00    0.6966836119E+00   -0.2597984214E+00    0.0000000000E+00    0.0000000000E+00    0.0000000000E+00    0.0000000000E+00    0.0000000000E+00    0.0000000000E+00    0.1204566928E-12    0.1204566928E-12    0.9999931509E+00    0.9999931509E+00
    2    0.1136666667E+02    0.3483418059E+00    0.6966836119E+00    0.4637672765E+00    0.0000000000E+00    0.0000000000E+00    0.0000000000E+00    0.0000000000E+00    0.0000000000E+00    0.0000000000E+00    0.2408843533E-13    0.2408843533E-13    0.9999955668E+00    0.9999955668E+00
    3    0.1136666667E+02    0.3483418059E+00    0.6966836119E+00    0.2175895994E+00    0.0000000000E+00    0.0000000000E+00    0.0000000000E+00    0.0000000000E+00    0.0000000000E+00    0.0000000000E+00    0.8374519065E-13    0.8374519065E-13    0.9999925929E+00    0.9999925929E+00
    4    0.1136666667E+02   -0.4644557413E+00   -0.1161139353E+00   -0.1157409305E-01    0.0000000000E+00    0.0000000000E+00    0.0000000000E+00    0.0000000000E+00    0.0000000000E+00    0.0000000000E+00    0.1795562203E-12    0.1795562203E-12    0.9999964432E+00    0.9999964432E+00
    1    0.1162500000E+02    0.3483418059E+00    0.6966836119E+00    0.4065352167E+00    0.0000000000E+00    0.0000000000E+00    0.0000000000E+00    0.0000000000E+00    0.0000000000E+00    0.0000000000E+00    0.1136149493E-13    0.1136149496E-13    0.9999957353E+00    0.9999957353E+00
    2    0.1162500000E+02    0.3483418059E+00   -0.1161139353E+00   -0.4491240916E+00    0.0000000000E+00    0.0000000000E+00    0.0000000000E+00    0.0000000000E+00    0.0000000000E+00    0.0000000000E+00    0.4902731579E-13    0.4902731579E-13    0.9999834157E+00    0.9999834157E+00
    3    0.1162500000E+02   -0.4644557413E+00    0.6966836119E+00   -0.3432430591E+00    0.0000000000E+00    0.0000000000E+00    0.0000000000E+00    0.0000000000E+00    0.0000000000E+00    0.0000000000E+00    0.8628555607E-14    0.8628555626E-14    0.9999941134E+00    0.9999941134E+00
    4    0.1162500000E+02    0.3483418059E+00    0.6966836119E+00    0.8607505293E-01    0.3483418059E+00   -0.9289114825E+00    0.8607505293E-01    0.4138367209E+00    0.6147441701E+01   -0.2969898574E+00    0.2225313600E-10    0.2225313600E-10    0.9999834706E+00    0.9999834706E+00
    5    0.1162500000E+02   -0.4644557413E+00   -0.1161139353E+00   -0.5953317495E-01    0.0000000000E+00    0.0000000000E+00    0.0000000000E+00    0.0000000000E+00    0.0000000000E+00    0.0000000000E+00    0.2223893958E-13    0.2223893961E-13    0.9999962241E+00    0.9999962241E+00
    1    0.1188333333E+02    0.3483418059E+00    0.6966836119E+00    0.3510873572E+00    0.0000000000E+00    0.0000000000E+00    0.0000000000E+00    0.0000000000E+00    0.0000000000E+00    0.0000000000E+00    0.6577459786E-15    0.6577459787E-15    0.9999956682E+00    0.9999956682E+00
    2    0.1188333333E+02    0.3483418059E+00   -0.1161139353E+00   -0.5708478186E+00    0.0000000000E+00    0.0000000000E+00    0.0000000000E+00    0.0000000000E+00    0.0000000000E+00    0.0000000000E+00    0.3299879488E-11    0.3299879488E-11    0.9999918712E+00    0.9999918712E+00
    3    0.1188333333E+02   -0.4644557413E+00    0.6966836119E+00   -0.4167016588E+00   -0.4644557413E+00    0.6966836119E+00   -0.4167016588E+00    0.2468372518E+01   -0.3008445943E+01    0.4184803225E+01    0.9381300083E-15    0.9381300090E-15    0.9999944865E+00    0.9999944865E+00
    4    0.1188333333E+02   -0.4644557413E+00   -0.1161139353E+00   -0.1111444807E+00    0.0000000000E+00    0.0000000000E+00    0.0000000000E+00    0.0000000000E+00    0.0000000000E+00    0.0000000000E+00    0.1295238764E-13    0.1295238764E-13    0.9999957897E+00    0.9999957897E+00
    1    0.1214166667E+02    0.3483418059E+00    0.6966836119E+00    0.2946696443E+00    0.0000000000E+00    0.0000000000E+00    0.0000000000E+00    0.0000000000E+00    0.0000000000E+00    0.0000000000E+00    0.7097527850E-14    0.7097527957E-14    0.9999954012E+00    0.9999954012E+00
    2    0.1214166667E+02    0.3483418059E+00   -0.1161139353E+00    0.4956648491E+00    0.0000000000E+00    0.0000000000E+00    0.0000000000E+00    0.0000000000E+00    0.0000000000E+00    0.0000000000E+00    0.4002664249E-14    0.4002664255E-14    0.9999934947E+00    0.9999934947E+00
    3    0.1214166667E+02   -0.4644557413E+00    0.6966836119E+00   -0.4860613313E+00    0.0000000000E+00    0.0000000000E+00    0.0000000000E+00    0.0000000000E+00    0.0000000000E+00    0.0000000000E+00    0.5286997028E-16    0.5286997032E-16    0.9999945291E+00    0.9999945291E+00
    4    0.1214166667E+02   -0.4644557413E+00   -0.1161139353E+00   -0.1680424369E+00    0.0000000000E+00    0.0000000000E+00    0.0000000000E+00    0.0000000000E+00    0.0000000000E+00    0.0000000000E+00    0.1300199099E-14    0.1300199099E-14    0.9999952063E+00    0.9999952063E+00
    1    0.1240000000E+02    0.3483418059E+00    0.6966836119E+00    0.2347448172E+00    0.0000000000E+00    0.0000000000E+00    0.0000000000E+00    0.0000000000E+00    0.0000000000E+00    0.0000000000E+00    0.9622026936E-14    0.9622026981E-14    0.9999948941E+00    0.9999948941E+00
    2    0.1240000000E+02    0.3483418059E+00   -0.1161139353E+00    0.4111421772E+00    0.0000000000E+00    0.0000000000E+00    0.0000000000E+00    0.0000000000E+00    0.0000000000E+00    0.0000000000E+00    0.4474198649E-15    0.4474207549E-15    0.9999926938E+00    0.9999926938E+00
    3    0.1240000000E+02   -0.4644557413E+00    0.6966836119E+00   -0.5551369510E+00    0.0000000000E+00    0.0000000000E+00    0.0000000000E+00    0.0000000000E+00    0.0000000000E+00    0.0000000000E+00    0.9250844474E-15    0.9250844561E-15    0.9999942969E+00    0.9999942969E+00
    4    0.1240000000E+02   -0.4644557413E+00   -0.1161139353E+00   -0.2322153581E+00    0.0000000000E+00    0.0000000000E+00    0.0000000000E+00    0.0000000000E+00    0.0000000000E+00    0.0000000000E+00    0.1892577060E-14    0.1892577421E-14    0.9999944151E+00    0.9999944151E+00
    1    0.1265833333E+02   -0.4644557413E+00   -0.1161139353E+00   -0.3060104789E+00    0.0000000000E+00    0.0000000000E+00    0.0000000000E+00    0.0000000000E+00    0.0000000000E+00    0.0000000000E+00    0.4884503907E-15    0.4884527822E-15    0.9999934250E+00    0.9999934250E+00
    2    0.1265833333E+02   -0.4644557413E+00    0.6966836119E+00    0.5220166666E+00    0.0000000000E+00    0.0000000000E+00    0.0000000000E+00    0.0000000000E+00    0.0000000000E+00    0.0000000000E+00    0.3349552847E-14    0.3349552851E-14    0.9999937429E+00    0.9999937429E+00
    3    0.1265833333E+02    0.3483418059E+00   -0.1161139353E+00    0.3085685774E+00    0.0000000000E+00    0.0000000000E+00    0.0000000000E+00    0.0000000000E+00    0.0000000000E+00    0.0000000000E+00    0.1018836587E-12    0.1018836590E-12    0.9999897770E+00    0.9999897770E+00
    4    0.1265833333E+02    0.3483418059E+00    0.6966836119E+00    0.1674257312E+00    0.0000000000E+00    0.0000000000E+00    0.0000000000E+00    0.0000000000E+00    0.0000000000E+00    0.0000000000E+00    0.1783751738E-13    0.1783751741E-13    0.9999939047E+00    0.9999939047E+00
    1    0.1291666667E+02   -0.4644557413E+00   -0.1161139353E+00   -0.3898220164E+00    0.0000000000E+00    0.0000000000E+00    0.0000000000E+00    0.0000000000E+00    0.0000000000E+00    0.0000000000E+00    0.3679391100E-16    0.3679391102E-16    0.9999925826E+00    0.9999925826E+00
    2    0.1291666667E+02   -0.4644557413E+00    0.6966836119E+00    0.4416775528E+00    0.0000000000E+00    0.0000000000E+00    0.0000000000E+00    0.0000000000E+00    0.0000000000E+00    0.0000000000E+00    0.1366360093E-13    0.1366360093E-13    0.9999926374E+00    0.9999926374E+00
    3    0.1291666667E+02    0.3483418059E+00    0.6966836119E+00    0.8025474196E-01    0.0000000000E+00    0.0000000000E+00    0.0000000000E+00    0.0000000000E+00    0.0000000000E+00    0.0000000000E+00    0.4016291376E-11    0.4016291376E-11    0.9999903662E+00    0.9999903662E+00
    1    0.1317500000E+02   -0.4644557413E+00   -0.1161139353E+00   -0.4781704457E+00   -0.4644557413E+00   -0.1161139353E+00   -0.4781704457E+00    0.3134413075E+01    0.1535028545E+01    0.3412913829E+01    0.2503657233E-13    0.2503657233E-13    0.9999924055E+00    0.9999924055E+00
    2    0.1317500000E+02   -0.4644557413E+00    0.6966836119E+00    0.3429208999E+00    0.0000000000E+00    0.0000000000E+00    0.0000000000E+00    0.0000000000E+00    0.0000000000E+00    0.0000000000E+00    0.5415891934E-13    0.5415891934E-13    0.9999899713E+00    0.9999899713E+00
    1    0.1343333333E+02   -0.4644557413E+00   -0.1161139353E+00   -0.5639638657E+00    0.0000000000E+00    0.0000000000E+00    0.0000000000E+00    0.0000000000E+00    0.0000000000E+00    0.0000000000E+00    0.2723183367E-12    0.2723183367E-12    0.9999925153E+00    0.9999925153E+00
    2    0.1343333333E+02    0.3483418059E+00    0.6966836119E+00   -0.4962566408E+00    0.0000000000E+00    0.0000000000E+00    0.0000000000E+00    0.0000000000E+00    0.0000000000E+00    0.0000000000E+00    0.4900243094E-11    0.4900243094E-11    0.9999641600E+00    0.9999641600E+00
    3    0.1343333333E+02   -0.4644557413E+00    0.6966836119E+00    0.1635400657E+00   -0.4644557413E+00    0.6966836119E+00    0.1635400657E+00    0.9878055146E+00   -0.5328982639E+00    0.4724696099E+00    0.4341594499E-11    0.4341594499E-11    0.9999668611E+00    0.9999668611E+00
    4    0.1343333333E+02    0.3483418059E+00    0.6966836119E+00   -0.2275014269E+00    0.0000000000E+00    0.0000000000E+00    0.0000000000E+00    0.0000000000E+00    0.0000000000E+00    0.0000000000E+00    0.7827604535E-12    0.7827604535E-12    0.9999721750E+00    0.9999721750E+00
    5    0.1343333333E+02   -0.4644557413E+00   -0.1161139353E+00   -0.2552677084E+00    0.0000000000E+00    0.0000000000E+00    0.0000000000E+00    0.0000000000E+00    0.0000000000E+00    0.0000000000E+00    0.2780708586E-11    0.2780708586E-11    0.9999725711E+00    0.9999725711E+00
    6    0.1343333333E+02   -0.4644557413E+00    0.6966836119E+00   -0.5613658427E-01   -0.4644557413E+00    0.6966836119E+00   -0.5613658427E-01    0.1466921278E+01    0.3645182154E-01    0.4008551073E+00    0.3913204001E-09    0.3913204001E-09    0.9999467819E+00    0.9999467819E+00
    1    0.1369166667E+02   -0.4644557413E+00   -0.1161139353E+00    0.5038935480E+00    0.0000000000E+00    0.0000000000E+00    0.0000000000E+00    0.0000000000E+00    0.0000000000E+00    0.0000000000E+00    0.4792202980E-12    0.4792202980E-12    0.9999922141E+00    0.9999922141E+00
    2    0.1369166667E+02   -0.4644557413E+00   -0.1161139353E+00   -0.4622935479E+00    0.0000000000E+00    0.0000000000E+00    0.0000000000E+00    0.0000000000E+00    0.0000000000E+00    0.0000000000E+00    0.1502145406E-12    0.1502145406E-12    0.9999858452E+00    0.9999858452E+00
    3    0.1369166667E+02    0.3483418059E+00    0.6966836119E+00   -0.3734849369E+00    0.0000000000E+00    0.0000000000E+00    0.0000000000E+00    0.0000000000E+00    0.0000000000E+00    0.0000000000E+00    0.8219817779E-11    0.8219817779E-11    0.9999490141E+00    0.9999490141E+00
    4    0.1369166667E+02    0.3483418059E+00    0.6966836119E+00   -0.2142633860E+00    0.0000000000E+00    0.0000000000E+00    0.0000000000E+00    0.0000000000E+00    0.0000000000E+00    0.0000000000E+00    0.8081127433E-11    0.8081127433E-11    0.9999762847E+00    0.9999762847E+00
    5    0.1369166667E+02    0.3483418059E+00   -0.1161139353E+00   -0.2525184285E+00    0.0000000000E+00    0.0000000000E+00    0.0000000000E+00    0.0000000000E+00    0.0000000000E+00    0.0000000000E+00    0.2503680436E-11    0.2503680436E-11    0.9999749076E+00    0.9999749076E+00
    6    0.1369166667E+02   -0.4644557413E+00   -0.1161139353E+00   -0.2838415185E+00    0.0000000000E+00    0.0000000000E+00    0.0000000000E+00    0.0000000000E+00    0.0000000000E+00    0.0000000000E+00    0.1694817633E-11    0.1694817633E-11    0.9999824812E+00    0.9999824812E+00
    7    0.1369166667E+02   -0.4644557413E+00    0.6966836119E+00   -0.2921376915E+00    0.0000000000E+00    0.0000000000E+00    0.0000000000E+00    0.0000000000E+00    0.0000000000E+00    0.0000000000E+00    0.9137153024E-12    0.9137153024E-12    0.9999844876E+00    0.9999844876E+00
    1    0.1395000000E+02    0.3483418059E+00   -0.1161139353E+00   -0.4959247115E-01    0.0000000000E+00    0.0000000000E+00    0.0000000000E+00    0.0000000000E+00    0.0000000000E+00    0.0000000000E+00    0.5093020962E-10    0.5093020962E-10    0.9999655836E+00    0.9999655836E+00
    2    0.1395000000E+02    0.3483418059E+00   -0.1161139353E+00   -0.2062797310E+00    0.0000000000E+00    0.0000000000E+00    0.0000000000E+00    0.0000000000E+00    0.0000000000E+00    0.0000000000E+00    0.1432258993E-10    0.1432258993E-10    0.9999602628E+00    0.9999602628E+00
    3    0.1395000000E+02   -0.4644557413E+00   -0.1161139353E+00    0.4236159317E+00    0.0000000000E+00    0.0000000000E+00    0.0000000000E+00    0.0000000000E+00    0.0000000000E+00    0.0000000000E+00    0.1584930301E-11    0.1584930301E-11    0.9999920416E+00    0.9999920416E+00
    4    0.1395000000E+02   -0.4644557413E+00   -0.1161139353E+00    0.5449308474E+00    0.0000000000E+00    0.0000000000E+00    0.0000000000E+00    0.0000000000E+00    0.0000000000E+00    0.0000000000E+00    0.8115678921E-12    0.8115678921E-12    0.9999875997E+00    0.9999875997E+00
    5    0.1395000000E+02    0.3483418059E+00   -0.1161139353E+00   -0.3853309245E+00    0.0000000000E+00    0.0000000000E+00    0.0000000000E+00    0.0000000000E+00    0.0000000000E+00    0.0000000000E+00    0.1494022195E-10    0.1494022195E-10    0.9999711382E+00    0.9999711382E+00
    6    0.1395000000E+02    0.3483418059E+00   -0.1161139353E+00   -0.5269935469E+00    0.0000000000E+00    0.0000000000E+00    0.0000000000E+00    0.0000000000E+00    0.0000000000E+00    0.0000000000E+00    0.1967264437E-10    0.1967264437E-10    0.9999680854E+00    0.9999680854E+00
    7    0.1395000000E+02   -0.4644557413E+00    0.6966836119E+00   -0.4712368770E+00    0.0000000000E+00    0.0000000000E+00    0.0000000000E+00    0.0000000000E+00    0.0000000000E+00    0.0000000000E+00    0.7883740116E-13    0.7883740116E-13    0.9999815287E+00    0.9999815287E+00
    8    0.1395000000E+02   -0.4644557413E+00   -0.1161139353E+00   -0.4432566722E+00    0.0000000000E+00    0.0000000000E+00    0.0000000000E+00    0.0000000000E+00    0.0000000000E+00    0.0000000000E+00    0.1504872616E-11    0.1504872616E-11    0.9999869480E+00    0.9999869480E+00
    1    0.1420833333E+02   -0.4644557413E+00    0.6966836119E+00   -0.9812366198E-01    0.0000000000E+00    0.0000000000E+00    0.0000000000E+00    0.0000000000E+00    0.0000000000E+00    0.0000000000E+00    0.2211344799E-09    0.2211344799E-09    0.9999106464E+00    0.9999106464E+00
    2    0.1420833333E+02   -0.4644557413E+00   -0.1161139353E+00    0.5661290044E+00    0.0000000000E+00    0.0000000000E+00    0.0000000000E+00    0.0000000000E+00    0.0000000000E+00    0.0000000000E+00    0.1037001772E-11    0.1037001772E-11    0.9999863514E+00    0.9999863514E+00
    3    0.1420833333E+02   -0.4644557413E+00   -0.1161139353E+00    0.3375487160E+00   -0.4644557413E+00   -0.1161139353E+00    0.3375487160E+00    0.7337139566E+00    0.8025417457E+00   -0.1908137903E+00    0.4387297533E-12    0.4387297533E-12    0.9999913100E+00    0.9999913100E+00
    4    0.1420833333E+02   -0.4644557413E+00    0.6966836119E+00    0.3628995281E+00    0.0000000000E+00    0.0000000000E+00    0.0000000000E+00    0.0000000000E+00    0.0000000000E+00    0.0000000000E+00    0.1551063802E-09    0.1551063802E-09    0.9999274092E+00    0.9999274092E+00
    5    0.1420833333E+02   -0.4644557413E+00   -0.1161139353E+00    0.4102651650E+00    0.0000000000E+00    0.0000000000E+00    0.0000000000E+00    0.0000000000E+00    0.0000000000E+00    0.0000000000E+00    0.1483821155E-12    0.1483821155E-12    0.9999872110E+00    0.9999872110E+00
    1    0.1446666667E+02   -0.4644557413E+00   -0.1161139353E+00    0.4061204147E+00    0.0000000000E+00    0.0000000000E+00    0.0000000000E+00    0.0000000000E+00    0.0000000000E+00    0.0000000000E+00    0.6913006380E-12    0.6913006380E-12    0.9999825913E+00    0.9999825913E+00
    2    0.1446666667E+02   -0.4644557413E+00   -0.1161139353E+00    0.2218405933E+00    0.0000000000E+00    0.0000000000E+00    0.0000000000E+00    0.0000000000E+00    0.0000000000E+00    0.0000000000E+00    0.1609682407E-11    0.1609682407E-11    0.9999832684E+00    0.9999832684E+00
    3    0.1446666667E+02   -0.4644557413E+00   -0.1161139353E+00    0.2637324837E+00    0.0000000000E+00    0.0000000000E+00    0.0000000000E+00    0.0000000000E+00    0.0000000000E+00    0.0000000000E+00    0.1327858884E-11    0.1327858884E-11    0.9999866537E+00    0.9999866537E+00
    1    0.1472500000E+02   -0.4644557413E+00   -0.1161139353E+00    0.1530945620E+00    0.0000000000E+00    0.0000000000E+00    0.0000000000E+00    0.0000000000E+00    0.0000000000E+00    0.0000000000E+00    0.7726751171E-10    0.7726751171E-10    0.9999551378E+00    0.9999551378E+00
    2    0.1472500000E+02   -0.4644557413E+00   -0.1161139353E+00    0.8897704859E-01    0.0000000000E+00    0.0000000000E+00    0.0000000000E+00    0.0000000000E+00    0.0000000000E+00    0.0000000000E+00    0.5630521291E-10    0.5630521291E-10    0.9999699807E+00    0.9999699807E+00
