    1    0.2066666667E+01    0.4644557413E+00    0.5805696766E+00   -0.6552686440E-01    0.0000000000E+00    0.0000000000E+00    0.0000000000E+00    0.0000000000E+00    0.0000000000E+00    0.0000000000E+00    0.9788960424E-12    0.9788960424E-12    0.9999971185E+00    0.9999971185E+00
    1    0.2325000000E+01    0.4644557413E+00    0.5805696766E+00   -0.1850110231E+00    0.0000000000E+00    0.0000000000E+00    0.0000000000E+00    0.0000000000E+00    0.0000000000E+00    0.0000000000E+00    0.9801778028E-16    0.9801778028E-16    0.9999984467E+00    0.9999984467E+00
    1    0.2583333333E+01    0.4644557413E+00    0.5805696766E+00    0.1312833257E+00    0.0000000000E+00    0.0000000000E+00    0.0000000000E+00    0.0000000000E+00    0.0000000000E+00    0.0000000000E+00    0.2209187349E-12    0.2209187349E-12    0.9999981158E+00    0.9999981158E+00
    2    0.2583333333E+01    0.4644557413E+00    0.5805696766E+00   -0.3426335864E+00    0.0000000000E+00    0.0000000000E+00    0.0000000000E+00    0.0000000000E+00    0.0000000000E+00    0.0000000000E+00    0.1942920952E-12    0.1942920952E-12    0.9999982345E+00    0.9999982345E+00
    3    0.2583333333E+01    0.4644557413E+00    0.5805696766E+00   -0.2406372932E+00    0.0000000000E+00    0.0000000000E+00    0.0000000000E+00    0.0000000000E+00    0.0000000000E+00    0.0000000000E+00    0.2173618751E-13    0.2173618751E-13    0.9999989255E+00    0.9999989255E+00
    1    0.2841666667E+01    0.4644557413E+00    0.5805696766E+00   -0.4190064884E+00    0.0000000000E+00    0.0000000000E+00    0.0000000000E+00    0.0000000000E+00    0.0000000000E+00    0.0000000000E+00    0.4188047199E-15    0.4188047199E-15    0.9999987940E+00    0.9999987940E+00
    2    0.2841666667E+01    0.4644557413E+00    0.5805696766E+00   -0.3010174253E+00    0.0000000000E+00    0.0000000000E+00    0.0000000000E+00    0.0000000000E+00    0.0000000000E+00    0.0000000000E+00    0.4454556446E-14    0.4454556446E-14    0.9999989030E+00    0.9999989030E+00
    3    0.2841666667E+01    0.4644557413E+00   -0.2322278706E+00   -0.3005790327E+00    0.0000000000E+00    0.0000000000E+00    0.0000000000E+00    0.0000000000E+00    0.0000000000E+00    0.0000000000E+00    0.1544924077E-14    0.1544924078E-14    0.9999966605E+00    0.9999966605E+00
    1    0.3100000000E+01    0.4644557413E+00   -0.2322278706E+00    0.2327841257E+00    0.0000000000E+00    0.0000000000E+00    0.0000000000E+00    0.0000000000E+00    0.0000000000E+00    0.0000000000E+00    0.6222273173E-12    0.6222273217E-12    0.9999972371E+00    0.9999972371E+00
    2    0.3100000000E+01    0.4644557413E+00    0.5805696766E+00   -0.4843970254E+00    0.0000000000E+00    0.0000000000E+00    0.0000000000E+00    0.0000000000E+00    0.0000000000E+00    0.0000000000E+00    0.2392073128E-14    0.2392073133E-14    0.9999987308E+00    0.9999987308E+00
    3    0.3100000000E+01    0.4644557413E+00   -0.2322278706E+00   -0.4623697829E+00    0.0000000000E+00    0.0000000000E+00    0.0000000000E+00    0.0000000000E+00    0.0000000000E+00    0.0000000000E+00    0.4362540361E-12    0.4362540364E-12    0.9999970898E+00    0.9999970898E+00
    4    0.3100000000E+01    0.4644557413E+00   -0.2322278706E+00   -0.3425994475E+00    0.0000000000E+00    0.0000000000E+00    0.0000000000E+00    0.0000000000E+00    0.0000000000E+00    0.0000000000E+00    0.1970729543E-12    0.1970729559E-12    0.9999981395E+00    0.9999981395E+00
    5    0.3100000000E+01    0.4644557413E+00    0.5805696766E+00   -0.3517144976E+00    0.0000000000E+00    0.0000000000E+00    0.0000000000E+00    0.0000000000E+00    0.0000000000E+00    0.0000000000E+00    0.9029427899E-15    0.9029427906E-15    0.9999989652E+00    0.9999989652E+00
    1    0.3358333333E+01    0.4644557413E+00   -0.2322278706E+00    0.1439357072E+00    0.0000000000E+00    0.0000000000E+00    0.0000000000E+00    0.0000000000E+00    0.0000000000E+00    0.0000000000E+00    0.1272989480E-13    0.1272989480E-13    0.9999984195E+00    0.9999984195E+00
    2    0.3358333333E+01    0.4644557413E+00   -0.2322278706E+00   -0.5662750301E+00    0.0000000000E+00    0.0000000000E+00    0.0000000000E+00    0.0000000000E+00    0.0000000000E+00    0.0000000000E+00    0.3041774763E-12    0.3041774763E-12    0.9999974476E+00    0.9999974476E+00
    3    0.3358333333E+01    0.4644557413E+00    0.5805696766E+00   -0.5494032578E+00    0.0000000000E+00    0.0000000000E+00    0.0000000000E+00    0.0000000000E+00    0.0000000000E+00    0.0000000000E+00    0.2362216570E-13    0.2362216570E-13    0.9999985421E+00    0.9999985421E+00
    4    0.3358333333E+01    0.4644557413E+00    0.5805696766E+00   -0.3978843737E+00    0.0000000000E+00    0.0000000000E+00    0.0000000000E+00    0.0000000000E+00    0.0000000000E+00    0.0000000000E+00    0.2717871364E-14    0.2717871364E-14    0.9999989639E+00    0.9999989639E+00
    5    0.3358333333E+01    0.4644557413E+00   -0.2322278706E+00   -0.4185350430E+00    0.4644557413E+00   -0.2322278706E+00   -0.4185350430E+00    0.2255906954E+01   -0.3584029990E+01   -0.9249446554E+00    0.1046123631E-14    0.1046123631E-14    0.9999987961E+00    0.9999987961E+00
    1    0.3616666667E+01    0.4644557413E+00   -0.2322278706E+00    0.6942210525E-01    0.0000000000E+00    0.0000000000E+00    0.0000000000E+00    0.0000000000E+00    0.0000000000E+00    0.0000000000E+00    0.3524667344E-12    0.3524667344E-12    0.9999979637E+00    0.9999979637E+00
    2    0.3616666667E+01    0.4644557413E+00    0.5805696766E+00   -0.4414046313E+00    0.0000000000E+00    0.0000000000E+00    0.0000000000E+00    0.0000000000E+00    0.0000000000E+00    0.0000000000E+00    0.6479487051E-15    0.6479487063E-15    0.9999989040E+00    0.9999989040E+00
    3    0.3616666667E+01    0.4644557413E+00   -0.2322278706E+00   -0.4723087419E+00    0.0000000000E+00    0.0000000000E+00    0.0000000000E+00    0.0000000000E+00    0.0000000000E+00    0.0000000000E+00    0.1024731925E-13    0.1024731925E-13    0.9999986294E+00    0.9999986294E+00
    4    0.3616666667E+01    0.4644557413E+00    0.5805696766E+00    0.5327467387E+00    0.0000000000E+00    0.0000000000E+00    0.0000000000E+00    0.0000000000E+00    0.0000000000E+00    0.0000000000E+00    0.9807610177E-14    0.9807610177E-14    0.9999983389E+00    0.9999983389E+00
    5    0.3616666667E+01    0.4644557413E+00   -0.2322278706E+00    0.4950056744E+00    0.0000000000E+00    0.0000000000E+00    0.0000000000E+00    0.0000000000E+00    0.0000000000E+00    0.0000000000E+00    0.1561377024E-13    0.1561377024E-13    0.9999980159E+00    0.9999980159E+00
    1    0.3875000000E+01   -0.3483418059E+00    0.5805696766E+00   -0.3160683344E+00    0.0000000000E+00    0.0000000000E+00    0.0000000000E+00    0.0000000000E+00    0.0000000000E+00    0.0000000000E+00    0.7410100896E-11    0.7410100896E-11    0.9999927686E+00    0.9999927686E+00
    2    0.3875000000E+01    0.4644557413E+00    0.5805696766E+00   -0.4834825876E+00    0.0000000000E+00    0.0000000000E+00    0.0000000000E+00    0.0000000000E+00    0.0000000000E+00    0.0000000000E+00    0.2201436836E-14    0.2201436836E-14    0.9999988768E+00    0.9999988768E+00
    3    0.3875000000E+01    0.4644557413E+00   -0.2322278706E+00   -0.5192273025E+00    0.0000000000E+00    0.0000000000E+00    0.0000000000E+00    0.0000000000E+00    0.0000000000E+00    0.0000000000E+00    0.9902262647E-15    0.9902262648E-15    0.9999988666E+00    0.9999988666E+00
    4    0.3875000000E+01   -0.3483418059E+00    0.5805696766E+00    0.2200663645E+00    0.0000000000E+00    0.0000000000E+00    0.0000000000E+00    0.0000000000E+00    0.0000000000E+00    0.0000000000E+00    0.7404388670E-11    0.7404388670E-11    0.9999932714E+00    0.9999932714E+00
    5    0.3875000000E+01    0.4644557413E+00    0.5805696766E+00    0.4550926940E+00    0.0000000000E+00    0.0000000000E+00    0.0000000000E+00    0.0000000000E+00    0.0000000000E+00    0.0000000000E+00    0.1589786945E-14    0.1589786945E-14    0.9999978920E+00    0.9999978920E+00
    6    0.3875000000E+01    0.4644557413E+00   -0.2322278706E+00    0.4061482844E+00    0.0000000000E+00    0.0000000000E+00    0.0000000000E+00    0.0000000000E+00    0.0000000000E+00    0.0000000000E+00    0.9561540001E-15    0.9561540001E-15    0.9999976485E+00    0.9999976485E+00
    1    0.4133333333E+01   -0.3483418059E+00    0.5805696766E+00   -0.4771961898E+00    0.0000000000E+00    0.0000000000E+00    0.0000000000E+00    0.0000000000E+00    0.0000000000E+00    0.0000000000E+00    0.4925226404E-12    0.4925226493E-12    0.9999941044E+00    0.9999941044E+00
    2    0.4133333333E+01   -0.3483418059E+00    0.5805696766E+00    0.9893770810E-01    0.0000000000E+00    0.0000000000E+00    0.0000000000E+00    0.0000000000E+00    0.0000000000E+00    0.0000000000E+00    0.5258451581E-13    0.5258451587E-13    0.9999977160E+00    0.9999977160E+00
    3    0.4133333333E+01    0.4644557413E+00    0.5805696766E+00   -0.5252563885E+00    0.0000000000E+00    0.0000000000E+00    0.0000000000E+00    0.0000000000E+00    0.0000000000E+00    0.0000000000E+00    0.1041268084E-14    0.1041268091E-14    0.9999987650E+00    0.9999987650E+00
    4    0.4133333333E+01    0.4644557413E+00   -0.2322278706E+00   -0.5632824157E+00    0.0000000000E+00    0.0000000000E+00    0.0000000000E+00    0.0000000000E+00    0.0000000000E+00    0.0000000000E+00    0.1307820757E-13    0.1307821114E-13    0.9999988089E+00    0.9999988089E+00
    5    0.4133333333E+01    0.4644557413E+00    0.5805696766E+00    0.3599715520E+00    0.0000000000E+00    0.0000000000E+00    0.0000000000E+00    0.0000000000E+00    0.0000000000E+00    0.0000000000E+00    0.1640152827E-14    0.1640152949E-14    0.9999971158E+00    0.9999971158E+00
    6    0.4133333333E+01   -0.3483418059E+00    0.5805696766E+00    0.3304239912E+00    0.0000000000E+00    0.0000000000E+00    0.0000000000E+00    0.0000000000E+00    0.0000000000E+00    0.0000000000E+00    0.6491331982E-13    0.6491332040E-13    0.9999963468E+00    0.9999963468E+00
    7    0.4133333333E+01    0.4644557413E+00   -0.2322278706E+00    0.3095273107E+00    0.0000000000E+00    0.0000000000E+00    0.0000000000E+00    0.0000000000E+00    0.0000000000E+00    0.0000000000E+00    0.2166883892E-13    0.2166883896E-13    0.9999971442E+00    0.9999971442E+00
    1    0.4391666667E+01   -0.3483418059E+00   -0.2322278706E+00   -0.3463907849E+00    0.0000000000E+00    0.0000000000E+00    0.0000000000E+00    0.0000000000E+00    0.0000000000E+00    0.0000000000E+00    0.2282225104E-12    0.2282225104E-12    0.9999971077E+00    0.9999971077E+00
    2    0.4391666667E+01   -0.3483418059E+00   -0.2322278706E+00   -0.4371842006E+00    0.0000000000E+00    0.0000000000E+00    0.0000000000E+00    0.0000000000E+00    0.0000000000E+00    0.0000000000E+00    0.1385616971E-11    0.1385616972E-11    0.9999954813E+00    0.9999954813E+00
    3    0.4391666667E+01    0.4644557413E+00   -0.2322278706E+00    0.5439496557E+00    0.0000000000E+00    0.0000000000E+00    0.0000000000E+00    0.0000000000E+00    0.0000000000E+00    0.0000000000E+00    0.2323641713E-14    0.2323642780E-14    0.9999986906E+00    0.9999986906E+00
    4    0.4391666667E+01    0.4644557413E+00    0.5805696766E+00   -0.5678030070E+00    0.0000000000E+00    0.0000000000E+00    0.0000000000E+00    0.0000000000E+00    0.0000000000E+00    0.0000000000E+00    0.1485989613E-13    0.1485989614E-13    0.9999985955E+00    0.9999985955E+00
    5    0.4391666667E+01    0.4644557413E+00   -0.2322278706E+00    0.1873856620E+00    0.0000000000E+00    0.0000000000E+00    0.0000000000E+00    0.0000000000E+00    0.0000000000E+00    0.0000000000E+00    0.1469087496E-14    0.1469087898E-14    0.9999956866E+00    0.9999956866E+00
    6    0.4391666667E+01   -0.3483418059E+00   -0.2322278706E+00    0.2418490372E+00    0.0000000000E+00    0.0000000000E+00    0.0000000000E+00    0.0000000000E+00    0.0000000000E+00    0.0000000000E+00    0.1493025586E-11    0.1493025586E-11    0.9999955926E+00    0.9999955926E+00
    7    0.4391666667E+01   -0.3483418059E+00    0.5805696766E+00    0.2347208229E+00    0.0000000000E+00    0.0000000000E+00    0.0000000000E+00    0.0000000000E+00    0.0000000000E+00    0.0000000000E+00    0.1131478969E-14    0.1131479028E-14    0.9999977731E+00    0.9999977731E+00
    8    0.4391666667E+01    0.4644557413E+00    0.5805696766E+00    0.2237824239E+00    0.0000000000E+00    0.0000000000E+00    0.0000000000E+00    0.0000000000E+00    0.0000000000E+00    0.0000000000E+00    0.6181971584E-13    0.6181971604E-13    0.9999949752E+00    0.9999949752E+00
    9    0.4391666667E+01   -0.3483418059E+00   -0.2322278706E+00    0.1428845474E-01    0.0000000000E+00    0.0000000000E+00    0.0000000000E+00    0.0000000000E+00    0.0000000000E+00    0.0000000000E+00    0.1046348039E-11    0.1046348039E-11    0.9999966628E+00    0.9999966628E+00
    1    0.4650000000E+01   -0.3483418059E+00   -0.2322278706E+00   -0.4460499419E+00    0.0000000000E+00    0.0000000000E+00    0.0000000000E+00    0.0000000000E+00    0.0000000000E+00    0.0000000000E+00    0.1208506898E-11    0.1208506898E-11    0.9999965538E+00    0.9999965538E+00
    2    0.4650000000E+01   -0.3483418059E+00   -0.2322278706E+00   -0.5677413946E+00    0.0000000000E+00    0.0000000000E+00    0.0000000000E+00    0.0000000000E+00    0.0000000000E+00    0.0000000000E+00    0.9302530580E-11    0.9302530581E-11    0.9999924801E+00    0.9999924801E+00
    3    0.4650000000E+01    0.4644557413E+00   -0.2322278706E+00    0.5013328573E+00    0.0000000000E+00    0.0000000000E+00    0.0000000000E+00    0.0000000000E+00    0.0000000000E+00    0.0000000000E+00    0.1226844220E-14    0.1226844236E-14    0.9999986839E+00    0.9999986839E+00
    4    0.4650000000E+01    0.4644557413E+00    0.5805696766E+00    0.5374346080E+00    0.0000000000E+00    0.0000000000E+00    0.0000000000E+00    0.0000000000E+00    0.0000000000E+00    0.0000000000E+00    0.8362005559E-14    0.8362005582E-14    0.9999986152E+00    0.9999986152E+00
    5    0.4650000000E+01   -0.3483418059E+00    0.5805696766E+00    0.1646831221E+00    0.0000000000E+00    0.0000000000E+00    0.0000000000E+00    0.0000000000E+00    0.0000000000E+00    0.0000000000E+00    0.1217949284E-14    0.1217949287E-14    0.9999979934E+00    0.9999979934E+00
    6    0.4650000000E+01   -0.3483418059E+00   -0.2322278706E+00    0.1384266983E+00    0.0000000000E+00    0.0000000000E+00    0.0000000000E+00    0.0000000000E+00    0.0000000000E+00    0.0000000000E+00    0.1048829348E-12    0.1048829349E-12    0.9999974491E+00    0.9999974491E+00
    7    0.4650000000E+01    0.4644557413E+00    0.5805696766E+00   -0.7121437398E-01    0.0000000000E+00    0.0000000000E+00    0.0000000000E+00    0.0000000000E+00    0.0000000000E+00    0.0000000000E+00    0.3008555348E-12    0.3008555348E-12    0.9999980635E+00    0.9999980635E+00
    8    0.4650000000E+01   -0.3483418059E+00   -0.2322278706E+00   -0.5079920667E-01    0.0000000000E+00    0.0000000000E+00    0.0000000000E+00    0.0000000000E+00    0.0000000000E+00    0.0000000000E+00    0.1346960899E-12    0.1346960899E-12    0.9999978494E+00    0.9999978494E+00
    1    0.4908333333E+01   -0.3483418059E+00    0.5805696766E+00    0.1006052547E+00    0.0000000000E+00    0.0000000000E+00    0.0000000000E+00    0.0000000000E+00    0.0000000000E+00    0.0000000000E+00    0.4310731640E-13    0.4312221544E-13    0.9999979092E+00    0.9999979092E+00
    2    0.4908333333E+01   -0.3483418059E+00   -0.2322278706E+00    0.6495706155E-01    0.0000000000E+00    0.0000000000E+00    0.0000000000E+00    0.0000000000E+00    0.0000000000E+00    0.0000000000E+00    0.6061931852E-14    0.6094409287E-14    0.9999977633E+00    0.9999977633E+00
    3    0.4908333333E+01   -0.3483418059E+00    0.5805696766E+00   -0.7157023862E-01    0.0000000000E+00    0.0000000000E+00    0.0000000000E+00    0.0000000000E+00    0.0000000000E+00    0.0000000000E+00    0.1489278648E-12    0.1495241929E-12    0.9999976338E+00    0.9999976338E+00
    4    0.4908333333E+01    0.4644557413E+00    0.5805696766E+00   -0.1224009606E+00    0.0000000000E+00    0.0000000000E+00    0.0000000000E+00    0.0000000000E+00    0.0000000000E+00    0.0000000000E+00    0.3274303351E-13    0.3275671577E-13    0.9999985879E+00    0.9999985879E+00
    5    0.4908333333E+01   -0.3483418059E+00   -0.2322278706E+00   -0.1142998003E+00    0.0000000000E+00    0.0000000000E+00    0.0000000000E+00    0.0000000000E+00    0.0000000000E+00    0.0000000000E+00    0.9043166491E-14    0.9067976074E-14    0.9999980254E+00    0.9999980254E+00
    6    0.4908333333E+01    0.4644557413E+00   -0.2322278706E+00    0.4576248322E+00    0.0000000000E+00    0.0000000000E+00    0.0000000000E+00    0.0000000000E+00    0.0000000000E+00    0.0000000000E+00    0.2135122079E-14    0.2135125653E-14    0.9999985431E+00    0.9999985431E+00
    7    0.4908333333E+01    0.4644557413E+00    0.5805696766E+00    0.4891808622E+00    0.0000000000E+00    0.0000000000E+00    0.0000000000E+00    0.0000000000E+00    0.0000000000E+00    0.0000000000E+00    0.5288212488E-14    0.5303549618E-14    0.9999983111E+00    0.9999983111E+00
    1    0.5166666667E+01   -0.3483418059E+00    0.5805696766E+00    0.2997712311E-01    0.0000000000E+00    0.0000000000E+00    0.0000000000E+00    0.0000000000E+00    0.0000000000E+00    0.0000000000E+00    0.1150969982E-11    0.1150969982E-11    0.9999967179E+00    0.9999967179E+00
    2    0.5166666667E+01   -0.3483418059E+00    0.5805696766E+00   -0.1496710374E+00    0.0000000000E+00    0.0000000000E+00    0.0000000000E+00    0.0000000000E+00    0.0000000000E+00    0.0000000000E+00    0.3368877220E-12    0.3368877220E-12    0.9999968586E+00    0.9999968586E+00
    3    0.5166666667E+01   -0.3483418059E+00   -0.2322278706E+00   -0.1770671274E+00    0.0000000000E+00    0.0000000000E+00    0.0000000000E+00    0.0000000000E+00    0.0000000000E+00    0.0000000000E+00    0.3667521420E-16    0.3667521688E-16    0.9999977762E+00    0.9999977762E+00
    4    0.5166666667E+01    0.4644557413E+00    0.5805696766E+00   -0.1644943586E+00    0.0000000000E+00    0.0000000000E+00    0.0000000000E+00    0.0000000000E+00    0.0000000000E+00    0.0000000000E+00    0.1002719310E-13    0.1002719310E-13    0.9999986707E+00    0.9999986707E+00
    5    0.5166666667E+01   -0.3483418059E+00    0.5805696766E+00    0.5564017885E+00    0.0000000000E+00    0.0000000000E+00    0.0000000000E+00    0.0000000000E+00    0.0000000000E+00    0.0000000000E+00    0.9075966508E-12    0.9075966508E-12    0.9999968403E+00    0.9999968403E+00
    6    0.5166666667E+01   -0.3483418059E+00    0.5805696766E+00    0.3969658159E+00    0.0000000000E+00    0.0000000000E+00    0.0000000000E+00    0.0000000000E+00    0.0000000000E+00    0.0000000000E+00    0.1030909800E-11    0.1030909800E-11    0.9999955022E+00    0.9999955022E+00
    7    0.5166666667E+01    0.4644557413E+00    0.5805696766E+00    0.4335827784E+00    0.0000000000E+00    0.0000000000E+00    0.0000000000E+00    0.0000000000E+00    0.0000000000E+00    0.0000000000E+00    0.1517875306E-13    0.1517875306E-13    0.9999978768E+00    0.9999978768E+00
    8    0.5166666667E+01    0.4644557413E+00   -0.2322278706E+00    0.4114096525E+00    0.0000000000E+00    0.0000000000E+00    0.0000000000E+00    0.0000000000E+00    0.0000000000E+00    0.0000000000E+00    0.6026345033E-15    0.6026345036E-15    0.9999983645E+00    0.9999983645E+00
    1    0.5425000000E+01   -0.3483418059E+00   -0.2322278706E+00   -0.2507655055E+00    0.0000000000E+00    0.0000000000E+00    0.0000000000E+00    0.0000000000E+00    0.0000000000E+00    0.0000000000E+00    0.1329973621E-14    0.1329973633E-14    0.9999968120E+00    0.9999968120E+00
    2    0.5425000000E+01    0.4644557413E+00    0.5805696766E+00   -0.2036073627E+00    0.0000000000E+00    0.0000000000E+00    0.0000000000E+00    0.0000000000E+00    0.0000000000E+00    0.0000000000E+00    0.1502180106E-13    0.1502180106E-13    0.9999984554E+00    0.9999984554E+00
    3    0.5425000000E+01   -0.3483418059E+00   -0.2322278706E+00   -0.6373920815E-01    0.0000000000E+00    0.0000000000E+00    0.0000000000E+00    0.0000000000E+00    0.0000000000E+00    0.0000000000E+00    0.2149663974E-14    0.2149663982E-14    0.9999977430E+00    0.9999977430E+00
    4    0.5425000000E+01   -0.3483418059E+00    0.5805696766E+00    0.4738815128E+00    0.0000000000E+00    0.0000000000E+00    0.0000000000E+00    0.0000000000E+00    0.0000000000E+00    0.0000000000E+00    0.1056770791E-13    0.1056770792E-13    0.9999971988E+00    0.9999971988E+00
    5    0.5425000000E+01    0.4644557413E+00    0.5805696766E+00    0.3617825218E+00    0.0000000000E+00    0.0000000000E+00    0.0000000000E+00    0.0000000000E+00    0.0000000000E+00    0.0000000000E+00    0.2450574876E-13    0.2450574879E-13    0.9999970731E+00    0.9999970731E+00
    6    0.5425000000E+01    0.4644557413E+00   -0.2322278706E+00    0.3605458113E+00    0.0000000000E+00    0.0000000000E+00    0.0000000000E+00    0.0000000000E+00    0.0000000000E+00    0.0000000000E+00    0.9900367514E-15    0.9900367650E-15    0.9999980614E+00    0.9999980614E+00
    1    0.5683333333E+01   -0.3483418059E+00   -0.2322278706E+00   -0.5514918031E+00    0.0000000000E+00    0.0000000000E+00    0.0000000000E+00    0.0000000000E+00    0.0000000000E+00    0.0000000000E+00    0.6066731997E-13    0.6080726805E-13    0.9999950934E+00    0.9999950934E+00
    2    0.5683333333E+01   -0.3483418059E+00    0.5805696766E+00    0.3897299501E+00    0.0000000000E+00    0.0000000000E+00    0.0000000000E+00    0.0000000000E+00    0.0000000000E+00    0.0000000000E+00    0.1216674242E-12    0.1218125577E-12    0.9999964222E+00    0.9999964222E+00
    3    0.5683333333E+01    0.4644557413E+00    0.5805696766E+00    0.2240223449E+00    0.0000000000E+00    0.0000000000E+00    0.0000000000E+00    0.0000000000E+00    0.0000000000E+00    0.0000000000E+00    0.3898687867E-12    0.3898687878E-12    0.9999897559E+00    0.9999897559E+00
    4    0.5683333333E+01    0.4644557413E+00   -0.2322278706E+00    0.3008032534E+00    0.0000000000E+00    0.0000000000E+00    0.0000000000E+00    0.0000000000E+00    0.0000000000E+00    0.0000000000E+00    0.5610673009E-13    0.5618884780E-13    0.9999974875E+00    0.9999974875E+00
    5    0.5683333333E+01    0.4644557413E+00    0.5805696766E+00   -0.2416004731E+00    0.0000000000E+00    0.0000000000E+00    0.0000000000E+00    0.0000000000E+00    0.0000000000E+00    0.0000000000E+00    0.4340419304E-13    0.4340419459E-13    0.9999984041E+00    0.9999984041E+00
    6    0.5683333333E+01    0.4644557413E+00   -0.2322278706E+00   -0.4778313662E-01    0.0000000000E+00    0.0000000000E+00    0.0000000000E+00    0.0000000000E+00    0.0000000000E+00    0.0000000000E+00    0.1339190940E-11    0.1340023485E-11    0.9999968448E+00    0.9999968448E+00
    7    0.5683333333E+01   -0.3483418059E+00   -0.2322278706E+00   -0.1303230625E+00   -0.3483418059E+00   -0.2322278706E+00    0.1019146253E+01   -0.4352492000E+01    0.4115157221E+00    0.6088571138E+00    0.4703429457E-13    0.4705096766E-13    0.9999973316E+00    0.9999973316E+00
    8    0.5683333333E+01   -0.3483418059E+00    0.5805696766E+00   -0.8690711148E-01    0.0000000000E+00    0.0000000000E+00    0.0000000000E+00    0.0000000000E+00    0.0000000000E+00    0.0000000000E+00    0.2743294393E-12    0.2743608674E-12    0.9999963962E+00    0.9999963962E+00
    1    0.5941666667E+01   -0.3483418059E+00   -0.2322278706E+00    0.4939728162E+00    0.0000000000E+00    0.0000000000E+00    0.0000000000E+00    0.0000000000E+00    0.0000000000E+00    0.0000000000E+00    0.2436069877E-12    0.2436069877E-12    0.9999959480E+00    0.9999959480E+00
    2    0.5941666667E+01    0.4644557413E+00   -0.2322278706E+00    0.2202783861E+00    0.0000000000E+00    0.0000000000E+00    0.0000000000E+00    0.0000000000E+00    0.0000000000E+00    0.0000000000E+00    0.4811215188E-13    0.4811215188E-13    0.9999960784E+00    0.9999960784E+00
    3    0.5941666667E+01    0.4644557413E+00   -0.2322278706E+00   -0.1067829750E+00    0.0000000000E+00    0.0000000000E+00    0.0000000000E+00    0.0000000000E+00    0.0000000000E+00    0.0000000000E+00    0.1241377437E-12    0.1241377437E-12    0.9999981015E+00    0.9999981015E+00
    4    0.5941666667E+01    0.4644557413E+00    0.5805696766E+00   -0.2794295865E+00    0.0000000000E+00    0.0000000000E+00    0.0000000000E+00    0.0000000000E+00    0.0000000000E+00    0.0000000000E+00    0.1308173056E-14    0.1308173070E-14    0.9999985170E+00    0.9999985170E+00
    5    0.5941666667E+01   -0.3483418059E+00   -0.2322278706E+00   -0.2092446394E+00    0.0000000000E+00    0.0000000000E+00    0.0000000000E+00    0.0000000000E+00    0.0000000000E+00    0.0000000000E+00    0.2285928047E-12    0.2285928047E-12    0.9999963642E+00    0.9999963642E+00
    1    0.6200000000E+01    0.4644557413E+00   -0.2322278706E+00   -0.1504771517E+00    0.0000000000E+00    0.0000000000E+00    0.0000000000E+00    0.0000000000E+00    0.0000000000E+00    0.0000000000E+00    0.1331142520E-13    0.1331142580E-13    0.9999983216E+00    0.9999983216E+00
    2    0.6200000000E+01    0.4644557413E+00    0.5805696766E+00   -0.3176699608E+00    0.0000000000E+00    0.0000000000E+00    0.0000000000E+00    0.0000000000E+00    0.0000000000E+00    0.0000000000E+00    0.5797040161E-15    0.5797040163E-15    0.9999984255E+00    0.9999984255E+00
    1    0.6458333333E+01    0.4644557413E+00    0.5805696766E+00   -0.3568043369E+00    0.0000000000E+00    0.0000000000E+00    0.0000000000E+00    0.0000000000E+00    0.0000000000E+00    0.0000000000E+00    0.7326703321E-16    0.7326703321E-16    0.9999983131E+00    0.9999983131E+00
    2    0.6458333333E+01    0.4644557413E+00   -0.2322278706E+00   -0.1903057101E+00    0.0000000000E+00    0.0000000000E+00    0.0000000000E+00    0.0000000000E+00    0.0000000000E+00    0.0000000000E+00    0.6244995163E-17    0.6244995163E-17    0.9999983478E+00    0.9999983478E+00
    1    0.6716666667E+01    0.4644557413E+00   -0.2322278706E+00   -0.2288315854E+00    0.0000000000E+00    0.0000000000E+00    0.0000000000E+00    0.0000000000E+00    0.0000000000E+00    0.0000000000E+00    0.2574393513E-14    0.2574393513E-14    0.9999983072E+00    0.9999983072E+00
    2    0.6716666667E+01    0.4644557413E+00    0.5805696766E+00   -0.3972576818E+00    0.0000000000E+00    0.0000000000E+00    0.0000000000E+00    0.0000000000E+00    0.0000000000E+00    0.0000000000E+00    0.1140476902E-16    0.1140476903E-16    0.9999981787E+00    0.9999981787E+00
    1    0.6975000000E+01    0.4644557413E+00   -0.2322278706E+00   -0.2672939571E+00    0.0000000000E+00    0.0000000000E+00    0.0000000000E+00    0.0000000000E+00    0.0000000000E+00    0.0000000000E+00    0.4449162930E-14    0.4449162930E-14    0.9999982248E+00    0.9999982248E+00
    2    0.6975000000E+01    0.4644557413E+00    0.5805696766E+00   -0.4394327275E+00    0.0000000000E+00    0.0000000000E+00    0.0000000000E+00    0.0000000000E+00    0.0000000000E+00    0.0000000000E+00    0.5966796157E-16    0.5966796157E-16    0.9999980211E+00    0.9999980211E+00
    1    0.7233333333E+01    0.4644557413E+00   -0.2322278706E+00   -0.3065228535E+00    0.0000000000E+00    0.0000000000E+00    0.0000000000E+00    0.0000000000E+00    0.0000000000E+00    0.0000000000E+00    0.3202061292E-14    0.3202063048E-14    0.9999981053E+00    0.9999981053E+00
    2    0.7233333333E+01    0.4644557413E+00    0.5805696766E+00   -0.4836964142E+00    0.0000000000E+00    0.0000000000E+00    0.0000000000E+00    0.0000000000E+00    0.0000000000E+00    0.0000000000E+00    0.2686320304E-16    0.2686370172E-16    0.9999978414E+00    0.9999978414E+00
    1    0.7491666667E+01    0.4644557413E+00   -0.2322278706E+00   -0.3472620820E+00    0.0000000000E+00    0.0000000000E+00    0.0000000000E+00    0.0000000000E+00    0.0000000000E+00    0.0000000000E+00    0.8597757460E-15    0.8597757460E-15    0.9999979444E+00    0.9999979444E+00
    2    0.7491666667E+01    0.4644557413E+00    0.5805696766E+00   -0.5303096846E+00    0.0000000000E+00    0.0000000000E+00    0.0000000000E+00    0.0000000000E+00    0.0000000000E+00    0.0000000000E+00    0.1371855100E-16    0.1371855101E-16    0.9999976458E+00    0.9999976458E+00
    1    0.7750000000E+01    0.4644557413E+00   -0.2322278706E+00   -0.3903418285E+00    0.0000000000E+00    0.0000000000E+00    0.0000000000E+00    0.0000000000E+00    0.0000000000E+00    0.0000000000E+00    0.3352699261E-16    0.3352699262E-16    0.9999977300E+00    0.9999977300E+00
    2    0.7750000000E+01    0.4644557413E+00    0.5805696766E+00    0.5702016468E+00    0.0000000000E+00    0.0000000000E+00    0.0000000000E+00    0.0000000000E+00    0.0000000000E+00    0.0000000000E+00    0.4261343291E-14    0.4261343291E-14    0.9999974475E+00    0.9999974475E+00
    1    0.8008333333E+01    0.4644557413E+00   -0.2322278706E+00   -0.4368511661E+00    0.0000000000E+00    0.0000000000E+00    0.0000000000E+00    0.0000000000E+00    0.0000000000E+00    0.0000000000E+00    0.1403222854E-14    0.1403222854E-14    0.9999974378E+00    0.9999974378E+00
    2    0.8008333333E+01    0.4644557413E+00    0.5805696766E+00    0.5193282554E+00    0.0000000000E+00    0.0000000000E+00    0.0000000000E+00    0.0000000000E+00    0.0000000000E+00    0.0000000000E+00    0.1242304705E-15    0.1242304705E-15    0.9999972894E+00    0.9999972894E+00
    1    0.8266666667E+01    0.4644557413E+00    0.5805696766E+00    0.4675633420E+00    0.0000000000E+00    0.0000000000E+00    0.0000000000E+00    0.0000000000E+00    0.0000000000E+00    0.0000000000E+00    0.8223423629E-15    0.8223423629E-15    0.9999971878E+00    0.9999971878E+00
    2    0.8266666667E+01    0.4644557413E+00   -0.2322278706E+00   -0.4884075684E+00    0.0000000000E+00    0.0000000000E+00    0.0000000000E+00    0.0000000000E+00    0.0000000000E+00    0.0000000000E+00    0.2680358708E-14    0.2680358708E-14    0.9999970219E+00    0.9999970219E+00
    1    0.8525000000E+01   -0.3483418059E+00    0.5805696766E+00   -0.2442479333E+00    0.0000000000E+00    0.0000000000E+00    0.0000000000E+00    0.0000000000E+00    0.0000000000E+00    0.0000000000E+00    0.1196078727E-12    0.1196078727E-12    0.9999936489E+00    0.9999936489E+00
    2    0.8525000000E+01    0.4644557413E+00    0.5805696766E+00    0.4161686760E+00    0.0000000000E+00    0.0000000000E+00    0.0000000000E+00    0.0000000000E+00    0.0000000000E+00    0.0000000000E+00    0.4402871503E-15    0.4402871503E-15    0.9999971536E+00    0.9999971536E+00
    3    0.8525000000E+01    0.4644557413E+00   -0.2322278706E+00   -0.5476833530E+00    0.0000000000E+00    0.0000000000E+00    0.0000000000E+00    0.0000000000E+00    0.0000000000E+00    0.0000000000E+00    0.2048738573E-14    0.2048738573E-14    0.9999963893E+00    0.9999963893E+00
    1    0.8783333333E+01   -0.3483418059E+00    0.5805696766E+00   -0.3308594960E+00    0.0000000000E+00    0.0000000000E+00    0.0000000000E+00    0.0000000000E+00    0.0000000000E+00    0.0000000000E+00    0.1040611137E-13    0.1040611137E-13    0.9999958575E+00    0.9999958575E+00
    2    0.8783333333E+01    0.4644557413E+00   -0.2322278706E+00    0.5300083907E+00    0.0000000000E+00    0.0000000000E+00    0.0000000000E+00    0.0000000000E+00    0.0000000000E+00    0.0000000000E+00    0.2983780589E-14    0.2983780589E-14    0.9999953573E+00    0.9999953573E+00
    3    0.8783333333E+01    0.4644557413E+00    0.5805696766E+00    0.3661325183E+00    0.0000000000E+00    0.0000000000E+00    0.0000000000E+00    0.0000000000E+00    0.0000000000E+00    0.0000000000E+00    0.1955332950E-15    0.1955332950E-15    0.9999971629E+00    0.9999971629E+00
    1    0.9041666667E+01   -0.3483418059E+00   -0.2322278706E+00    0.1532386974E+00    0.0000000000E+00    0.0000000000E+00    0.0000000000E+00    0.0000000000E+00    0.0000000000E+00    0.0000000000E+00    0.2527391033E-11    0.2527391033E-11    0.9999893011E+00    0.9999893011E+00
    2    0.9041666667E+01    0.4644557413E+00   -0.2322278706E+00    0.4378819217E+00    0.0000000000E+00    0.0000000000E+00    0.0000000000E+00    0.0000000000E+00    0.0000000000E+00    0.0000000000E+00    0.1723357625E-14    0.1723357625E-14    0.9999937927E+00    0.9999937927E+00
    3    0.9041666667E+01    0.4644557413E+00    0.5805696766E+00    0.3178309972E+00    0.0000000000E+00    0.0000000000E+00    0.0000000000E+00    0.0000000000E+00    0.0000000000E+00    0.0000000000E+00    0.2735609197E-14    0.2735609197E-14    0.9999971822E+00    0.9999971822E+00
    4    0.9041666667E+01   -0.3483418059E+00   -0.2322278706E+00   -0.4303975418E+00    0.0000000000E+00    0.0000000000E+00    0.0000000000E+00    0.0000000000E+00    0.0000000000E+00    0.0000000000E+00    0.9750352910E-12    0.9750352910E-12    0.9999931387E+00    0.9999931387E+00
    5    0.9041666667E+01   -0.3483418059E+00    0.5805696766E+00   -0.3972732950E+00    0.0000000000E+00    0.0000000000E+00    0.0000000000E+00    0.0000000000E+00    0.0000000000E+00    0.0000000000E+00    0.1516433340E-15    0.1516433340E-15    0.9999962501E+00    0.9999962501E+00
    1    0.9300000000E+01   -0.3483418059E+00    0.5805696766E+00   -0.1216698507E+00    0.0000000000E+00    0.0000000000E+00    0.0000000000E+00    0.0000000000E+00    0.0000000000E+00    0.0000000000E+00    0.1378184196E-10    0.1378184196E-10    0.9999790323E+00    0.9999790323E+00
    2    0.9300000000E+01   -0.3483418059E+00   -0.2322278706E+00   -0.5228738436E+00    0.0000000000E+00    0.0000000000E+00    0.0000000000E+00    0.0000000000E+00    0.0000000000E+00    0.0000000000E+00    0.4042314715E-14    0.4042314715E-14    0.9999947319E+00    0.9999947319E+00
    3    0.9300000000E+01   -0.3483418059E+00    0.5805696766E+00   -0.4601452038E+00    0.0000000000E+00    0.0000000000E+00    0.0000000000E+00    0.0000000000E+00    0.0000000000E+00    0.0000000000E+00    0.3423412709E-13    0.3423412709E-13    0.9999960931E+00    0.9999960931E+00
    4    0.9300000000E+01    0.4644557413E+00   -0.2322278706E+00    0.3264168413E+00    0.0000000000E+00    0.0000000000E+00    0.0000000000E+00    0.0000000000E+00    0.0000000000E+00    0.0000000000E+00    0.2086464583E-15    0.2086464584E-15    0.9999931870E+00    0.9999931870E+00
    5    0.9300000000E+01    0.4644557413E+00    0.5805696766E+00    0.2711110063E+00    0.0000000000E+00    0.0000000000E+00    0.0000000000E+00    0.0000000000E+00    0.0000000000E+00    0.0000000000E+00    0.4318800479E-14    0.4318800479E-14    0.9999971869E+00    0.9999971869E+00
    1    0.9558333333E+01   -0.3483418059E+00    0.5805696766E+00   -0.2937157365E+00    0.0000000000E+00    0.0000000000E+00    0.0000000000E+00    0.0000000000E+00    0.0000000000E+00    0.0000000000E+00    0.1227116586E-12    0.1227116586E-12    0.9999924248E+00    0.9999924248E+00
    2    0.9558333333E+01   -0.3483418059E+00    0.5805696766E+00   -0.5285386148E+00    0.0000000000E+00    0.0000000000E+00    0.0000000000E+00    0.0000000000E+00    0.0000000000E+00    0.0000000000E+00    0.6853760742E-13    0.6853760742E-13    0.9999952289E+00    0.9999952289E+00
    3    0.9558333333E+01   -0.3483418059E+00   -0.2322278706E+00    0.5301455466E+00    0.0000000000E+00    0.0000000000E+00    0.0000000000E+00    0.0000000000E+00    0.0000000000E+00    0.0000000000E+00    0.1349536246E-13    0.1349536246E-13    0.9999923008E+00    0.9999923008E+00
    4    0.9558333333E+01    0.4644557413E+00   -0.2322278706E+00    0.2248852078E+00    0.0000000000E+00    0.0000000000E+00    0.0000000000E+00    0.0000000000E+00    0.0000000000E+00    0.0000000000E+00    0.5535317054E-14    0.5535317054E-14    0.9999942945E+00    0.9999942945E+00
    5    0.9558333333E+01    0.4644557413E+00    0.5805696766E+00    0.2255373745E+00    0.0000000000E+00    0.0000000000E+00    0.0000000000E+00    0.0000000000E+00    0.0000000000E+00    0.0000000000E+00    0.1700933335E-14    0.1700933335E-14    0.9999971645E+00    0.9999971645E+00
    1    0.9816666667E+01   -0.3483418059E+00    0.5805696766E+00   -0.4313779327E+00    0.0000000000E+00    0.0000000000E+00    0.0000000000E+00    0.0000000000E+00    0.0000000000E+00    0.0000000000E+00    0.3721981678E-10    0.3721981678E-10    0.9999836936E+00    0.9999836936E+00
    2    0.9816666667E+01   -0.3483418059E+00    0.5805696766E+00    0.5124861775E+00    0.0000000000E+00    0.0000000000E+00    0.0000000000E+00    0.0000000000E+00    0.0000000000E+00    0.0000000000E+00    0.3745773614E-10    0.3745773614E-10    0.9999847979E+00    0.9999847979E+00
    3    0.9816666667E+01    0.4644557413E+00    0.5805696766E+00    0.1805749421E+00    0.0000000000E+00    0.0000000000E+00    0.0000000000E+00    0.0000000000E+00    0.0000000000E+00    0.0000000000E+00    0.2767111427E-15    0.2767111507E-15    0.9999971095E+00    0.9999971095E+00
    4    0.9816666667E+01    0.4644557413E+00   -0.2322278706E+00    0.1414152624E+00    0.0000000000E+00    0.0000000000E+00    0.0000000000E+00    0.0000000000E+00    0.0000000000E+00    0.0000000000E+00    0.7593140374E-13    0.7593140374E-13    0.9999949490E+00    0.9999949490E+00
    5    0.9816666667E+01   -0.3483418059E+00   -0.2322278706E+00    0.1566273546E+00   -0.3483418059E+00   -0.2322278706E+00   -0.9928419605E+00    0.1653998957E+01    0.1252001793E+01   -0.5122773776E+01    0.2671314495E-11    0.2671314495E-11    0.9999801119E+00    0.9999801119E+00
    1    0.1007500000E+02    0.4644557413E+00   -0.2322278706E+00    0.6114329405E-01    0.0000000000E+00    0.0000000000E+00    0.0000000000E+00    0.0000000000E+00    0.0000000000E+00    0.0000000000E+00    0.2510693510E-11    0.2510693510E-11    0.9999939782E+00    0.9999939782E+00
    2    0.1007500000E+02    0.4644557413E+00    0.5805696766E+00    0.1356603892E+00    0.0000000000E+00    0.0000000000E+00    0.0000000000E+00    0.0000000000E+00    0.0000000000E+00    0.0000000000E+00    0.9284987117E-14    0.9284987117E-14    0.9999970174E+00    0.9999970174E+00
    1    0.1033333333E+02    0.4644557413E+00    0.5805696766E+00    0.9016962869E-01    0.0000000000E+00    0.0000000000E+00    0.0000000000E+00    0.0000000000E+00    0.0000000000E+00    0.0000000000E+00    0.4084367833E-13    0.4084367833E-13    0.9999968764E+00    0.9999968764E+00
    1    0.1059166667E+02    0.4644557413E+00    0.5805696766E+00    0.4300320006E-01    0.0000000000E+00    0.0000000000E+00    0.0000000000E+00    0.0000000000E+00    0.0000000000E+00    0.0000000000E+00    0.2107126667E-12    0.2107126667E-12    0.9999965902E+00    0.9999965902E+00
    1    0.1085000000E+02    0.4644557413E+00   -0.2322278706E+00   -0.6470791092E-01    0.0000000000E+00    0.0000000000E+00    0.0000000000E+00    0.0000000000E+00    0.0000000000E+00    0.0000000000E+00    0.2107906612E-11    0.2107906612E-11    0.9999942295E+00    0.9999942295E+00
    1    0.1110833333E+02    0.4644557413E+00   -0.2322278706E+00   -0.1348105399E+00    0.0000000000E+00    0.0000000000E+00    0.0000000000E+00    0.0000000000E+00    0.0000000000E+00    0.0000000000E+00    0.1055289027E-12    0.1055289027E-12    0.9999952462E+00    0.9999952462E+00
    2    0.1110833333E+02    0.4644557413E+00    0.5805696766E+00   -0.5001131729E-01    0.0000000000E+00    0.0000000000E+00    0.0000000000E+00    0.0000000000E+00    0.0000000000E+00    0.0000000000E+00    0.1964950462E-12    0.1964950462E-12    0.9999961596E+00    0.9999961596E+00
    1    0.1136666667E+02    0.4644557413E+00   -0.2322278706E+00   -0.1988643093E+00    0.0000000000E+00    0.0000000000E+00    0.0000000000E+00    0.0000000000E+00    0.0000000000E+00    0.0000000000E+00    0.5327934189E-15    0.5327934189E-15    0.9999952570E+00    0.9999952570E+00
    2    0.1136666667E+02    0.4644557413E+00    0.5805696766E+00   -0.1031808628E+00    0.0000000000E+00    0.0000000000E+00    0.0000000000E+00    0.0000000000E+00    0.0000000000E+00    0.0000000000E+00    0.3896835976E-13    0.3896835976E-13    0.9999959506E+00    0.9999959506E+00
    3    0.1136666667E+02   -0.3483418059E+00   -0.2322278706E+00    0.2831576611E+00    0.0000000000E+00    0.0000000000E+00    0.0000000000E+00    0.0000000000E+00    0.0000000000E+00    0.0000000000E+00    0.3390164630E-12    0.3390164630E-12    0.9999902632E+00    0.9999902632E+00
    4    0.1136666667E+02   -0.3483418059E+00   -0.2322278706E+00    0.5478537471E+00    0.0000000000E+00    0.0000000000E+00    0.0000000000E+00    0.0000000000E+00    0.0000000000E+00    0.0000000000E+00    0.1589064830E-12    0.1589064830E-12    0.9999940731E+00    0.9999940731E+00
    1    0.1162500000E+02    0.4644557413E+00   -0.2322278706E+00   -0.2625901651E+00    0.0000000000E+00    0.0000000000E+00    0.0000000000E+00    0.0000000000E+00    0.0000000000E+00    0.0000000000E+00    0.9999141462E-14    0.9999141483E-14    0.9999951137E+00    0.9999951137E+00
    2    0.1162500000E+02    0.4644557413E+00    0.5805696766E+00   -0.1591033479E+00    0.0000000000E+00    0.0000000000E+00    0.0000000000E+00    0.0000000000E+00    0.0000000000E+00    0.0000000000E+00    0.3604503866E-14    0.3604503870E-14    0.9999955936E+00    0.9999955936E+00
    3    0.1162500000E+02   -0.3483418059E+00    0.5805696766E+00    0.7804026332E-01    0.0000000000E+00    0.0000000000E+00    0.0000000000E+00    0.0000000000E+00    0.0000000000E+00    0.0000000000E+00    0.5422010655E-09    0.5422010655E-09    0.9999253114E+00    0.9999253114E+00
    4    0.1162500000E+02   -0.3483418059E+00   -0.2322278706E+00    0.1212046077E+00    0.0000000000E+00    0.0000000000E+00    0.0000000000E+00    0.0000000000E+00    0.0000000000E+00    0.0000000000E+00    0.1157434132E-10    0.1157434132E-10    0.9999809145E+00    0.9999809145E+00
    5    0.1162500000E+02   -0.3483418059E+00    0.5805696766E+00    0.5694676345E+00    0.0000000000E+00    0.0000000000E+00    0.0000000000E+00    0.0000000000E+00    0.0000000000E+00    0.0000000000E+00    0.1788429953E-11    0.1788429953E-11    0.9999927684E+00    0.9999927684E+00
    6    0.1162500000E+02   -0.3483418059E+00   -0.2322278706E+00    0.4774027744E+00    0.0000000000E+00    0.0000000000E+00    0.0000000000E+00    0.0000000000E+00    0.0000000000E+00    0.0000000000E+00    0.5475239325E-13    0.5475239325E-13    0.9999950400E+00    0.9999950400E+00
    1    0.1188333333E+02    0.4644557413E+00   -0.2322278706E+00   -0.3270497838E+00    0.0000000000E+00    0.0000000000E+00    0.0000000000E+00    0.0000000000E+00    0.0000000000E+00    0.0000000000E+00    0.2312448972E-14    0.2312448972E-14    0.9999949384E+00    0.9999949384E+00
    2    0.1188333333E+02    0.4644557413E+00    0.5805696766E+00   -0.2189284543E+00    0.0000000000E+00    0.0000000000E+00    0.0000000000E+00    0.0000000000E+00    0.0000000000E+00    0.0000000000E+00    0.1230667458E-14    0.1230667458E-14    0.9999951641E+00    0.9999951641E+00
    3    0.1188333333E+02   -0.3483418059E+00    0.5805696766E+00    0.4908280846E+00    0.0000000000E+00    0.0000000000E+00    0.0000000000E+00    0.0000000000E+00    0.0000000000E+00    0.0000000000E+00    0.2552602744E-14    0.2552602744E-14    0.9999943182E+00    0.9999943182E+00
    4    0.1188333333E+02   -0.3483418059E+00   -0.2322278706E+00    0.4145656895E+00    0.0000000000E+00    0.0000000000E+00    0.0000000000E+00    0.0000000000E+00    0.0000000000E+00    0.0000000000E+00    0.2058153958E-16    0.2058153958E-16    0.9999951880E+00    0.9999951880E+00
    1    0.1214166667E+02    0.4644557413E+00   -0.2322278706E+00   -0.3923391856E+00    0.0000000000E+00    0.0000000000E+00    0.0000000000E+00    0.0000000000E+00    0.0000000000E+00    0.0000000000E+00    0.1565828511E-16    0.1565828514E-16    0.9999947662E+00    0.9999947662E+00
    2    0.1214166667E+02    0.4644557413E+00    0.5805696766E+00   -0.2831755137E+00    0.0000000000E+00    0.0000000000E+00    0.0000000000E+00    0.0000000000E+00    0.0000000000E+00    0.0000000000E+00    0.2577570170E-14    0.2577570170E-14    0.9999947026E+00    0.9999947026E+00
    3    0.1214166667E+02   -0.3483418059E+00    0.5805696766E+00    0.4191003803E+00    0.0000000000E+00    0.0000000000E+00    0.0000000000E+00    0.0000000000E+00    0.0000000000E+00    0.0000000000E+00    0.4471823368E-16    0.4471823423E-16    0.9999942682E+00    0.9999942682E+00
    4    0.1214166667E+02   -0.3483418059E+00   -0.2322278706E+00    0.3526165495E+00    0.0000000000E+00    0.0000000000E+00    0.0000000000E+00    0.0000000000E+00    0.0000000000E+00    0.0000000000E+00    0.2766859736E-15    0.2766859737E-15    0.9999949947E+00    0.9999949947E+00
    1    0.1240000000E+02   -0.3483418059E+00    0.5805696766E+00    0.3446507799E+00    0.0000000000E+00    0.0000000000E+00    0.0000000000E+00    0.0000000000E+00    0.0000000000E+00    0.0000000000E+00    0.2055232436E-14    0.2055232436E-14    0.9999936274E+00    0.9999936274E+00
    2    0.1240000000E+02   -0.3483418059E+00   -0.2322278706E+00    0.2876883917E+00    0.0000000000E+00    0.0000000000E+00    0.0000000000E+00    0.0000000000E+00    0.0000000000E+00    0.0000000000E+00    0.7994582455E-14    0.7994582455E-14    0.9999944798E+00    0.9999944798E+00
    3    0.1240000000E+02    0.4644557413E+00   -0.2322278706E+00   -0.4584088552E+00    0.0000000000E+00    0.0000000000E+00    0.0000000000E+00    0.0000000000E+00    0.0000000000E+00    0.0000000000E+00    0.4383964320E-17    0.4383964321E-17    0.9999945865E+00    0.9999945865E+00
    4    0.1240000000E+02    0.4644557413E+00    0.5805696766E+00   -0.3516443901E+00    0.0000000000E+00    0.0000000000E+00    0.0000000000E+00    0.0000000000E+00    0.0000000000E+00    0.0000000000E+00    0.8504269670E-16    0.8504269671E-16    0.9999942809E+00    0.9999942809E+00
    1    0.1265833333E+02   -0.3483418059E+00    0.5805696766E+00    0.2581858257E+00    0.0000000000E+00    0.0000000000E+00    0.0000000000E+00    0.0000000000E+00    0.0000000000E+00    0.0000000000E+00    0.7503866003E-13    0.7503866003E-13    0.9999917937E+00    0.9999917937E+00
    2    0.1265833333E+02   -0.3483418059E+00   -0.2322278706E+00    0.2145473602E+00    0.0000000000E+00    0.0000000000E+00    0.0000000000E+00    0.0000000000E+00    0.0000000000E+00    0.0000000000E+00    0.8852342160E-14    0.8852342160E-14    0.9999933058E+00    0.9999933058E+00
    3    0.1265833333E+02    0.4644557413E+00    0.5805696766E+00   -0.4231868099E+00    0.0000000000E+00    0.0000000000E+00    0.0000000000E+00    0.0000000000E+00    0.0000000000E+00    0.0000000000E+00    0.1221581033E-15    0.1221581033E-15    0.9999939744E+00    0.9999939744E+00
    4    0.1265833333E+02    0.4644557413E+00   -0.2322278706E+00   -0.5255639938E+00    0.0000000000E+00    0.0000000000E+00    0.0000000000E+00    0.0000000000E+00    0.0000000000E+00    0.0000000000E+00    0.9795279735E-15    0.9795279735E-15    0.9999943539E+00    0.9999943539E+00
    1    0.1291666667E+02    0.4644557413E+00    0.5805696766E+00   -0.4961948650E+00    0.0000000000E+00    0.0000000000E+00    0.0000000000E+00    0.0000000000E+00    0.0000000000E+00    0.0000000000E+00    0.3974504370E-14    0.3974504370E-14    0.9999937839E+00    0.9999937839E+00
    2    0.1291666667E+02    0.4644557413E+00   -0.2322278706E+00    0.5546841504E+00    0.0000000000E+00    0.0000000000E+00    0.0000000000E+00    0.0000000000E+00    0.0000000000E+00    0.0000000000E+00    0.3550566474E-14    0.3550566474E-14    0.9999939956E+00    0.9999939956E+00
    3    0.1291666667E+02   -0.3483418059E+00    0.5805696766E+00    0.1094106460E+00    0.0000000000E+00    0.0000000000E+00    0.0000000000E+00    0.0000000000E+00    0.0000000000E+00    0.0000000000E+00    0.2848719336E-10    0.2848719336E-10    0.9999733798E+00    0.9999733798E+00
    4    0.1291666667E+02   -0.3483418059E+00   -0.2322278706E+00    0.1137780467E+00    0.0000000000E+00    0.0000000000E+00    0.0000000000E+00    0.0000000000E+00    0.0000000000E+00    0.0000000000E+00    0.3250917051E-11    0.3250917051E-11    0.9999878239E+00    0.9999878239E+00
    1    0.1317500000E+02    0.4644557413E+00    0.5805696766E+00   -0.5697831683E+00    0.0000000000E+00    0.0000000000E+00    0.0000000000E+00    0.0000000000E+00    0.0000000000E+00    0.0000000000E+00    0.1257470972E-12    0.1257470972E-12    0.9999935620E+00    0.9999935620E+00
    2    0.1317500000E+02    0.4644557413E+00   -0.2322278706E+00    0.4813899304E+00    0.0000000000E+00    0.0000000000E+00    0.0000000000E+00    0.0000000000E+00    0.0000000000E+00    0.0000000000E+00    0.8089677089E-14    0.8089677089E-14    0.9999933958E+00    0.9999933958E+00
    1    0.1343333333E+02    0.4644557413E+00    0.5805696766E+00    0.5050420877E+00    0.0000000000E+00    0.0000000000E+00    0.0000000000E+00    0.0000000000E+00    0.0000000000E+00    0.0000000000E+00    0.2085053322E-13    0.2085053323E-13    0.9999932709E+00    0.9999932709E+00
    2    0.1343333333E+02    0.4644557413E+00   -0.2322278706E+00    0.4001158910E+00    0.0000000000E+00    0.0000000000E+00    0.0000000000E+00    0.0000000000E+00    0.0000000000E+00    0.0000000000E+00    0.5852417900E-14    0.5852417900E-14    0.9999922785E+00    0.9999922785E+00
    3    0.1343333333E+02   -0.3483418059E+00   -0.2322278706E+00   -0.3391407596E+00    0.0000000000E+00    0.0000000000E+00    0.0000000000E+00    0.0000000000E+00    0.0000000000E+00    0.0000000000E+00    0.8678863849E-10    0.8678863849E-10    0.9999571753E+00    0.9999571753E+00
    4    0.1343333333E+02   -0.3483418059E+00   -0.2322278706E+00    0.1010625780E+00    0.0000000000E+00    0.0000000000E+00    0.0000000000E+00    0.0000000000E+00    0.0000000000E+00    0.0000000000E+00    0.4159499787E-09    0.4159499787E-09    0.9999475064E+00    0.9999475064E+00
    5    0.1343333333E+02   -0.3483418059E+00   -0.2322278706E+00    0.6846706628E-01    0.0000000000E+00    0.0000000000E+00    0.0000000000E+00    0.0000000000E+00    0.0000000000E+00    0.0000000000E+00    0.6153770620E-09    0.6153770620E-09    0.9999420289E+00    0.9999420289E+00
    6    0.1343333333E+02    0.4644557413E+00    0.5805696766E+00   -0.2241032014E+00    0.0000000000E+00    0.0000000000E+00    0.0000000000E+00    0.0000000000E+00    0.0000000000E+00    0.0000000000E+00    0.1338762564E-11    0.1338762564E-11    0.9999765513E+00    0.9999765513E+00
    7    0.1343333333E+02   -0.3483418059E+00   -0.2322278706E+00   -0.1501008616E+00    0.0000000000E+00    0.0000000000E+00    0.0000000000E+00    0.0000000000E+00    0.0000000000E+00    0.0000000000E+00    0.6201002206E-09    0.6201002206E-09    0.9999388517E+00    0.9999388517E+00
    8    0.1343333333E+02    0.4644557413E+00   -0.2322278706E+00   -0.1680461530E+00    0.0000000000E+00    0.0000000000E+00    0.0000000000E+00    0.0000000000E+00    0.0000000000E+00    0.0000000000E+00    0.1537200981E-11    0.1537200981E-11    0.9999767098E+00    0.9999767098E+00
    1    0.1369166667E+02    0.4644557413E+00   -0.2322278706E+00    0.3009531350E+00    0.0000000000E+00    0.0000000000E+00    0.0000000000E+00    0.0000000000E+00    0.0000000000E+00    0.0000000000E+00    0.2439652740E-12    0.2439652740E-12    0.9999895232E+00    0.9999895232E+00
    2    0.1369166667E+02    0.4644557413E+00    0.5805696766E+00    0.4262807716E+00    0.0000000000E+00    0.0000000000E+00    0.0000000000E+00    0.0000000000E+00    0.0000000000E+00    0.0000000000E+00    0.1235710515E-10    0.1235710515E-10    0.9999900333E+00    0.9999900333E+00
    3    0.1369166667E+02   -0.3483418059E+00    0.5805696766E+00   -0.3032844895E+00    0.0000000000E+00    0.0000000000E+00    0.0000000000E+00    0.0000000000E+00    0.0000000000E+00    0.0000000000E+00    0.5221344605E-13    0.5221344605E-13    0.9999756183E+00    0.9999756183E+00
    4    0.1369166667E+02   -0.3483418059E+00    0.5805696766E+00   -0.4582618608E+00    0.0000000000E+00    0.0000000000E+00    0.0000000000E+00    0.0000000000E+00    0.0000000000E+00    0.0000000000E+00    0.4115097916E-12    0.4115097916E-12    0.9999727156E+00    0.9999727156E+00
    5    0.1369166667E+02    0.4644557413E+00    0.5805696766E+00   -0.4222047256E+00    0.0000000000E+00    0.0000000000E+00    0.0000000000E+00    0.0000000000E+00    0.0000000000E+00    0.0000000000E+00    0.1223592675E-10    0.1223592675E-10    0.9999826609E+00    0.9999826609E+00
    6    0.1369166667E+02    0.4644557413E+00   -0.2322278706E+00   -0.3648695837E+00    0.0000000000E+00    0.0000000000E+00    0.0000000000E+00    0.0000000000E+00    0.0000000000E+00    0.0000000000E+00    0.1326757190E-12    0.1326757190E-12    0.9999846304E+00    0.9999846304E+00
    7    0.1369166667E+02   -0.3483418059E+00   -0.2322278706E+00   -0.1472565692E+00    0.0000000000E+00    0.0000000000E+00    0.0000000000E+00    0.0000000000E+00    0.0000000000E+00    0.0000000000E+00    0.6401182161E-12    0.6401182161E-12    0.9999806613E+00    0.9999806613E+00
    8    0.1369166667E+02   -0.3483418059E+00   -0.2322278706E+00   -0.8637740256E-01    0.0000000000E+00    0.0000000000E+00    0.0000000000E+00    0.0000000000E+00    0.0000000000E+00    0.0000000000E+00    0.2719434417E-10    0.2719434417E-10    0.9999741639E+00    0.9999741639E+00
    1    0.1395000000E+02    0.4644557413E+00   -0.2322278706E+00    0.1019637325E+00    0.0000000000E+00    0.0000000000E+00    0.0000000000E+00    0.0000000000E+00    0.0000000000E+00    0.0000000000E+00    0.1667921824E-09    0.1667921824E-09    0.9999480957E+00    0.9999480957E+00
    2    0.1395000000E+02    0.4644557413E+00    0.5805696766E+00    0.3392967759E+00    0.0000000000E+00    0.0000000000E+00    0.0000000000E+00    0.0000000000E+00    0.0000000000E+00    0.0000000000E+00    0.1225898701E-11    0.1225898701E-11    0.9999908511E+00    0.9999908511E+00
    3    0.1395000000E+02   -0.3483418059E+00    0.5805696766E+00   -0.2267391815E+00    0.0000000000E+00    0.0000000000E+00    0.0000000000E+00    0.0000000000E+00    0.0000000000E+00    0.0000000000E+00    0.4757350934E-11    0.4757350934E-11    0.9999523152E+00    0.9999523152E+00
    4    0.1395000000E+02    0.4644557413E+00   -0.2322278706E+00   -0.2867794407E+00    0.0000000000E+00    0.0000000000E+00    0.0000000000E+00    0.0000000000E+00    0.0000000000E+00    0.0000000000E+00    0.1764801496E-10    0.1764801496E-10    0.9999629610E+00    0.9999629610E+00
    5    0.1395000000E+02   -0.3483418059E+00    0.5805696766E+00   -0.3250540178E+00    0.0000000000E+00    0.0000000000E+00    0.0000000000E+00    0.0000000000E+00    0.0000000000E+00    0.0000000000E+00    0.2635732451E-11    0.2635732451E-11    0.9999718234E+00    0.9999718234E+00
    6    0.1395000000E+02    0.4644557413E+00    0.5805696766E+00   -0.4073492289E+00    0.0000000000E+00    0.0000000000E+00    0.0000000000E+00    0.0000000000E+00    0.0000000000E+00    0.0000000000E+00    0.1241543121E-11    0.1241543121E-11    0.9999790886E+00    0.9999790886E+00
    7    0.1395000000E+02    0.4644557413E+00   -0.2322278706E+00   -0.5377184630E+00    0.0000000000E+00    0.0000000000E+00    0.0000000000E+00    0.0000000000E+00    0.0000000000E+00    0.0000000000E+00    0.9122541303E-12    0.9122541303E-12    0.9999829827E+00    0.9999829827E+00
    1    0.1420833333E+02    0.4644557413E+00    0.5805696766E+00    0.2193624541E+00    0.0000000000E+00    0.0000000000E+00    0.0000000000E+00    0.0000000000E+00    0.0000000000E+00    0.0000000000E+00    0.5430042868E-12    0.5430042868E-12    0.9999833691E+00    0.9999833691E+00
    2    0.1420833333E+02    0.4644557413E+00    0.5805696766E+00    0.5181336900E+00    0.0000000000E+00    0.0000000000E+00    0.0000000000E+00    0.0000000000E+00    0.0000000000E+00    0.0000000000E+00    0.5035038418E-12    0.5035038418E-12    0.9999786145E+00    0.9999786145E+00
    3    0.1420833333E+02    0.4644557413E+00   -0.2322278706E+00    0.4586032853E+00    0.0000000000E+00    0.0000000000E+00    0.0000000000E+00    0.0000000000E+00    0.0000000000E+00    0.0000000000E+00    0.1820661609E-11    0.1820661609E-11    0.9999314576E+00    0.9999314576E+00
    4    0.1420833333E+02    0.4644557413E+00   -0.2322278706E+00    0.3616281226E+00    0.0000000000E+00    0.0000000000E+00    0.0000000000E+00    0.0000000000E+00    0.0000000000E+00    0.0000000000E+00    0.1921564754E-11    0.1921564754E-11    0.9999321183E+00    0.9999321183E+00
    5    0.1420833333E+02    0.4644557413E+00    0.5805696766E+00    0.4022536248E+00    0.0000000000E+00    0.0000000000E+00    0.0000000000E+00    0.0000000000E+00    0.0000000000E+00    0.0000000000E+00    0.5035361352E-12    0.5035361352E-12    0.9999823596E+00    0.9999823596E+00
    1    0.1446666667E+02    0.4644557413E+00    0.5805696766E+00    0.2604513854E+00    0.0000000000E+00    0.0000000000E+00    0.0000000000E+00    0.0000000000E+00    0.0000000000E+00    0.0000000000E+00    0.2374662950E-12    0.2374662950E-12    0.9999678816E+00    0.9999678816E+00
    2    0.1446666667E+02    0.4644557413E+00    0.5805696766E+00    0.1368285186E+00    0.0000000000E+00    0.0000000000E+00    0.0000000000E+00    0.0000000000E+00    0.0000000000E+00    0.0000000000E+00    0.6477754762E-11    0.6477754762E-11    0.9999687444E+00    0.9999687444E+00
