    1    0.2066666667E+01   -0.1161139353E+00    0.1161139353E+00   -0.5677792645E-01    0.0000000000E+00    0.0000000000E+00    0.0000000000E+00    0.0000000000E+00    0.0000000000E+00    0.0000000000E+00    0.2810611271E-12    0.2810611271E-12    0.9999985867E+00    0.9999985867E+00
    1    0.2325000000E+01   -0.1161139353E+00    0.1161139353E+00    0.9290267675E-01    0.0000000000E+00    0.0000000000E+00    0.0000000000E+00    0.0000000000E+00    0.0000000000E+00    0.0000000000E+00    0.3363864401E-11    0.3363864401E-11    0.9999945425E+00    0.9999945425E+00
    2    0.2325000000E+01   -0.1161139353E+00    0.1161139353E+00   -0.2501475686E+00    0.0000000000E+00    0.0000000000E+00    0.0000000000E+00    0.0000000000E+00    0.0000000000E+00    0.0000000000E+00    0.1460665067E-11    0.1460665067E-11    0.9999968835E+00    0.9999968835E+00
    3    0.2325000000E+01   -0.1161139353E+00    0.1161139353E+00   -0.1245323153E+00    0.0000000000E+00    0.0000000000E+00    0.0000000000E+00    0.0000000000E+00    0.0000000000E+00    0.0000000000E+00    0.1322883638E-12    0.1322883638E-12    0.9999990652E+00    0.9999990652E+00
    1    0.2583333333E+01   -0.1161139353E+00    0.1161139353E+00   -0.3540079615E+00    0.0000000000E+00    0.0000000000E+00    0.0000000000E+00    0.0000000000E+00    0.0000000000E+00    0.0000000000E+00    0.8498958848E-16    0.8498958848E-16    0.9999987596E+00    0.9999987596E+00
    2    0.2583333333E+01   -0.1161139353E+00    0.1161139353E+00   -0.1740650174E+00    0.0000000000E+00    0.0000000000E+00    0.0000000000E+00    0.0000000000E+00    0.0000000000E+00    0.0000000000E+00    0.1171701457E-14    0.1171701457E-14    0.9999992223E+00    0.9999992223E+00
    1    0.2841666667E+01   -0.1161139353E+00    0.1161139353E+00   -0.4165067728E+00    0.0000000000E+00    0.0000000000E+00    0.0000000000E+00    0.0000000000E+00    0.0000000000E+00    0.0000000000E+00    0.1575401135E-15    0.1575401135E-15    0.9999989465E+00    0.9999989465E+00
    2    0.2841666667E+01   -0.1161139353E+00    0.1161139353E+00   -0.2174651451E+00    0.0000000000E+00    0.0000000000E+00    0.0000000000E+00    0.0000000000E+00    0.0000000000E+00    0.0000000000E+00    0.1647728857E-14    0.1647728857E-14    0.9999992056E+00    0.9999992056E+00
    1    0.3100000000E+01   -0.1161139353E+00    0.1161139353E+00   -0.4687547896E+00    0.0000000000E+00    0.0000000000E+00    0.0000000000E+00    0.0000000000E+00    0.0000000000E+00    0.0000000000E+00    0.7478676052E-15    0.7478676052E-15    0.9999989824E+00    0.9999989824E+00
    2    0.3100000000E+01   -0.1161139353E+00    0.1161139353E+00   -0.2590053633E+00    0.0000000000E+00    0.0000000000E+00    0.0000000000E+00    0.0000000000E+00    0.0000000000E+00    0.0000000000E+00    0.6055008298E-14    0.6055008298E-14    0.9999991523E+00    0.9999991523E+00
    1    0.3358333333E+01   -0.1161139353E+00   -0.6966836119E+00    0.2078116864E+00    0.0000000000E+00    0.0000000000E+00    0.0000000000E+00    0.0000000000E+00    0.0000000000E+00    0.0000000000E+00    0.1320699031E-10    0.1320699032E-10    0.9999909711E+00    0.9999909711E+00
    2    0.3358333333E+01   -0.1161139353E+00    0.1161139353E+00   -0.5167446598E+00    0.0000000000E+00    0.0000000000E+00    0.0000000000E+00    0.0000000000E+00    0.0000000000E+00    0.0000000000E+00    0.1638336001E-14    0.1638336001E-14    0.9999989581E+00    0.9999989581E+00
    3    0.3358333333E+01   -0.1161139353E+00    0.1161139353E+00   -0.3004557589E+00    0.0000000000E+00    0.0000000000E+00    0.0000000000E+00    0.0000000000E+00    0.0000000000E+00    0.0000000000E+00    0.6496176104E-14    0.6496176104E-14    0.9999990699E+00    0.9999990699E+00
    4    0.3358333333E+01   -0.1161139353E+00   -0.6966836119E+00   -0.2836602702E+00    0.0000000000E+00    0.0000000000E+00    0.0000000000E+00    0.0000000000E+00    0.0000000000E+00    0.0000000000E+00    0.1312942810E-10    0.1312942816E-10    0.9999909475E+00    0.9999909475E+00
    1    0.3616666667E+01   -0.1161139353E+00    0.1161139353E+00   -0.3431416233E+00    0.0000000000E+00    0.0000000000E+00    0.0000000000E+00    0.0000000000E+00    0.0000000000E+00    0.0000000000E+00    0.2672294877E-14    0.2672294877E-14    0.9999989543E+00    0.9999989543E+00
    2    0.3616666667E+01   -0.1161139353E+00   -0.6966836119E+00   -0.5545612033E+00    0.0000000000E+00    0.0000000000E+00    0.0000000000E+00    0.0000000000E+00    0.0000000000E+00    0.0000000000E+00    0.1534670770E-10    0.1534670770E-10    0.9999875673E+00    0.9999875673E+00
    3    0.3616666667E+01    0.6966836119E+00    0.1161139353E+00   -0.5574963636E+00    0.6966836119E+00    0.1161139353E+00    0.5919729514E+00   -0.2007103223E+01    0.4833372865E+01    0.3407372653E+01    0.2370993266E-10    0.2370993266E-10    0.9999853375E+00    0.9999853375E+00
    4    0.3616666667E+01   -0.1161139353E+00    0.1161139353E+00   -0.5634643957E+00    0.0000000000E+00    0.0000000000E+00    0.0000000000E+00    0.0000000000E+00    0.0000000000E+00    0.0000000000E+00    0.2136669299E-13    0.2136669299E-13    0.9999988498E+00    0.9999988498E+00
    1    0.3875000000E+01   -0.1161139353E+00    0.1161139353E+00   -0.3884683479E+00    0.0000000000E+00    0.0000000000E+00    0.0000000000E+00    0.0000000000E+00    0.0000000000E+00    0.0000000000E+00    0.3638038699E-15    0.3638038699E-15    0.9999987916E+00    0.9999987916E+00
    2    0.3875000000E+01   -0.1161139353E+00    0.1161139353E+00    0.5401351979E+00    0.0000000000E+00    0.0000000000E+00    0.0000000000E+00    0.0000000000E+00    0.0000000000E+00    0.0000000000E+00    0.4237886148E-14    0.4237886148E-14    0.9999987881E+00    0.9999987881E+00
    3    0.3875000000E+01    0.6966836119E+00    0.1161139353E+00    0.4491982156E+00    0.0000000000E+00    0.0000000000E+00    0.0000000000E+00    0.0000000000E+00    0.0000000000E+00    0.0000000000E+00    0.5030210452E-14    0.5030210452E-14    0.9999975207E+00    0.9999975207E+00
    4    0.3875000000E+01   -0.1161139353E+00   -0.6966836119E+00    0.4536518859E+00    0.0000000000E+00    0.0000000000E+00    0.0000000000E+00    0.0000000000E+00    0.0000000000E+00    0.0000000000E+00    0.1692572179E-14    0.1692572179E-14    0.9999974893E+00    0.9999974893E+00
    1    0.4133333333E+01   -0.1161139353E+00    0.1161139353E+00   -0.5145892187E-01    0.0000000000E+00    0.0000000000E+00    0.0000000000E+00    0.0000000000E+00    0.0000000000E+00    0.0000000000E+00    0.1566199926E-11    0.1566199926E-11    0.9999965582E+00    0.9999965582E+00
    2    0.4133333333E+01   -0.1161139353E+00    0.1161139353E+00   -0.4384230426E+00    0.0000000000E+00    0.0000000000E+00    0.0000000000E+00    0.0000000000E+00    0.0000000000E+00    0.0000000000E+00    0.5375959953E-14    0.5375959955E-14    0.9999985474E+00    0.9999985474E+00
    3    0.4133333333E+01   -0.1161139353E+00   -0.6966836119E+00   -0.4097064878E+00    0.0000000000E+00    0.0000000000E+00    0.0000000000E+00    0.0000000000E+00    0.0000000000E+00    0.0000000000E+00    0.2476241594E-09    0.2476241594E-09    0.9999646296E+00    0.9999646296E+00
    4    0.4133333333E+01   -0.1161139353E+00    0.1161139353E+00    0.4916447468E+00    0.0000000000E+00    0.0000000000E+00    0.0000000000E+00    0.0000000000E+00    0.0000000000E+00    0.0000000000E+00    0.6899057127E-13    0.6899057127E-13    0.9999985067E+00    0.9999985067E+00
    5    0.4133333333E+01   -0.1161139353E+00   -0.6966836119E+00    0.3962874769E+00    0.0000000000E+00    0.0000000000E+00    0.0000000000E+00    0.0000000000E+00    0.0000000000E+00    0.0000000000E+00    0.2440825172E-09    0.2440825172E-09    0.9999633722E+00    0.9999633722E+00
    6    0.4133333333E+01    0.6966836119E+00    0.1161139353E+00    0.3644893006E+00    0.0000000000E+00    0.0000000000E+00    0.0000000000E+00    0.0000000000E+00    0.0000000000E+00    0.0000000000E+00    0.2543107880E-14    0.2543107881E-14    0.9999976532E+00    0.9999976532E+00
    7    0.4133333333E+01   -0.1161139353E+00   -0.6966836119E+00    0.3684685459E+00    0.0000000000E+00    0.0000000000E+00    0.0000000000E+00    0.0000000000E+00    0.0000000000E+00    0.0000000000E+00    0.4306378965E-11    0.4306378966E-11    0.9999972925E+00    0.9999972925E+00
    1    0.4391666667E+01   -0.1161139353E+00    0.1161139353E+00    0.4391325348E+00    0.0000000000E+00    0.0000000000E+00    0.0000000000E+00    0.0000000000E+00    0.0000000000E+00    0.0000000000E+00    0.7267801428E-14    0.7268086001E-14    0.9999984130E+00    0.9999984130E+00
    2    0.4391666667E+01   -0.1161139353E+00    0.1161139353E+00   -0.4965532761E+00    0.0000000000E+00    0.0000000000E+00    0.0000000000E+00    0.0000000000E+00    0.0000000000E+00    0.0000000000E+00    0.1195471961E-13    0.1195526708E-13    0.9999981354E+00    0.9999981354E+00
    3    0.4391666667E+01    0.6966836119E+00    0.1161139353E+00   -0.5370877484E+00    0.0000000000E+00    0.0000000000E+00    0.0000000000E+00    0.0000000000E+00    0.0000000000E+00    0.0000000000E+00    0.2340226454E-13    0.2340239311E-13    0.9999974991E+00    0.9999974991E+00
    4    0.4391666667E+01   -0.1161139353E+00   -0.6966836119E+00   -0.5358639000E+00    0.0000000000E+00    0.0000000000E+00    0.0000000000E+00    0.0000000000E+00    0.0000000000E+00    0.0000000000E+00    0.6001709314E-14    0.6002252641E-14    0.9999977159E+00    0.9999977159E+00
    5    0.4391666667E+01    0.6966836119E+00   -0.6966836119E+00   -0.1588158586E+00   -0.9289114825E+00   -0.6966836119E+00   -0.1588158586E+00   -0.2814475096E+00    0.2790578926E+00   -0.1527733424E+00    0.5164118336E-13    0.5184454103E-13    0.9999973570E+00    0.9999973570E+00
    6    0.4391666667E+01   -0.1161139353E+00    0.1161139353E+00   -0.1315351450E+00    0.0000000000E+00    0.0000000000E+00    0.0000000000E+00    0.0000000000E+00    0.0000000000E+00    0.0000000000E+00    0.3398009327E-13    0.3398060550E-13    0.9999982332E+00    0.9999982332E+00
    7    0.4391666667E+01    0.6966836119E+00   -0.6966836119E+00   -0.1132586868E+00    0.0000000000E+00    0.0000000000E+00    0.0000000000E+00    0.0000000000E+00    0.0000000000E+00    0.0000000000E+00    0.5069024883E-12    0.5069029729E-12    0.9999968016E+00    0.9999968016E+00
    8    0.4391666667E+01    0.6966836119E+00    0.1161139353E+00    0.2927900662E+00    0.0000000000E+00    0.0000000000E+00    0.0000000000E+00    0.0000000000E+00    0.0000000000E+00    0.0000000000E+00    0.9395782330E-13    0.9395783224E-13    0.9999978712E+00    0.9999978712E+00
    9    0.4391666667E+01   -0.1161139353E+00   -0.6966836119E+00    0.2952589772E+00    0.0000000000E+00    0.0000000000E+00    0.0000000000E+00    0.0000000000E+00    0.0000000000E+00    0.0000000000E+00    0.4009613892E-13    0.4009678874E-13    0.9999978366E+00    0.9999978366E+00
   10    0.4391666667E+01    0.6966836119E+00    0.1161139353E+00    0.1905722912E+00    0.0000000000E+00    0.0000000000E+00    0.0000000000E+00    0.0000000000E+00    0.0000000000E+00    0.0000000000E+00    0.6024197767E-13    0.6024199143E-13    0.9999925020E+00    0.9999925020E+00
   11    0.4391666667E+01   -0.1161139353E+00   -0.6966836119E+00    0.1885973383E+00    0.0000000000E+00    0.0000000000E+00    0.0000000000E+00    0.0000000000E+00    0.0000000000E+00    0.0000000000E+00    0.3551717082E-13    0.3551778990E-13    0.9999925091E+00    0.9999925091E+00
    1    0.4650000000E+01    0.6966836119E+00   -0.6966836119E+00   -0.2356724339E+00    0.0000000000E+00    0.0000000000E+00    0.0000000000E+00    0.0000000000E+00    0.0000000000E+00    0.0000000000E+00    0.5234576888E-13    0.5234576888E-13    0.9999978919E+00    0.9999978919E+00
    2    0.4650000000E+01    0.6966836119E+00   -0.6966836119E+00   -0.2026927431E+00    0.0000000000E+00    0.0000000000E+00    0.0000000000E+00    0.0000000000E+00    0.0000000000E+00    0.0000000000E+00    0.1199140433E-12    0.1199140434E-12    0.9999974094E+00    0.9999974094E+00
    3    0.4650000000E+01   -0.1161139353E+00    0.1161139353E+00   -0.1850456779E+00    0.0000000000E+00    0.0000000000E+00    0.0000000000E+00    0.0000000000E+00    0.0000000000E+00    0.0000000000E+00    0.1041545528E-13    0.1041545528E-13    0.9999985442E+00    0.9999985442E+00
    4    0.4650000000E+01    0.6966836119E+00   -0.6966836119E+00   -0.4876435235E+00    0.0000000000E+00    0.0000000000E+00    0.0000000000E+00    0.0000000000E+00    0.0000000000E+00    0.0000000000E+00    0.1047168985E-12    0.1047168985E-12    0.9999965582E+00    0.9999965582E+00
    5    0.4650000000E+01   -0.1161139353E+00    0.1161139353E+00    0.3784164954E+00    0.0000000000E+00    0.0000000000E+00    0.0000000000E+00    0.0000000000E+00    0.0000000000E+00    0.0000000000E+00    0.1375528774E-13    0.1375528774E-13    0.9999978939E+00    0.9999978939E+00
    6    0.4650000000E+01   -0.1161139353E+00    0.1161139353E+00   -0.5726717157E+00    0.0000000000E+00    0.0000000000E+00    0.0000000000E+00    0.0000000000E+00    0.0000000000E+00    0.0000000000E+00    0.1530215595E-11    0.1530215595E-11    0.9999960422E+00    0.9999960422E+00
    7    0.4650000000E+01    0.6966836119E+00    0.1161139353E+00    0.5439360427E+00    0.0000000000E+00    0.0000000000E+00    0.0000000000E+00    0.0000000000E+00    0.0000000000E+00    0.0000000000E+00    0.3105351158E-14    0.3105351183E-14    0.9999979318E+00    0.9999979318E+00
    8    0.4650000000E+01   -0.1161139353E+00   -0.6966836119E+00    0.5451223374E+00    0.0000000000E+00    0.0000000000E+00    0.0000000000E+00    0.0000000000E+00    0.0000000000E+00    0.0000000000E+00    0.1776724419E-14    0.1776724422E-14    0.9999979805E+00    0.9999979805E+00
    9    0.4650000000E+01    0.6966836119E+00   -0.6966836119E+00    0.1728619014E+00    0.6966836119E+00   -0.6966836119E+00    0.1728619014E+00    0.3236152383E-01   -0.1753205858E-01    0.3392519532E+01    0.2076608804E-12    0.2076608804E-12    0.9999966844E+00    0.9999966844E+00
   10    0.4650000000E+01    0.6966836119E+00    0.1161139353E+00    0.2173201910E+00    0.0000000000E+00    0.0000000000E+00    0.0000000000E+00    0.0000000000E+00    0.0000000000E+00    0.0000000000E+00    0.1012961302E-13    0.1012961303E-13    0.9999975925E+00    0.9999975925E+00
   11    0.4650000000E+01   -0.1161139353E+00   -0.6966836119E+00    0.2191494497E+00    0.0000000000E+00    0.0000000000E+00    0.0000000000E+00    0.0000000000E+00    0.0000000000E+00    0.0000000000E+00    0.6662910746E-14    0.6662910749E-14    0.9999975305E+00    0.9999975305E+00
    1    0.4908333333E+01   -0.1161139353E+00    0.1161139353E+00   -0.2311161482E+00    0.0000000000E+00    0.0000000000E+00    0.0000000000E+00    0.0000000000E+00    0.0000000000E+00    0.0000000000E+00    0.1016162526E-13    0.1016162526E-13    0.9999984915E+00    0.9999984915E+00
    2    0.4908333333E+01    0.6966836119E+00   -0.6966836119E+00   -0.2863203666E+00    0.0000000000E+00    0.0000000000E+00    0.0000000000E+00    0.0000000000E+00    0.0000000000E+00    0.0000000000E+00    0.2403695717E-12    0.2403695717E-12    0.9999970835E+00    0.9999970835E+00
    3    0.4908333333E+01    0.6966836119E+00   -0.6966836119E+00   -0.2993813841E+00    0.0000000000E+00    0.0000000000E+00    0.0000000000E+00    0.0000000000E+00    0.0000000000E+00    0.0000000000E+00    0.3644799581E-13    0.3644799581E-13    0.9999980460E+00    0.9999980460E+00
    4    0.4908333333E+01    0.6966836119E+00   -0.6966836119E+00    0.5603926386E+00    0.0000000000E+00    0.0000000000E+00    0.0000000000E+00    0.0000000000E+00    0.0000000000E+00    0.0000000000E+00    0.9010679367E-12    0.9010679367E-12    0.9999961086E+00    0.9999961086E+00
    5    0.4908333333E+01   -0.1161139353E+00    0.1161139353E+00    0.2987077236E+00    0.0000000000E+00    0.0000000000E+00    0.0000000000E+00    0.0000000000E+00    0.0000000000E+00    0.0000000000E+00    0.8129156174E-14    0.8129156178E-14    0.9999968535E+00    0.9999968535E+00
    6    0.4908333333E+01   -0.1161139353E+00    0.1161139353E+00    0.4385049269E+00    0.0000000000E+00    0.0000000000E+00    0.0000000000E+00    0.0000000000E+00    0.0000000000E+00    0.0000000000E+00    0.5399575678E-13    0.5399575681E-13    0.9999916003E+00    0.9999916003E+00
    7    0.4908333333E+01    0.6966836119E+00    0.1161139353E+00    0.4796405650E+00    0.0000000000E+00    0.0000000000E+00    0.0000000000E+00    0.0000000000E+00    0.0000000000E+00    0.0000000000E+00    0.1827943498E-13    0.1827943499E-13    0.9999977858E+00    0.9999977858E+00
    8    0.4908333333E+01   -0.1161139353E+00   -0.6966836119E+00    0.4807491348E+00    0.0000000000E+00    0.0000000000E+00    0.0000000000E+00    0.0000000000E+00    0.0000000000E+00    0.0000000000E+00    0.4424774634E-13    0.4424774635E-13    0.9999978216E+00    0.9999978216E+00
    9    0.4908333333E+01    0.6966836119E+00   -0.6966836119E+00    0.8366762785E-01    0.0000000000E+00    0.0000000000E+00    0.0000000000E+00    0.0000000000E+00    0.0000000000E+00    0.0000000000E+00    0.5428150304E-13    0.5428150304E-13    0.9999974763E+00    0.9999974763E+00
   10    0.4908333333E+01    0.6966836119E+00    0.1161139353E+00    0.1214285407E+00    0.0000000000E+00    0.0000000000E+00    0.0000000000E+00    0.0000000000E+00    0.0000000000E+00    0.0000000000E+00    0.6267884499E-12    0.6267884499E-12    0.9999961218E+00    0.9999961218E+00
   11    0.4908333333E+01   -0.1161139353E+00   -0.6966836119E+00    0.1224580473E+00    0.0000000000E+00    0.0000000000E+00    0.0000000000E+00    0.0000000000E+00    0.0000000000E+00    0.0000000000E+00    0.4571379037E-12    0.4571379037E-12    0.9999960420E+00    0.9999960420E+00
    1    0.5166666667E+01    0.6966836119E+00   -0.6966836119E+00   -0.3577509739E+00    0.0000000000E+00    0.0000000000E+00    0.0000000000E+00    0.0000000000E+00    0.0000000000E+00    0.0000000000E+00    0.3893267840E-14    0.3893267840E-14    0.9999980510E+00    0.9999980510E+00
    2    0.5166666667E+01   -0.1161139353E+00    0.1161139353E+00   -0.2733266025E+00    0.0000000000E+00    0.0000000000E+00    0.0000000000E+00    0.0000000000E+00    0.0000000000E+00    0.0000000000E+00    0.1152726328E-15    0.1152726433E-15    0.9999986024E+00    0.9999986024E+00
    3    0.5166666667E+01    0.6966836119E+00   -0.6966836119E+00    0.1039292477E-01    0.0000000000E+00    0.0000000000E+00    0.0000000000E+00    0.0000000000E+00    0.0000000000E+00    0.0000000000E+00    0.2123179930E-13    0.2123179930E-13    0.9999976038E+00    0.9999976038E+00
    4    0.5166666667E+01    0.6966836119E+00    0.1161139353E+00    0.4142231282E+00    0.0000000000E+00    0.0000000000E+00    0.0000000000E+00    0.0000000000E+00    0.0000000000E+00    0.0000000000E+00    0.1872525404E-15    0.1872525438E-15    0.9999977118E+00    0.9999977118E+00
    5    0.5166666667E+01   -0.1161139353E+00   -0.6966836119E+00    0.4148174700E+00    0.0000000000E+00    0.0000000000E+00    0.0000000000E+00    0.0000000000E+00    0.0000000000E+00    0.0000000000E+00    0.1466577832E-15    0.1466577947E-15    0.9999976871E+00    0.9999976871E+00
    1    0.5425000000E+01    0.6966836119E+00   -0.6966836119E+00   -0.4148985236E+00    0.0000000000E+00    0.0000000000E+00    0.0000000000E+00    0.0000000000E+00    0.0000000000E+00    0.0000000000E+00    0.1073864917E-13    0.1073865027E-13    0.9999979454E+00    0.9999979454E+00
    2    0.5425000000E+01   -0.1161139353E+00    0.1161139353E+00   -0.3134468950E+00    0.0000000000E+00    0.0000000000E+00    0.0000000000E+00    0.0000000000E+00    0.0000000000E+00    0.0000000000E+00    0.4898080678E-16    0.4898080757E-16    0.9999985966E+00    0.9999985966E+00
    3    0.5425000000E+01    0.6966836119E+00   -0.6966836119E+00   -0.5786071979E-01    0.0000000000E+00    0.0000000000E+00    0.0000000000E+00    0.0000000000E+00    0.0000000000E+00    0.0000000000E+00    0.7141371438E-14    0.7141371512E-14    0.9999975812E+00    0.9999975812E+00
    4    0.5425000000E+01    0.6966836119E+00    0.1161139353E+00    0.3437136104E+00    0.0000000000E+00    0.0000000000E+00    0.0000000000E+00    0.0000000000E+00    0.0000000000E+00    0.0000000000E+00    0.2129623337E-16    0.2129625698E-16    0.9999973352E+00    0.9999973352E+00
    5    0.5425000000E+01   -0.1161139353E+00   -0.6966836119E+00    0.3433822364E+00    0.0000000000E+00    0.0000000000E+00    0.0000000000E+00    0.0000000000E+00    0.0000000000E+00    0.0000000000E+00    0.9899137510E-15    0.9899144326E-15    0.9999972955E+00    0.9999972955E+00
    1    0.5683333333E+01    0.6966836119E+00   -0.6966836119E+00   -0.4739596267E+00    0.0000000000E+00    0.0000000000E+00    0.0000000000E+00    0.0000000000E+00    0.0000000000E+00    0.0000000000E+00    0.4437096054E-13    0.4437096054E-13    0.9999977071E+00    0.9999977071E+00
    2    0.5683333333E+01   -0.1161139353E+00    0.1161139353E+00   -0.3521449684E+00    0.0000000000E+00    0.0000000000E+00    0.0000000000E+00    0.0000000000E+00    0.0000000000E+00    0.0000000000E+00    0.9379864045E-16    0.9379864061E-16    0.9999985726E+00    0.9999985726E+00
    3    0.5683333333E+01    0.6966836119E+00   -0.6966836119E+00   -0.1264227146E+00    0.0000000000E+00    0.0000000000E+00    0.0000000000E+00    0.0000000000E+00    0.0000000000E+00    0.0000000000E+00    0.3176872281E-13    0.3176872281E-13    0.9999973756E+00    0.9999973756E+00
    4    0.5683333333E+01    0.6966836119E+00    0.1161139353E+00    0.2622661742E+00    0.0000000000E+00    0.0000000000E+00    0.0000000000E+00    0.0000000000E+00    0.0000000000E+00    0.0000000000E+00    0.1005284318E-13    0.1005284318E-13    0.9999966170E+00    0.9999966170E+00
    5    0.5683333333E+01   -0.1161139353E+00   -0.6966836119E+00    0.2607262718E+00    0.0000000000E+00    0.0000000000E+00    0.0000000000E+00    0.0000000000E+00    0.0000000000E+00    0.0000000000E+00    0.1828988930E-13    0.1828988930E-13    0.9999965716E+00    0.9999965716E+00
    1    0.5941666667E+01    0.6966836119E+00   -0.6966836119E+00   -0.5397139365E+00    0.0000000000E+00    0.0000000000E+00    0.0000000000E+00    0.0000000000E+00    0.0000000000E+00    0.0000000000E+00    0.5627554838E-14    0.5627554864E-14    0.9999971880E+00    0.9999971880E+00
    2    0.5941666667E+01   -0.1161139353E+00    0.1161139353E+00   -0.3899217470E+00    0.0000000000E+00    0.0000000000E+00    0.0000000000E+00    0.0000000000E+00    0.0000000000E+00    0.0000000000E+00    0.1035646947E-16    0.1035647674E-16    0.9999985369E+00    0.9999985369E+00
    3    0.5941666667E+01    0.6966836119E+00   -0.6966836119E+00   -0.2005373783E+00    0.0000000000E+00    0.0000000000E+00    0.0000000000E+00    0.0000000000E+00    0.0000000000E+00    0.0000000000E+00    0.4940000647E-14    0.4940000759E-14    0.9999968751E+00    0.9999968751E+00
    4    0.5941666667E+01    0.6966836119E+00    0.1161139353E+00    0.1523602540E+00    0.0000000000E+00    0.0000000000E+00    0.0000000000E+00    0.0000000000E+00    0.0000000000E+00    0.0000000000E+00    0.1734530758E-12    0.1734530759E-12    0.9999944003E+00    0.9999944003E+00
    5    0.5941666667E+01   -0.1161139353E+00   -0.6966836119E+00    0.1500354037E+00    0.0000000000E+00    0.0000000000E+00    0.0000000000E+00    0.0000000000E+00    0.0000000000E+00    0.0000000000E+00    0.2171809660E-12    0.2171809660E-12    0.9999944057E+00    0.9999944057E+00
    1    0.6200000000E+01    0.6966836119E+00   -0.6966836119E+00    0.5228395217E+00    0.0000000000E+00    0.0000000000E+00    0.0000000000E+00    0.0000000000E+00    0.0000000000E+00    0.0000000000E+00    0.1013968950E-11    0.1013968950E-11    0.9999953480E+00    0.9999953480E+00
    2    0.6200000000E+01   -0.1161139353E+00    0.1161139353E+00   -0.4271055889E+00    0.0000000000E+00    0.0000000000E+00    0.0000000000E+00    0.0000000000E+00    0.0000000000E+00    0.0000000000E+00    0.5767824742E-15    0.5767824742E-15    0.9999984925E+00    0.9999984925E+00
    3    0.6200000000E+01    0.6966836119E+00   -0.6966836119E+00   -0.2949636925E+00    0.0000000000E+00    0.0000000000E+00    0.0000000000E+00    0.0000000000E+00    0.0000000000E+00    0.0000000000E+00    0.1015730800E-11    0.1015730800E-11    0.9999950543E+00    0.9999950543E+00
    1    0.6458333333E+01   -0.1161139353E+00    0.1161139353E+00   -0.4639300154E+00    0.0000000000E+00    0.0000000000E+00    0.0000000000E+00    0.0000000000E+00    0.0000000000E+00    0.0000000000E+00    0.1682275407E-14    0.1682275407E-14    0.9999984413E+00    0.9999984413E+00
    1    0.6716666667E+01   -0.1161139353E+00    0.1161139353E+00   -0.5005679884E+00    0.0000000000E+00    0.0000000000E+00    0.0000000000E+00    0.0000000000E+00    0.0000000000E+00    0.0000000000E+00    0.1854381890E-14    0.1854381890E-14    0.9999983845E+00    0.9999983845E+00
    1    0.6975000000E+01   -0.1161139353E+00    0.1161139353E+00   -0.5371505714E+00    0.0000000000E+00    0.0000000000E+00    0.0000000000E+00    0.0000000000E+00    0.0000000000E+00    0.0000000000E+00    0.5766397978E-15    0.5766397978E-15    0.9999983225E+00    0.9999983225E+00
    1    0.7233333333E+01   -0.1161139353E+00    0.1161139353E+00   -0.5739377493E+00    0.0000000000E+00    0.0000000000E+00    0.0000000000E+00    0.0000000000E+00    0.0000000000E+00    0.0000000000E+00    0.2702873921E-12    0.2702873921E-12    0.9999978864E+00    0.9999978864E+00
    2    0.7233333333E+01   -0.1161139353E+00   -0.6966836119E+00   -0.1282278796E+00    0.0000000000E+00    0.0000000000E+00    0.0000000000E+00    0.0000000000E+00    0.0000000000E+00    0.0000000000E+00    0.2666405337E-12    0.2666405337E-12    0.9999964205E+00    0.9999964205E+00
    3    0.7233333333E+01    0.6966836119E+00    0.1161139353E+00   -0.1304169430E+00    0.0000000000E+00    0.0000000000E+00    0.0000000000E+00    0.0000000000E+00    0.0000000000E+00    0.0000000000E+00    0.2419551119E-12    0.2419551119E-12    0.9999964172E+00    0.9999964172E+00
    1    0.7491666667E+01   -0.1161139353E+00    0.1161139353E+00    0.5389699270E+00    0.0000000000E+00    0.0000000000E+00    0.0000000000E+00    0.0000000000E+00    0.0000000000E+00    0.0000000000E+00    0.7329648947E-15    0.7329648947E-15    0.9999981877E+00    0.9999981877E+00
    2    0.7491666667E+01   -0.1161139353E+00   -0.6966836119E+00   -0.1918863569E+00    0.0000000000E+00    0.0000000000E+00    0.0000000000E+00    0.0000000000E+00    0.0000000000E+00    0.0000000000E+00    0.1593525655E-17    0.1593525655E-17    0.9999972371E+00    0.9999972371E+00
    3    0.7491666667E+01    0.6966836119E+00    0.1161139353E+00   -0.1940940109E+00    0.0000000000E+00    0.0000000000E+00    0.0000000000E+00    0.0000000000E+00    0.0000000000E+00    0.0000000000E+00    0.9532241842E-16    0.9532241842E-16    0.9999972398E+00    0.9999972398E+00
    1    0.7750000000E+01   -0.1161139353E+00    0.1161139353E+00    0.5020668480E+00    0.0000000000E+00    0.0000000000E+00    0.0000000000E+00    0.0000000000E+00    0.0000000000E+00    0.0000000000E+00    0.3702091606E-14    0.3702091606E-14    0.9999981160E+00    0.9999981160E+00
    2    0.7750000000E+01   -0.1161139353E+00   -0.6966836119E+00   -0.2443662689E+00    0.0000000000E+00    0.0000000000E+00    0.0000000000E+00    0.0000000000E+00    0.0000000000E+00    0.0000000000E+00    0.1304139379E-13    0.1304139379E-13    0.9999974627E+00    0.9999974627E+00
    3    0.7750000000E+01    0.6966836119E+00    0.1161139353E+00   -0.2464427814E+00    0.0000000000E+00    0.0000000000E+00    0.0000000000E+00    0.0000000000E+00    0.0000000000E+00    0.0000000000E+00    0.1083228782E-13    0.1083228782E-13    0.9999974731E+00    0.9999974731E+00
    1    0.8008333333E+01   -0.1161139353E+00    0.1161139353E+00    0.4649615762E+00    0.0000000000E+00    0.0000000000E+00    0.0000000000E+00    0.0000000000E+00    0.0000000000E+00    0.0000000000E+00    0.4940597407E-14    0.4940597407E-14    0.9999980419E+00    0.9999980419E+00
    2    0.8008333333E+01    0.6966836119E+00    0.1161139353E+00   -0.2946468439E+00    0.0000000000E+00    0.0000000000E+00    0.0000000000E+00    0.0000000000E+00    0.0000000000E+00    0.0000000000E+00    0.6758057253E-14    0.6758057253E-14    0.9999975151E+00    0.9999975151E+00
    3    0.8008333333E+01   -0.1161139353E+00   -0.6966836119E+00   -0.2928462756E+00    0.0000000000E+00    0.0000000000E+00    0.0000000000E+00    0.0000000000E+00    0.0000000000E+00    0.0000000000E+00    0.1110641408E-13    0.1110641408E-13    0.9999974968E+00    0.9999974968E+00
    1    0.8266666667E+01   -0.1161139353E+00    0.1161139353E+00    0.4276230905E+00    0.0000000000E+00    0.0000000000E+00    0.0000000000E+00    0.0000000000E+00    0.0000000000E+00    0.0000000000E+00    0.2635872300E-14    0.2635872300E-14    0.9999979655E+00    0.9999979655E+00
    2    0.8266666667E+01    0.6966836119E+00    0.1161139353E+00   -0.3416130735E+00    0.0000000000E+00    0.0000000000E+00    0.0000000000E+00    0.0000000000E+00    0.0000000000E+00    0.0000000000E+00    0.1066998406E-14    0.1066998406E-14    0.9999974479E+00    0.9999974479E+00
    3    0.8266666667E+01   -0.1161139353E+00   -0.6966836119E+00   -0.3402363766E+00    0.0000000000E+00    0.0000000000E+00    0.0000000000E+00    0.0000000000E+00    0.0000000000E+00    0.0000000000E+00    0.2873738714E-14    0.2873738714E-14    0.9999974205E+00    0.9999974205E+00
    1    0.8525000000E+01   -0.1161139353E+00    0.1161139353E+00    0.3900215503E+00    0.0000000000E+00    0.0000000000E+00    0.0000000000E+00    0.0000000000E+00    0.0000000000E+00    0.0000000000E+00    0.8321770021E-16    0.8321770122E-16    0.9999978865E+00    0.9999978865E+00
    2    0.8525000000E+01   -0.1161139353E+00   -0.6966836119E+00   -0.3884156606E+00    0.0000000000E+00    0.0000000000E+00    0.0000000000E+00    0.0000000000E+00    0.0000000000E+00    0.0000000000E+00    0.3687615568E-16    0.3687615570E-16    0.9999972481E+00    0.9999972481E+00
    3    0.8525000000E+01    0.6966836119E+00    0.1161139353E+00   -0.3891988941E+00    0.0000000000E+00    0.0000000000E+00    0.0000000000E+00    0.0000000000E+00    0.0000000000E+00    0.0000000000E+00    0.8143567724E-17    0.8143568026E-17    0.9999972868E+00    0.9999972868E+00
    1    0.8783333333E+01    0.6966836119E+00   -0.6966836119E+00    0.3561736955E+00    0.0000000000E+00    0.0000000000E+00    0.0000000000E+00    0.0000000000E+00    0.0000000000E+00    0.0000000000E+00    0.6585632033E-10    0.6585632033E-10    0.9999799533E+00    0.9999799533E+00
    2    0.8783333333E+01   -0.1161139353E+00    0.1161139353E+00    0.3521192367E+00    0.0000000000E+00    0.0000000000E+00    0.0000000000E+00    0.0000000000E+00    0.0000000000E+00    0.0000000000E+00    0.1711517983E-14    0.1711517983E-14    0.9999978039E+00    0.9999978039E+00
    3    0.8783333333E+01    0.6966836119E+00   -0.6966836119E+00   -0.4184063553E+00    0.0000000000E+00    0.0000000000E+00    0.0000000000E+00    0.0000000000E+00    0.0000000000E+00    0.0000000000E+00    0.6600838548E-10    0.6600838548E-10    0.9999808527E+00    0.9999808527E+00
    4    0.8783333333E+01   -0.1161139353E+00   -0.6966836119E+00   -0.4391655549E+00    0.0000000000E+00    0.0000000000E+00    0.0000000000E+00    0.0000000000E+00    0.0000000000E+00    0.0000000000E+00    0.2654909893E-14    0.2654909894E-14    0.9999969578E+00    0.9999969578E+00
    5    0.8783333333E+01    0.6966836119E+00    0.1161139353E+00   -0.4391420130E+00    0.0000000000E+00    0.0000000000E+00    0.0000000000E+00    0.0000000000E+00    0.0000000000E+00    0.0000000000E+00    0.7708692731E-16    0.7708692980E-16    0.9999970118E+00    0.9999970118E+00
    1    0.9041666667E+01    0.6966836119E+00   -0.6966836119E+00    0.2155351201E+00    0.0000000000E+00    0.0000000000E+00    0.0000000000E+00    0.0000000000E+00    0.0000000000E+00    0.0000000000E+00    0.2072094456E-12    0.2072094456E-12    0.9999936448E+00    0.9999936448E+00
    2    0.9041666667E+01   -0.1161139353E+00    0.1161139353E+00    0.3138621178E+00    0.0000000000E+00    0.0000000000E+00    0.0000000000E+00    0.0000000000E+00    0.0000000000E+00    0.0000000000E+00    0.6415515106E-14    0.6415515106E-14    0.9999977163E+00    0.9999977163E+00
    3    0.9041666667E+01    0.6966836119E+00   -0.6966836119E+00   -0.5378124814E+00    0.0000000000E+00    0.0000000000E+00    0.0000000000E+00    0.0000000000E+00    0.0000000000E+00    0.0000000000E+00    0.1362388472E-12    0.1362388472E-12    0.9999953659E+00    0.9999953659E+00
    4    0.9041666667E+01   -0.1161139353E+00   -0.6966836119E+00   -0.4948784736E+00    0.0000000000E+00    0.0000000000E+00    0.0000000000E+00    0.0000000000E+00    0.0000000000E+00    0.0000000000E+00    0.4140554612E-14    0.4140554612E-14    0.9999964747E+00    0.9999964747E+00
    5    0.9041666667E+01    0.6966836119E+00    0.1161139353E+00   -0.4937573550E+00    0.0000000000E+00    0.0000000000E+00    0.0000000000E+00    0.0000000000E+00    0.0000000000E+00    0.0000000000E+00    0.6234987290E-15    0.6234987290E-15    0.9999965507E+00    0.9999965507E+00
    1    0.9300000000E+01    0.6966836119E+00   -0.6966836119E+00    0.9223621267E-01    0.0000000000E+00    0.0000000000E+00    0.0000000000E+00    0.0000000000E+00    0.0000000000E+00    0.0000000000E+00    0.8878986090E-11    0.8878986090E-11    0.9999895006E+00    0.9999895006E+00
    2    0.9300000000E+01   -0.1161139353E+00    0.1161139353E+00    0.2751721926E+00    0.0000000000E+00    0.0000000000E+00    0.0000000000E+00    0.0000000000E+00    0.0000000000E+00    0.0000000000E+00    0.8046472296E-14    0.8046472296E-14    0.9999976218E+00    0.9999976218E+00
    3    0.9300000000E+01    0.6966836119E+00   -0.6966836119E+00    0.5425623918E+00    0.0000000000E+00    0.0000000000E+00    0.0000000000E+00    0.0000000000E+00    0.0000000000E+00    0.0000000000E+00    0.3129547937E-12    0.3129547937E-12    0.9999960098E+00    0.9999960098E+00
    4    0.9300000000E+01   -0.1161139353E+00   -0.6966836119E+00   -0.5600273784E+00    0.0000000000E+00    0.0000000000E+00    0.0000000000E+00    0.0000000000E+00    0.0000000000E+00    0.0000000000E+00    0.3320511906E-14    0.3320511910E-14    0.9999955616E+00    0.9999955616E+00
    5    0.9300000000E+01    0.6966836119E+00    0.1161139353E+00   -0.5574405575E+00    0.0000000000E+00    0.0000000000E+00    0.0000000000E+00    0.0000000000E+00    0.0000000000E+00    0.0000000000E+00    0.5003655658E-13    0.5003655658E-13    0.9999956443E+00    0.9999956443E+00
    1    0.9558333333E+01   -0.1161139353E+00   -0.6966836119E+00   -0.1186795215E+00    0.0000000000E+00    0.0000000000E+00    0.0000000000E+00    0.0000000000E+00    0.0000000000E+00    0.0000000000E+00    0.1007052378E-10    0.1007052378E-10    0.9999820871E+00    0.9999820871E+00
    2    0.9558333333E+01    0.6966836119E+00    0.1161139353E+00   -0.1110284701E+00    0.0000000000E+00    0.0000000000E+00    0.0000000000E+00    0.0000000000E+00    0.0000000000E+00    0.0000000000E+00    0.1397887723E-10    0.1397887723E-10    0.9999781327E+00    0.9999781327E+00
    3    0.9558333333E+01   -0.1161139353E+00    0.1161139353E+00    0.2359408299E+00    0.0000000000E+00    0.0000000000E+00    0.0000000000E+00    0.0000000000E+00    0.0000000000E+00    0.0000000000E+00    0.3966547746E-14    0.3966547750E-14    0.9999975178E+00    0.9999975178E+00
    4    0.9558333333E+01    0.6966836119E+00   -0.6966836119E+00    0.4808830794E+00    0.0000000000E+00    0.0000000000E+00    0.0000000000E+00    0.0000000000E+00    0.0000000000E+00    0.0000000000E+00    0.2576865789E-14    0.2576865795E-14    0.9999961983E+00    0.9999961983E+00
    5    0.9558333333E+01   -0.1161139353E+00   -0.6966836119E+00    0.5016600876E+00    0.0000000000E+00    0.0000000000E+00    0.0000000000E+00    0.0000000000E+00    0.0000000000E+00    0.0000000000E+00    0.8883012506E-13    0.8883012527E-13    0.9999929865E+00    0.9999929865E+00
    6    0.9558333333E+01    0.6966836119E+00    0.1161139353E+00    0.5068916699E+00    0.0000000000E+00    0.0000000000E+00    0.0000000000E+00    0.0000000000E+00    0.0000000000E+00    0.0000000000E+00    0.4448643204E-13    0.4448643213E-13    0.9999931259E+00    0.9999931259E+00
    1    0.9816666667E+01    0.6966836119E+00   -0.6966836119E+00    0.4199711916E+00    0.0000000000E+00    0.0000000000E+00    0.0000000000E+00    0.0000000000E+00    0.0000000000E+00    0.0000000000E+00    0.1374656588E-14    0.1374656588E-14    0.9999960120E+00    0.9999960120E+00
    2    0.9816666667E+01   -0.1161139353E+00    0.1161139353E+00    0.1960227068E+00    0.0000000000E+00    0.0000000000E+00    0.0000000000E+00    0.0000000000E+00    0.0000000000E+00    0.0000000000E+00    0.5106094990E-16    0.5106094994E-16    0.9999974010E+00    0.9999974010E+00
    1    0.1007500000E+02    0.6966836119E+00   -0.6966836119E+00    0.3558783252E+00    0.0000000000E+00    0.0000000000E+00    0.0000000000E+00    0.0000000000E+00    0.0000000000E+00    0.0000000000E+00    0.1338888218E-14    0.1338888218E-14    0.9999955654E+00    0.9999955654E+00
    2    0.1007500000E+02   -0.1161139353E+00    0.1161139353E+00    0.1552292632E+00    0.0000000000E+00    0.0000000000E+00    0.0000000000E+00    0.0000000000E+00    0.0000000000E+00    0.0000000000E+00    0.3284536849E-14    0.3284536849E-14    0.9999972675E+00    0.9999972675E+00
    1    0.1033333333E+02    0.6966836119E+00   -0.6966836119E+00    0.2839485746E+00    0.0000000000E+00    0.0000000000E+00    0.0000000000E+00    0.0000000000E+00    0.0000000000E+00    0.0000000000E+00    0.1303574813E-13    0.1303574813E-13    0.9999946925E+00    0.9999946925E+00
    2    0.1033333333E+02   -0.1161139353E+00    0.1161139353E+00    0.1133199701E+00    0.0000000000E+00    0.0000000000E+00    0.0000000000E+00    0.0000000000E+00    0.0000000000E+00    0.0000000000E+00    0.1063429436E-13    0.1063429436E-13    0.9999971124E+00    0.9999971124E+00
    1    0.1059166667E+02    0.6966836119E+00   -0.6966836119E+00    0.1943269990E+00    0.0000000000E+00    0.0000000000E+00    0.0000000000E+00    0.0000000000E+00    0.0000000000E+00    0.0000000000E+00    0.6234942771E-16    0.6234942771E-16    0.9999926326E+00    0.9999926326E+00
    2    0.1059166667E+02   -0.1161139353E+00    0.1161139353E+00    0.6998897422E-01    0.0000000000E+00    0.0000000000E+00    0.0000000000E+00    0.0000000000E+00    0.0000000000E+00    0.0000000000E+00    0.1174456036E-13    0.1174456036E-13    0.9999969290E+00    0.9999969290E+00
    1    0.1085000000E+02    0.6966836119E+00   -0.6966836119E+00   -0.4522218577E+00    0.0000000000E+00    0.0000000000E+00    0.0000000000E+00    0.0000000000E+00    0.0000000000E+00    0.0000000000E+00    0.7431106974E-11    0.7431106974E-11    0.9999878059E+00    0.9999878059E+00
    2    0.1085000000E+02    0.6966836119E+00   -0.6966836119E+00    0.1153879112E+00    0.0000000000E+00    0.0000000000E+00    0.0000000000E+00    0.0000000000E+00    0.0000000000E+00    0.0000000000E+00    0.1115636689E-09    0.1115636689E-09    0.9999655904E+00    0.9999655904E+00
    3    0.1085000000E+02    0.6966836119E+00   -0.6966836119E+00    0.2660386849E-01    0.0000000000E+00    0.0000000000E+00    0.0000000000E+00    0.0000000000E+00    0.0000000000E+00    0.0000000000E+00    0.1097577717E-09    0.1097577717E-09    0.9999736872E+00    0.9999736872E+00
    4    0.1085000000E+02   -0.1161139353E+00    0.1161139353E+00    0.2484111547E-01    0.0000000000E+00    0.0000000000E+00    0.0000000000E+00    0.0000000000E+00    0.0000000000E+00    0.0000000000E+00    0.7084302791E-14    0.7084302879E-14    0.9999967075E+00    0.9999967075E+00
    1    0.1110833333E+02    0.6966836119E+00   -0.6966836119E+00   -0.5474187456E+00    0.0000000000E+00    0.0000000000E+00    0.0000000000E+00    0.0000000000E+00    0.0000000000E+00    0.0000000000E+00    0.4054151959E-14    0.4054151959E-14    0.9999944993E+00    0.9999944993E+00
    2    0.1110833333E+02   -0.1161139353E+00   -0.6966836119E+00   -0.1970745904E+00    0.0000000000E+00    0.0000000000E+00    0.0000000000E+00    0.0000000000E+00    0.0000000000E+00    0.0000000000E+00    0.1365121636E-13    0.1365121636E-13    0.9999878957E+00    0.9999878957E+00
    3    0.1110833333E+02    0.6966836119E+00    0.1161139353E+00   -0.1959524099E+00    0.0000000000E+00    0.0000000000E+00    0.0000000000E+00    0.0000000000E+00    0.0000000000E+00    0.0000000000E+00    0.2520735764E-14    0.2520735764E-14    0.9999883739E+00    0.9999883739E+00
    4    0.1110833333E+02   -0.1161139353E+00    0.1161139353E+00   -0.2259763912E-01    0.0000000000E+00    0.0000000000E+00    0.0000000000E+00    0.0000000000E+00    0.0000000000E+00    0.0000000000E+00    0.8068650034E-14    0.8068650034E-14    0.9999964376E+00    0.9999964376E+00
    1    0.1136666667E+02    0.6966836119E+00   -0.6966836119E+00    0.5345214738E+00    0.0000000000E+00    0.0000000000E+00    0.0000000000E+00    0.0000000000E+00    0.0000000000E+00    0.0000000000E+00    0.1312666578E-14    0.1312666578E-14    0.9999953781E+00    0.9999953781E+00
    2    0.1136666667E+02   -0.1161139353E+00    0.1161139353E+00   -0.7305652315E-01    0.0000000000E+00    0.0000000000E+00    0.0000000000E+00    0.0000000000E+00    0.0000000000E+00    0.0000000000E+00    0.1551932850E-13    0.1551932850E-13    0.9999961031E+00    0.9999961031E+00
    3    0.1136666667E+02   -0.1161139353E+00   -0.6966836119E+00   -0.3221766691E+00    0.0000000000E+00    0.0000000000E+00    0.0000000000E+00    0.0000000000E+00    0.0000000000E+00    0.0000000000E+00    0.6739813276E-13    0.6739813276E-13    0.9999925337E+00    0.9999925337E+00
    4    0.1136666667E+02    0.6966836119E+00    0.1161139353E+00   -0.3213084683E+00    0.0000000000E+00    0.0000000000E+00    0.0000000000E+00    0.0000000000E+00    0.0000000000E+00    0.0000000000E+00    0.3960838330E-14    0.3960838330E-14    0.9999923360E+00    0.9999923360E+00
    1    0.1162500000E+02    0.6966836119E+00   -0.6966836119E+00    0.4755812380E+00    0.0000000000E+00    0.0000000000E+00    0.0000000000E+00    0.0000000000E+00    0.0000000000E+00    0.0000000000E+00    0.1841195765E-15    0.1841195765E-15    0.9999956707E+00    0.9999956707E+00
    2    0.1162500000E+02   -0.1161139353E+00    0.1161139353E+00   -0.1273955463E+00    0.0000000000E+00    0.0000000000E+00    0.0000000000E+00    0.0000000000E+00    0.0000000000E+00    0.0000000000E+00    0.1247903760E-13    0.1247903760E-13    0.9999956772E+00    0.9999956772E+00
    3    0.1162500000E+02   -0.1161139353E+00   -0.6966836119E+00   -0.4104709909E+00    0.0000000000E+00    0.0000000000E+00    0.0000000000E+00    0.0000000000E+00    0.0000000000E+00    0.0000000000E+00    0.2447660900E-14    0.2447660900E-14    0.9999939226E+00    0.9999939226E+00
    4    0.1162500000E+02    0.6966836119E+00    0.1161139353E+00   -0.4118334540E+00    0.0000000000E+00    0.0000000000E+00    0.0000000000E+00    0.0000000000E+00    0.0000000000E+00    0.0000000000E+00    0.3822595931E-14    0.3822595931E-14    0.9999938034E+00    0.9999938034E+00
    1    0.1188333333E+02    0.6966836119E+00   -0.6966836119E+00    0.4199106200E+00    0.0000000000E+00    0.0000000000E+00    0.0000000000E+00    0.0000000000E+00    0.0000000000E+00    0.0000000000E+00    0.3507892479E-17    0.3507892496E-17    0.9999957066E+00    0.9999957066E+00
    2    0.1188333333E+02   -0.1161139353E+00    0.1161139353E+00   -0.1867843282E+00    0.0000000000E+00    0.0000000000E+00    0.0000000000E+00    0.0000000000E+00    0.0000000000E+00    0.0000000000E+00    0.9910431736E-16    0.9910431741E-16    0.9999951359E+00    0.9999951359E+00
    3    0.1188333333E+02    0.6966836119E+00    0.1161139353E+00   -0.4875811947E+00    0.0000000000E+00    0.0000000000E+00    0.0000000000E+00    0.0000000000E+00    0.0000000000E+00    0.0000000000E+00    0.1081628486E-13    0.1081628486E-13    0.9999944148E+00    0.9999944148E+00
    4    0.1188333333E+02   -0.1161139353E+00   -0.6966836119E+00   -0.4853045762E+00    0.0000000000E+00    0.0000000000E+00    0.0000000000E+00    0.0000000000E+00    0.0000000000E+00    0.0000000000E+00    0.1657790939E-14    0.1657790939E-14    0.9999944425E+00    0.9999944425E+00
    1    0.1214166667E+02    0.6966836119E+00   -0.6966836119E+00    0.3647529456E+00    0.0000000000E+00    0.0000000000E+00    0.0000000000E+00    0.0000000000E+00    0.0000000000E+00    0.0000000000E+00    0.2536733205E-17    0.2536733231E-17    0.9999955679E+00    0.9999955679E+00
    2    0.1214166667E+02   -0.1161139353E+00    0.1161139353E+00   -0.2525326406E+00    0.0000000000E+00    0.0000000000E+00    0.0000000000E+00    0.0000000000E+00    0.0000000000E+00    0.0000000000E+00    0.9866136626E-14    0.9866136626E-14    0.9999944779E+00    0.9999944779E+00
    3    0.1214166667E+02    0.6966836119E+00    0.1161139353E+00   -0.5570107668E+00    0.0000000000E+00    0.0000000000E+00    0.0000000000E+00    0.0000000000E+00    0.0000000000E+00    0.0000000000E+00    0.3634241795E-13    0.3634241795E-13    0.9999945680E+00    0.9999945680E+00
    4    0.1214166667E+02   -0.1161139353E+00   -0.6966836119E+00   -0.5547361059E+00    0.0000000000E+00    0.0000000000E+00    0.0000000000E+00    0.0000000000E+00    0.0000000000E+00    0.0000000000E+00    0.2625656256E-15    0.2625656256E-15    0.9999945577E+00    0.9999945577E+00
    1    0.1240000000E+02   -0.1161139353E+00    0.1161139353E+00   -0.3253566579E+00    0.0000000000E+00    0.0000000000E+00    0.0000000000E+00    0.0000000000E+00    0.0000000000E+00    0.0000000000E+00    0.5634658195E-14    0.5634658195E-14    0.9999938050E+00    0.9999938050E+00
    2    0.1240000000E+02    0.6966836119E+00   -0.6966836119E+00    0.3079970126E+00    0.0000000000E+00    0.0000000000E+00    0.0000000000E+00    0.0000000000E+00    0.0000000000E+00    0.0000000000E+00    0.1384842713E-16    0.1384842990E-16    0.9999952576E+00    0.9999952576E+00
    3    0.1240000000E+02    0.6966836119E+00    0.1161139353E+00    0.5249155971E+00    0.0000000000E+00    0.0000000000E+00    0.0000000000E+00    0.0000000000E+00    0.0000000000E+00    0.0000000000E+00    0.2601091506E-14    0.2601091507E-14    0.9999944674E+00    0.9999944674E+00
    4    0.1240000000E+02   -0.1161139353E+00   -0.6966836119E+00    0.5264473562E+00    0.0000000000E+00    0.0000000000E+00    0.0000000000E+00    0.0000000000E+00    0.0000000000E+00    0.0000000000E+00    0.5240361894E-15    0.5240361895E-15    0.9999943993E+00    0.9999943993E+00
    1    0.1265833333E+02   -0.1161139353E+00    0.1161139353E+00   -0.4036632888E+00    0.0000000000E+00    0.0000000000E+00    0.0000000000E+00    0.0000000000E+00    0.0000000000E+00    0.0000000000E+00    0.1920236900E-15    0.1920236900E-15    0.9999933800E+00    0.9999933800E+00
    2    0.1265833333E+02    0.6966836119E+00   -0.6966836119E+00    0.2473473548E+00    0.0000000000E+00    0.0000000000E+00    0.0000000000E+00    0.0000000000E+00    0.0000000000E+00    0.0000000000E+00    0.1230153118E-15    0.1230153118E-15    0.9999947184E+00    0.9999947184E+00
    3    0.1265833333E+02    0.6966836119E+00    0.1161139353E+00    0.4555224133E+00    0.0000000000E+00    0.0000000000E+00    0.0000000000E+00    0.0000000000E+00    0.0000000000E+00    0.0000000000E+00    0.5101990740E-15    0.5101990740E-15    0.9999940635E+00    0.9999940635E+00
    4    0.1265833333E+02   -0.1161139353E+00   -0.6966836119E+00    0.4560098841E+00    0.0000000000E+00    0.0000000000E+00    0.0000000000E+00    0.0000000000E+00    0.0000000000E+00    0.0000000000E+00    0.2865823416E-14    0.2865823416E-14    0.9999939609E+00    0.9999939609E+00
    1    0.1291666667E+02   -0.1161139353E+00    0.1161139353E+00   -0.4830150022E+00    0.0000000000E+00    0.0000000000E+00    0.0000000000E+00    0.0000000000E+00    0.0000000000E+00    0.0000000000E+00    0.1430873625E-14    0.1430873625E-14    0.9999933590E+00    0.9999933590E+00
    2    0.1291666667E+02    0.6966836119E+00   -0.6966836119E+00    0.1793759383E+00    0.0000000000E+00    0.0000000000E+00    0.0000000000E+00    0.0000000000E+00    0.0000000000E+00    0.0000000000E+00    0.3483745308E-15    0.3483745308E-15    0.9999937740E+00    0.9999937740E+00
    3    0.1291666667E+02    0.6966836119E+00    0.1161139353E+00    0.3803474198E+00    0.0000000000E+00    0.0000000000E+00    0.0000000000E+00    0.0000000000E+00    0.0000000000E+00    0.0000000000E+00    0.1518051887E-17    0.1518051889E-17    0.9999932105E+00    0.9999932105E+00
    4    0.1291666667E+02   -0.1161139353E+00   -0.6966836119E+00    0.3794054529E+00    0.0000000000E+00    0.0000000000E+00    0.0000000000E+00    0.0000000000E+00    0.0000000000E+00    0.0000000000E+00    0.5320592573E-16    0.5320592573E-16    0.9999930713E+00    0.9999930713E+00
    1    0.1317500000E+02   -0.1161139353E+00    0.1161139353E+00   -0.5596595737E+00    0.0000000000E+00    0.0000000000E+00    0.0000000000E+00    0.0000000000E+00    0.0000000000E+00    0.0000000000E+00    0.9419104810E-13    0.9419104810E-13    0.9999934978E+00    0.9999934978E+00
    2    0.1317500000E+02    0.6966836119E+00   -0.6966836119E+00    0.9659383373E-01    0.0000000000E+00    0.0000000000E+00    0.0000000000E+00    0.0000000000E+00    0.0000000000E+00    0.0000000000E+00    0.4961849552E-12    0.4961849552E-12    0.9999916856E+00    0.9999916856E+00
    3    0.1317500000E+02    0.6966836119E+00    0.1161139353E+00    0.2908762574E+00    0.0000000000E+00    0.0000000000E+00    0.0000000000E+00    0.0000000000E+00    0.0000000000E+00    0.0000000000E+00    0.3976586633E-13    0.3976586633E-13    0.9999910498E+00    0.9999910498E+00
    4    0.1317500000E+02   -0.1161139353E+00   -0.6966836119E+00    0.2879798894E+00    0.0000000000E+00    0.0000000000E+00    0.0000000000E+00    0.0000000000E+00    0.0000000000E+00    0.0000000000E+00    0.1074011594E-12    0.1074011594E-12    0.9999908438E+00    0.9999908438E+00
    1    0.1343333333E+02    0.6966836119E+00   -0.6966836119E+00   -0.4849421089E+00    0.0000000000E+00    0.0000000000E+00    0.0000000000E+00    0.0000000000E+00    0.0000000000E+00    0.0000000000E+00    0.3468661638E-11    0.3468661638E-11    0.9999699525E+00    0.9999699525E+00
    2    0.1343333333E+02   -0.1161139353E+00    0.1161139353E+00    0.5165384190E+00    0.0000000000E+00    0.0000000000E+00    0.0000000000E+00    0.0000000000E+00    0.0000000000E+00    0.0000000000E+00    0.2159688897E-13    0.2159688919E-13    0.9999936208E+00    0.9999936208E+00
    3    0.1343333333E+02    0.6966836119E+00   -0.6966836119E+00   -0.9066459054E-01    0.0000000000E+00    0.0000000000E+00    0.0000000000E+00    0.0000000000E+00    0.0000000000E+00    0.0000000000E+00    0.1111616461E-09    0.1111616461E-09    0.9999639386E+00    0.9999639386E+00
    4    0.1343333333E+02    0.6966836119E+00    0.1161139353E+00    0.1003717705E+00    0.0000000000E+00    0.0000000000E+00    0.0000000000E+00    0.0000000000E+00    0.0000000000E+00    0.0000000000E+00    0.3149224412E-09    0.3149224413E-09    0.9999234879E+00    0.9999234879E+00
    5    0.1343333333E+02   -0.1161139353E+00   -0.6966836119E+00    0.9582766282E-01    0.0000000000E+00    0.0000000000E+00    0.0000000000E+00    0.0000000000E+00    0.0000000000E+00    0.0000000000E+00    0.3198165208E-09    0.3198165208E-09    0.9999297782E+00    0.9999297782E+00
    6    0.1343333333E+02    0.6966836119E+00   -0.6966836119E+00    0.3853710469E-01    0.0000000000E+00    0.0000000000E+00    0.0000000000E+00    0.0000000000E+00    0.0000000000E+00    0.0000000000E+00    0.3379085013E-11    0.3379085013E-11    0.9999764847E+00    0.9999764847E+00
    1    0.1369166667E+02   -0.1161139353E+00    0.1161139353E+00    0.4442713416E+00    0.0000000000E+00    0.0000000000E+00    0.0000000000E+00    0.0000000000E+00    0.0000000000E+00    0.0000000000E+00    0.2514502763E-12    0.2514502763E-12    0.9999932881E+00    0.9999932881E+00
    2    0.1369166667E+02    0.6966836119E+00   -0.6966836119E+00   -0.1790561012E+00    0.0000000000E+00    0.0000000000E+00    0.0000000000E+00    0.0000000000E+00    0.0000000000E+00    0.0000000000E+00    0.1840462136E-11    0.1840462136E-11    0.9999806888E+00    0.9999806888E+00
    3    0.1369166667E+02   -0.1161139353E+00    0.1161139353E+00   -0.3681327227E+00    0.0000000000E+00    0.0000000000E+00    0.0000000000E+00    0.0000000000E+00    0.0000000000E+00    0.0000000000E+00    0.2898506798E-12    0.2898506798E-12    0.9999824563E+00    0.9999824563E+00
    4    0.1369166667E+02    0.6966836119E+00    0.1161139353E+00   -0.3310379753E+00    0.0000000000E+00    0.0000000000E+00    0.0000000000E+00    0.0000000000E+00    0.0000000000E+00    0.0000000000E+00    0.7482132151E-12    0.7482132151E-12    0.9999784286E+00    0.9999784286E+00
    5    0.1369166667E+02   -0.1161139353E+00   -0.6966836119E+00   -0.3332088639E+00    0.0000000000E+00    0.0000000000E+00    0.0000000000E+00    0.0000000000E+00    0.0000000000E+00    0.0000000000E+00    0.2384905759E-12    0.2384905759E-12    0.9999783455E+00    0.9999783455E+00
    6    0.1369166667E+02    0.6966836119E+00   -0.6966836119E+00   -0.3334201512E+00    0.0000000000E+00    0.0000000000E+00    0.0000000000E+00    0.0000000000E+00    0.0000000000E+00    0.0000000000E+00    0.2861577063E-11    0.2861577063E-11    0.9999801160E+00    0.9999801160E+00
    7    0.1369166667E+02   -0.1161139353E+00    0.1161139353E+00   -0.3334663489E+00   -0.1161139353E+00    0.1161139353E+00    0.8160029661E+00   -0.1911643609E+00    0.1980329562E+00   -0.2336019321E+01    0.4945943997E-12    0.4945943997E-12    0.9999829992E+00    0.9999829992E+00
    1    0.1395000000E+02    0.6966836119E+00    0.1161139353E+00    0.6876517010E-01    0.0000000000E+00    0.0000000000E+00    0.0000000000E+00    0.0000000000E+00    0.0000000000E+00    0.0000000000E+00    0.2341841780E-09    0.2341841780E-09    0.9999540506E+00    0.9999540506E+00
    2    0.1395000000E+02   -0.1161139353E+00   -0.6966836119E+00    0.6600698220E-01    0.0000000000E+00    0.0000000000E+00    0.0000000000E+00    0.0000000000E+00    0.0000000000E+00    0.0000000000E+00    0.2511775383E-09    0.2511775383E-09    0.9999516876E+00    0.9999516876E+00
    3    0.1395000000E+02   -0.1161139353E+00    0.1161139353E+00    0.3696680106E+00    0.0000000000E+00    0.0000000000E+00    0.0000000000E+00    0.0000000000E+00    0.0000000000E+00    0.0000000000E+00    0.3380390593E-12    0.3380390593E-12    0.9999928787E+00    0.9999928787E+00
    4    0.1395000000E+02   -0.1161139353E+00    0.1161139353E+00   -0.5000476170E+00    0.0000000000E+00    0.0000000000E+00    0.0000000000E+00    0.0000000000E+00    0.0000000000E+00    0.0000000000E+00    0.4682863134E-12    0.4682863134E-12    0.9999857116E+00    0.9999857116E+00
    5    0.1395000000E+02   -0.1161139353E+00    0.1161139353E+00   -0.5445406003E+00    0.0000000000E+00    0.0000000000E+00    0.0000000000E+00    0.0000000000E+00    0.0000000000E+00    0.0000000000E+00    0.7749552214E-12    0.7749552214E-12    0.9999842833E+00    0.9999842833E+00
    6    0.1395000000E+02   -0.1161139353E+00   -0.6966836119E+00    0.5707443523E+00    0.0000000000E+00    0.0000000000E+00    0.0000000000E+00    0.0000000000E+00    0.0000000000E+00    0.0000000000E+00    0.5008950773E-09    0.5008950773E-09    0.9999422987E+00    0.9999422987E+00
    7    0.1395000000E+02    0.6966836119E+00    0.1161139353E+00    0.5725375604E+00    0.0000000000E+00    0.0000000000E+00    0.0000000000E+00    0.0000000000E+00    0.0000000000E+00    0.0000000000E+00    0.1583872477E-08    0.1583872477E-08    0.9999065338E+00    0.9999065338E+00
    8    0.1395000000E+02   -0.1161139353E+00   -0.6966836119E+00   -0.2795164578E+00    0.0000000000E+00    0.0000000000E+00    0.0000000000E+00    0.0000000000E+00    0.0000000000E+00    0.0000000000E+00    0.4525413968E-10    0.4525413968E-10    0.9999648449E+00    0.9999648449E+00
    9    0.1395000000E+02    0.6966836119E+00    0.1161139353E+00   -0.2838056853E+00    0.0000000000E+00    0.0000000000E+00    0.0000000000E+00    0.0000000000E+00    0.0000000000E+00    0.0000000000E+00    0.8124848628E-10    0.8124848628E-10    0.9999655677E+00    0.9999655677E+00
   10    0.1395000000E+02    0.6966836119E+00    0.1161139353E+00   -0.2965144067E+00    0.0000000000E+00    0.0000000000E+00    0.0000000000E+00    0.0000000000E+00    0.0000000000E+00    0.0000000000E+00    0.4017102999E-10    0.4017102999E-10    0.9999690865E+00    0.9999690865E+00
   11    0.1395000000E+02   -0.1161139353E+00   -0.6966836119E+00   -0.2941076753E+00    0.0000000000E+00    0.0000000000E+00    0.0000000000E+00    0.0000000000E+00    0.0000000000E+00    0.0000000000E+00    0.2627217528E-10    0.2627217528E-10    0.9999706273E+00    0.9999706273E+00
    1    0.1420833333E+02   -0.1161139353E+00    0.1161139353E+00    0.2854557251E+00    0.0000000000E+00    0.0000000000E+00    0.0000000000E+00    0.0000000000E+00    0.0000000000E+00    0.0000000000E+00    0.3415508533E-13    0.3415508533E-13    0.9999911731E+00    0.9999911731E+00
    2    0.1420833333E+02   -0.1161139353E+00    0.1161139353E+00    0.4152593056E+00   -0.1161139353E+00    0.1161139353E+00    0.4152593056E+00   -0.9742316906E-01    0.7598563848E-01   -0.2353694374E+01    0.5174556971E-12    0.5174556971E-12    0.9999788761E+00    0.9999788761E+00
    3    0.1420833333E+02   -0.1161139353E+00    0.1161139353E+00    0.4896921352E+00    0.0000000000E+00    0.0000000000E+00    0.0000000000E+00    0.0000000000E+00    0.0000000000E+00    0.0000000000E+00    0.1546036825E-12    0.1546036825E-12    0.9999842397E+00    0.9999842397E+00
    1    0.1446666667E+02   -0.1161139353E+00    0.1161139353E+00    0.2975112373E+00   -0.1161139353E+00    0.1161139353E+00    0.2975112373E+00    0.3760938798E+00   -0.4600793133E+00   -0.2041854598E+01    0.1685802834E-11    0.1685802834E-11    0.9999763874E+00    0.9999763874E+00
    2    0.1446666667E+02   -0.1161139353E+00    0.1161139353E+00    0.1597752435E+00    0.0000000000E+00    0.0000000000E+00    0.0000000000E+00    0.0000000000E+00    0.0000000000E+00    0.0000000000E+00    0.2935079691E-11    0.2935079691E-11    0.9999832930E+00    0.9999832930E+00
    1    0.1472500000E+02   -0.1161139353E+00    0.1161139353E+00    0.3680619825E-01    0.0000000000E+00    0.0000000000E+00    0.0000000000E+00    0.0000000000E+00    0.0000000000E+00    0.0000000000E+00    0.8145578114E-09    0.8145578114E-09    0.9999295321E+00    0.9999295321E+00
