    1    0.1033333333E+01    0.4644557413E+00    0.4644557413E+00   -0.6003871631E-01    0.0000000000E+00    0.0000000000E+00    0.0000000000E+00    0.0000000000E+00    0.0000000000E+00    0.0000000000E+00    0.4267603947E-13    0.4267603947E-13    0.9999994124E+00    0.9999994124E+00
    1    0.1291666667E+01    0.4644557413E+00    0.4644557413E+00   -0.1820351216E+00    0.0000000000E+00    0.0000000000E+00    0.0000000000E+00    0.0000000000E+00    0.0000000000E+00    0.0000000000E+00    0.1327441692E-16    0.1327441692E-16    0.9999994079E+00    0.9999994079E+00
    2    0.1291666667E+01    0.4644557413E+00    0.4644557413E+00   -0.1163531053E+00    0.0000000000E+00    0.0000000000E+00    0.0000000000E+00    0.0000000000E+00    0.0000000000E+00    0.0000000000E+00    0.8922321720E-14    0.8922321720E-14    0.9999995566E+00    0.9999995566E+00
    1    0.1550000000E+01    0.4644557413E+00    0.4644557413E+00   -0.2366187026E+00    0.0000000000E+00    0.0000000000E+00    0.0000000000E+00    0.0000000000E+00    0.0000000000E+00    0.0000000000E+00    0.1785412780E-15    0.1785412780E-15    0.9999994910E+00    0.9999994910E+00
    2    0.1550000000E+01    0.4644557413E+00    0.4644557413E+00   -0.1622336279E+00    0.0000000000E+00    0.0000000000E+00    0.0000000000E+00    0.0000000000E+00    0.0000000000E+00    0.0000000000E+00    0.1206477394E-14    0.1206477394E-14    0.9999995404E+00    0.9999995404E+00
    1    0.1808333333E+01    0.4644557413E+00    0.4644557413E+00   -0.2819036891E+00    0.0000000000E+00    0.0000000000E+00    0.0000000000E+00    0.0000000000E+00    0.0000000000E+00    0.0000000000E+00    0.5837476129E-15    0.5837476129E-15    0.9999994706E+00    0.9999994706E+00
    2    0.1808333333E+01    0.4644557413E+00    0.4644557413E+00   -0.2044088208E+00    0.0000000000E+00    0.0000000000E+00    0.0000000000E+00    0.0000000000E+00    0.0000000000E+00    0.0000000000E+00    0.1966939697E-15    0.1966939697E-15    0.9999994949E+00    0.9999994949E+00
    1    0.2066666667E+01    0.4644557413E+00    0.4644557413E+00   -0.2118174211E-01    0.0000000000E+00    0.0000000000E+00    0.0000000000E+00    0.0000000000E+00    0.0000000000E+00    0.0000000000E+00    0.3288968333E-12    0.3288968333E-12    0.9999985309E+00    0.9999985309E+00
    2    0.2066666667E+01    0.4644557413E+00    0.4644557413E+00   -0.3241630500E+00    0.0000000000E+00    0.0000000000E+00    0.0000000000E+00    0.0000000000E+00    0.0000000000E+00    0.0000000000E+00    0.1051240079E-13    0.1051240079E-13    0.9999994384E+00    0.9999994384E+00
    3    0.2066666667E+01    0.4644557413E+00    0.4644557413E+00   -0.2454266659E+00    0.0000000000E+00    0.0000000000E+00    0.0000000000E+00    0.0000000000E+00    0.0000000000E+00    0.0000000000E+00    0.2281672658E-14    0.2281672658E-14    0.9999994335E+00    0.9999994335E+00
    1    0.2325000000E+01    0.4644557413E+00    0.4644557413E+00   -0.7543706817E-01    0.0000000000E+00    0.0000000000E+00    0.0000000000E+00    0.0000000000E+00    0.0000000000E+00    0.0000000000E+00    0.9570314768E-14    0.9570314768E-14    0.9999993455E+00    0.9999993455E+00
    2    0.2325000000E+01    0.4644557413E+00    0.4644557413E+00   -0.2864675441E+00    0.0000000000E+00    0.0000000000E+00    0.0000000000E+00    0.0000000000E+00    0.0000000000E+00    0.0000000000E+00    0.3548789146E-14    0.3548789146E-14    0.9999993577E+00    0.9999993577E+00
    3    0.2325000000E+01    0.4644557413E+00    0.4644557413E+00   -0.3654521273E+00    0.0000000000E+00    0.0000000000E+00    0.0000000000E+00    0.0000000000E+00    0.0000000000E+00    0.0000000000E+00    0.3001977706E-14    0.3001977706E-14    0.9999993955E+00    0.9999993955E+00
    1    0.2583333333E+01    0.4644557413E+00    0.4644557413E+00   -0.1114769733E+00    0.0000000000E+00    0.0000000000E+00    0.0000000000E+00    0.0000000000E+00    0.0000000000E+00    0.0000000000E+00    0.3002163424E-14    0.3002163424E-14    0.9999993873E+00    0.9999993873E+00
    2    0.2583333333E+01    0.4644557413E+00    0.4644557413E+00   -0.3283685531E+00    0.0000000000E+00    0.0000000000E+00    0.0000000000E+00    0.0000000000E+00    0.0000000000E+00    0.0000000000E+00    0.2126156753E-14    0.2126156753E-14    0.9999992676E+00    0.9999992676E+00
    3    0.2583333333E+01    0.4644557413E+00    0.4644557413E+00   -0.4068840813E+00    0.0000000000E+00    0.0000000000E+00    0.0000000000E+00    0.0000000000E+00    0.0000000000E+00    0.0000000000E+00    0.4428746897E-14    0.4428746897E-14    0.9999993198E+00    0.9999993198E+00
    1    0.2841666667E+01    0.4644557413E+00    0.4644557413E+00   -0.1433312787E+00    0.0000000000E+00    0.0000000000E+00    0.0000000000E+00    0.0000000000E+00    0.0000000000E+00    0.0000000000E+00    0.2384792179E-14    0.2384792179E-14    0.9999993892E+00    0.9999993892E+00
    2    0.2841666667E+01    0.4644557413E+00    0.4644557413E+00   -0.4493198587E+00    0.0000000000E+00    0.0000000000E+00    0.0000000000E+00    0.0000000000E+00    0.0000000000E+00    0.0000000000E+00    0.5169725345E-14    0.5169725345E-14    0.9999992171E+00    0.9999992171E+00
    3    0.2841666667E+01    0.4644557413E+00    0.4644557413E+00   -0.3719418925E+00    0.0000000000E+00    0.0000000000E+00    0.0000000000E+00    0.0000000000E+00    0.0000000000E+00    0.0000000000E+00    0.1483844138E-15    0.1483844138E-15    0.9999991562E+00    0.9999991562E+00
    1    0.3100000000E+01    0.4644557413E+00    0.4644557413E+00   -0.1731229435E+00    0.0000000000E+00    0.0000000000E+00    0.0000000000E+00    0.0000000000E+00    0.0000000000E+00    0.0000000000E+00    0.2179706495E-14    0.2179706495E-14    0.9999994072E+00    0.9999994072E+00
    2    0.3100000000E+01    0.4644557413E+00    0.4644557413E+00   -0.4181859237E+00    0.0000000000E+00    0.0000000000E+00    0.0000000000E+00    0.0000000000E+00    0.0000000000E+00    0.0000000000E+00    0.1311897021E-14    0.1311897021E-14    0.9999990136E+00    0.9999990136E+00
    3    0.3100000000E+01    0.4644557413E+00    0.4644557413E+00   -0.4936550163E+00    0.0000000000E+00    0.0000000000E+00    0.0000000000E+00    0.0000000000E+00    0.0000000000E+00    0.0000000000E+00    0.3494695113E-14    0.3494695113E-14    0.9999990575E+00    0.9999990575E+00
    1    0.3358333333E+01    0.4644557413E+00    0.4644557413E+00   -0.2016610464E+00    0.0000000000E+00    0.0000000000E+00    0.0000000000E+00    0.0000000000E+00    0.0000000000E+00    0.0000000000E+00    0.4722197478E-15    0.4722197484E-15    0.9999993697E+00    0.9999993697E+00
    2    0.3358333333E+01   -0.3483418059E+00    0.4644557413E+00    0.2564943987E+00    0.0000000000E+00    0.0000000000E+00    0.0000000000E+00    0.0000000000E+00    0.0000000000E+00    0.0000000000E+00    0.5787756214E-13    0.5787756215E-13    0.9999966354E+00    0.9999966354E+00
    3    0.3358333333E+01    0.4644557413E+00   -0.3483418059E+00    0.2565807926E+00    0.0000000000E+00    0.0000000000E+00    0.0000000000E+00    0.0000000000E+00    0.0000000000E+00    0.0000000000E+00    0.3221312382E-13    0.3221312384E-13    0.9999966716E+00    0.9999966716E+00
    4    0.3358333333E+01    0.4644557413E+00    0.4644557413E+00   -0.4685788051E+00    0.0000000000E+00    0.0000000000E+00    0.0000000000E+00    0.0000000000E+00    0.0000000000E+00    0.0000000000E+00    0.5372697437E-14    0.5372697438E-14    0.9999988178E+00    0.9999988178E+00
    5    0.3358333333E+01    0.4644557413E+00    0.4644557413E+00   -0.5411073227E+00    0.0000000000E+00    0.0000000000E+00    0.0000000000E+00    0.0000000000E+00    0.0000000000E+00    0.0000000000E+00    0.4655414310E-14    0.4655414310E-14    0.9999989030E+00    0.9999989030E+00
    6    0.3358333333E+01   -0.3483418059E+00    0.4644557413E+00    0.5075047116E+00    0.0000000000E+00    0.0000000000E+00    0.0000000000E+00    0.0000000000E+00    0.0000000000E+00    0.0000000000E+00    0.2284743729E-12    0.2284743730E-12    0.9999945426E+00    0.9999945426E+00
    7    0.3358333333E+01    0.4644557413E+00   -0.3483418059E+00    0.5119515280E+00    0.0000000000E+00    0.0000000000E+00    0.0000000000E+00    0.0000000000E+00    0.0000000000E+00    0.0000000000E+00    0.1446968320E-11    0.1446968320E-11    0.9999942479E+00    0.9999942479E+00
    1    0.3616666667E+01    0.4644557413E+00    0.4644557413E+00   -0.2293583309E+00    0.0000000000E+00    0.0000000000E+00    0.0000000000E+00    0.0000000000E+00    0.0000000000E+00    0.0000000000E+00    0.1413109716E-14    0.1413109754E-14    0.9999993201E+00    0.9999993201E+00
    2    0.3616666667E+01   -0.3483418059E+00    0.4644557413E+00    0.8662007997E-01    0.0000000000E+00    0.0000000000E+00    0.0000000000E+00    0.0000000000E+00    0.0000000000E+00    0.0000000000E+00    0.3515825635E-11    0.3515825635E-11    0.9999938906E+00    0.9999938906E+00
    3    0.3616666667E+01    0.4644557413E+00   -0.3483418059E+00    0.9444180240E-01    0.0000000000E+00    0.0000000000E+00    0.0000000000E+00    0.0000000000E+00    0.0000000000E+00    0.0000000000E+00    0.2255048490E-11    0.2255048490E-11    0.9999942216E+00    0.9999942216E+00
    4    0.3616666667E+01    0.4644557413E+00    0.4644557413E+00   -0.5261576338E+00    0.0000000000E+00    0.0000000000E+00    0.0000000000E+00    0.0000000000E+00    0.0000000000E+00    0.0000000000E+00    0.4878070905E-13    0.4878070908E-13    0.9999984486E+00    0.9999984486E+00
    5    0.3616666667E+01   -0.3483418059E+00    0.4644557413E+00    0.4007679543E+00    0.0000000000E+00    0.0000000000E+00    0.0000000000E+00    0.0000000000E+00    0.0000000000E+00    0.0000000000E+00    0.3833853262E-12    0.3833853262E-12    0.9999977867E+00    0.9999977867E+00
    6    0.3616666667E+01    0.4644557413E+00   -0.3483418059E+00    0.3961451356E+00    0.0000000000E+00    0.0000000000E+00    0.0000000000E+00    0.0000000000E+00    0.0000000000E+00    0.0000000000E+00    0.2028455747E-12    0.2028455748E-12    0.9999979116E+00    0.9999979116E+00
    7    0.3616666667E+01   -0.3483418059E+00    0.4644557413E+00    0.3723695815E+00    0.0000000000E+00    0.0000000000E+00    0.0000000000E+00    0.0000000000E+00    0.0000000000E+00    0.0000000000E+00    0.2733575273E-13    0.2733575273E-13    0.9999972285E+00    0.9999972285E+00
    8    0.3616666667E+01    0.4644557413E+00   -0.3483418059E+00    0.3734388364E+00    0.0000000000E+00    0.0000000000E+00    0.0000000000E+00    0.0000000000E+00    0.0000000000E+00    0.0000000000E+00    0.1851278634E-13    0.1851278636E-13    0.9999976100E+00    0.9999976100E+00
    9    0.3616666667E+01    0.4644557413E+00    0.4644557413E+00    0.5562265780E+00    0.0000000000E+00    0.0000000000E+00    0.0000000000E+00    0.0000000000E+00    0.0000000000E+00    0.0000000000E+00    0.5237211690E-13    0.5237211722E-13    0.9999986064E+00    0.9999986064E+00
   10    0.3616666667E+01   -0.3483418059E+00    0.4644557413E+00    0.5575966036E+00    0.0000000000E+00    0.0000000000E+00    0.0000000000E+00    0.0000000000E+00    0.0000000000E+00    0.0000000000E+00    0.9007966711E-13    0.9007966711E-13    0.9999982246E+00    0.9999982246E+00
   11    0.3616666667E+01    0.4644557413E+00   -0.3483418059E+00    0.5582608339E+00    0.0000000000E+00    0.0000000000E+00    0.0000000000E+00    0.0000000000E+00    0.0000000000E+00    0.0000000000E+00    0.4880599668E-13    0.4880599674E-13    0.9999981260E+00    0.9999981260E+00
    1    0.3875000000E+01    0.4644557413E+00    0.4644557413E+00   -0.2564625888E+00    0.0000000000E+00    0.0000000000E+00    0.0000000000E+00    0.0000000000E+00    0.0000000000E+00    0.0000000000E+00    0.1971049946E-14    0.1971050454E-14    0.9999992798E+00    0.9999992798E+00
    2    0.3875000000E+01    0.4644557413E+00    0.4644557413E+00    0.5572814987E+00    0.0000000000E+00    0.0000000000E+00    0.0000000000E+00    0.0000000000E+00    0.0000000000E+00    0.0000000000E+00    0.7815263139E-13    0.7815263139E-13    0.9999979318E+00    0.9999979318E+00
    3    0.3875000000E+01   -0.3483418059E+00    0.4644557413E+00    0.3256771901E+00    0.0000000000E+00    0.0000000000E+00    0.0000000000E+00    0.0000000000E+00    0.0000000000E+00    0.0000000000E+00    0.2987421601E-13    0.2987421609E-13    0.9999983731E+00    0.9999983731E+00
    4    0.3875000000E+01    0.4644557413E+00   -0.3483418059E+00    0.3219107215E+00    0.0000000000E+00    0.0000000000E+00    0.0000000000E+00    0.0000000000E+00    0.0000000000E+00    0.0000000000E+00    0.1965687122E-13    0.1965687122E-13    0.9999983538E+00    0.9999983538E+00
    5    0.3875000000E+01   -0.3483418059E+00    0.4644557413E+00    0.2755291344E+00    0.0000000000E+00    0.0000000000E+00    0.0000000000E+00    0.0000000000E+00    0.0000000000E+00    0.0000000000E+00    0.7983293636E-13    0.7983293640E-13    0.9999975712E+00    0.9999975712E+00
    6    0.3875000000E+01    0.4644557413E+00   -0.3483418059E+00    0.2772209839E+00    0.0000000000E+00    0.0000000000E+00    0.0000000000E+00    0.0000000000E+00    0.0000000000E+00    0.0000000000E+00    0.4193189510E-13    0.4193189510E-13    0.9999975702E+00    0.9999975702E+00
    7    0.3875000000E+01    0.4644557413E+00    0.4644557413E+00    0.4973613633E+00    0.0000000000E+00    0.0000000000E+00    0.0000000000E+00    0.0000000000E+00    0.0000000000E+00    0.0000000000E+00    0.9235528769E-14    0.9235528793E-14    0.9999983508E+00    0.9999983508E+00
    8    0.3875000000E+01    0.4644557413E+00   -0.3483418059E+00    0.4939969559E+00    0.0000000000E+00    0.0000000000E+00    0.0000000000E+00    0.0000000000E+00    0.0000000000E+00    0.0000000000E+00    0.1863535936E-14    0.1863535984E-14    0.9999985310E+00    0.9999985310E+00
    9    0.3875000000E+01   -0.3483418059E+00    0.4644557413E+00    0.4924391616E+00    0.0000000000E+00    0.0000000000E+00    0.0000000000E+00    0.0000000000E+00    0.0000000000E+00    0.0000000000E+00    0.2929647069E-14    0.2929648741E-14    0.9999984681E+00    0.9999984681E+00
    1    0.4133333333E+01    0.4644557413E+00    0.4644557413E+00   -0.2831407723E+00    0.0000000000E+00    0.0000000000E+00    0.0000000000E+00    0.0000000000E+00    0.0000000000E+00    0.0000000000E+00    0.4178253736E-14    0.4178253760E-14    0.9999992115E+00    0.9999992115E+00
    2    0.4133333333E+01    0.4644557413E+00    0.4644557413E+00    0.4635363547E+00    0.0000000000E+00    0.0000000000E+00    0.0000000000E+00    0.0000000000E+00    0.0000000000E+00    0.0000000000E+00    0.1988388765E-13    0.1988388768E-13    0.9999968256E+00    0.9999968256E+00
    3    0.4133333333E+01    0.4644557413E+00    0.4644557413E+00    0.4229216162E+00    0.0000000000E+00    0.0000000000E+00    0.0000000000E+00    0.0000000000E+00    0.0000000000E+00    0.0000000000E+00    0.1181766192E-13    0.1181766265E-13    0.9999977132E+00    0.9999977132E+00
    4    0.4133333333E+01   -0.3483418059E+00    0.4644557413E+00    0.4384891777E+00    0.0000000000E+00    0.0000000000E+00    0.0000000000E+00    0.0000000000E+00    0.0000000000E+00    0.0000000000E+00    0.8383552226E-14    0.8383552407E-14    0.9999984678E+00    0.9999984678E+00
    5    0.4133333333E+01    0.4644557413E+00   -0.3483418059E+00    0.4398708232E+00    0.0000000000E+00    0.0000000000E+00    0.0000000000E+00    0.0000000000E+00    0.0000000000E+00    0.0000000000E+00    0.5062381117E-14    0.5062381464E-14    0.9999985023E+00    0.9999985023E+00
    6    0.4133333333E+01   -0.3483418059E+00    0.4644557413E+00    0.2665695564E+00    0.0000000000E+00    0.0000000000E+00    0.0000000000E+00    0.0000000000E+00    0.0000000000E+00    0.0000000000E+00    0.4742436537E-14    0.4742436546E-14    0.9999985081E+00    0.9999985081E+00
    7    0.4133333333E+01    0.4644557413E+00   -0.3483418059E+00    0.2631947175E+00    0.0000000000E+00    0.0000000000E+00    0.0000000000E+00    0.0000000000E+00    0.0000000000E+00    0.0000000000E+00    0.3241197447E-14    0.3241197459E-14    0.9999985181E+00    0.9999985181E+00
    8    0.4133333333E+01   -0.3483418059E+00    0.4644557413E+00    0.1703061125E+00    0.0000000000E+00    0.0000000000E+00    0.0000000000E+00    0.0000000000E+00    0.0000000000E+00    0.0000000000E+00    0.5156561435E-13    0.5156561451E-13    0.9999967786E+00    0.9999967786E+00
    9    0.4133333333E+01    0.4644557413E+00   -0.3483418059E+00    0.1740539142E+00    0.0000000000E+00    0.0000000000E+00    0.0000000000E+00    0.0000000000E+00    0.0000000000E+00    0.0000000000E+00    0.2165607340E-13    0.2165607341E-13    0.9999968361E+00    0.9999968361E+00
    1    0.4391666667E+01    0.4644557413E+00    0.4644557413E+00   -0.3097693486E+00    0.0000000000E+00    0.0000000000E+00    0.0000000000E+00    0.0000000000E+00    0.0000000000E+00    0.0000000000E+00    0.8075222945E-19    0.8075222956E-19    0.1671886141E-04    0.1671886141E-04
    2    0.4391666667E+01   -0.3483418059E+00   -0.3483418059E+00   -0.7636021609E-01    0.0000000000E+00    0.0000000000E+00    0.0000000000E+00    0.0000000000E+00    0.0000000000E+00    0.0000000000E+00    0.2074324848E-11    0.2074324848E-11    0.9999953617E+00    0.9999953617E+00
    3    0.4391666667E+01   -0.3483418059E+00   -0.3483418059E+00   -0.9893075570E-01    0.0000000000E+00    0.0000000000E+00    0.0000000000E+00    0.0000000000E+00    0.0000000000E+00    0.0000000000E+00    0.2326787867E-11    0.2326787867E-11    0.9999934336E+00    0.9999934336E+00
    4    0.4391666667E+01    0.4644557413E+00   -0.3483418059E+00    0.3902713894E+00    0.0000000000E+00    0.0000000000E+00    0.0000000000E+00    0.0000000000E+00    0.0000000000E+00    0.0000000000E+00    0.7783597924E-14    0.7783597924E-14    0.9999986023E+00    0.9999986023E+00
    5    0.4391666667E+01   -0.3483418059E+00    0.4644557413E+00    0.3893463510E+00    0.0000000000E+00    0.0000000000E+00    0.0000000000E+00    0.0000000000E+00    0.0000000000E+00    0.0000000000E+00    0.6436679949E-14    0.6436679949E-14    0.9999986050E+00    0.9999986050E+00
    6    0.4391666667E+01    0.4644557413E+00    0.4644557413E+00    0.3097693592E+00    0.0000000000E+00    0.0000000000E+00    0.0000000000E+00    0.0000000000E+00    0.0000000000E+00    0.0000000000E+00    0.4185652491E-17    0.4185652491E-17    0.3563209125E-06    0.3563209125E-06
    7    0.4391666667E+01    0.4644557413E+00    0.4644557413E+00    0.2697446173E+00    0.0000000000E+00    0.0000000000E+00    0.0000000000E+00    0.0000000000E+00    0.0000000000E+00    0.0000000000E+00    0.2727609617E-15    0.2727609678E-15    0.9999720265E+00    0.9999720265E+00
    8    0.4391666667E+01   -0.3483418059E+00    0.4644557413E+00    0.2141503307E+00    0.0000000000E+00    0.0000000000E+00    0.0000000000E+00    0.0000000000E+00    0.0000000000E+00    0.0000000000E+00    0.6456838221E-14    0.6456838222E-14    0.9999985502E+00    0.9999985502E+00
    9    0.4391666667E+01    0.4644557413E+00   -0.3483418059E+00    0.2113041581E+00    0.0000000000E+00    0.0000000000E+00    0.0000000000E+00    0.0000000000E+00    0.0000000000E+00    0.0000000000E+00    0.7949883081E-14    0.7949883081E-14    0.9999985556E+00    0.9999985556E+00
    1    0.4650000000E+01   -0.3483418059E+00   -0.3483418059E+00   -0.3173694144E+00    0.0000000000E+00    0.0000000000E+00    0.0000000000E+00    0.0000000000E+00    0.0000000000E+00    0.0000000000E+00    0.3876655339E-13    0.3876655339E-13    0.9999972401E+00    0.9999972401E+00
    2    0.4650000000E+01    0.4644557413E+00    0.4644557413E+00   -0.3356338749E+00    0.0000000000E+00    0.0000000000E+00    0.0000000000E+00    0.0000000000E+00    0.0000000000E+00    0.0000000000E+00    0.8292587597E-15    0.8292587598E-15    0.9999992013E+00    0.9999992013E+00
    3    0.4650000000E+01   -0.3483418059E+00   -0.3483418059E+00   -0.2063929975E+00    0.0000000000E+00    0.0000000000E+00    0.0000000000E+00    0.0000000000E+00    0.0000000000E+00    0.0000000000E+00    0.2468051891E-13    0.2468051891E-13    0.9999974078E+00    0.9999974078E+00
    4    0.4650000000E+01   -0.3483418059E+00   -0.3483418059E+00   -0.1725152752E+00    0.0000000000E+00    0.0000000000E+00    0.0000000000E+00    0.0000000000E+00    0.0000000000E+00    0.0000000000E+00    0.2192891678E-13    0.2192891678E-13    0.9999976341E+00    0.9999976341E+00
    5    0.4650000000E+01   -0.3483418059E+00   -0.3483418059E+00   -0.2016807975E-01    0.0000000000E+00    0.0000000000E+00    0.0000000000E+00    0.0000000000E+00    0.0000000000E+00    0.0000000000E+00    0.5754991482E-13    0.5754991482E-13    0.9999971717E+00    0.9999971717E+00
    6    0.4650000000E+01    0.4644557413E+00   -0.3483418059E+00    0.3429996586E+00    0.4644557413E+00   -0.3483418059E+00    0.3429996586E+00    0.1298772695E+01   -0.4487986063E+01    0.4002238901E+01    0.6105242310E-14    0.6105242310E-14    0.9999985697E+00    0.9999985697E+00
    7    0.4650000000E+01   -0.3483418059E+00    0.4644557413E+00    0.3426360334E+00   -0.3483418059E+00    0.4644557413E+00    0.3426360334E+00   -0.4501641884E+01    0.1290358642E+01    0.3998492498E+01    0.4931086056E-14    0.4931086057E-14    0.9999985755E+00    0.9999985755E+00
    8    0.4650000000E+01   -0.3483418059E+00    0.4644557413E+00    0.1641199942E+00    0.0000000000E+00    0.0000000000E+00    0.0000000000E+00    0.0000000000E+00    0.0000000000E+00    0.0000000000E+00    0.8917996546E-14    0.8917996546E-14    0.9999984783E+00    0.9999984783E+00
    9    0.4650000000E+01    0.4644557413E+00   -0.3483418059E+00    0.1619993950E+00    0.0000000000E+00    0.0000000000E+00    0.0000000000E+00    0.0000000000E+00    0.0000000000E+00    0.0000000000E+00    0.9189079163E-14    0.9189079164E-14    0.9999984919E+00    0.9999984919E+00
    1    0.4908333333E+01   -0.3483418059E+00   -0.3483418059E+00   -0.9982306555E-01    0.0000000000E+00    0.0000000000E+00    0.0000000000E+00    0.0000000000E+00    0.0000000000E+00    0.0000000000E+00    0.4141917618E-13    0.4141917618E-13    0.9999976950E+00    0.9999976950E+00
    2    0.4908333333E+01   -0.3483418059E+00   -0.3483418059E+00   -0.3963676863E+00    0.0000000000E+00    0.0000000000E+00    0.0000000000E+00    0.0000000000E+00    0.0000000000E+00    0.0000000000E+00    0.5899386766E-13    0.5899386766E-13    0.9999976846E+00    0.9999976846E+00
    3    0.4908333333E+01    0.4644557413E+00    0.4644557413E+00   -0.3616317683E+00    0.0000000000E+00    0.0000000000E+00    0.0000000000E+00    0.0000000000E+00    0.0000000000E+00    0.0000000000E+00    0.2248142079E-15    0.2248142079E-15    0.9999991613E+00    0.9999991613E+00
    4    0.4908333333E+01   -0.3483418059E+00   -0.3483418059E+00   -0.2415847710E+00    0.0000000000E+00    0.0000000000E+00    0.0000000000E+00    0.0000000000E+00    0.0000000000E+00    0.0000000000E+00    0.5045846986E-13    0.5045846986E-13    0.9999978954E+00    0.9999978954E+00
    5    0.4908333333E+01   -0.3483418059E+00   -0.3483418059E+00   -0.2811531272E+00    0.0000000000E+00    0.0000000000E+00    0.0000000000E+00    0.0000000000E+00    0.0000000000E+00    0.0000000000E+00    0.4040824700E-13    0.4040824700E-13    0.9999978076E+00    0.9999978076E+00
    6    0.4908333333E+01    0.4644557413E+00   -0.3483418059E+00    0.1107257469E+00    0.0000000000E+00    0.0000000000E+00    0.0000000000E+00    0.0000000000E+00    0.0000000000E+00    0.0000000000E+00    0.8222112122E-13    0.8222112122E-13    0.9999982219E+00    0.9999982219E+00
    7    0.4908333333E+01   -0.3483418059E+00    0.4644557413E+00    0.1118425445E+00    0.0000000000E+00    0.0000000000E+00    0.0000000000E+00    0.0000000000E+00    0.0000000000E+00    0.0000000000E+00    0.8780304232E-13    0.8780304232E-13    0.9999981719E+00    0.9999981719E+00
    8    0.4908333333E+01   -0.3483418059E+00    0.4644557413E+00    0.2969239009E+00    0.0000000000E+00    0.0000000000E+00    0.0000000000E+00    0.0000000000E+00    0.0000000000E+00    0.0000000000E+00    0.3494245332E-14    0.3494245332E-14    0.9999985381E+00    0.9999985381E+00
    9    0.4908333333E+01    0.4644557413E+00   -0.3483418059E+00    0.2967137160E+00    0.0000000000E+00    0.0000000000E+00    0.0000000000E+00    0.0000000000E+00    0.0000000000E+00    0.0000000000E+00    0.3068285788E-14    0.3068285788E-14    0.9999985103E+00    0.9999985103E+00
    1    0.5166666667E+01   -0.3483418059E+00   -0.3483418059E+00   -0.1666134680E+00    0.0000000000E+00    0.0000000000E+00    0.0000000000E+00    0.0000000000E+00    0.0000000000E+00    0.0000000000E+00    0.4086267071E-13    0.4086267071E-13    0.9999978144E+00    0.9999978144E+00
    2    0.5166666667E+01   -0.3483418059E+00   -0.3483418059E+00   -0.4668517742E+00    0.0000000000E+00    0.0000000000E+00    0.0000000000E+00    0.0000000000E+00    0.0000000000E+00    0.0000000000E+00    0.2957299013E-13    0.2957299013E-13    0.9999975864E+00    0.9999975864E+00
    3    0.5166666667E+01   -0.3483418059E+00   -0.3483418059E+00   -0.3066473512E+00    0.0000000000E+00    0.0000000000E+00    0.0000000000E+00    0.0000000000E+00    0.0000000000E+00    0.0000000000E+00    0.3363801049E-13    0.3363801050E-13    0.9999977311E+00    0.9999977311E+00
    4    0.5166666667E+01   -0.3483418059E+00   -0.3483418059E+00   -0.3452670056E+00    0.0000000000E+00    0.0000000000E+00    0.0000000000E+00    0.0000000000E+00    0.0000000000E+00    0.0000000000E+00    0.2141392381E-13    0.2141392381E-13    0.9999979048E+00    0.9999979048E+00
    5    0.5166666667E+01    0.4644557413E+00    0.4644557413E+00   -0.3875381667E+00    0.4644557413E+00    0.4644557413E+00   -0.3875381667E+00    0.1189118023E+01    0.1164111527E+01   -0.4960928394E+01    0.1072774902E-16    0.1072774912E-16    0.9999991197E+00    0.9999991197E+00
    6    0.5166666667E+01    0.4644557413E+00   -0.3483418059E+00    0.2502396368E+00    0.0000000000E+00    0.0000000000E+00    0.0000000000E+00    0.0000000000E+00    0.0000000000E+00    0.0000000000E+00    0.2484732804E-13    0.2484732804E-13    0.9999983829E+00    0.9999983829E+00
    7    0.5166666667E+01   -0.3483418059E+00    0.4644557413E+00    0.2509696935E+00    0.0000000000E+00    0.0000000000E+00    0.0000000000E+00    0.0000000000E+00    0.0000000000E+00    0.0000000000E+00    0.5388638755E-13    0.5388638756E-13    0.9999983620E+00    0.9999983620E+00
    8    0.5166666667E+01    0.4644557413E+00   -0.3483418059E+00    0.4077491107E-01    0.0000000000E+00    0.0000000000E+00    0.0000000000E+00    0.0000000000E+00    0.0000000000E+00    0.0000000000E+00    0.2102546744E-11    0.2102546744E-11    0.9999962050E+00    0.9999962050E+00
    9    0.5166666667E+01   -0.3483418059E+00    0.4644557413E+00    0.3942825936E-01    0.0000000000E+00    0.0000000000E+00    0.0000000000E+00    0.0000000000E+00    0.0000000000E+00    0.0000000000E+00    0.2448323144E-11    0.2448323144E-11    0.9999959771E+00    0.9999959771E+00
    1    0.5425000000E+01   -0.3483418059E+00   -0.3483418059E+00   -0.2295514823E+00    0.0000000000E+00    0.0000000000E+00    0.0000000000E+00    0.0000000000E+00    0.0000000000E+00    0.0000000000E+00    0.2727236886E-13    0.2727236886E-13    0.9999977331E+00    0.9999977331E+00
    2    0.5425000000E+01   -0.3483418059E+00   -0.3483418059E+00   -0.5455067684E+00    0.0000000000E+00    0.0000000000E+00    0.0000000000E+00    0.0000000000E+00    0.0000000000E+00    0.0000000000E+00    0.5488918831E-12    0.5488918832E-12    0.9999966333E+00    0.9999966333E+00
    3    0.5425000000E+01   -0.3483418059E+00    0.4644557413E+00    0.2032056382E+00    0.0000000000E+00    0.0000000000E+00    0.0000000000E+00    0.0000000000E+00    0.0000000000E+00    0.0000000000E+00    0.6397890350E-15    0.6397890678E-15    0.9999982349E+00    0.9999982349E+00
    4    0.5425000000E+01    0.4644557413E+00   -0.3483418059E+00    0.2020643793E+00    0.0000000000E+00    0.0000000000E+00    0.0000000000E+00    0.0000000000E+00    0.0000000000E+00    0.0000000000E+00    0.5483449253E-15    0.5483449274E-15    0.9999982227E+00    0.9999982227E+00
    5    0.5425000000E+01   -0.3483418059E+00   -0.3483418059E+00   -0.3815051649E+00    0.0000000000E+00    0.0000000000E+00    0.0000000000E+00    0.0000000000E+00    0.0000000000E+00    0.0000000000E+00    0.4724228357E-12    0.4724228357E-12    0.9999968356E+00    0.9999968356E+00
    6    0.5425000000E+01   -0.3483418059E+00   -0.3483418059E+00   -0.4060200108E+00    0.0000000000E+00    0.0000000000E+00    0.0000000000E+00    0.0000000000E+00    0.0000000000E+00    0.0000000000E+00    0.2715476485E-13    0.2715476485E-13    0.9999978293E+00    0.9999978293E+00
    7    0.5425000000E+01    0.4644557413E+00    0.4644557413E+00   -0.4134051619E+00    0.0000000000E+00    0.0000000000E+00    0.0000000000E+00    0.0000000000E+00    0.0000000000E+00    0.0000000000E+00    0.5151650003E-15    0.5151650005E-15    0.9999990766E+00    0.9999990766E+00
    1    0.5683333333E+01   -0.3483418059E+00   -0.3483418059E+00   -0.2943414265E+00    0.0000000000E+00    0.0000000000E+00    0.0000000000E+00    0.0000000000E+00    0.0000000000E+00    0.0000000000E+00    0.1518257003E-15    0.1757461566E-13    0.9999974508E+00    0.9999974508E+00
    2    0.5683333333E+01   -0.3483418059E+00    0.4644557413E+00    0.1506580614E+00    0.0000000000E+00    0.0000000000E+00    0.0000000000E+00    0.0000000000E+00    0.0000000000E+00    0.0000000000E+00    0.2789474000E-13    0.2789570523E-13    0.9999978726E+00    0.9999978726E+00
    3    0.5683333333E+01    0.4644557413E+00   -0.3483418059E+00    0.1492607064E+00    0.0000000000E+00    0.0000000000E+00    0.0000000000E+00    0.0000000000E+00    0.0000000000E+00    0.0000000000E+00    0.3105842818E-13    0.3105842836E-13    0.9999978663E+00    0.9999978663E+00
    4    0.5683333333E+01   -0.3483418059E+00   -0.3483418059E+00   -0.4687674228E+00    0.0000000000E+00    0.0000000000E+00    0.0000000000E+00    0.0000000000E+00    0.0000000000E+00    0.0000000000E+00    0.1464893661E-13    0.1466719350E-13    0.9999975266E+00    0.9999975266E+00
    5    0.5683333333E+01    0.4644557413E+00    0.4644557413E+00   -0.4392776134E+00    0.0000000000E+00    0.0000000000E+00    0.0000000000E+00    0.0000000000E+00    0.0000000000E+00    0.0000000000E+00    0.1561163468E-14    0.1561163882E-14    0.9999990319E+00    0.9999990319E+00
    1    0.5941666667E+01   -0.3483418059E+00   -0.3483418059E+00   -0.3714766794E+00    0.0000000000E+00    0.0000000000E+00    0.0000000000E+00    0.0000000000E+00    0.0000000000E+00    0.0000000000E+00    0.5090528845E-12    0.5090528860E-12    0.9999963653E+00    0.9999963653E+00
    2    0.5941666667E+01   -0.3483418059E+00   -0.3483418059E+00   -0.5439965928E+00    0.0000000000E+00    0.0000000000E+00    0.0000000000E+00    0.0000000000E+00    0.0000000000E+00    0.0000000000E+00    0.5124490197E-12    0.5124490198E-12    0.9999964539E+00    0.9999964539E+00
    3    0.5941666667E+01    0.4644557413E+00    0.4644557413E+00   -0.4651959605E+00    0.0000000000E+00    0.0000000000E+00    0.0000000000E+00    0.0000000000E+00    0.0000000000E+00    0.0000000000E+00    0.2525264220E-14    0.2525264304E-14    0.9999989855E+00    0.9999989855E+00
    4    0.5941666667E+01   -0.3483418059E+00    0.4644557413E+00    0.8326220446E-01    0.0000000000E+00    0.0000000000E+00    0.0000000000E+00    0.0000000000E+00    0.0000000000E+00    0.0000000000E+00    0.8863366193E-12    0.8863366202E-12    0.9999966157E+00    0.9999966157E+00
    5    0.5941666667E+01    0.4644557413E+00   -0.3483418059E+00    0.8174000111E-01    0.0000000000E+00    0.0000000000E+00    0.0000000000E+00    0.0000000000E+00    0.0000000000E+00    0.0000000000E+00    0.9304373328E-12    0.9304373329E-12    0.9999966061E+00    0.9999966061E+00
    1    0.6200000000E+01    0.4644557413E+00    0.4644557413E+00   -0.4911977576E+00    0.0000000000E+00    0.0000000000E+00    0.0000000000E+00    0.0000000000E+00    0.0000000000E+00    0.0000000000E+00    0.2739969243E-14    0.2739969243E-14    0.9999989376E+00    0.9999989376E+00
    1    0.6458333333E+01    0.4644557413E+00    0.4644557413E+00   -0.5173188162E+00    0.0000000000E+00    0.0000000000E+00    0.0000000000E+00    0.0000000000E+00    0.0000000000E+00    0.0000000000E+00    0.1973712044E-14    0.1973712044E-14    0.9999988880E+00    0.9999988880E+00
    1    0.6716666667E+01    0.4644557413E+00    0.4644557413E+00   -0.5435941531E+00    0.0000000000E+00    0.0000000000E+00    0.0000000000E+00    0.0000000000E+00    0.0000000000E+00    0.0000000000E+00    0.8286427936E-15    0.8286427936E-15    0.9999988359E+00    0.9999988359E+00
    1    0.6975000000E+01    0.4644557413E+00    0.4644557413E+00   -0.5700593761E+00    0.0000000000E+00    0.0000000000E+00    0.0000000000E+00    0.0000000000E+00    0.0000000000E+00    0.0000000000E+00    0.1982311340E-15    0.1982311340E-15    0.9999987816E+00    0.9999987816E+00
    1    0.7233333333E+01    0.4644557413E+00    0.4644557413E+00    0.5527215051E+00    0.0000000000E+00    0.0000000000E+00    0.0000000000E+00    0.0000000000E+00    0.0000000000E+00    0.0000000000E+00    0.5287181481E-15    0.5287181481E-15    0.9999987253E+00    0.9999987253E+00
    1    0.7491666667E+01    0.4644557413E+00    0.4644557413E+00    0.5257698408E+00    0.0000000000E+00    0.0000000000E+00    0.0000000000E+00    0.0000000000E+00    0.0000000000E+00    0.0000000000E+00    0.2017966454E-14    0.2017966454E-14    0.9999986661E+00    0.9999986661E+00
    2    0.7491666667E+01   -0.3483418059E+00    0.4644557413E+00   -0.4309890782E-01    0.0000000000E+00    0.0000000000E+00    0.0000000000E+00    0.0000000000E+00    0.0000000000E+00    0.0000000000E+00    0.3329915884E-11    0.3329915884E-11    0.9999951914E+00    0.9999951914E+00
    3    0.7491666667E+01    0.4644557413E+00   -0.3483418059E+00   -0.4515779669E-01    0.0000000000E+00    0.0000000000E+00    0.0000000000E+00    0.0000000000E+00    0.0000000000E+00    0.0000000000E+00    0.2812242724E-11    0.2812242724E-11    0.9999955220E+00    0.9999955220E+00
    1    0.7750000000E+01    0.4644557413E+00    0.4644557413E+00    0.4985168371E+00    0.0000000000E+00    0.0000000000E+00    0.0000000000E+00    0.0000000000E+00    0.0000000000E+00    0.0000000000E+00    0.3625844276E-14    0.3625844297E-14    0.9999986039E+00    0.9999986039E+00
    2    0.7750000000E+01   -0.3483418059E+00    0.4644557413E+00   -0.1061384488E+00    0.0000000000E+00    0.0000000000E+00    0.0000000000E+00    0.0000000000E+00    0.0000000000E+00    0.0000000000E+00    0.2236846102E-12    0.2236846102E-12    0.9999975008E+00    0.9999975008E+00
    3    0.7750000000E+01    0.4644557413E+00   -0.3483418059E+00   -0.1059832809E+00    0.0000000000E+00    0.0000000000E+00    0.0000000000E+00    0.0000000000E+00    0.0000000000E+00    0.0000000000E+00    0.2189823587E-12    0.2189823587E-12    0.9999975508E+00    0.9999975508E+00
    1    0.8008333333E+01    0.4644557413E+00    0.4644557413E+00    0.4709202867E+00    0.0000000000E+00    0.0000000000E+00    0.0000000000E+00    0.0000000000E+00    0.0000000000E+00    0.0000000000E+00    0.4145490630E-14    0.4145490630E-14    0.9999985383E+00    0.9999985383E+00
    2    0.8008333333E+01   -0.3483418059E+00    0.4644557413E+00   -0.1508290500E+00    0.0000000000E+00    0.0000000000E+00    0.0000000000E+00    0.0000000000E+00    0.0000000000E+00    0.0000000000E+00    0.2317623542E-13    0.2317623542E-13    0.9999978057E+00    0.9999978057E+00
    3    0.8008333333E+01    0.4644557413E+00   -0.3483418059E+00   -0.1499578490E+00    0.0000000000E+00    0.0000000000E+00    0.0000000000E+00    0.0000000000E+00    0.0000000000E+00    0.0000000000E+00    0.2508782951E-13    0.2508782951E-13    0.9999978339E+00    0.9999978339E+00
    1    0.8266666667E+01    0.4644557413E+00    0.4644557413E+00    0.4429344159E+00    0.0000000000E+00    0.0000000000E+00    0.0000000000E+00    0.0000000000E+00    0.0000000000E+00    0.0000000000E+00    0.3062656822E-14    0.3062656822E-14    0.9999984688E+00    0.9999984688E+00
    2    0.8266666667E+01   -0.3483418059E+00    0.4644557413E+00   -0.1910590781E+00    0.0000000000E+00    0.0000000000E+00    0.0000000000E+00    0.0000000000E+00    0.0000000000E+00    0.0000000000E+00    0.1801008166E-17    0.1801008167E-17    0.9999978724E+00    0.9999978724E+00
    3    0.8266666667E+01    0.4644557413E+00   -0.3483418059E+00   -0.1897579472E+00    0.0000000000E+00    0.0000000000E+00    0.0000000000E+00    0.0000000000E+00    0.0000000000E+00    0.0000000000E+00    0.2503795513E-16    0.2503795513E-16    0.9999978910E+00    0.9999978910E+00
    1    0.8525000000E+01    0.4644557413E+00    0.4644557413E+00    0.4145090154E+00    0.0000000000E+00    0.0000000000E+00    0.0000000000E+00    0.0000000000E+00    0.0000000000E+00    0.0000000000E+00    0.1132462478E-14    0.1132462479E-14    0.9999983950E+00    0.9999983950E+00
    2    0.8525000000E+01   -0.3483418059E+00    0.4644557413E+00   -0.2297724464E+00    0.0000000000E+00    0.0000000000E+00    0.0000000000E+00    0.0000000000E+00    0.0000000000E+00    0.0000000000E+00    0.4247883527E-14    0.4247883528E-14    0.9999978465E+00    0.9999978465E+00
    3    0.8525000000E+01    0.4644557413E+00   -0.3483418059E+00   -0.2281994606E+00    0.0000000000E+00    0.0000000000E+00    0.0000000000E+00    0.0000000000E+00    0.0000000000E+00    0.0000000000E+00    0.5018301880E-14    0.5018301882E-14    0.9999978581E+00    0.9999978581E+00
    1    0.8783333333E+01    0.4644557413E+00    0.4644557413E+00    0.3855884966E+00    0.0000000000E+00    0.0000000000E+00    0.0000000000E+00    0.0000000000E+00    0.0000000000E+00    0.0000000000E+00    0.7862304583E-17    0.7862304618E-17    0.9999983162E+00    0.9999983162E+00
    2    0.8783333333E+01   -0.3483418059E+00    0.4644557413E+00   -0.2683200488E+00    0.0000000000E+00    0.0000000000E+00    0.0000000000E+00    0.0000000000E+00    0.0000000000E+00    0.0000000000E+00    0.6049409480E-14    0.6049409480E-14    0.9999977626E+00    0.9999977626E+00
    3    0.8783333333E+01    0.4644557413E+00   -0.3483418059E+00   -0.2666009458E+00    0.0000000000E+00    0.0000000000E+00    0.0000000000E+00    0.0000000000E+00    0.0000000000E+00    0.0000000000E+00    0.9025259153E-14    0.9025259154E-14    0.9999977676E+00    0.9999977676E+00
    1    0.9041666667E+01    0.4644557413E+00    0.4644557413E+00    0.3561107960E+00    0.0000000000E+00    0.0000000000E+00    0.0000000000E+00    0.0000000000E+00    0.0000000000E+00    0.0000000000E+00    0.9678066146E-15    0.9678066148E-15    0.9999982317E+00    0.9999982317E+00
    2    0.9041666667E+01   -0.3483418059E+00    0.4644557413E+00   -0.8806800564E-01    0.0000000000E+00    0.0000000000E+00    0.0000000000E+00    0.0000000000E+00    0.0000000000E+00    0.0000000000E+00    0.1734281483E-11    0.1734281483E-11    0.9999948302E+00    0.9999948302E+00
    3    0.9041666667E+01    0.4644557413E+00   -0.3483418059E+00   -0.9221680259E-01    0.0000000000E+00    0.0000000000E+00    0.0000000000E+00    0.0000000000E+00    0.0000000000E+00    0.0000000000E+00    0.1498475675E-11    0.1498475675E-11    0.9999951931E+00    0.9999951931E+00
    4    0.9041666667E+01   -0.3483418059E+00    0.4644557413E+00   -0.3076203365E+00    0.0000000000E+00    0.0000000000E+00    0.0000000000E+00    0.0000000000E+00    0.0000000000E+00    0.0000000000E+00    0.7035299771E-14    0.7035299771E-14    0.9999976175E+00    0.9999976175E+00
    5    0.9041666667E+01    0.4644557413E+00   -0.3483418059E+00   -0.3058780921E+00    0.0000000000E+00    0.0000000000E+00    0.0000000000E+00    0.0000000000E+00    0.0000000000E+00    0.0000000000E+00    0.8398796735E-14    0.8398796736E-14    0.9999976266E+00    0.9999976266E+00
    1    0.9300000000E+01    0.4644557413E+00    0.4644557413E+00    0.3260060577E+00    0.0000000000E+00    0.0000000000E+00    0.0000000000E+00    0.0000000000E+00    0.0000000000E+00    0.0000000000E+00    0.3633082081E-14    0.3633082081E-14    0.9999981407E+00    0.9999981407E+00
    2    0.9300000000E+01   -0.3483418059E+00    0.4644557413E+00   -0.1575349249E+00    0.0000000000E+00    0.0000000000E+00    0.0000000000E+00    0.0000000000E+00    0.0000000000E+00    0.0000000000E+00    0.3981483577E-13    0.3981483577E-13    0.9999963571E+00    0.9999963571E+00
    3    0.9300000000E+01    0.4644557413E+00   -0.3483418059E+00   -0.1584195902E+00    0.0000000000E+00    0.0000000000E+00    0.0000000000E+00    0.0000000000E+00    0.0000000000E+00    0.0000000000E+00    0.7517594789E-13    0.7517594789E-13    0.9999964589E+00    0.9999964589E+00
    4    0.9300000000E+01   -0.3483418059E+00    0.4644557413E+00   -0.3485348503E+00    0.0000000000E+00    0.0000000000E+00    0.0000000000E+00    0.0000000000E+00    0.0000000000E+00    0.0000000000E+00    0.7583904006E-15    0.7583904006E-15    0.9999974194E+00    0.9999974194E+00
    5    0.9300000000E+01    0.4644557413E+00   -0.3483418059E+00   -0.3469078204E+00    0.0000000000E+00    0.0000000000E+00    0.0000000000E+00    0.0000000000E+00    0.0000000000E+00    0.0000000000E+00    0.2619657246E-13    0.2619657246E-13    0.9999974210E+00    0.9999974210E+00
    1    0.9558333333E+01    0.4644557413E+00    0.4644557413E+00    0.2951950002E+00    0.0000000000E+00    0.0000000000E+00    0.0000000000E+00    0.0000000000E+00    0.0000000000E+00    0.0000000000E+00    0.5877783075E-14    0.5877783075E-14    0.9999980421E+00    0.9999980421E+00
    2    0.9558333333E+01   -0.3483418059E+00    0.4644557413E+00   -0.2138988452E+00    0.0000000000E+00    0.0000000000E+00    0.0000000000E+00    0.0000000000E+00    0.0000000000E+00    0.0000000000E+00    0.4388488834E-14    0.4388488839E-14    0.9999966119E+00    0.9999966119E+00
    3    0.9558333333E+01    0.4644557413E+00   -0.3483418059E+00   -0.2133802409E+00    0.0000000000E+00    0.0000000000E+00    0.0000000000E+00    0.0000000000E+00    0.0000000000E+00    0.0000000000E+00    0.5986607579E-13    0.5986607579E-13    0.9999966613E+00    0.9999966613E+00
    4    0.9558333333E+01   -0.3483418059E+00    0.4644557413E+00   -0.3921258069E+00    0.0000000000E+00    0.0000000000E+00    0.0000000000E+00    0.0000000000E+00    0.0000000000E+00    0.0000000000E+00    0.7137848734E-15    0.7137848752E-15    0.9999971346E+00    0.9999971346E+00
    5    0.9558333333E+01    0.4644557413E+00   -0.3483418059E+00   -0.3907885875E+00    0.0000000000E+00    0.0000000000E+00    0.0000000000E+00    0.0000000000E+00    0.0000000000E+00    0.0000000000E+00    0.5140587546E-13    0.5140587546E-13    0.9999971257E+00    0.9999971257E+00
    1    0.9816666667E+01    0.4644557413E+00    0.4644557413E+00    0.2635868294E+00    0.0000000000E+00    0.0000000000E+00    0.0000000000E+00    0.0000000000E+00    0.0000000000E+00    0.0000000000E+00    0.5488304347E-14    0.5488304348E-14    0.9999979347E+00    0.9999979347E+00
    2    0.9816666667E+01   -0.3483418059E+00   -0.3483418059E+00    0.3530250345E+00    0.0000000000E+00    0.0000000000E+00    0.0000000000E+00    0.0000000000E+00    0.0000000000E+00    0.0000000000E+00    0.6349758708E-12    0.6349758708E-12    0.9999945779E+00    0.9999945779E+00
    3    0.9816666667E+01   -0.3483418059E+00   -0.3483418059E+00    0.5315179713E+00    0.0000000000E+00    0.0000000000E+00    0.0000000000E+00    0.0000000000E+00    0.0000000000E+00    0.0000000000E+00    0.6192863698E-12    0.6192863698E-12    0.9999948608E+00    0.9999948608E+00
    4    0.9816666667E+01   -0.3483418059E+00    0.4644557413E+00   -0.2679090621E+00    0.0000000000E+00    0.0000000000E+00    0.0000000000E+00    0.0000000000E+00    0.0000000000E+00    0.0000000000E+00    0.6560508734E-14    0.6560508737E-14    0.9999964985E+00    0.9999964985E+00
    5    0.9816666667E+01    0.4644557413E+00   -0.3483418059E+00   -0.2666066721E+00    0.0000000000E+00    0.0000000000E+00    0.0000000000E+00    0.0000000000E+00    0.0000000000E+00    0.0000000000E+00    0.5377842614E-13    0.5377842614E-13    0.9999965144E+00    0.9999965144E+00
    6    0.9816666667E+01   -0.3483418059E+00    0.4644557413E+00   -0.4400595283E+00    0.0000000000E+00    0.0000000000E+00    0.0000000000E+00    0.0000000000E+00    0.0000000000E+00    0.0000000000E+00    0.2908627329E-14    0.2908627329E-14    0.9999966953E+00    0.9999966953E+00
    7    0.9816666667E+01    0.4644557413E+00   -0.3483418059E+00   -0.4392610462E+00    0.0000000000E+00    0.0000000000E+00    0.0000000000E+00    0.0000000000E+00    0.0000000000E+00    0.0000000000E+00    0.2790447968E-13    0.2790447968E-13    0.9999966686E+00    0.9999966686E+00
    1    0.1007500000E+02    0.4644557413E+00    0.4644557413E+00    0.2310764884E+00    0.0000000000E+00    0.0000000000E+00    0.0000000000E+00    0.0000000000E+00    0.0000000000E+00    0.0000000000E+00    0.2520720936E-14    0.2520720942E-14    0.9999978169E+00    0.9999978169E+00
    2    0.1007500000E+02   -0.3483418059E+00   -0.3483418059E+00    0.2774062838E+00    0.0000000000E+00    0.0000000000E+00    0.0000000000E+00    0.0000000000E+00    0.0000000000E+00    0.0000000000E+00    0.1225236928E-12    0.1225236929E-12    0.9999952823E+00    0.9999952823E+00
    3    0.1007500000E+02   -0.3483418059E+00   -0.3483418059E+00    0.4623592144E+00    0.0000000000E+00    0.0000000000E+00    0.0000000000E+00    0.0000000000E+00    0.0000000000E+00    0.0000000000E+00    0.1454619485E-13    0.1454619546E-13    0.9999958430E+00    0.9999958430E+00
    4    0.1007500000E+02   -0.3483418059E+00    0.4644557413E+00   -0.3251327178E+00    0.0000000000E+00    0.0000000000E+00    0.0000000000E+00    0.0000000000E+00    0.0000000000E+00    0.0000000000E+00    0.2348470691E-13    0.2348470692E-13    0.9999959644E+00    0.9999959644E+00
    5    0.1007500000E+02    0.4644557413E+00   -0.3483418059E+00   -0.3235776216E+00    0.0000000000E+00    0.0000000000E+00    0.0000000000E+00    0.0000000000E+00    0.0000000000E+00    0.0000000000E+00    0.7045725625E-13    0.7045725628E-13    0.9999959363E+00    0.9999959363E+00
    6    0.1007500000E+02   -0.3483418059E+00    0.4644557413E+00   -0.4957655569E+00    0.0000000000E+00    0.0000000000E+00    0.0000000000E+00    0.0000000000E+00    0.0000000000E+00    0.0000000000E+00    0.2341019115E-13    0.2341019120E-13    0.9999958856E+00    0.9999958856E+00
    7    0.1007500000E+02    0.4644557413E+00   -0.3483418059E+00   -0.4959325703E+00    0.0000000000E+00    0.0000000000E+00    0.0000000000E+00    0.0000000000E+00    0.0000000000E+00    0.0000000000E+00    0.6516271147E-13    0.6516271148E-13    0.9999958207E+00    0.9999958207E+00
    1    0.1033333333E+02   -0.3483418059E+00   -0.3483418059E+00    0.2046956570E+00    0.0000000000E+00    0.0000000000E+00    0.0000000000E+00    0.0000000000E+00    0.0000000000E+00    0.0000000000E+00    0.1094810077E-12    0.1094810077E-12    0.9999948202E+00    0.9999948202E+00
    2    0.1033333333E+02   -0.3483418059E+00   -0.3483418059E+00    0.4021650387E+00    0.0000000000E+00    0.0000000000E+00    0.0000000000E+00    0.0000000000E+00    0.0000000000E+00    0.0000000000E+00    0.9880677148E-13    0.9880677155E-13    0.9999960054E+00    0.9999960054E+00
    3    0.1033333333E+02    0.4644557413E+00    0.4644557413E+00    0.1975409138E+00    0.0000000000E+00    0.0000000000E+00    0.0000000000E+00    0.0000000000E+00    0.0000000000E+00    0.0000000000E+00    0.7161546060E-16    0.7161898011E-16    0.9999976869E+00    0.9999976869E+00
    4    0.1033333333E+02   -0.3483418059E+00    0.4644557413E+00   -0.3976875151E+00    0.0000000000E+00    0.0000000000E+00    0.0000000000E+00    0.0000000000E+00    0.0000000000E+00    0.0000000000E+00    0.3845798044E-11    0.3845798051E-11    0.9999932801E+00    0.9999932801E+00
    5    0.1033333333E+02    0.4644557413E+00   -0.3483418059E+00   -0.3970991869E+00    0.0000000000E+00    0.0000000000E+00    0.0000000000E+00    0.0000000000E+00    0.0000000000E+00    0.0000000000E+00    0.6823818929E-11    0.6823818930E-11    0.9999926619E+00    0.9999926619E+00
    6    0.1033333333E+02   -0.3483418059E+00    0.4644557413E+00   -0.5716237798E+00    0.0000000000E+00    0.0000000000E+00    0.0000000000E+00    0.0000000000E+00    0.0000000000E+00    0.0000000000E+00    0.6446451769E-11    0.6446451771E-11    0.9999920398E+00    0.9999920398E+00
    7    0.1033333333E+02    0.4644557413E+00   -0.3483418059E+00   -0.5737230365E+00    0.0000000000E+00    0.0000000000E+00    0.0000000000E+00    0.0000000000E+00    0.0000000000E+00    0.0000000000E+00    0.1079715647E-10    0.1079715647E-10    0.9999909417E+00    0.9999909417E+00
    1    0.1059166667E+02   -0.3483418059E+00   -0.3483418059E+00    0.1150661318E+00    0.0000000000E+00    0.0000000000E+00    0.0000000000E+00    0.0000000000E+00    0.0000000000E+00    0.0000000000E+00    0.2954756938E-11    0.2954756938E-11    0.9999920912E+00    0.9999920912E+00
    2    0.1059166667E+02    0.4644557413E+00    0.4644557413E+00    0.1628337507E+00    0.0000000000E+00    0.0000000000E+00    0.0000000000E+00    0.0000000000E+00    0.0000000000E+00    0.0000000000E+00    0.1695015022E-14    0.1695015022E-14    0.9999975419E+00    0.9999975419E+00
    3    0.1059166667E+02   -0.3483418059E+00   -0.3483418059E+00   -0.5360886541E+00    0.0000000000E+00    0.0000000000E+00    0.0000000000E+00    0.0000000000E+00    0.0000000000E+00    0.0000000000E+00    0.2568022956E-10    0.2568022956E-10    0.9999869226E+00    0.9999869226E+00
    4    0.1059166667E+02   -0.3483418059E+00   -0.3483418059E+00    0.3434888694E+00    0.0000000000E+00    0.0000000000E+00    0.0000000000E+00    0.0000000000E+00    0.0000000000E+00    0.0000000000E+00    0.1870895514E-12    0.1870895514E-12    0.9999958131E+00    0.9999958131E+00
    5    0.1059166667E+02   -0.3483418059E+00   -0.3483418059E+00    0.4332527995E+00    0.0000000000E+00    0.0000000000E+00    0.0000000000E+00    0.0000000000E+00    0.0000000000E+00    0.0000000000E+00    0.2571681387E-10    0.2571681387E-10    0.9999863559E+00    0.9999863559E+00
    1    0.1085000000E+02   -0.3483418059E+00   -0.3483418059E+00    0.5128046174E+00    0.0000000000E+00    0.0000000000E+00    0.0000000000E+00    0.0000000000E+00    0.0000000000E+00    0.0000000000E+00    0.1804796720E-12    0.1804796720E-12    0.9999948658E+00    0.9999948658E+00
    2    0.1085000000E+02    0.4644557413E+00    0.4644557413E+00    0.1267775790E+00    0.0000000000E+00    0.0000000000E+00    0.0000000000E+00    0.0000000000E+00    0.0000000000E+00    0.0000000000E+00    0.6922822922E-14    0.6922822922E-14    0.9999973788E+00    0.9999973788E+00
    3    0.1085000000E+02   -0.3483418059E+00   -0.3483418059E+00    0.3227704242E+00    0.0000000000E+00    0.0000000000E+00    0.0000000000E+00    0.0000000000E+00    0.0000000000E+00    0.0000000000E+00    0.2970664777E-12    0.2970664777E-12    0.9999940155E+00    0.9999940155E+00
    4    0.1085000000E+02   -0.3483418059E+00   -0.3483418059E+00    0.2823342445E+00    0.0000000000E+00    0.0000000000E+00    0.0000000000E+00    0.0000000000E+00    0.0000000000E+00    0.0000000000E+00    0.9902964103E-13    0.9902964103E-13    0.9999954725E+00    0.9999954725E+00
    1    0.1110833333E+02   -0.3483418059E+00   -0.3483418059E+00    0.4489950678E+00    0.0000000000E+00    0.0000000000E+00    0.0000000000E+00    0.0000000000E+00    0.0000000000E+00    0.0000000000E+00    0.8762593528E-13    0.8762593528E-13    0.9999957129E+00    0.9999957129E+00
    2    0.1110833333E+02    0.4644557413E+00    0.4644557413E+00    0.8915190465E-01    0.0000000000E+00    0.0000000000E+00    0.0000000000E+00    0.0000000000E+00    0.0000000000E+00    0.0000000000E+00    0.1002015623E-13    0.1002015623E-13    0.9999971926E+00    0.9999971926E+00
    3    0.1110833333E+02   -0.3483418059E+00   -0.3483418059E+00    0.2427068106E+00    0.0000000000E+00    0.0000000000E+00    0.0000000000E+00    0.0000000000E+00    0.0000000000E+00    0.0000000000E+00    0.1601491893E-12    0.1601491893E-12    0.9999941793E+00    0.9999941793E+00
    4    0.1110833333E+02   -0.3483418059E+00   -0.3483418059E+00    0.2140296595E+00    0.0000000000E+00    0.0000000000E+00    0.0000000000E+00    0.0000000000E+00    0.0000000000E+00    0.0000000000E+00    0.9333574462E-13    0.9333574462E-13    0.9999945892E+00    0.9999945892E+00
    1    0.1136666667E+02   -0.3483418059E+00   -0.3483418059E+00    0.3930869629E+00    0.0000000000E+00    0.0000000000E+00    0.0000000000E+00    0.0000000000E+00    0.0000000000E+00    0.0000000000E+00    0.8851610369E-13    0.8851610369E-13    0.9999959051E+00    0.9999959051E+00
    2    0.1136666667E+02   -0.3483418059E+00   -0.3483418059E+00    0.1541288821E+00    0.0000000000E+00    0.0000000000E+00    0.0000000000E+00    0.0000000000E+00    0.0000000000E+00    0.0000000000E+00    0.1109326904E-11    0.1109326904E-11    0.9999921716E+00    0.9999921716E+00
    3    0.1136666667E+02   -0.3483418059E+00   -0.3483418059E+00    0.1271519585E+00    0.0000000000E+00    0.0000000000E+00    0.0000000000E+00    0.0000000000E+00    0.0000000000E+00    0.0000000000E+00    0.1047305445E-11    0.1047305445E-11    0.9999920556E+00    0.9999920556E+00
    4    0.1136666667E+02    0.4644557413E+00    0.4644557413E+00    0.4967347914E-01    0.0000000000E+00    0.0000000000E+00    0.0000000000E+00    0.0000000000E+00    0.0000000000E+00    0.0000000000E+00    0.6215675887E-14    0.6215675887E-14    0.9999969765E+00    0.9999969765E+00
    1    0.1162500000E+02   -0.3483418059E+00   -0.3483418059E+00    0.3395087677E+00    0.0000000000E+00    0.0000000000E+00    0.0000000000E+00    0.0000000000E+00    0.0000000000E+00    0.0000000000E+00    0.4556494959E-14    0.4556494959E-14    0.9999959226E+00    0.9999959226E+00
    2    0.1162500000E+02   -0.3483418059E+00    0.4644557413E+00   -0.2881965473E+00    0.0000000000E+00    0.0000000000E+00    0.0000000000E+00    0.0000000000E+00    0.0000000000E+00    0.0000000000E+00    0.1297630034E-11    0.1297630034E-11    0.9999669466E+00    0.9999669466E+00
    3    0.1162500000E+02    0.4644557413E+00   -0.3483418059E+00   -0.2994219358E+00    0.0000000000E+00    0.0000000000E+00    0.0000000000E+00    0.0000000000E+00    0.0000000000E+00    0.0000000000E+00    0.5437575750E-11    0.5437575750E-11    0.9999668257E+00    0.9999668257E+00
    4    0.1162500000E+02    0.4644557413E+00    0.4644557413E+00    0.7961395578E-02    0.0000000000E+00    0.0000000000E+00    0.0000000000E+00    0.0000000000E+00    0.0000000000E+00    0.0000000000E+00    0.8659052343E-15    0.8659052343E-15    0.9999967192E+00    0.9999967192E+00
    1    0.1188333333E+02   -0.3483418059E+00   -0.3483418059E+00    0.2854210444E+00    0.0000000000E+00    0.0000000000E+00    0.0000000000E+00    0.0000000000E+00    0.0000000000E+00    0.0000000000E+00    0.2342202973E-13    0.2342202973E-13    0.9999956992E+00    0.9999956992E+00
    2    0.1188333333E+02    0.4644557413E+00    0.4644557413E+00   -0.3652759014E-01    0.0000000000E+00    0.0000000000E+00    0.0000000000E+00    0.0000000000E+00    0.0000000000E+00    0.0000000000E+00    0.5020726798E-14    0.5020726798E-14    0.9999964021E+00    0.9999964021E+00
    3    0.1188333333E+02   -0.3483418059E+00    0.4644557413E+00   -0.4942171479E+00   -0.3483418059E+00    0.4644557413E+00    0.6552521671E+00    0.3262646379E+01   -0.2985607000E+01   -0.3918427121E+01    0.3458435672E-13    0.3458435672E-13    0.9999915325E+00    0.9999915325E+00
    4    0.1188333333E+02    0.4644557413E+00   -0.3483418059E+00   -0.4920328572E+00    0.0000000000E+00    0.0000000000E+00    0.0000000000E+00    0.0000000000E+00    0.0000000000E+00    0.0000000000E+00    0.9781976921E-14    0.9781976922E-14    0.9999916391E+00    0.9999916391E+00
    1    0.1214166667E+02   -0.3483418059E+00   -0.3483418059E+00    0.2283357532E+00    0.0000000000E+00    0.0000000000E+00    0.0000000000E+00    0.0000000000E+00    0.0000000000E+00    0.0000000000E+00    0.2005227879E-13    0.2005228268E-13    0.9999952508E+00    0.9999952508E+00
    2    0.1214166667E+02    0.4644557413E+00    0.4644557413E+00   -0.8464557422E-01    0.0000000000E+00    0.0000000000E+00    0.0000000000E+00    0.0000000000E+00    0.0000000000E+00    0.0000000000E+00    0.1608764789E-13    0.1608764844E-13    0.9999959875E+00    0.9999959875E+00
    3    0.1214166667E+02   -0.3483418059E+00    0.4644557413E+00    0.5618089804E+00   -0.3483418059E+00    0.4644557413E+00   -0.5876603347E+00    0.3223765315E+01   -0.3017108380E+01    0.4116545171E+01    0.3178256000E-12    0.3178256000E-12    0.9999929285E+00    0.9999929285E+00
    4    0.1214166667E+02    0.4644557413E+00   -0.3483418059E+00    0.5633179601E+00    0.0000000000E+00    0.0000000000E+00    0.0000000000E+00    0.0000000000E+00    0.0000000000E+00    0.0000000000E+00    0.1343492040E-14    0.1343492040E-14    0.9999929427E+00    0.9999929427E+00
    1    0.1240000000E+02    0.4644557413E+00    0.4644557413E+00   -0.1378959864E+00    0.0000000000E+00    0.0000000000E+00    0.0000000000E+00    0.0000000000E+00    0.0000000000E+00    0.0000000000E+00    0.1091195177E-13    0.1091195177E-13    0.9999953907E+00    0.9999953907E+00
    2    0.1240000000E+02   -0.3483418059E+00   -0.3483418059E+00    0.1645737693E+00    0.0000000000E+00    0.0000000000E+00    0.0000000000E+00    0.0000000000E+00    0.0000000000E+00    0.0000000000E+00    0.4723557669E-13    0.4723557669E-13    0.9999943608E+00    0.9999943608E+00
    3    0.1240000000E+02   -0.3483418059E+00    0.4644557413E+00    0.4721873354E+00    0.0000000000E+00    0.0000000000E+00    0.0000000000E+00    0.0000000000E+00    0.0000000000E+00    0.0000000000E+00    0.1771858495E-14    0.1771858495E-14    0.9999922555E+00    0.9999922555E+00
    4    0.1240000000E+02    0.4644557413E+00   -0.3483418059E+00    0.4718892254E+00    0.0000000000E+00    0.0000000000E+00    0.0000000000E+00    0.0000000000E+00    0.0000000000E+00    0.0000000000E+00    0.2508003491E-13    0.2508003491E-13    0.9999920402E+00    0.9999920402E+00
    1    0.1265833333E+02    0.4644557413E+00    0.4644557413E+00   -0.1994176450E+00    0.0000000000E+00    0.0000000000E+00    0.0000000000E+00    0.0000000000E+00    0.0000000000E+00    0.0000000000E+00    0.3005937500E-15    0.3005937500E-15    0.9999943852E+00    0.9999943852E+00
    2    0.1265833333E+02   -0.3483418059E+00   -0.3483418059E+00    0.8287071841E-01    0.0000000000E+00    0.0000000000E+00    0.0000000000E+00    0.0000000000E+00    0.0000000000E+00    0.0000000000E+00    0.4539801758E-11    0.4539801758E-11    0.9999913064E+00    0.9999913064E+00
    3    0.1265833333E+02   -0.3483418059E+00    0.4644557413E+00    0.3606698795E+00    0.0000000000E+00    0.0000000000E+00    0.0000000000E+00    0.0000000000E+00    0.0000000000E+00    0.0000000000E+00    0.1080714959E-13    0.1080714959E-13    0.9999884491E+00    0.9999884491E+00
    4    0.1265833333E+02    0.4644557413E+00   -0.3483418059E+00    0.3567132562E+00    0.0000000000E+00    0.0000000000E+00    0.0000000000E+00    0.0000000000E+00    0.0000000000E+00    0.0000000000E+00    0.4978731580E-13    0.4978731580E-13    0.9999880315E+00    0.9999880315E+00
    1    0.1291666667E+02    0.4644557413E+00    0.4644557413E+00   -0.2768973500E+00    0.0000000000E+00    0.0000000000E+00    0.0000000000E+00    0.0000000000E+00    0.0000000000E+00    0.0000000000E+00    0.8892750418E-14    0.8892750418E-14    0.9999923557E+00    0.9999923557E+00
    1    0.1317500000E+02    0.4644557413E+00    0.4644557413E+00   -0.3830302402E+00    0.0000000000E+00    0.0000000000E+00    0.0000000000E+00    0.0000000000E+00    0.0000000000E+00    0.0000000000E+00    0.2528688463E-19    0.2528688463E-19    0.9999897523E+00    0.9999897523E+00
    1    0.1343333333E+02   -0.3483418059E+00   -0.3483418059E+00   -0.5535743206E+00    0.0000000000E+00    0.0000000000E+00    0.0000000000E+00    0.0000000000E+00    0.0000000000E+00    0.0000000000E+00    0.2647726588E-09    0.2647726588E-09    0.9999388999E+00    0.9999388999E+00
    2    0.1343333333E+02    0.4644557413E+00    0.4644557413E+00   -0.4981925376E+00    0.0000000000E+00    0.0000000000E+00    0.0000000000E+00    0.0000000000E+00    0.0000000000E+00    0.0000000000E+00    0.8339538428E-12    0.8339538428E-12    0.9999885091E+00    0.9999885091E+00
    3    0.1343333333E+02   -0.3483418059E+00   -0.3483418059E+00   -0.5125924975E-01    0.0000000000E+00    0.0000000000E+00    0.0000000000E+00    0.0000000000E+00    0.0000000000E+00    0.0000000000E+00    0.4339274157E-11    0.4339274157E-11    0.9999794737E+00    0.9999794737E+00
    4    0.1343333333E+02    0.4644557413E+00    0.4644557413E+00   -0.3112476354E+00    0.0000000000E+00    0.0000000000E+00    0.0000000000E+00    0.0000000000E+00    0.0000000000E+00    0.0000000000E+00    0.3991693820E-11    0.3991693820E-11    0.9999710867E+00    0.9999710867E+00
    5    0.1343333333E+02    0.4644557413E+00    0.4644557413E+00   -0.1641885714E+00    0.4644557413E+00    0.4644557413E+00    0.9852807436E+00   -0.3539877314E+00   -0.3576666774E+00    0.1684841336E+00    0.3050150188E-11    0.3050150188E-11    0.9999748730E+00    0.9999748730E+00
    6    0.1343333333E+02   -0.3483418059E+00   -0.3483418059E+00   -0.1920365838E+00    0.0000000000E+00    0.0000000000E+00    0.0000000000E+00    0.0000000000E+00    0.0000000000E+00    0.0000000000E+00    0.2571588327E-11    0.2571588327E-11    0.9999694323E+00    0.9999694323E+00
    7    0.1343333333E+02   -0.3483418059E+00   -0.3483418059E+00   -0.2023764463E+00    0.0000000000E+00    0.0000000000E+00    0.0000000000E+00    0.0000000000E+00    0.0000000000E+00    0.0000000000E+00    0.1903821750E-11    0.1903821750E-11    0.9999698444E+00    0.9999698444E+00
    1    0.1369166667E+02   -0.3483418059E+00   -0.3483418059E+00    0.4759709547E+00    0.0000000000E+00    0.0000000000E+00    0.0000000000E+00    0.0000000000E+00    0.0000000000E+00    0.0000000000E+00    0.6820645096E-08    0.6820645277E-08    0.9997912406E+00    0.9997912406E+00
    2    0.1369166667E+02    0.4644557413E+00    0.4644557413E+00    0.5531333405E+00    0.4644557413E+00    0.4644557413E+00    0.5531333405E+00   -0.8077147901E+00   -0.8057114078E+00   -0.1074683256E+01    0.3940348478E-12    0.3940348648E-12    0.9999913374E+00    0.9999913374E+00
    3    0.1369166667E+02    0.4644557413E+00    0.4644557413E+00   -0.5068176724E+00    0.0000000000E+00    0.0000000000E+00    0.0000000000E+00    0.0000000000E+00    0.0000000000E+00    0.0000000000E+00    0.4933217962E-12    0.4933217988E-12    0.9999874308E+00    0.9999874308E+00
    4    0.1369166667E+02   -0.3483418059E+00   -0.3483418059E+00   -0.4003587620E+00    0.0000000000E+00    0.0000000000E+00    0.0000000000E+00    0.0000000000E+00    0.0000000000E+00    0.0000000000E+00    0.6699392956E-08    0.6699392971E-08    0.9998072373E+00    0.9998072373E+00
    5    0.1369166667E+02    0.4644557413E+00    0.4644557413E+00   -0.3290194487E+00    0.0000000000E+00    0.0000000000E+00    0.0000000000E+00    0.0000000000E+00    0.0000000000E+00    0.0000000000E+00    0.1587171372E-12    0.1587171418E-12    0.9999901862E+00    0.9999901862E+00
    6    0.1369166667E+02   -0.3483418059E+00    0.4644557413E+00   -0.2019393386E+00    0.0000000000E+00    0.0000000000E+00    0.0000000000E+00    0.0000000000E+00    0.0000000000E+00    0.0000000000E+00    0.1793054142E-12    0.1793064959E-12    0.9999813581E+00    0.9999813581E+00
    7    0.1369166667E+02    0.4644557413E+00   -0.3483418059E+00   -0.2035717523E+00    0.0000000000E+00    0.0000000000E+00    0.0000000000E+00    0.0000000000E+00    0.0000000000E+00    0.0000000000E+00    0.1506074403E-12    0.1506076485E-12    0.9999816722E+00    0.9999816722E+00
    1    0.1395000000E+02    0.4644557413E+00    0.4644557413E+00    0.4656238984E+00    0.0000000000E+00    0.0000000000E+00    0.0000000000E+00    0.0000000000E+00    0.0000000000E+00    0.0000000000E+00    0.3211993669E-12    0.3211993669E-12    0.9999922027E+00    0.9999922027E+00
    2    0.1395000000E+02    0.4644557413E+00    0.4644557413E+00    0.5204124008E+00    0.0000000000E+00    0.0000000000E+00    0.0000000000E+00    0.0000000000E+00    0.0000000000E+00    0.0000000000E+00    0.4287650832E-12    0.4287650832E-12    0.9999897259E+00    0.9999897259E+00
    3    0.1395000000E+02   -0.3483418059E+00    0.4644557413E+00   -0.1350647588E+00    0.0000000000E+00    0.0000000000E+00    0.0000000000E+00    0.0000000000E+00    0.0000000000E+00    0.0000000000E+00    0.1000358158E-09    0.1000358158E-09    0.9999353548E+00    0.9999353548E+00
    4    0.1395000000E+02    0.4644557413E+00   -0.3483418059E+00   -0.1420346323E+00    0.0000000000E+00    0.0000000000E+00    0.0000000000E+00    0.0000000000E+00    0.0000000000E+00    0.0000000000E+00    0.5058949800E-10    0.5058949800E-10    0.9999389407E+00    0.9999389407E+00
    5    0.1395000000E+02    0.4644557413E+00    0.4644557413E+00   -0.4330669760E+00    0.0000000000E+00    0.0000000000E+00    0.0000000000E+00    0.0000000000E+00    0.0000000000E+00    0.0000000000E+00    0.2200153294E-12    0.2200153294E-12    0.9999907307E+00    0.9999907307E+00
    6    0.1395000000E+02   -0.3483418059E+00    0.4644557413E+00   -0.3929284705E+00    0.0000000000E+00    0.0000000000E+00    0.0000000000E+00    0.0000000000E+00    0.0000000000E+00    0.0000000000E+00    0.3058114271E-11    0.3058114271E-11    0.9999798079E+00    0.9999798079E+00
    7    0.1395000000E+02    0.4644557413E+00   -0.3483418059E+00   -0.3924815186E+00    0.0000000000E+00    0.0000000000E+00    0.0000000000E+00    0.0000000000E+00    0.0000000000E+00    0.0000000000E+00    0.3203560892E-11    0.3203560892E-11    0.9999813971E+00    0.9999813971E+00
    1    0.1420833333E+02    0.4644557413E+00    0.4644557413E+00    0.3808398721E+00    0.0000000000E+00    0.0000000000E+00    0.0000000000E+00    0.0000000000E+00    0.0000000000E+00    0.0000000000E+00    0.6732429164E-13    0.6732429164E-13    0.9999919804E+00    0.9999919804E+00
    2    0.1420833333E+02    0.4644557413E+00    0.4644557413E+00    0.4112374762E+00    0.0000000000E+00    0.0000000000E+00    0.0000000000E+00    0.0000000000E+00    0.0000000000E+00    0.0000000000E+00    0.1100913059E-12    0.1100913059E-12    0.9999898245E+00    0.9999898245E+00
    3    0.1420833333E+02    0.4644557413E+00    0.4644557413E+00   -0.5368393201E+00    0.0000000000E+00    0.0000000000E+00    0.0000000000E+00    0.0000000000E+00    0.0000000000E+00    0.0000000000E+00    0.1523882649E-12    0.1523882649E-12    0.9999897760E+00    0.9999897760E+00
    1    0.1446666667E+02    0.4644557413E+00    0.4644557413E+00    0.4927630425E+00    0.0000000000E+00    0.0000000000E+00    0.0000000000E+00    0.0000000000E+00    0.0000000000E+00    0.0000000000E+00    0.4202041004E-12    0.4202041004E-12    0.9999873547E+00    0.9999873547E+00
    2    0.1446666667E+02    0.4644557413E+00    0.4644557413E+00    0.2899546254E+00    0.0000000000E+00    0.0000000000E+00    0.0000000000E+00    0.0000000000E+00    0.0000000000E+00    0.0000000000E+00    0.6395282474E-12    0.6395282474E-12    0.9999906634E+00    0.9999906634E+00
    3    0.1446666667E+02    0.4644557413E+00    0.4644557413E+00    0.2958560453E+00    0.0000000000E+00    0.0000000000E+00    0.0000000000E+00    0.0000000000E+00    0.0000000000E+00    0.0000000000E+00    0.1177564561E-11    0.1177564561E-11    0.9999880215E+00    0.9999880215E+00
    1    0.1472500000E+02    0.4644557413E+00    0.4644557413E+00    0.3335415852E+00    0.0000000000E+00    0.0000000000E+00    0.0000000000E+00    0.0000000000E+00    0.0000000000E+00    0.0000000000E+00    0.1351006492E-11    0.1351006492E-11    0.9999809243E+00    0.9999809243E+00
    2    0.1472500000E+02    0.4644557413E+00    0.4644557413E+00    0.1748239756E+00    0.0000000000E+00    0.0000000000E+00    0.0000000000E+00    0.0000000000E+00    0.0000000000E+00    0.0000000000E+00    0.4886631043E-12    0.4886631043E-12    0.9999860315E+00    0.9999860315E+00
    3    0.1472500000E+02    0.4644557413E+00    0.4644557413E+00    0.1342612777E+00    0.0000000000E+00    0.0000000000E+00    0.0000000000E+00    0.0000000000E+00    0.0000000000E+00    0.0000000000E+00    0.1400547184E-10    0.1400547184E-10    0.9999766204E+00    0.9999766204E+00
