    1    0.1291666667E+01    0.0000000000E+00    0.1161139353E+00   -0.1093537731E+00    0.0000000000E+00    0.0000000000E+00    0.0000000000E+00    0.0000000000E+00    0.0000000000E+00    0.0000000000E+00    0.2672482664E-13    0.2672482664E-13    0.9999992975E+00    0.9999992975E+00
    1    0.1550000000E+01    0.0000000000E+00    0.1161139353E+00   -0.1761196787E+00    0.0000000000E+00    0.0000000000E+00    0.0000000000E+00    0.0000000000E+00    0.0000000000E+00    0.0000000000E+00    0.5221563918E-15    0.5221563918E-15    0.9999993667E+00    0.9999993667E+00
    1    0.1808333333E+01    0.0000000000E+00    0.1161139353E+00   -0.2328453075E+00    0.0000000000E+00    0.0000000000E+00    0.0000000000E+00    0.0000000000E+00    0.0000000000E+00    0.0000000000E+00    0.1919179972E-14    0.1919179972E-14    0.9999993330E+00    0.9999993330E+00
    2    0.1808333333E+01    0.0000000000E+00    0.1161139353E+00   -0.2320852578E+00    0.0000000000E+00    0.0000000000E+00    0.0000000000E+00    0.0000000000E+00    0.0000000000E+00    0.0000000000E+00    0.1453030995E-17    0.1453030995E-17    0.9999993450E+00    0.9999993450E+00
    1    0.2066666667E+01    0.0000000000E+00    0.1161139353E+00   -0.2863991761E+00    0.0000000000E+00    0.0000000000E+00    0.0000000000E+00    0.0000000000E+00    0.0000000000E+00    0.0000000000E+00    0.3581560393E-14    0.3581560393E-14    0.9999992657E+00    0.9999992657E+00
    2    0.2066666667E+01    0.0000000000E+00    0.1161139353E+00   -0.2778541959E+00    0.0000000000E+00    0.0000000000E+00    0.0000000000E+00    0.0000000000E+00    0.0000000000E+00    0.0000000000E+00    0.3111695338E-16    0.3111695338E-16    0.9999994353E+00    0.9999994353E+00
    1    0.2325000000E+01    0.0000000000E+00    0.1161139353E+00   -0.3392947820E+00    0.0000000000E+00    0.1161139353E+00   -0.3392947820E+00    0.6174604232E-11    0.2131630756E+01   -0.6701044897E+01    0.1263896495E-14    0.1263896495E-14    0.9999991750E+00    0.9999991750E+00
    2    0.2325000000E+01    0.0000000000E+00    0.1161139353E+00   -0.3160580285E+00    0.0000000000E+00    0.0000000000E+00    0.0000000000E+00    0.0000000000E+00    0.0000000000E+00    0.0000000000E+00    0.8014155348E-16    0.8014155348E-16    0.9999994355E+00    0.9999994355E+00
    1    0.2583333333E+01    0.0000000000E+00    0.1161139353E+00   -0.3930805687E+00    0.0000000000E+00    0.0000000000E+00    0.0000000000E+00    0.0000000000E+00    0.0000000000E+00    0.0000000000E+00    0.6838142534E-16    0.6838142534E-16    0.9999990594E+00    0.9999990594E+00
    2    0.2583333333E+01    0.0000000000E+00    0.1161139353E+00   -0.3513445662E+00    0.0000000000E+00    0.0000000000E+00    0.0000000000E+00    0.0000000000E+00    0.0000000000E+00    0.0000000000E+00    0.4886907478E-16    0.4886907478E-16    0.9999994066E+00    0.9999994066E+00
    1    0.2841666667E+01    0.0000000000E+00    0.1161139353E+00   -0.4491628152E+00    0.0000000000E+00    0.0000000000E+00    0.0000000000E+00    0.0000000000E+00    0.0000000000E+00    0.0000000000E+00    0.2343960186E-14    0.2343960186E-14    0.9999989100E+00    0.9999989100E+00
    2    0.2841666667E+01    0.0000000000E+00    0.1161139353E+00   -0.3854669541E+00    0.0000000000E+00    0.0000000000E+00    0.0000000000E+00    0.0000000000E+00    0.0000000000E+00    0.0000000000E+00    0.4785470038E-18    0.4785470038E-18    0.9999993603E+00    0.9999993603E+00
    1    0.3100000000E+01    0.0000000000E+00   -0.6966836119E+00   -0.5336819780E+00    0.0000000000E+00    0.0000000000E+00    0.0000000000E+00    0.0000000000E+00    0.0000000000E+00    0.0000000000E+00    0.9273374676E-14    0.9273374676E-14    0.9999963348E+00    0.9999963348E+00
    2    0.3100000000E+01    0.0000000000E+00    0.1161139353E+00   -0.5093527828E+00    0.0000000000E+00    0.0000000000E+00    0.0000000000E+00    0.0000000000E+00    0.0000000000E+00    0.0000000000E+00    0.9048547380E-14    0.9048547380E-14    0.9999987017E+00    0.9999987017E+00
    3    0.3100000000E+01    0.0000000000E+00    0.1161139353E+00   -0.5558296295E-01    0.0000000000E+00    0.0000000000E+00    0.0000000000E+00    0.0000000000E+00    0.0000000000E+00    0.0000000000E+00    0.9318578837E-13    0.9318578837E-13    0.9999989438E+00    0.9999989438E+00
    4    0.3100000000E+01    0.0000000000E+00   -0.6966836119E+00    0.3195702948E+00    0.0000000000E+00    0.0000000000E+00    0.0000000000E+00    0.0000000000E+00    0.0000000000E+00    0.0000000000E+00    0.5198575745E-12    0.5198575745E-12    0.9999979781E+00    0.9999979781E+00
    5    0.3100000000E+01    0.0000000000E+00    0.1161139353E+00   -0.4194209304E+00    0.0000000000E+00    0.0000000000E+00    0.0000000000E+00    0.0000000000E+00    0.0000000000E+00    0.0000000000E+00    0.1517206617E-13    0.1517206617E-13    0.9999992873E+00    0.9999992873E+00
    6    0.3100000000E+01    0.0000000000E+00   -0.6966836119E+00   -0.4545865390E+00    0.0000000000E+00   -0.6966836119E+00   -0.4545865390E+00   -0.1020543093E-12   -0.9029068461E+00    0.1643048214E+00    0.5223598640E-12    0.5223598640E-12    0.9999979190E+00    0.9999979190E+00
    1    0.3358333333E+01    0.0000000000E+00   -0.6966836119E+00    0.4791294244E+00    0.0000000000E+00    0.0000000000E+00    0.0000000000E+00    0.0000000000E+00    0.0000000000E+00    0.0000000000E+00    0.3016837670E-14    0.3016837670E-14    0.9999974657E+00    0.9999974657E+00
    2    0.3358333333E+01    0.0000000000E+00   -0.6966836119E+00    0.2512761836E+00    0.0000000000E+00    0.0000000000E+00    0.0000000000E+00    0.0000000000E+00    0.0000000000E+00    0.0000000000E+00    0.3432356882E-13    0.3432356882E-13    0.9999988082E+00    0.9999988082E+00
    3    0.3358333333E+01    0.0000000000E+00    0.1161139353E+00   -0.9856404018E-01    0.0000000000E+00    0.0000000000E+00    0.0000000000E+00    0.0000000000E+00    0.0000000000E+00    0.0000000000E+00    0.1730328549E-13    0.1730328549E-13    0.9999991512E+00    0.9999991512E+00
    4    0.3358333333E+01    0.0000000000E+00    0.1161139353E+00   -0.4539707082E+00    0.0000000000E+00    0.0000000000E+00    0.0000000000E+00    0.0000000000E+00    0.0000000000E+00    0.0000000000E+00    0.1157588858E-13    0.1157588858E-13    0.9999992265E+00    0.9999992265E+00
    5    0.3358333333E+01    0.0000000000E+00   -0.6966836119E+00   -0.5258314826E+00    0.0000000000E+00    0.0000000000E+00    0.0000000000E+00    0.0000000000E+00    0.0000000000E+00    0.0000000000E+00    0.3729327447E-13    0.3729327447E-13    0.9999987399E+00    0.9999987399E+00
    1    0.3616666667E+01    0.8127975472E+00    0.1161139353E+00    0.3905899408E+00    0.8127975472E+00    0.1161139353E+00    0.3905899408E+00    0.0000000000E+00    0.0000000000E+00    0.0000000000E+00    0.1170011674E-10    0.1170011674E-10    0.9999917549E+00    0.9999917549E+00
    2    0.3616666667E+01    0.0000000000E+00   -0.6966836119E+00    0.3733725322E+00    0.0000000000E+00    0.0000000000E+00    0.0000000000E+00    0.0000000000E+00    0.0000000000E+00    0.0000000000E+00    0.2182515752E-15    0.2182515755E-15    0.9999975809E+00    0.9999975809E+00
    3    0.3616666667E+01    0.0000000000E+00    0.1161139353E+00    0.4992503721E+00    0.0000000000E+00    0.0000000000E+00    0.0000000000E+00    0.0000000000E+00    0.0000000000E+00    0.0000000000E+00    0.5495500567E-14    0.5495500568E-14    0.9999979797E+00    0.9999979797E+00
    4    0.3616666667E+01    0.8127975472E+00    0.1161139353E+00   -0.4749765171E+00    0.8127975472E+00    0.1161139353E+00   -0.4749765171E+00    0.0000000000E+00    0.0000000000E+00    0.0000000000E+00    0.1893708531E-10    0.1893708531E-10    0.9999892997E+00    0.9999892997E+00
    5    0.3616666667E+01    0.0000000000E+00    0.1161139353E+00   -0.1342974822E+00    0.0000000000E+00    0.0000000000E+00    0.0000000000E+00    0.0000000000E+00    0.0000000000E+00    0.0000000000E+00    0.5480690645E-14    0.5480690647E-14    0.9999991723E+00    0.9999991723E+00
    6    0.3616666667E+01    0.0000000000E+00   -0.6966836119E+00    0.2031687293E+00    0.0000000000E+00    0.0000000000E+00    0.0000000000E+00    0.0000000000E+00    0.0000000000E+00    0.0000000000E+00    0.1389585833E-15    0.1389585835E-15    0.9999989423E+00    0.9999989423E+00
    7    0.3616666667E+01    0.8127975472E+00    0.1161139353E+00    0.3611357392E+00    0.8127975472E+00    0.1161139353E+00    0.3611357392E+00    0.0000000000E+00    0.0000000000E+00    0.0000000000E+00    0.1114780910E-10    0.1114780910E-10    0.9999934654E+00    0.9999934654E+00
    8    0.3616666667E+01    0.0000000000E+00    0.1161139353E+00   -0.4898772385E+00    0.0000000000E+00    0.0000000000E+00    0.0000000000E+00    0.0000000000E+00    0.0000000000E+00    0.0000000000E+00    0.8469778176E-14    0.8469778192E-14    0.9999991299E+00    0.9999991299E+00
    9    0.3616666667E+01    0.8127975472E+00    0.1161139353E+00   -0.5382627126E+00    0.8127975472E+00    0.1161139353E+00   -0.5382627126E+00    0.0000000000E+00    0.0000000000E+00    0.0000000000E+00    0.1562862829E-10    0.1562862829E-10    0.9999903693E+00    0.9999903693E+00
    1    0.3875000000E+01    0.0000000000E+00    0.1161139353E+00    0.4034055271E+00    0.0000000000E+00    0.0000000000E+00    0.0000000000E+00    0.0000000000E+00    0.0000000000E+00    0.0000000000E+00    0.4173335257E-15    0.4173335258E-15    0.9999971601E+00    0.9999971601E+00
    2    0.3875000000E+01    0.0000000000E+00   -0.6966836119E+00    0.2705629851E+00    0.0000000000E+00    0.0000000000E+00    0.0000000000E+00    0.0000000000E+00    0.0000000000E+00    0.0000000000E+00    0.3724292884E-13    0.3724292884E-13    0.9999972394E+00    0.9999972394E+00
    3    0.3875000000E+01    0.8127975472E+00    0.1161139353E+00    0.2554026003E+00    0.8127975472E+00    0.1161139353E+00    0.2554026003E+00    0.0000000000E+00    0.0000000000E+00    0.0000000000E+00    0.7549498215E-14    0.7549498281E-14    0.9999977506E+00    0.9999977506E+00
    4    0.3875000000E+01    0.0000000000E+00    0.1161139353E+00   -0.1675427451E+00    0.0000000000E+00    0.0000000000E+00    0.0000000000E+00    0.0000000000E+00    0.0000000000E+00    0.0000000000E+00    0.1273512489E-14    0.1273512489E-14    0.9999991532E+00    0.9999991532E+00
    5    0.3875000000E+01    0.0000000000E+00    0.1161139353E+00   -0.5280806306E+00    0.0000000000E+00    0.0000000000E+00    0.0000000000E+00    0.0000000000E+00    0.0000000000E+00    0.0000000000E+00    0.3454278376E-14    0.3454278377E-14    0.9999989970E+00    0.9999989970E+00
    6    0.3875000000E+01    0.0000000000E+00   -0.6966836119E+00    0.5295623861E+00    0.0000000000E+00    0.0000000000E+00    0.0000000000E+00    0.0000000000E+00    0.0000000000E+00    0.0000000000E+00    0.7592720924E-14    0.7592721580E-14    0.9999989070E+00    0.9999989070E+00
    7    0.3875000000E+01    0.0000000000E+00   -0.6966836119E+00    0.1608022277E+00    0.0000000000E+00    0.0000000000E+00    0.0000000000E+00    0.0000000000E+00    0.0000000000E+00    0.0000000000E+00    0.8364841008E-14    0.8364841069E-14    0.9999989468E+00    0.9999989468E+00
    8    0.3875000000E+01    0.8127975472E+00    0.1161139353E+00    0.2485900949E+00    0.8127975472E+00    0.1161139353E+00    0.2485900949E+00    0.0000000000E+00    0.0000000000E+00    0.0000000000E+00    0.5978890793E-14    0.5978890799E-14    0.9999978627E+00    0.9999978627E+00
    1    0.4133333333E+01    0.0000000000E+00    0.1161139353E+00    0.2607987948E+00    0.0000000000E+00    0.0000000000E+00    0.0000000000E+00    0.0000000000E+00    0.0000000000E+00    0.0000000000E+00    0.1410450249E-12    0.1410450249E-12    0.9999946991E+00    0.9999946991E+00
    2    0.4133333333E+01    0.0000000000E+00   -0.6966836119E+00    0.1433410144E+00    0.0000000000E+00    0.0000000000E+00    0.0000000000E+00    0.0000000000E+00    0.0000000000E+00    0.0000000000E+00    0.3036870853E-12    0.3036870853E-12    0.9999954670E+00    0.9999954670E+00
    3    0.4133333333E+01    0.8127975472E+00    0.1161139353E+00    0.1760036638E+00    0.8127975472E+00    0.1161139353E+00    0.1760036638E+00    0.0000000000E+00    0.0000000000E+00    0.0000000000E+00    0.2300159806E-14    0.2300159830E-14    0.9999979380E+00    0.9999979380E+00
    4    0.4133333333E+01    0.0000000000E+00   -0.6966836119E+00    0.4881306271E+00    0.0000000000E+00    0.0000000000E+00    0.0000000000E+00    0.0000000000E+00    0.0000000000E+00    0.0000000000E+00    0.9483932577E-14    0.9483932591E-14    0.9999988954E+00    0.9999988954E+00
    5    0.4133333333E+01    0.0000000000E+00    0.1161139353E+00   -0.1996449010E+00    0.0000000000E+00    0.0000000000E+00    0.0000000000E+00    0.0000000000E+00    0.0000000000E+00    0.0000000000E+00    0.1366214297E-16    0.1367679885E-16    0.9999991139E+00    0.9999991139E+00
    6    0.4133333333E+01    0.0000000000E+00   -0.6966836119E+00    0.1195698036E+00    0.0000000000E+00    0.0000000000E+00    0.0000000000E+00    0.0000000000E+00    0.0000000000E+00    0.0000000000E+00    0.3642245151E-13    0.3642245152E-13    0.9999988544E+00    0.9999988544E+00
    7    0.4133333333E+01    0.0000000000E+00    0.1161139353E+00   -0.5699665268E+00    0.0000000000E+00    0.0000000000E+00    0.0000000000E+00    0.0000000000E+00    0.0000000000E+00    0.0000000000E+00    0.8854023138E-16    0.8854145223E-16    0.9999988093E+00    0.9999988093E+00
    8    0.4133333333E+01    0.8127975472E+00    0.1161139353E+00    0.1718513610E+00    0.8127975472E+00    0.1161139353E+00    0.1718513610E+00    0.0000000000E+00    0.0000000000E+00    0.0000000000E+00    0.3568028416E-14    0.3568028510E-14    0.9999979832E+00    0.9999979832E+00
    1    0.4391666667E+01    0.8127975472E+00    0.1161139353E+00    0.4782925550E+00    0.8127975472E+00    0.1161139353E+00    0.4782925550E+00    0.0000000000E+00    0.0000000000E+00    0.0000000000E+00    0.4667623695E-12    0.4667623717E-12    0.9999975352E+00    0.9999975352E+00
    2    0.4391666667E+01    0.8127975472E+00   -0.6966836119E+00   -0.2262007915E+00    0.8127975472E+00   -0.6966836119E+00   -0.2262007915E+00    0.0000000000E+00    0.0000000000E+00    0.0000000000E+00    0.4821689135E-11    0.4821689238E-11    0.9999938871E+00    0.9999938871E+00
    3    0.4391666667E+01    0.0000000000E+00   -0.6966836119E+00    0.4481273278E+00    0.0000000000E+00    0.0000000000E+00    0.0000000000E+00    0.0000000000E+00    0.0000000000E+00    0.0000000000E+00    0.5696125133E-14    0.5696128420E-14    0.9999988482E+00    0.9999988482E+00
    4    0.4391666667E+01    0.0000000000E+00    0.1161139353E+00    0.5315207711E+00    0.0000000000E+00    0.0000000000E+00    0.0000000000E+00    0.0000000000E+00    0.0000000000E+00    0.0000000000E+00    0.6143262197E-14    0.6143510519E-14    0.9999985009E+00    0.9999985009E+00
    5    0.4391666667E+01    0.8127975472E+00    0.1161139353E+00    0.4759585322E+00    0.8127975472E+00    0.1161139353E+00    0.4759585322E+00    0.0000000000E+00    0.0000000000E+00    0.0000000000E+00    0.4533186481E-12    0.4533189442E-12    0.9999975092E+00    0.9999975092E+00
    6    0.4391666667E+01    0.0000000000E+00    0.1161139353E+00   -0.2311968337E+00    0.0000000000E+00    0.0000000000E+00    0.0000000000E+00    0.0000000000E+00    0.0000000000E+00    0.0000000000E+00    0.2153435579E-14    0.2153479322E-14    0.9999990741E+00    0.9999990741E+00
    7    0.4391666667E+01    0.8127975472E+00   -0.6966836119E+00   -0.2443110605E+00    0.8127975472E+00   -0.6966836119E+00   -0.2443110605E+00    0.0000000000E+00    0.0000000000E+00    0.0000000000E+00    0.2291469659E-11    0.2291469986E-11    0.9999951757E+00    0.9999951757E+00
    8    0.4391666667E+01    0.8127975472E+00   -0.6966836119E+00    0.9586859700E-01    0.8127975472E+00   -0.6966836119E+00    0.9586859700E-01    0.0000000000E+00    0.0000000000E+00    0.0000000000E+00    0.4796669753E-11    0.4796669812E-11    0.9999938569E+00    0.9999938569E+00
    9    0.4391666667E+01    0.8127975472E+00    0.1161139353E+00    0.9505291379E-01    0.8127975472E+00    0.1161139353E+00    0.9505291379E-01    0.0000000000E+00    0.0000000000E+00    0.0000000000E+00    0.3485387519E-12    0.3485387641E-12    0.9999973419E+00    0.9999973419E+00
   10    0.4391666667E+01    0.8127975472E+00    0.1161139353E+00    0.9202068086E-01    0.8127975472E+00    0.1161139353E+00    0.9202068086E-01    0.0000000000E+00    0.0000000000E+00    0.0000000000E+00    0.3921234330E-12    0.3921237305E-12    0.9999973532E+00    0.9999973532E+00
   11    0.4391666667E+01    0.0000000000E+00   -0.6966836119E+00    0.7425795912E-01    0.0000000000E+00    0.0000000000E+00    0.0000000000E+00    0.0000000000E+00    0.0000000000E+00    0.0000000000E+00    0.1739653776E-12    0.1739653791E-12    0.9999985198E+00    0.9999985198E+00
   12    0.4391666667E+01    0.8127975472E+00   -0.6966836119E+00    0.7816180100E-01    0.8127975472E+00   -0.6966836119E+00    0.7816180100E-01    0.0000000000E+00    0.0000000000E+00    0.0000000000E+00    0.2313303422E-11    0.2313303513E-11    0.9999951577E+00    0.9999951577E+00
    1    0.4650000000E+01    0.8127975472E+00   -0.6966836119E+00   -0.3443502778E+00    0.8127975472E+00   -0.6966836119E+00   -0.3443502778E+00    0.0000000000E+00    0.0000000000E+00    0.0000000000E+00    0.1806540645E-13    0.1806540645E-13    0.9999973556E+00    0.9999973556E+00
    2    0.4650000000E+01    0.8127975472E+00    0.1161139353E+00    0.4050368120E+00    0.8127975472E+00    0.1161139353E+00    0.4050368120E+00    0.0000000000E+00    0.0000000000E+00    0.0000000000E+00    0.2641046852E-14    0.2641046862E-14    0.9999978862E+00    0.9999978862E+00
    3    0.4650000000E+01    0.8127975472E+00   -0.6966836119E+00   -0.1925084546E-01    0.8127975472E+00   -0.6966836119E+00   -0.1925084546E-01    0.0000000000E+00    0.0000000000E+00    0.0000000000E+00    0.2157066098E-12    0.2157066098E-12    0.9999972033E+00    0.9999972033E+00
    4    0.4650000000E+01    0.0000000000E+00    0.1161139353E+00    0.4722300799E+00    0.0000000000E+00    0.0000000000E+00    0.0000000000E+00    0.0000000000E+00    0.0000000000E+00    0.0000000000E+00    0.2654818067E-13    0.2654818067E-13    0.9999979287E+00    0.9999979287E+00
    5    0.4650000000E+01    0.0000000000E+00    0.1161139353E+00   -0.2625197699E+00    0.0000000000E+00    0.0000000000E+00    0.0000000000E+00    0.0000000000E+00    0.0000000000E+00    0.0000000000E+00    0.7164815247E-14    0.7164815248E-14    0.9999990167E+00    0.9999990167E+00
    6    0.4650000000E+01    0.8127975472E+00   -0.6966836119E+00   -0.3522614119E+00    0.8127975472E+00   -0.6966836119E+00   -0.3522614119E+00    0.0000000000E+00    0.0000000000E+00    0.0000000000E+00    0.5040670457E-14    0.5040670461E-14    0.9999974489E+00    0.9999974489E+00
    7    0.4650000000E+01    0.8127975472E+00    0.1161139353E+00    0.4020590163E+00    0.8127975472E+00    0.1161139353E+00    0.4020590163E+00    0.0000000000E+00    0.0000000000E+00    0.0000000000E+00    0.2199401342E-14    0.2199401342E-14    0.9999978707E+00    0.9999978707E+00
    8    0.4650000000E+01    0.0000000000E+00   -0.6966836119E+00    0.4084623952E+00    0.0000000000E+00    0.0000000000E+00    0.0000000000E+00    0.0000000000E+00    0.0000000000E+00    0.0000000000E+00    0.1663767737E-15    0.1663767990E-15    0.9999987812E+00    0.9999987812E+00
    9    0.4650000000E+01    0.8127975472E+00   -0.6966836119E+00   -0.2628222155E-01    0.8127975472E+00   -0.6966836119E+00   -0.2628222155E-01    0.0000000000E+00    0.0000000000E+00    0.0000000000E+00    0.1293718411E-12    0.1293718411E-12    0.9999973614E+00    0.9999973614E+00
    1    0.4908333333E+01    0.8127975472E+00   -0.6966836119E+00   -0.4225292799E+00    0.8127975472E+00   -0.6966836119E+00   -0.4225292799E+00    0.0000000000E+00    0.0000000000E+00    0.0000000000E+00    0.7793832293E-13    0.7793832293E-13    0.9999975968E+00    0.9999975968E+00
    2    0.4908333333E+01    0.8127975472E+00   -0.6966836119E+00   -0.9464195158E-01    0.8127975472E+00   -0.6966836119E+00   -0.9464195158E-01    0.0000000000E+00    0.0000000000E+00    0.0000000000E+00    0.5118473774E-13    0.5118473774E-13    0.9999978101E+00    0.9999978101E+00
    3    0.4908333333E+01    0.8127975472E+00    0.1161139353E+00    0.3357265912E+00    0.8127975472E+00    0.1161139353E+00    0.3357265912E+00    0.0000000000E+00    0.0000000000E+00    0.0000000000E+00    0.3117304856E-14    0.3117304856E-14    0.9999976941E+00    0.9999976941E+00
    4    0.4908333333E+01    0.8127975472E+00   -0.6966836119E+00   -0.4293301611E+00    0.8127975472E+00   -0.6966836119E+00   -0.4293301611E+00    0.0000000000E+00    0.0000000000E+00    0.0000000000E+00    0.8098136273E-13    0.8098136664E-13    0.9999975849E+00    0.9999975849E+00
    5    0.4908333333E+01    0.0000000000E+00    0.1161139353E+00   -0.2938168373E+00    0.0000000000E+00    0.0000000000E+00    0.0000000000E+00    0.0000000000E+00    0.0000000000E+00    0.0000000000E+00    0.1081971370E-13    0.1081971372E-13    0.9999988317E+00    0.9999988317E+00
    6    0.4908333333E+01    0.8127975472E+00    0.1161139353E+00    0.3321782159E+00    0.8127975472E+00    0.1161139353E+00    0.3321782159E+00    0.0000000000E+00    0.0000000000E+00    0.0000000000E+00    0.4015617861E-14    0.4015617874E-14    0.9999976706E+00    0.9999976706E+00
    7    0.4908333333E+01    0.0000000000E+00    0.1161139353E+00    0.3847001244E+00    0.0000000000E+00    0.0000000000E+00    0.0000000000E+00    0.0000000000E+00    0.0000000000E+00    0.0000000000E+00    0.1103673465E-13    0.1103673483E-13    0.9999963035E+00    0.9999963035E+00
    8    0.4908333333E+01    0.0000000000E+00   -0.6966836119E+00    0.3683136739E+00    0.0000000000E+00    0.0000000000E+00    0.0000000000E+00    0.0000000000E+00    0.0000000000E+00    0.0000000000E+00    0.1013883928E-15    0.1013884785E-15    0.9999986856E+00    0.9999986856E+00
    9    0.4908333333E+01    0.8127975472E+00   -0.6966836119E+00   -0.9957707796E-01    0.8127975472E+00   -0.6966836119E+00   -0.9957707796E-01    0.0000000000E+00    0.0000000000E+00    0.0000000000E+00    0.6333085766E-13    0.6333086107E-13    0.9999978581E+00    0.9999978581E+00
    1    0.5166666667E+01    0.8127975472E+00   -0.6966836119E+00   -0.5027030868E+00    0.8127975472E+00   -0.6966836119E+00   -0.5027030868E+00    0.0000000000E+00    0.0000000000E+00    0.0000000000E+00    0.8478504230E-12    0.8478507047E-12    0.9999967239E+00    0.9999967239E+00
    2    0.5166666667E+01    0.8127975472E+00    0.1161139353E+00    0.2579337189E+00    0.8127975472E+00    0.1161139353E+00    0.2579337189E+00    0.0000000000E+00    0.0000000000E+00    0.0000000000E+00    0.2643636215E-15    0.2643636806E-15    0.9999970026E+00    0.9999970026E+00
    3    0.5166666667E+01    0.8127975472E+00   -0.6966836119E+00   -0.1589772675E+00    0.8127975472E+00   -0.6966836119E+00   -0.1589772675E+00    0.0000000000E+00    0.0000000000E+00    0.0000000000E+00    0.5976697421E-13    0.5976712812E-13    0.9999978709E+00    0.9999978709E+00
    4    0.5166666667E+01    0.8127975472E+00   -0.6966836119E+00   -0.5121491388E+00    0.8127975472E+00   -0.6966836119E+00   -0.5121491388E+00    0.0000000000E+00    0.0000000000E+00    0.0000000000E+00    0.1280202205E-11    0.1280202205E-11    0.9999963925E+00    0.9999963925E+00
    5    0.5166666667E+01    0.0000000000E+00    0.1161139353E+00   -0.3251471321E+00    0.0000000000E+00    0.0000000000E+00    0.0000000000E+00    0.0000000000E+00    0.0000000000E+00    0.0000000000E+00    0.1733467376E-15    0.1733491032E-15    0.9999989294E+00    0.9999989294E+00
    6    0.5166666667E+01    0.8127975472E+00   -0.6966836119E+00   -0.1630702171E+00    0.8127975472E+00   -0.6966836119E+00   -0.1630702171E+00    0.0000000000E+00    0.0000000000E+00    0.0000000000E+00    0.4601667635E-13    0.4601667636E-13    0.9999978829E+00    0.9999978829E+00
    7    0.5166666667E+01    0.0000000000E+00   -0.6966836119E+00    0.3268491508E+00    0.0000000000E+00    0.0000000000E+00    0.0000000000E+00    0.0000000000E+00    0.0000000000E+00    0.0000000000E+00    0.2186918887E-14    0.2187101294E-14    0.9999985561E+00    0.9999985561E+00
    8    0.5166666667E+01    0.8127975472E+00    0.1161139353E+00    0.2531279114E+00    0.8127975472E+00    0.1161139353E+00    0.2531279114E+00    0.0000000000E+00    0.0000000000E+00    0.0000000000E+00    0.3321609118E-15    0.3321609463E-15    0.9999969279E+00    0.9999969279E+00
    1    0.5425000000E+01    0.8127975472E+00   -0.6966836119E+00   -0.2213676016E+00    0.8127975472E+00   -0.6966836119E+00   -0.2213676016E+00    0.0000000000E+00    0.0000000000E+00    0.0000000000E+00    0.6721211751E-15    0.6721211762E-15    0.9999977320E+00    0.9999977320E+00
    2    0.5425000000E+01    0.8127975472E+00    0.1161139353E+00    0.1292190358E+00    0.8127975472E+00    0.1161139353E+00    0.1292190358E+00    0.0000000000E+00    0.0000000000E+00    0.0000000000E+00    0.7530646547E-12    0.7530646547E-12    0.9999908215E+00    0.9999908215E+00
    3    0.5425000000E+01    0.0000000000E+00    0.1161139353E+00   -0.3566889230E+00    0.0000000000E+00    0.0000000000E+00    0.0000000000E+00    0.0000000000E+00    0.0000000000E+00    0.0000000000E+00    0.6125792759E-16    0.6125793003E-16    0.9999988706E+00    0.9999988706E+00
    4    0.5425000000E+01    0.8127975472E+00   -0.6966836119E+00   -0.2250690346E+00    0.8127975472E+00   -0.6966836119E+00   -0.2250690346E+00    0.0000000000E+00    0.0000000000E+00    0.0000000000E+00    0.9038728621E-15    0.9038728622E-15    0.9999977391E+00    0.9999977391E+00
    5    0.5425000000E+01    0.0000000000E+00   -0.6966836119E+00    0.2829935957E+00    0.0000000000E+00    0.0000000000E+00    0.0000000000E+00    0.0000000000E+00    0.0000000000E+00    0.0000000000E+00    0.7656656351E-14    0.7656656369E-14    0.9999983740E+00    0.9999983740E+00
    6    0.5425000000E+01    0.8127975472E+00    0.1161139353E+00    0.1091582465E+00    0.8127975472E+00    0.1161139353E+00    0.1091582465E+00    0.3992542235E+01   -0.2472623226E+00   -0.4384467851E+01    0.4071123368E-11    0.4071123368E-11    0.9999865022E+00    0.9999865022E+00
    1    0.5683333333E+01    0.8127975472E+00   -0.6966836119E+00   -0.2890765275E+00    0.8127975472E+00   -0.6966836119E+00   -0.2890765275E+00    0.0000000000E+00    0.0000000000E+00    0.0000000000E+00    0.9727540781E-14    0.9727540781E-14    0.9999972143E+00    0.9999972143E+00
    2    0.5683333333E+01    0.0000000000E+00   -0.6966836119E+00    0.2350037538E+00    0.0000000000E+00    0.0000000000E+00    0.0000000000E+00    0.0000000000E+00    0.0000000000E+00    0.0000000000E+00    0.8810717280E-14    0.8810717280E-14    0.9999980934E+00    0.9999980934E+00
    3    0.5683333333E+01    0.0000000000E+00    0.1161139353E+00   -0.3884233095E+00    0.0000000000E+00    0.0000000000E+00    0.0000000000E+00    0.0000000000E+00    0.0000000000E+00    0.0000000000E+00    0.3871315439E-17    0.3871315440E-17    0.9999988093E+00    0.9999988093E+00
    4    0.5683333333E+01    0.8127975472E+00   -0.6966836119E+00   -0.2928563462E+00    0.8127975472E+00   -0.6966836119E+00   -0.2928563462E+00    0.0000000000E+00    0.0000000000E+00    0.0000000000E+00    0.1072892474E-13    0.1072892474E-13    0.9999971961E+00    0.9999971961E+00
    1    0.5941666667E+01    0.8127975472E+00   -0.6966836119E+00   -0.3874583066E+00    0.8127975472E+00   -0.6966836119E+00   -0.3874583066E+00    0.0000000000E+00    0.0000000000E+00    0.0000000000E+00    0.1089906298E-14    0.1089906302E-14    0.9999937515E+00    0.9999937515E+00
    2    0.5941666667E+01    0.0000000000E+00   -0.6966836119E+00    0.1792166897E+00    0.0000000000E+00    0.0000000000E+00    0.0000000000E+00    0.0000000000E+00    0.0000000000E+00    0.0000000000E+00    0.3182515460E-14    0.3182515462E-14    0.9999975719E+00    0.9999975719E+00
    3    0.5941666667E+01    0.0000000000E+00    0.1161139353E+00   -0.4203686825E+00    0.0000000000E+00    0.0000000000E+00    0.0000000000E+00    0.0000000000E+00    0.0000000000E+00    0.0000000000E+00    0.2412177189E-15    0.2412177190E-15    0.9999987474E+00    0.9999987474E+00
    4    0.5941666667E+01    0.8127975472E+00   -0.6966836119E+00   -0.3942116234E+00    0.8127975472E+00   -0.6966836119E+00   -0.3942116234E+00    0.0000000000E+00    0.0000000000E+00    0.0000000000E+00    0.9853377375E-14    0.9853377375E-14    0.9999931948E+00    0.9999931948E+00
    1    0.6200000000E+01    0.0000000000E+00    0.1161139353E+00   -0.4525102701E+00    0.0000000000E+00    0.0000000000E+00    0.0000000000E+00    0.0000000000E+00    0.0000000000E+00    0.0000000000E+00    0.8096418672E-15    0.8096418672E-15    0.9999986859E+00    0.9999986859E+00
    2    0.6200000000E+01    0.0000000000E+00   -0.6966836119E+00    0.1032612245E+00    0.0000000000E+00    0.0000000000E+00    0.0000000000E+00    0.0000000000E+00    0.0000000000E+00    0.0000000000E+00    0.9125094818E-12    0.9125094818E-12    0.9999959221E+00    0.9999959221E+00
    1    0.6458333333E+01    0.0000000000E+00    0.1161139353E+00   -0.4848109510E+00    0.0000000000E+00    0.0000000000E+00    0.0000000000E+00    0.0000000000E+00    0.0000000000E+00    0.0000000000E+00    0.1245079204E-14    0.1245079204E-14    0.9999986257E+00    0.9999986257E+00
    2    0.6458333333E+01    0.0000000000E+00   -0.6966836119E+00   -0.1369760079E-01    0.0000000000E+00    0.0000000000E+00    0.0000000000E+00    0.0000000000E+00    0.0000000000E+00    0.0000000000E+00    0.1439282488E-10    0.1439282488E-10    0.9999911406E+00    0.9999911406E+00
    1    0.6716666667E+01    0.0000000000E+00    0.1161139353E+00   -0.5172185616E+00    0.0000000000E+00    0.0000000000E+00    0.0000000000E+00    0.0000000000E+00    0.0000000000E+00    0.0000000000E+00    0.1006760277E-14    0.1006760277E-14    0.9999985675E+00    0.9999985675E+00
    2    0.6716666667E+01    0.0000000000E+00   -0.6966836119E+00   -0.8223402265E-01    0.0000000000E+00    0.0000000000E+00    0.0000000000E+00    0.0000000000E+00    0.0000000000E+00    0.0000000000E+00    0.2467839968E-12    0.2467839968E-12    0.9999980000E+00    0.9999980000E+00
    1    0.6975000000E+01    0.0000000000E+00   -0.6966836119E+00   -0.1230024675E+00    0.0000000000E+00    0.0000000000E+00    0.0000000000E+00    0.0000000000E+00    0.0000000000E+00    0.0000000000E+00    0.4928416661E-13    0.4928416661E-13    0.9999982649E+00    0.9999982649E+00
    2    0.6975000000E+01    0.0000000000E+00    0.1161139353E+00   -0.5496754253E+00    0.0000000000E+00    0.0000000000E+00    0.0000000000E+00    0.0000000000E+00    0.0000000000E+00    0.0000000000E+00    0.2686544622E-15    0.2686547701E-15    0.9999985117E+00    0.9999985117E+00
    1    0.7233333333E+01    0.0000000000E+00   -0.6966836119E+00   -0.1595083156E+00    0.0000000000E+00    0.0000000000E+00    0.0000000000E+00    0.0000000000E+00    0.0000000000E+00    0.0000000000E+00    0.6414886209E-14    0.6414886209E-14    0.9999983087E+00    0.9999983087E+00
    2    0.7233333333E+01    0.0000000000E+00    0.1161139353E+00    0.5673401215E+00    0.0000000000E+00    0.0000000000E+00    0.0000000000E+00    0.0000000000E+00    0.0000000000E+00    0.0000000000E+00    0.4918161103E-17    0.4918161104E-17    0.9999984579E+00    0.9999984579E+00
    1    0.7491666667E+01    0.0000000000E+00    0.1161139353E+00    0.5349253591E+00    0.0000000000E+00    0.0000000000E+00    0.0000000000E+00    0.0000000000E+00    0.0000000000E+00    0.0000000000E+00    0.8920570132E-15    0.8920570132E-15    0.9999984056E+00    0.9999984056E+00
    2    0.7491666667E+01    0.0000000000E+00   -0.6966836119E+00   -0.1947048289E+00    0.0000000000E+00    0.0000000000E+00    0.0000000000E+00    0.0000000000E+00    0.0000000000E+00    0.0000000000E+00    0.3655631010E-16    0.3655631010E-16    0.9999982770E+00    0.9999982770E+00
    1    0.7750000000E+01    0.0000000000E+00    0.1161139353E+00    0.5025625930E+00    0.0000000000E+00    0.1161139353E+00   -0.6469067220E+00   -0.2247487068E-09   -0.4745787122E+00   -0.9906862576E+01    0.2389653192E-14    0.2389653192E-14    0.9999983533E+00    0.9999983533E+00
    2    0.7750000000E+01    0.0000000000E+00   -0.6966836119E+00   -0.2298019710E+00    0.0000000000E+00    0.0000000000E+00    0.0000000000E+00    0.0000000000E+00    0.0000000000E+00    0.0000000000E+00    0.3074022477E-14    0.3074022477E-14    0.9999982018E+00    0.9999982018E+00
    1    0.8008333333E+01    0.0000000000E+00   -0.6966836119E+00   -0.2655503270E+00    0.0000000000E+00    0.0000000000E+00    0.0000000000E+00    0.0000000000E+00    0.0000000000E+00    0.0000000000E+00    0.5658022611E-14    0.5658022611E-14    0.9999980910E+00    0.9999980910E+00
    2    0.8008333333E+01    0.0000000000E+00    0.1161139353E+00    0.4702373492E+00    0.0000000000E+00    0.0000000000E+00    0.0000000000E+00    0.0000000000E+00    0.0000000000E+00    0.0000000000E+00    0.3029300610E-14    0.3029300626E-14    0.9999982997E+00    0.9999982997E+00
    1    0.8266666667E+01    0.0000000000E+00    0.1161139353E+00    0.4379084269E+00    0.0000000000E+00    0.0000000000E+00    0.0000000000E+00    0.0000000000E+00    0.0000000000E+00    0.0000000000E+00    0.2063838674E-14    0.2063838674E-14    0.9999982432E+00    0.9999982432E+00
    2    0.8266666667E+01    0.0000000000E+00   -0.6966836119E+00   -0.3025854520E+00    0.0000000000E+00    0.0000000000E+00    0.0000000000E+00    0.0000000000E+00    0.0000000000E+00    0.0000000000E+00    0.4821079403E-14    0.4821079403E-14    0.9999979421E+00    0.9999979421E+00
    1    0.8525000000E+01    0.8127975472E+00    0.1161139353E+00   -0.9996492242E-01    0.8127975472E+00    0.1161139353E+00   -0.9996492242E-01    0.0000000000E+00    0.0000000000E+00    0.0000000000E+00    0.1583750240E-11    0.1583750240E-11    0.9999946089E+00    0.9999946089E+00
    2    0.8525000000E+01    0.0000000000E+00    0.1161139353E+00    0.4055107767E+00    0.0000000000E+00    0.0000000000E+00    0.0000000000E+00    0.0000000000E+00    0.0000000000E+00    0.0000000000E+00    0.4686686509E-15    0.4686686509E-15    0.9999981824E+00    0.9999981824E+00
    3    0.8525000000E+01    0.0000000000E+00   -0.6966836119E+00   -0.3415946534E+00    0.0000000000E+00    0.0000000000E+00    0.0000000000E+00    0.0000000000E+00    0.0000000000E+00    0.0000000000E+00    0.1781562985E-14    0.1781562985E-14    0.9999977452E+00    0.9999977452E+00
    4    0.8525000000E+01    0.8127975472E+00    0.1161139353E+00   -0.1053509500E+00    0.8127975472E+00    0.1161139353E+00   -0.1053509500E+00    0.0000000000E+00    0.0000000000E+00    0.0000000000E+00    0.1224544441E-11    0.1224544441E-11    0.9999948806E+00    0.9999948806E+00
    1    0.8783333333E+01    0.8127975472E+00    0.1161139353E+00   -0.1744355554E+00    0.8127975472E+00    0.1161139353E+00   -0.1744355554E+00    0.0000000000E+00    0.0000000000E+00    0.0000000000E+00    0.1096942024E-13    0.1096942024E-13    0.9999964100E+00    0.9999964100E+00
    2    0.8783333333E+01    0.0000000000E+00    0.1161139353E+00    0.3729594326E+00    0.0000000000E+00    0.0000000000E+00    0.0000000000E+00    0.0000000000E+00    0.0000000000E+00    0.0000000000E+00    0.1086695938E-15    0.1086695939E-15    0.9999981159E+00    0.9999981159E+00
    3    0.8783333333E+01    0.0000000000E+00   -0.6966836119E+00   -0.3834729372E+00    0.0000000000E+00    0.0000000000E+00    0.0000000000E+00    0.0000000000E+00    0.0000000000E+00    0.0000000000E+00    0.1170483949E-18    0.1170483952E-18    0.9999974786E+00    0.9999974786E+00
    4    0.8783333333E+01    0.8127975472E+00    0.1161139353E+00   -0.1776376967E+00    0.8127975472E+00    0.1161139353E+00   -0.1776376967E+00    0.0000000000E+00    0.0000000000E+00    0.0000000000E+00    0.6618799451E-14    0.6618799453E-14    0.9999964701E+00    0.9999964701E+00
    1    0.9041666667E+01    0.8127975472E+00    0.1161139353E+00   -0.2315453920E+00    0.8127975472E+00    0.1161139353E+00   -0.2315453920E+00    0.0000000000E+00    0.0000000000E+00    0.0000000000E+00    0.1355143140E-13    0.1355143140E-13    0.9999968234E+00    0.9999968234E+00
    2    0.9041666667E+01    0.0000000000E+00    0.1161139353E+00    0.3401530986E+00    0.0000000000E+00    0.0000000000E+00    0.0000000000E+00    0.0000000000E+00    0.0000000000E+00    0.0000000000E+00    0.1766824546E-14    0.1766824565E-14    0.9999980422E+00    0.9999980422E+00
    3    0.9041666667E+01    0.0000000000E+00   -0.6966836119E+00   -0.4295788090E+00    0.0000000000E+00    0.0000000000E+00    0.0000000000E+00    0.0000000000E+00    0.0000000000E+00    0.0000000000E+00    0.2292088559E-14    0.2292088560E-14    0.9999970973E+00    0.9999970973E+00
    4    0.9041666667E+01    0.8127975472E+00    0.1161139353E+00   -0.2340449377E+00    0.8127975472E+00    0.1161139353E+00   -0.2340449377E+00    0.0000000000E+00    0.0000000000E+00    0.0000000000E+00    0.1394536737E-13    0.1394536737E-13    0.9999968516E+00    0.9999968516E+00
    1    0.9300000000E+01    0.8127975472E+00    0.1161139353E+00   -0.2832823217E+00    0.8127975472E+00    0.1161139353E+00   -0.2832823217E+00    0.0000000000E+00    0.0000000000E+00    0.0000000000E+00    0.1201465347E-13    0.1201465347E-13    0.9999969099E+00    0.9999969099E+00
    2    0.9300000000E+01    0.8127975472E+00    0.1161139353E+00   -0.2854301913E+00    0.8127975472E+00    0.1161139353E+00   -0.2854301913E+00    0.0000000000E+00    0.0000000000E+00    0.0000000000E+00    0.1149970522E-13    0.1149970524E-13    0.9999969254E+00    0.9999969254E+00
    3    0.9300000000E+01    0.0000000000E+00    0.1161139353E+00    0.3069765527E+00    0.0000000000E+00    0.0000000000E+00    0.0000000000E+00    0.0000000000E+00    0.0000000000E+00    0.0000000000E+00    0.4063233135E-14    0.4063233150E-14    0.9999979600E+00    0.9999979600E+00
    4    0.9300000000E+01    0.0000000000E+00   -0.6966836119E+00   -0.4823350495E+00    0.0000000000E+00    0.0000000000E+00    0.0000000000E+00    0.0000000000E+00    0.0000000000E+00    0.0000000000E+00    0.6653664358E-14    0.6653665217E-14    0.9999964923E+00    0.9999964923E+00
    1    0.9558333333E+01    0.8127975472E+00    0.1161139353E+00   -0.3337544760E+00    0.8127975472E+00    0.1161139353E+00   -0.3337544760E+00    0.0000000000E+00    0.0000000000E+00    0.0000000000E+00    0.4841489370E-14    0.4841489370E-14    0.9999968107E+00    0.9999968107E+00
    2    0.9558333333E+01    0.0000000000E+00    0.1161139353E+00    0.2733014621E+00    0.0000000000E+00    0.0000000000E+00    0.0000000000E+00    0.0000000000E+00    0.0000000000E+00    0.0000000000E+00    0.4613945029E-14    0.4613945036E-14    0.9999978678E+00    0.9999978678E+00
    3    0.9558333333E+01    0.8127975472E+00    0.1161139353E+00   -0.3357240808E+00    0.8127975472E+00    0.1161139353E+00   -0.3357240808E+00    0.0000000000E+00    0.0000000000E+00    0.0000000000E+00    0.4786232674E-14    0.4786232674E-14    0.9999968174E+00    0.9999968174E+00
    4    0.9558333333E+01    0.0000000000E+00   -0.6966836119E+00   -0.5472066843E+00    0.0000000000E+00    0.0000000000E+00    0.0000000000E+00    0.0000000000E+00    0.0000000000E+00    0.0000000000E+00    0.8306759830E-14    0.8306760087E-14    0.9999953070E+00    0.9999953070E+00
    1    0.9816666667E+01    0.8127975472E+00    0.1161139353E+00   -0.3859660308E+00    0.8127975472E+00    0.1161139353E+00   -0.3859660308E+00    0.0000000000E+00    0.0000000000E+00    0.0000000000E+00    0.8162578518E-16    0.8162578520E-16    0.9999965005E+00    0.9999965005E+00
    2    0.9816666667E+01    0.8127975472E+00   -0.6966836119E+00    0.3247507371E+00    0.8127975472E+00   -0.6966836119E+00    0.3247507371E+00    0.0000000000E+00    0.0000000000E+00    0.0000000000E+00    0.1599712950E-12    0.1599712950E-12    0.9999929421E+00    0.9999929421E+00
    3    0.9816666667E+01    0.0000000000E+00   -0.6966836119E+00   -0.2524084571E+00    0.0000000000E+00    0.9289114825E+00   -0.2524084571E+00    0.2297730889E-10    0.2122156096E+01   -0.5075320477E+01    0.3847779298E-11    0.3847779298E-11    0.9999867723E+00    0.9999867723E+00
    4    0.9816666667E+01    0.8127975472E+00    0.1161139353E+00   -0.3879111874E+00    0.8127975472E+00    0.1161139353E+00   -0.3879111874E+00    0.0000000000E+00    0.0000000000E+00    0.0000000000E+00    0.2534277726E-15    0.2534277729E-15    0.9999964957E+00    0.9999964957E+00
    5    0.9816666667E+01    0.0000000000E+00    0.1161139353E+00    0.2389854344E+00    0.0000000000E+00    0.0000000000E+00    0.0000000000E+00    0.0000000000E+00    0.0000000000E+00    0.0000000000E+00    0.2607160592E-14    0.2607160592E-14    0.9999977641E+00    0.9999977641E+00
    6    0.9816666667E+01    0.0000000000E+00   -0.6966836119E+00    0.5042160511E+00    0.0000000000E+00    0.0000000000E+00    0.0000000000E+00    0.0000000000E+00    0.0000000000E+00    0.0000000000E+00    0.3805694806E-11    0.3805694806E-11    0.9999907917E+00    0.9999907917E+00
    7    0.9816666667E+01    0.8127975472E+00   -0.6966836119E+00    0.3227096198E+00    0.8127975472E+00   -0.6966836119E+00    0.3227096198E+00    0.0000000000E+00    0.0000000000E+00    0.0000000000E+00    0.1668538035E-12    0.1668538035E-12    0.9999930150E+00    0.9999930150E+00
    1    0.1007500000E+02    0.8127975472E+00    0.1161139353E+00   -0.4446200264E+00    0.8127975472E+00    0.1161139353E+00   -0.4446200264E+00    0.0000000000E+00    0.0000000000E+00    0.0000000000E+00    0.2159968662E-12    0.2159968662E-12    0.9999956903E+00    0.9999956903E+00
    2    0.1007500000E+02    0.8127975472E+00   -0.6966836119E+00    0.2276453332E+00    0.8127975472E+00   -0.6966836119E+00    0.2276453332E+00    0.0000000000E+00    0.0000000000E+00    0.0000000000E+00    0.1203128724E-12    0.1203128724E-12    0.9999938008E+00    0.9999938008E+00
    3    0.1007500000E+02    0.8127975472E+00    0.1161139353E+00   -0.4468398052E+00    0.8127975472E+00    0.1161139353E+00   -0.4468398052E+00    0.0000000000E+00    0.0000000000E+00    0.0000000000E+00    0.2480935923E-12    0.2480935924E-12    0.9999956503E+00    0.9999956503E+00
    4    0.1007500000E+02    0.8127975472E+00   -0.6966836119E+00    0.2260137684E+00    0.8127975472E+00   -0.6966836119E+00    0.2260137684E+00    0.0000000000E+00    0.0000000000E+00    0.0000000000E+00    0.1133975247E-12    0.1133975247E-12    0.9999937998E+00    0.9999937998E+00
    5    0.1007500000E+02    0.0000000000E+00    0.1161139353E+00    0.2038691288E+00    0.0000000000E+00    0.0000000000E+00    0.0000000000E+00    0.0000000000E+00    0.0000000000E+00    0.0000000000E+00    0.2351926446E-15    0.2351926652E-15    0.9999976467E+00    0.9999976467E+00
    1    0.1033333333E+02    0.8127975472E+00   -0.6966836119E+00    0.1215279489E+00    0.8127975472E+00   -0.6966836119E+00    0.1215279489E+00    0.0000000000E+00    0.0000000000E+00    0.0000000000E+00    0.2989691563E-11    0.2989691563E-11    0.9999908954E+00    0.9999908954E+00
    2    0.1033333333E+02    0.8127975472E+00    0.1161139353E+00   -0.5336212170E+00    0.8127975472E+00    0.1161139353E+00   -0.5336212170E+00    0.0000000000E+00    0.0000000000E+00    0.0000000000E+00    0.1816605733E-10    0.1816605733E-10    0.9999888450E+00    0.9999888450E+00
    3    0.1033333333E+02    0.8127975472E+00   -0.6966836119E+00    0.1193148097E+00    0.8127975472E+00   -0.6966836119E+00    0.1193148097E+00    0.0000000000E+00    0.0000000000E+00    0.0000000000E+00    0.3304326525E-11    0.3304326525E-11    0.9999907678E+00    0.9999907678E+00
    4    0.1033333333E+02    0.0000000000E+00    0.1161139353E+00    0.1677710320E+00    0.0000000000E+00    0.0000000000E+00    0.0000000000E+00    0.0000000000E+00    0.0000000000E+00    0.0000000000E+00    0.9738738869E-15    0.9738764521E-15    0.9999975131E+00    0.9999975131E+00
    5    0.1033333333E+02    0.8127975472E+00    0.1161139353E+00   -0.5396444846E+00    0.8127975472E+00    0.1161139353E+00   -0.5396444846E+00    0.0000000000E+00    0.0000000000E+00    0.0000000000E+00    0.2644014201E-10    0.2644014201E-10    0.9999870204E+00    0.9999870204E+00
    1    0.1059166667E+02    0.0000000000E+00    0.1161139353E+00    0.1304788858E+00    0.0000000000E+00    0.0000000000E+00    0.0000000000E+00    0.0000000000E+00    0.0000000000E+00    0.0000000000E+00    0.5903025331E-14    0.5903025331E-14    0.9999973597E+00    0.9999973597E+00
    1    0.1085000000E+02    0.8127975472E+00   -0.6966836119E+00    0.5657046660E+00    0.8127975472E+00   -0.6966836119E+00    0.5657046660E+00    0.0000000000E+00    0.0000000000E+00    0.0000000000E+00    0.6100657907E-09    0.6100657907E-09    0.9999429484E+00    0.9999429484E+00
    2    0.1085000000E+02    0.0000000000E+00    0.1161139353E+00    0.9173472681E-01    0.0000000000E+00    0.0000000000E+00    0.0000000000E+00    0.0000000000E+00    0.0000000000E+00    0.0000000000E+00    0.1261766226E-13    0.1261766226E-13    0.9999971812E+00    0.9999971812E+00
    1    0.1110833333E+02    0.8127975472E+00   -0.6966836119E+00    0.4445919098E+00    0.8127975472E+00   -0.6966836119E+00    0.4445919098E+00    0.0000000000E+00    0.0000000000E+00    0.0000000000E+00    0.4093204963E-12    0.4093208454E-12    0.9999945731E+00    0.9999945731E+00
    2    0.1110833333E+02    0.0000000000E+00    0.1161139353E+00    0.5119698686E-01    0.0000000000E+00    0.0000000000E+00    0.0000000000E+00    0.0000000000E+00    0.0000000000E+00    0.0000000000E+00    0.2220846371E-13    0.2220846541E-13    0.9999969711E+00    0.9999969711E+00
    3    0.1110833333E+02    0.0000000000E+00   -0.6966836119E+00   -0.1370079614E+00    0.0000000000E+00    0.0000000000E+00    0.0000000000E+00    0.0000000000E+00    0.0000000000E+00    0.0000000000E+00    0.1432070674E-11    0.1432075828E-11    0.9999904166E+00    0.9999904166E+00
    4    0.1110833333E+02    0.8127975472E+00   -0.6966836119E+00    0.4468946235E+00    0.8127975472E+00   -0.6966836119E+00    0.4468946235E+00    0.0000000000E+00    0.0000000000E+00    0.0000000000E+00    0.4651203260E-12    0.4651205344E-12    0.9999945300E+00    0.9999945300E+00
    1    0.1136666667E+02    0.8127975472E+00   -0.6966836119E+00    0.3768254406E+00    0.8127975472E+00   -0.6966836119E+00    0.3768254406E+00    0.0000000000E+00    0.0000000000E+00    0.0000000000E+00    0.9957320018E-15    0.9957320018E-15    0.9999952260E+00    0.9999952260E+00
    2    0.1136666667E+02    0.8127975472E+00   -0.6966836119E+00    0.3789302387E+00    0.8127975472E+00   -0.6966836119E+00    0.3789302387E+00    0.0000000000E+00    0.0000000000E+00    0.0000000000E+00    0.4715379622E-15    0.4715379622E-15    0.9999952292E+00    0.9999952292E+00
    3    0.1136666667E+02    0.0000000000E+00   -0.6966836119E+00   -0.2405581110E+00    0.0000000000E+00    0.0000000000E+00    0.0000000000E+00    0.0000000000E+00    0.0000000000E+00    0.0000000000E+00    0.8376423073E-13    0.8376423073E-13    0.9999934697E+00    0.9999934697E+00
    4    0.1136666667E+02    0.0000000000E+00    0.1161139353E+00    0.7727315861E-02    0.0000000000E+00    0.0000000000E+00    0.0000000000E+00    0.0000000000E+00    0.0000000000E+00    0.0000000000E+00    0.5866173128E-12    0.5866173128E-12    0.9999962944E+00    0.9999962944E+00
    1    0.1162500000E+02    0.8127975472E+00   -0.6966836119E+00    0.3135133052E+00    0.8127975472E+00   -0.6966836119E+00    0.3135133052E+00    0.0000000000E+00    0.0000000000E+00    0.0000000000E+00    0.3288485095E-13    0.3288485095E-13    0.9999951409E+00    0.9999951409E+00
    2    0.1162500000E+02    0.8127975472E+00   -0.6966836119E+00    0.3158033967E+00    0.8127975472E+00   -0.6966836119E+00    0.3158033967E+00    0.0000000000E+00    0.0000000000E+00    0.0000000000E+00    0.3230588924E-13    0.3230588925E-13    0.9999951657E+00    0.9999951657E+00
    3    0.1162500000E+02    0.0000000000E+00   -0.6966836119E+00   -0.3207695646E+00    0.0000000000E+00    0.0000000000E+00    0.0000000000E+00    0.0000000000E+00    0.0000000000E+00    0.0000000000E+00    0.1916718333E-13    0.1916718333E-13    0.9999942964E+00    0.9999942964E+00
    4    0.1162500000E+02    0.0000000000E+00    0.1161139353E+00   -0.3629366783E-01    0.0000000000E+00    0.0000000000E+00    0.0000000000E+00    0.0000000000E+00    0.0000000000E+00    0.0000000000E+00    0.4381429835E-13    0.4381429836E-13    0.9999964031E+00    0.9999964031E+00
    1    0.1188333333E+02    0.8127975472E+00    0.1161139353E+00    0.4401664228E+00    0.8127975472E+00    0.1161139353E+00    0.4401664228E+00    0.0000000000E+00    0.0000000000E+00    0.0000000000E+00    0.1074948203E-11    0.1074948203E-11    0.9999887370E+00    0.9999887370E+00
    2    0.1188333333E+02    0.8127975472E+00   -0.6966836119E+00    0.2474816602E+00    0.8127975472E+00   -0.6966836119E+00    0.2474816602E+00    0.0000000000E+00    0.0000000000E+00    0.0000000000E+00    0.5314777898E-13    0.5314777898E-13    0.9999945728E+00    0.9999945728E+00
    3    0.1188333333E+02    0.0000000000E+00   -0.6966836119E+00   -0.3923524515E+00    0.0000000000E+00    0.0000000000E+00    0.0000000000E+00    0.0000000000E+00    0.0000000000E+00    0.0000000000E+00    0.9037303004E-16    0.9037303005E-16    0.9999946007E+00    0.9999946007E+00
    4    0.1188333333E+02    0.0000000000E+00    0.1161139353E+00   -0.8511010254E-01    0.0000000000E+00    0.0000000000E+00    0.0000000000E+00    0.0000000000E+00    0.0000000000E+00    0.0000000000E+00    0.1700208872E-13    0.1700208872E-13    0.9999960402E+00    0.9999960402E+00
    5    0.1188333333E+02    0.8127975472E+00    0.1161139353E+00    0.4486854038E+00    0.8127975472E+00    0.1161139353E+00    0.4486854038E+00    0.0000000000E+00    0.0000000000E+00    0.0000000000E+00    0.1711713199E-11    0.1711713199E-11    0.9999886453E+00    0.9999886453E+00
    6    0.1188333333E+02    0.8127975472E+00   -0.6966836119E+00    0.2502773282E+00    0.8127975472E+00   -0.6966836119E+00    0.2502773282E+00    0.0000000000E+00    0.0000000000E+00    0.0000000000E+00    0.5339489729E-13    0.5339489729E-13    0.9999946307E+00    0.9999946307E+00
    1    0.1214166667E+02    0.8127975472E+00    0.1161139353E+00    0.2741833754E+00    0.8127975472E+00    0.1161139353E+00    0.2741833754E+00    0.0000000000E+00    0.0000000000E+00    0.0000000000E+00    0.1052427933E-11    0.1052427933E-11    0.9999810613E+00    0.9999810613E+00
    2    0.1214166667E+02    0.8127975472E+00   -0.6966836119E+00    0.1703702873E+00    0.8127975472E+00   -0.6966836119E+00    0.1703702873E+00    0.0000000000E+00    0.0000000000E+00    0.0000000000E+00    0.6538021525E-13    0.6538021526E-13    0.9999929478E+00    0.9999929478E+00
    3    0.1214166667E+02    0.0000000000E+00    0.1161139353E+00   -0.1383053538E+00    0.0000000000E+00    0.0000000000E+00    0.0000000000E+00    0.0000000000E+00    0.0000000000E+00    0.0000000000E+00    0.4476857849E-14    0.4476857849E-14    0.9999955453E+00    0.9999955453E+00
    4    0.1214166667E+02    0.0000000000E+00   -0.6966836119E+00   -0.4605096946E+00    0.0000000000E+00    0.0000000000E+00    0.0000000000E+00    0.0000000000E+00    0.0000000000E+00    0.0000000000E+00    0.8724935521E-16    0.8724937376E-16    0.9999946074E+00    0.9999946074E+00
    5    0.1214166667E+02    0.8127975472E+00    0.1161139353E+00    0.2900988947E+00    0.8127975472E+00    0.1161139353E+00    0.2900988947E+00    0.0000000000E+00    0.0000000000E+00    0.0000000000E+00    0.6278144345E-12    0.6278144345E-12    0.9999831513E+00    0.9999831513E+00
    6    0.1214166667E+02    0.8127975472E+00   -0.6966836119E+00    0.1744446856E+00    0.8127975472E+00   -0.6966836119E+00    0.1744446856E+00    0.0000000000E+00    0.0000000000E+00    0.0000000000E+00    0.3784176590E-13    0.3784176877E-13    0.9999931237E+00    0.9999931237E+00
    1    0.1240000000E+02    0.8127975472E+00   -0.6966836119E+00    0.2492580079E-01    0.8127975472E+00   -0.6966836119E+00    0.2492580079E-01    0.0000000000E+00    0.0000000000E+00    0.0000000000E+00    0.3394257910E-09    0.3394257910E-09    0.9999560759E+00    0.9999560759E+00
    2    0.1240000000E+02    0.0000000000E+00   -0.6966836119E+00   -0.5287873739E+00    0.0000000000E+00    0.0000000000E+00    0.0000000000E+00    0.0000000000E+00    0.0000000000E+00    0.0000000000E+00    0.6832971186E-15    0.6832971259E-15    0.9999943464E+00    0.9999943464E+00
    3    0.1240000000E+02    0.0000000000E+00    0.1161139353E+00   -0.1975588251E+00    0.0000000000E+00    0.0000000000E+00    0.0000000000E+00    0.0000000000E+00    0.0000000000E+00    0.0000000000E+00    0.2549787137E-16    0.2549791289E-16    0.9999948723E+00    0.9999948723E+00
    4    0.1240000000E+02    0.8127975472E+00   -0.6966836119E+00    0.4626942206E-01    0.8127975472E+00   -0.6966836119E+00    0.4626942206E-01    0.0000000000E+00    0.0000000000E+00    0.0000000000E+00    0.8042363457E-10    0.8042363457E-10    0.9999765281E+00    0.9999765281E+00
    1    0.1265833333E+02    0.0000000000E+00   -0.6966836119E+00    0.5487191110E+00    0.0000000000E+00    0.0000000000E+00    0.0000000000E+00    0.0000000000E+00    0.0000000000E+00    0.0000000000E+00    0.2093446534E-14    0.2093446534E-14    0.9999937463E+00    0.9999937463E+00
    2    0.1265833333E+02    0.0000000000E+00    0.1161139353E+00   -0.2651918094E+00    0.0000000000E+00    0.0000000000E+00    0.0000000000E+00    0.0000000000E+00    0.0000000000E+00    0.0000000000E+00    0.2154836034E-16    0.2154836076E-16    0.9999939589E+00    0.9999939589E+00
    1    0.1291666667E+02    0.0000000000E+00   -0.6966836119E+00    0.4679048925E+00    0.0000000000E+00    0.0000000000E+00    0.0000000000E+00    0.0000000000E+00    0.0000000000E+00    0.0000000000E+00    0.2057871070E-13    0.2057871070E-13    0.9999925392E+00    0.9999925392E+00
    2    0.1291666667E+02    0.0000000000E+00    0.1161139353E+00   -0.3435394002E+00    0.0000000000E+00    0.0000000000E+00    0.0000000000E+00    0.0000000000E+00    0.0000000000E+00    0.0000000000E+00    0.3705396332E-14    0.3705396332E-14    0.9999928883E+00    0.9999928883E+00
    1    0.1317500000E+02    0.0000000000E+00    0.1161139353E+00   -0.4315034553E+00    0.0000000000E+00    0.0000000000E+00    0.0000000000E+00    0.0000000000E+00    0.0000000000E+00    0.0000000000E+00    0.2448810763E-13    0.2448810763E-13    0.9999921542E+00    0.9999921542E+00
    2    0.1317500000E+02    0.0000000000E+00   -0.6966836119E+00    0.3667296734E+00    0.0000000000E+00    0.0000000000E+00    0.0000000000E+00    0.0000000000E+00    0.0000000000E+00    0.0000000000E+00    0.1055889614E-13    0.1055889614E-13    0.9999896142E+00    0.9999896142E+00
    1    0.1343333333E+02    0.0000000000E+00    0.1161139353E+00   -0.3379033996E+00    0.0000000000E+00    0.0000000000E+00    0.0000000000E+00    0.0000000000E+00    0.0000000000E+00    0.0000000000E+00    0.4615758740E-12    0.4615758740E-12    0.9999783142E+00    0.9999783142E+00
    2    0.1343333333E+02    0.8127975472E+00   -0.6966836119E+00   -0.4105283101E+00    0.8127975472E+00   -0.6966836119E+00   -0.4105283101E+00    0.0000000000E+00    0.0000000000E+00    0.0000000000E+00    0.6401715506E-11    0.6401715506E-11    0.9999564141E+00    0.9999564141E+00
    3    0.1343333333E+02    0.0000000000E+00   -0.6966836119E+00   -0.7473870834E-01    0.0000000000E+00    0.0000000000E+00    0.0000000000E+00    0.0000000000E+00    0.0000000000E+00    0.0000000000E+00    0.1608392558E-09    0.1608392558E-09    0.9999612478E+00    0.9999612478E+00
    4    0.1343333333E+02    0.0000000000E+00   -0.6966836119E+00    0.1850368009E+00    0.0000000000E+00    0.0000000000E+00    0.0000000000E+00    0.0000000000E+00    0.0000000000E+00    0.0000000000E+00    0.1582479843E-12    0.1582479843E-12    0.9999699688E+00    0.9999699688E+00
    5    0.1343333333E+02    0.8127975472E+00   -0.6966836119E+00   -0.3854737636E+00    0.8127975472E+00   -0.6966836119E+00   -0.3854737636E+00    0.0000000000E+00    0.0000000000E+00    0.0000000000E+00    0.2813245371E-13    0.2813245371E-13    0.9999598071E+00    0.9999598071E+00
    6    0.1343333333E+02    0.0000000000E+00    0.1161139353E+00   -0.5224261040E+00    0.0000000000E+00    0.0000000000E+00    0.0000000000E+00    0.0000000000E+00    0.0000000000E+00    0.0000000000E+00    0.7053071587E-13    0.7053071587E-13    0.9999920420E+00    0.9999920420E+00
    1    0.1369166667E+02    0.0000000000E+00    0.1161139353E+00   -0.5133748548E+00    0.0000000000E+00    0.0000000000E+00    0.0000000000E+00    0.0000000000E+00    0.0000000000E+00    0.0000000000E+00    0.1200936759E-12    0.1200936759E-12    0.9999876530E+00    0.9999876530E+00
    2    0.1369166667E+02    0.8127975472E+00   -0.6966836119E+00   -0.2892008621E+00    0.8127975472E+00   -0.6966836119E+00   -0.2892008621E+00    0.0000000000E+00    0.0000000000E+00    0.0000000000E+00    0.1274206784E-10    0.1274206784E-10    0.9999557557E+00    0.9999557557E+00
    3    0.1369166667E+02    0.0000000000E+00   -0.6966836119E+00   -0.2896672575E+00    0.0000000000E+00    0.0000000000E+00    0.0000000000E+00    0.0000000000E+00    0.0000000000E+00    0.0000000000E+00    0.8895076030E-12    0.8895076030E-12    0.9999853783E+00    0.9999853783E+00
    4    0.1369166667E+02    0.0000000000E+00    0.1161139353E+00    0.5378725112E+00    0.0000000000E+00    0.1161139353E+00   -0.6115968038E+00    0.2024532654E-10    0.3483510771E+00    0.2149124162E+01    0.8263084198E-12    0.8263084198E-12    0.9999915467E+00    0.9999915467E+00
    5    0.1369166667E+02    0.8127975472E+00   -0.6966836119E+00   -0.2756737394E+00    0.8127975472E+00   -0.6966836119E+00   -0.2756737394E+00    0.0000000000E+00    0.0000000000E+00    0.0000000000E+00    0.8646656248E-11    0.8646656248E-11    0.9999601970E+00    0.9999601970E+00
    6    0.1369166667E+02    0.0000000000E+00    0.1161139353E+00   -0.2553445020E+00    0.0000000000E+00    0.0000000000E+00    0.0000000000E+00    0.0000000000E+00    0.0000000000E+00    0.0000000000E+00    0.1816137669E-11    0.1816137669E-11    0.9999809090E+00    0.9999809090E+00
    1    0.1395000000E+02    0.8127975472E+00    0.1161139353E+00   -0.1405967354E+00    0.8127975472E+00    0.1161139353E+00   -0.1405967354E+00    0.0000000000E+00    0.0000000000E+00    0.0000000000E+00    0.3526474293E-10    0.3526474293E-10    0.9999556067E+00    0.9999556067E+00
    2    0.1395000000E+02    0.0000000000E+00    0.1161139353E+00    0.5141051215E+00    0.0000000000E+00    0.0000000000E+00    0.0000000000E+00    0.0000000000E+00    0.0000000000E+00    0.0000000000E+00    0.2458914950E-12    0.2458914950E-12    0.9999896167E+00    0.9999896167E+00
    3    0.1395000000E+02    0.8127975472E+00    0.1161139353E+00   -0.4592561750E+00    0.8127975472E+00    0.1161139353E+00   -0.4592561750E+00    0.0000000000E+00    0.0000000000E+00    0.0000000000E+00    0.2421585793E-10    0.2421585793E-10    0.9999688174E+00    0.9999688174E+00
    4    0.1395000000E+02    0.0000000000E+00   -0.6966836119E+00   -0.4558086221E+00    0.0000000000E+00    0.0000000000E+00    0.0000000000E+00    0.0000000000E+00    0.0000000000E+00    0.0000000000E+00    0.9527630027E-13    0.9527630028E-13    0.9999831123E+00    0.9999831123E+00
    5    0.1395000000E+02    0.0000000000E+00    0.1161139353E+00    0.4486637144E+00    0.0000000000E+00    0.0000000000E+00    0.0000000000E+00    0.0000000000E+00    0.0000000000E+00    0.0000000000E+00    0.1136643246E-11    0.1136643246E-11    0.9999916786E+00    0.9999916786E+00
    6    0.1395000000E+02    0.8127975472E+00    0.1161139353E+00   -0.1194023058E+00    0.8127975472E+00    0.1161139353E+00   -0.1194023058E+00    0.0000000000E+00    0.0000000000E+00    0.0000000000E+00    0.8042742574E-10    0.8042742575E-10    0.9999481590E+00    0.9999481590E+00
    7    0.1395000000E+02    0.0000000000E+00    0.1161139353E+00   -0.4189096015E+00    0.0000000000E+00    0.0000000000E+00    0.0000000000E+00    0.0000000000E+00    0.0000000000E+00    0.0000000000E+00    0.9623270963E-12    0.9623270963E-12    0.9999870346E+00    0.9999870346E+00
    8    0.1395000000E+02    0.8127975472E+00    0.1161139353E+00   -0.4473277725E+00    0.8127975472E+00    0.1161139353E+00   -0.4473277725E+00    0.0000000000E+00    0.0000000000E+00    0.0000000000E+00    0.2031233905E-10    0.2031233906E-10    0.9999720596E+00    0.9999720596E+00
    1    0.1420833333E+02    0.0000000000E+00    0.1161139353E+00    0.4036047859E+00    0.0000000000E+00    0.1161139353E+00    0.4036047859E+00    0.1244024806E-10   -0.3266123892E-01   -0.2710380500E+01    0.2848211681E-13    0.2848211681E-13    0.9999896993E+00    0.9999896993E+00
    2    0.1420833333E+02    0.0000000000E+00    0.1161139353E+00    0.3543232492E+00    0.0000000000E+00    0.0000000000E+00    0.0000000000E+00    0.0000000000E+00    0.0000000000E+00    0.0000000000E+00    0.4244661021E-12    0.4244661021E-12    0.9999904971E+00    0.9999904971E+00
    3    0.1420833333E+02    0.0000000000E+00    0.1161139353E+00   -0.5533217299E+00    0.0000000000E+00    0.0000000000E+00    0.0000000000E+00    0.0000000000E+00    0.0000000000E+00    0.0000000000E+00    0.4024462340E-12    0.4024462340E-12    0.9999873238E+00    0.9999873238E+00
    1    0.1446666667E+02    0.0000000000E+00    0.1161139353E+00    0.2867343673E+00    0.0000000000E+00    0.0000000000E+00    0.0000000000E+00    0.0000000000E+00    0.0000000000E+00    0.0000000000E+00    0.9794710617E-12    0.9794710617E-12    0.9999878458E+00    0.9999878458E+00
    2    0.1446666667E+02    0.0000000000E+00    0.1161139353E+00    0.4474223769E+00    0.0000000000E+00    0.0000000000E+00    0.0000000000E+00    0.0000000000E+00    0.0000000000E+00    0.0000000000E+00    0.5166598267E-12    0.5166598267E-12    0.9999841772E+00    0.9999841772E+00
    3    0.1446666667E+02    0.0000000000E+00    0.1161139353E+00    0.2405383370E+00    0.0000000000E+00    0.0000000000E+00    0.0000000000E+00    0.0000000000E+00    0.0000000000E+00    0.0000000000E+00    0.1086863527E-11    0.1086863527E-11    0.9999873212E+00    0.9999873212E+00
    1    0.1472500000E+02    0.0000000000E+00    0.1161139353E+00    0.1195216696E+00    0.0000000000E+00    0.0000000000E+00    0.0000000000E+00    0.0000000000E+00    0.0000000000E+00    0.0000000000E+00    0.2643501165E-10    0.2643501165E-10    0.9999744960E+00    0.9999744960E+00
    2    0.1472500000E+02    0.0000000000E+00    0.1161139353E+00    0.2357765929E+00    0.0000000000E+00    0.0000000000E+00    0.0000000000E+00    0.0000000000E+00    0.0000000000E+00    0.0000000000E+00    0.3754508783E-11    0.3754508783E-11    0.9999711545E+00    0.9999711545E+00
