    1    0.2583333333E+01   -0.5805696766E+00    0.1161139353E+00   -0.6806566485E-01    0.0000000000E+00    0.0000000000E+00    0.0000000000E+00    0.0000000000E+00    0.0000000000E+00    0.0000000000E+00    0.5925245631E-12    0.5925245631E-12    0.9999976064E+00    0.9999976064E+00
    1    0.2841666667E+01   -0.5805696766E+00    0.1161139353E+00   -0.2079131989E+00    0.0000000000E+00    0.0000000000E+00    0.0000000000E+00    0.0000000000E+00    0.0000000000E+00    0.0000000000E+00    0.3066938314E-13    0.3066938314E-13    0.9999887024E+00    0.9999887024E+00
    1    0.3100000000E+01   -0.5805696766E+00    0.1161139353E+00   -0.4236432594E+00    0.0000000000E+00    0.0000000000E+00    0.0000000000E+00    0.0000000000E+00    0.0000000000E+00    0.0000000000E+00    0.1047598585E-14    0.1047598585E-14    0.9999982859E+00    0.9999982859E+00
    2    0.3100000000E+01    0.2322278706E+00    0.1161139353E+00   -0.1671340776E+00    0.0000000000E+00    0.0000000000E+00    0.0000000000E+00    0.0000000000E+00    0.0000000000E+00    0.0000000000E+00    0.1671171433E-13    0.1671171433E-13    0.9999940893E+00    0.9999940893E+00
    3    0.3100000000E+01   -0.5805696766E+00    0.1161139353E+00   -0.1854449456E+00    0.0000000000E+00    0.0000000000E+00    0.0000000000E+00    0.0000000000E+00    0.0000000000E+00    0.0000000000E+00    0.6986189786E-15    0.6986189786E-15    0.9999981947E+00    0.9999981947E+00
    1    0.3358333333E+01   -0.5805696766E+00    0.1161139353E+00   -0.2458835138E+00    0.0000000000E+00    0.0000000000E+00    0.0000000000E+00    0.0000000000E+00    0.0000000000E+00    0.0000000000E+00    0.1075905989E-13    0.1075905989E-13    0.9999987519E+00    0.9999987519E+00
    2    0.3358333333E+01    0.2322278706E+00    0.1161139353E+00   -0.4118419998E+00    0.0000000000E+00    0.0000000000E+00    0.0000000000E+00    0.0000000000E+00    0.0000000000E+00    0.0000000000E+00    0.1244311577E-14    0.1244311577E-14    0.9999936205E+00    0.9999936205E+00
    3    0.3358333333E+01   -0.5805696766E+00    0.1161139353E+00   -0.5004488900E+00    0.0000000000E+00    0.0000000000E+00    0.0000000000E+00    0.0000000000E+00    0.0000000000E+00    0.0000000000E+00    0.2112580324E-14    0.2112580324E-14    0.9999986054E+00    0.9999986054E+00
    1    0.3616666667E+01   -0.5805696766E+00    0.1161139353E+00   -0.2962497244E+00    0.0000000000E+00    0.0000000000E+00    0.0000000000E+00    0.0000000000E+00    0.0000000000E+00    0.0000000000E+00    0.1476605294E-13    0.1476605294E-13    0.9999987755E+00    0.9999987755E+00
    2    0.3616666667E+01   -0.5805696766E+00    0.1161139353E+00   -0.5618422886E+00    0.0000000000E+00    0.0000000000E+00    0.0000000000E+00    0.0000000000E+00    0.0000000000E+00    0.0000000000E+00    0.2939715508E-13    0.2939715508E-13    0.9999986344E+00    0.9999986344E+00
    3    0.3616666667E+01    0.2322278706E+00    0.1161139353E+00   -0.5640565785E+00    0.0000000000E+00    0.0000000000E+00    0.0000000000E+00    0.0000000000E+00    0.0000000000E+00    0.0000000000E+00    0.3735017953E-12    0.3735017953E-12    0.9999973000E+00    0.9999973000E+00
    1    0.3875000000E+01   -0.5805696766E+00   -0.6966836119E+00    0.2388631527E-01    0.0000000000E+00    0.0000000000E+00    0.0000000000E+00    0.0000000000E+00    0.0000000000E+00    0.0000000000E+00    0.6947600791E-11    0.6947600791E-11    0.9999932394E+00    0.9999932394E+00
    2    0.3875000000E+01    0.2322278706E+00    0.1161139353E+00    0.5049961155E+00    0.0000000000E+00    0.0000000000E+00    0.0000000000E+00    0.0000000000E+00    0.0000000000E+00    0.0000000000E+00    0.7300050486E-14    0.7300050486E-14    0.9999978577E+00    0.9999978577E+00
    3    0.3875000000E+01   -0.5805696766E+00    0.1161139353E+00    0.5327136633E+00    0.0000000000E+00    0.0000000000E+00    0.0000000000E+00    0.0000000000E+00    0.0000000000E+00    0.0000000000E+00    0.6224156418E-14    0.6224156418E-14    0.9999985706E+00    0.9999985706E+00
    4    0.3875000000E+01   -0.5805696766E+00    0.1161139353E+00   -0.3447511238E+00    0.0000000000E+00    0.0000000000E+00    0.0000000000E+00    0.0000000000E+00    0.0000000000E+00    0.0000000000E+00    0.8273726864E-14    0.8273726864E-14    0.9999987893E+00    0.9999987893E+00
    5    0.3875000000E+01    0.2322278706E+00    0.1161139353E+00   -0.3256460347E+00    0.0000000000E+00    0.0000000000E+00    0.0000000000E+00    0.0000000000E+00    0.0000000000E+00    0.0000000000E+00    0.7678615414E-13    0.7678615414E-13    0.9999973142E+00    0.9999973142E+00
    6    0.3875000000E+01   -0.5805696766E+00   -0.6966836119E+00   -0.3102104745E+00    0.0000000000E+00    0.0000000000E+00    0.0000000000E+00    0.0000000000E+00    0.0000000000E+00    0.0000000000E+00    0.8144593580E-12    0.8144593580E-12    0.9999963700E+00    0.9999963700E+00
    1    0.4133333333E+01    0.2322278706E+00   -0.6966836119E+00   -0.1928935117E+00    0.0000000000E+00    0.0000000000E+00    0.0000000000E+00    0.0000000000E+00    0.0000000000E+00    0.0000000000E+00    0.3001240997E-17    0.3001241608E-17    0.9999965508E+00    0.9999965508E+00
    2    0.4133333333E+01   -0.5805696766E+00    0.1161139353E+00   -0.3938870891E+00    0.0000000000E+00    0.0000000000E+00    0.0000000000E+00    0.0000000000E+00    0.0000000000E+00    0.0000000000E+00    0.2433620725E-14    0.2433620725E-14    0.9999985920E+00    0.9999985920E+00
    3    0.4133333333E+01    0.2322278706E+00    0.1161139353E+00   -0.4098860404E+00    0.0000000000E+00    0.0000000000E+00    0.0000000000E+00    0.0000000000E+00    0.0000000000E+00    0.0000000000E+00    0.2777002914E-13    0.2777002914E-13    0.9999980336E+00    0.9999980336E+00
    4    0.4133333333E+01   -0.5805696766E+00    0.1161139353E+00    0.4779307120E+00    0.0000000000E+00    0.0000000000E+00    0.0000000000E+00    0.0000000000E+00    0.0000000000E+00    0.0000000000E+00    0.8404782673E-14    0.8404782673E-14    0.9999985260E+00    0.9999985260E+00
    5    0.4133333333E+01    0.2322278706E+00    0.1161139353E+00    0.4347580533E+00    0.0000000000E+00    0.0000000000E+00    0.0000000000E+00    0.0000000000E+00    0.0000000000E+00    0.0000000000E+00    0.3232777604E-13    0.3232777604E-13    0.9999981568E+00    0.9999981568E+00
    6    0.4133333333E+01   -0.5805696766E+00   -0.6966836119E+00    0.4432155292E+00    0.0000000000E+00    0.0000000000E+00    0.0000000000E+00    0.0000000000E+00    0.0000000000E+00    0.0000000000E+00    0.1310970452E-12    0.1310970452E-12    0.9999952809E+00    0.9999952809E+00
    1    0.4391666667E+01   -0.5805696766E+00   -0.6966836119E+00   -0.6344019922E-01    0.0000000000E+00    0.0000000000E+00    0.0000000000E+00    0.0000000000E+00    0.0000000000E+00    0.0000000000E+00    0.3885924799E-12    0.3885924799E-12    0.9999972931E+00    0.9999972931E+00
    2    0.4391666667E+01    0.2322278706E+00   -0.6966836119E+00   -0.8899885515E-01    0.0000000000E+00    0.0000000000E+00    0.0000000000E+00    0.0000000000E+00    0.0000000000E+00    0.0000000000E+00    0.1974922955E-12    0.1974922956E-12    0.9999974145E+00    0.9999974145E+00
    3    0.4391666667E+01    0.2322278706E+00   -0.6966836119E+00   -0.2941923119E+00    0.0000000000E+00    0.0000000000E+00    0.0000000000E+00    0.0000000000E+00    0.0000000000E+00    0.0000000000E+00    0.3850034100E-12    0.3850034103E-12    0.9999971181E+00    0.9999971181E+00
    4    0.4391666667E+01   -0.5805696766E+00    0.1161139353E+00   -0.4455302368E+00    0.0000000000E+00    0.0000000000E+00    0.0000000000E+00    0.0000000000E+00    0.0000000000E+00    0.0000000000E+00    0.1385476801E-13    0.1385476802E-13    0.9999984694E+00    0.9999984694E+00
    5    0.4391666667E+01    0.2322278706E+00    0.1161139353E+00   -0.4747471993E+00    0.0000000000E+00    0.0000000000E+00    0.0000000000E+00    0.0000000000E+00    0.0000000000E+00    0.0000000000E+00    0.2451379891E-13    0.2451379893E-13    0.9999982500E+00    0.9999982500E+00
    6    0.4391666667E+01    0.2322278706E+00   -0.6966836119E+00   -0.5192080918E+00    0.0000000000E+00    0.0000000000E+00    0.0000000000E+00    0.0000000000E+00    0.0000000000E+00    0.0000000000E+00    0.4370156296E-11    0.4370156296E-11    0.9999934018E+00    0.9999934018E+00
    7    0.4391666667E+01   -0.5805696766E+00    0.1161139353E+00    0.4201818100E+00    0.0000000000E+00    0.0000000000E+00    0.0000000000E+00    0.0000000000E+00    0.0000000000E+00    0.0000000000E+00    0.9711784778E-14    0.9711784781E-14    0.9999981852E+00    0.9999981852E+00
    8    0.4391666667E+01   -0.5805696766E+00   -0.6966836119E+00    0.3368183823E+00    0.0000000000E+00    0.0000000000E+00    0.0000000000E+00    0.0000000000E+00    0.0000000000E+00    0.0000000000E+00    0.3696237375E-15    0.3696237491E-15    0.9999976168E+00    0.9999976168E+00
    9    0.4391666667E+01    0.2322278706E+00    0.1161139353E+00    0.3665329399E+00    0.0000000000E+00    0.0000000000E+00    0.0000000000E+00    0.0000000000E+00    0.0000000000E+00    0.0000000000E+00    0.7988723598E-14    0.7988723812E-14    0.9999979051E+00    0.9999979051E+00
   10    0.4391666667E+01    0.2322278706E+00   -0.6966836119E+00    0.3601629906E+00    0.0000000000E+00    0.0000000000E+00    0.0000000000E+00    0.0000000000E+00    0.0000000000E+00    0.0000000000E+00    0.3769734988E-11    0.3769734988E-11    0.9999943535E+00    0.9999943535E+00
    1    0.4650000000E+01    0.2322278706E+00   -0.6966836119E+00   -0.1649320497E+00    0.0000000000E+00    0.0000000000E+00    0.0000000000E+00    0.0000000000E+00    0.0000000000E+00    0.0000000000E+00    0.1081665803E-13    0.1081669380E-13    0.9999977866E+00    0.9999977866E+00
    2    0.4650000000E+01   -0.5805696766E+00   -0.6966836119E+00   -0.1505130009E+00    0.0000000000E+00    0.0000000000E+00    0.0000000000E+00    0.0000000000E+00    0.0000000000E+00    0.0000000000E+00    0.8364124244E-14    0.8364190153E-14    0.9999971628E+00    0.9999971628E+00
    3    0.4650000000E+01   -0.5805696766E+00    0.1161139353E+00   -0.5024817288E+00    0.0000000000E+00    0.0000000000E+00    0.0000000000E+00    0.0000000000E+00    0.0000000000E+00    0.0000000000E+00    0.2363852754E-13    0.2363856681E-13    0.9999981922E+00    0.9999981922E+00
    4    0.4650000000E+01    0.2322278706E+00    0.1161139353E+00   -0.5367660060E+00    0.0000000000E+00    0.0000000000E+00    0.0000000000E+00    0.0000000000E+00    0.0000000000E+00    0.0000000000E+00    0.2979521539E-13    0.2979521545E-13    0.9999981287E+00    0.9999981287E+00
    5    0.4650000000E+01   -0.5805696766E+00    0.1161139353E+00    0.3526241820E+00    0.0000000000E+00    0.0000000000E+00    0.0000000000E+00    0.0000000000E+00    0.0000000000E+00    0.0000000000E+00    0.1248310228E-13    0.1248340183E-13    0.9999976053E+00    0.9999976053E+00
    6    0.4650000000E+01    0.2322278706E+00   -0.6966836119E+00    0.2408956390E+00    0.0000000000E+00    0.0000000000E+00    0.0000000000E+00    0.0000000000E+00    0.0000000000E+00    0.0000000000E+00    0.9258009285E-14    0.9258381593E-14    0.9999972718E+00    0.9999972718E+00
    7    0.4650000000E+01   -0.5805696766E+00   -0.6966836119E+00    0.2626860619E+00    0.0000000000E+00    0.0000000000E+00    0.0000000000E+00    0.0000000000E+00    0.0000000000E+00    0.0000000000E+00    0.5011894798E-14    0.5011953550E-14    0.9999978650E+00    0.9999978650E+00
    8    0.4650000000E+01    0.2322278706E+00    0.1161139353E+00    0.2916016099E+00    0.0000000000E+00    0.0000000000E+00    0.0000000000E+00    0.0000000000E+00    0.0000000000E+00    0.0000000000E+00    0.4445919459E-13    0.4445919461E-13    0.9999974587E+00    0.9999974587E+00
    1    0.4908333333E+01    0.2322278706E+00   -0.6966836119E+00   -0.2389462192E+00    0.0000000000E+00    0.0000000000E+00    0.0000000000E+00    0.0000000000E+00    0.0000000000E+00    0.0000000000E+00    0.9179299741E-14    0.9179332809E-14    0.9999974307E+00    0.9999974307E+00
    2    0.4908333333E+01   -0.5805696766E+00   -0.6966836119E+00   -0.3760378775E+00    0.0000000000E+00    0.0000000000E+00    0.0000000000E+00    0.0000000000E+00    0.0000000000E+00    0.0000000000E+00    0.3923833771E-13    0.3923882651E-13    0.9999810767E+00    0.9999810767E+00
    3    0.4908333333E+01   -0.5805696766E+00    0.1161139353E+00   -0.5691172549E+00    0.0000000000E+00    0.0000000000E+00    0.0000000000E+00    0.0000000000E+00    0.0000000000E+00    0.0000000000E+00    0.7067785403E-13    0.7067785424E-13    0.9999975568E+00    0.9999975568E+00
    4    0.4908333333E+01    0.2322278706E+00    0.1161139353E+00    0.5492579414E+00    0.0000000000E+00    0.0000000000E+00    0.0000000000E+00    0.0000000000E+00    0.0000000000E+00    0.0000000000E+00    0.4896227656E-14    0.4896227848E-14    0.9999977483E+00    0.9999977483E+00
    5    0.4908333333E+01   -0.5805696766E+00    0.1161139353E+00    0.2558051053E+00    0.0000000000E+00    0.0000000000E+00    0.0000000000E+00    0.0000000000E+00    0.0000000000E+00    0.0000000000E+00    0.1357687312E-12    0.1357687313E-12    0.9999958195E+00    0.9999958195E+00
    6    0.4908333333E+01    0.2322278706E+00   -0.6966836119E+00    0.1617197139E+00    0.0000000000E+00    0.0000000000E+00    0.0000000000E+00    0.0000000000E+00    0.0000000000E+00    0.0000000000E+00    0.8954024569E-14    0.8954034118E-14    0.9999976233E+00    0.9999976233E+00
    7    0.4908333333E+01    0.2322278706E+00    0.1161139353E+00    0.1956436627E+00    0.0000000000E+00    0.0000000000E+00    0.0000000000E+00    0.0000000000E+00    0.0000000000E+00    0.0000000000E+00    0.1276489990E-14    0.1276490479E-14    0.9999963084E+00    0.9999963084E+00
    8    0.4908333333E+01   -0.5805696766E+00   -0.6966836119E+00    0.1956023277E+00    0.0000000000E+00    0.0000000000E+00    0.0000000000E+00    0.0000000000E+00    0.0000000000E+00    0.0000000000E+00    0.2953299447E-13    0.2953300010E-13    0.9999976382E+00    0.9999976382E+00
    1    0.5166666667E+01    0.2322278706E+00   -0.6966836119E+00   -0.3301288637E+00    0.0000000000E+00    0.0000000000E+00    0.0000000000E+00    0.0000000000E+00    0.0000000000E+00    0.0000000000E+00    0.1357685007E-13    0.1357685037E-13    0.9999964428E+00    0.9999964428E+00
    2    0.5166666667E+01   -0.5805696766E+00   -0.6966836119E+00   -0.5213368698E+00    0.0000000000E+00    0.0000000000E+00    0.0000000000E+00    0.0000000000E+00    0.0000000000E+00    0.0000000000E+00    0.3016544000E-14    0.3016550414E-14    0.9999970468E+00    0.9999970468E+00
    3    0.5166666667E+01   -0.5805696766E+00    0.1161139353E+00    0.4939474304E+00    0.0000000000E+00    0.0000000000E+00    0.0000000000E+00    0.0000000000E+00    0.0000000000E+00    0.0000000000E+00    0.1251226196E-13    0.1251226196E-13    0.9999964884E+00    0.9999964884E+00
    4    0.5166666667E+01    0.2322278706E+00    0.1161139353E+00    0.4805020957E+00    0.0000000000E+00    0.0000000000E+00    0.0000000000E+00    0.0000000000E+00    0.0000000000E+00    0.0000000000E+00    0.1369688097E-14    0.1369688191E-14    0.9999975351E+00    0.9999975351E+00
    5    0.5166666667E+01   -0.5805696766E+00    0.1161139353E+00   -0.5817389038E-01    0.0000000000E+00    0.0000000000E+00    0.0000000000E+00    0.0000000000E+00    0.0000000000E+00    0.0000000000E+00    0.3847056375E-11    0.3847056375E-11    0.9999943907E+00    0.9999943907E+00
    6    0.5166666667E+01    0.2322278706E+00   -0.6966836119E+00    0.9105986920E-01    0.0000000000E+00    0.0000000000E+00    0.0000000000E+00    0.0000000000E+00    0.0000000000E+00    0.0000000000E+00    0.6414249787E-14    0.6414249884E-14    0.9999976537E+00    0.9999976537E+00
    7    0.5166666667E+01   -0.5805696766E+00   -0.6966836119E+00    0.1269801110E+00    0.0000000000E+00    0.0000000000E+00    0.0000000000E+00    0.0000000000E+00    0.0000000000E+00    0.0000000000E+00    0.2971940643E-13    0.2971940712E-13    0.9999975624E+00    0.9999975624E+00
    1    0.5425000000E+01    0.2322278706E+00   -0.6966836119E+00   -0.4301441133E+00    0.0000000000E+00    0.0000000000E+00    0.0000000000E+00    0.0000000000E+00    0.0000000000E+00    0.0000000000E+00    0.8925837648E-14    0.8925837649E-14    0.9999968752E+00    0.9999968752E+00
    2    0.5425000000E+01   -0.5805696766E+00   -0.6966836119E+00    0.5470843564E+00    0.0000000000E+00    0.0000000000E+00    0.0000000000E+00    0.0000000000E+00    0.0000000000E+00    0.0000000000E+00    0.4306713148E-14    0.4306713151E-14    0.9999971780E+00    0.9999971780E+00
    3    0.5425000000E+01    0.2322278706E+00    0.1161139353E+00    0.4028175035E+00    0.0000000000E+00    0.0000000000E+00    0.0000000000E+00    0.0000000000E+00    0.0000000000E+00    0.0000000000E+00    0.2679979595E-17    0.2680012458E-17    0.9999970076E+00    0.9999970076E+00
    4    0.5425000000E+01   -0.5805696766E+00    0.1161139353E+00    0.3612413218E+00    0.0000000000E+00    0.0000000000E+00    0.0000000000E+00    0.0000000000E+00    0.0000000000E+00    0.0000000000E+00    0.1687562735E-14    0.1687562735E-14    0.9999940701E+00    0.9999940701E+00
    5    0.5425000000E+01   -0.5805696766E+00    0.1161139353E+00   -0.1534279554E+00    0.0000000000E+00    0.0000000000E+00    0.0000000000E+00    0.0000000000E+00    0.0000000000E+00    0.0000000000E+00    0.2819152994E-13    0.2819152994E-13    0.9999975168E+00    0.9999975168E+00
    6    0.5425000000E+01    0.2322278706E+00   -0.6966836119E+00    0.2177836219E-01    0.0000000000E+00    0.0000000000E+00    0.0000000000E+00    0.0000000000E+00    0.0000000000E+00    0.0000000000E+00    0.3128228365E-13    0.3128228366E-13    0.9999974725E+00    0.9999974725E+00
    7    0.5425000000E+01   -0.5805696766E+00   -0.6966836119E+00    0.4091640442E-01    0.0000000000E+00    0.0000000000E+00    0.0000000000E+00    0.0000000000E+00    0.0000000000E+00    0.0000000000E+00    0.2300029783E-11    0.2300029783E-11    0.9999954269E+00    0.9999954269E+00
    1    0.5683333333E+01    0.2322278706E+00   -0.6966836119E+00   -0.5101158199E+00    0.0000000000E+00    0.0000000000E+00    0.0000000000E+00    0.0000000000E+00    0.0000000000E+00    0.0000000000E+00    0.3574823583E-13    0.3574823583E-13    0.9999971324E+00    0.9999971324E+00
    2    0.5683333333E+01   -0.5805696766E+00    0.1161139353E+00   -0.2139684045E+00    0.0000000000E+00    0.0000000000E+00    0.0000000000E+00    0.0000000000E+00    0.0000000000E+00    0.0000000000E+00    0.1629796606E-12    0.1629796611E-12    0.9999976520E+00    0.9999976520E+00
    3    0.5683333333E+01   -0.5805696766E+00   -0.6966836119E+00    0.4614746560E+00    0.0000000000E+00    0.0000000000E+00    0.0000000000E+00    0.0000000000E+00    0.0000000000E+00    0.0000000000E+00    0.7936919149E-15    0.7936919419E-15    0.9999964572E+00    0.9999964572E+00
    4    0.5683333333E+01    0.2322278706E+00    0.1161139353E+00    0.3103655886E+00    0.0000000000E+00    0.0000000000E+00    0.0000000000E+00    0.0000000000E+00    0.0000000000E+00    0.0000000000E+00    0.1109648727E-13    0.1109648744E-13    0.9999961444E+00    0.9999961444E+00
    5    0.5683333333E+01    0.2322278706E+00   -0.6966836119E+00   -0.5012684413E-01    0.0000000000E+00    0.0000000000E+00    0.0000000000E+00    0.0000000000E+00    0.0000000000E+00    0.0000000000E+00    0.3654784962E-13    0.3654784966E-13    0.9999971577E+00    0.9999971577E+00
    6    0.5683333333E+01   -0.5805696766E+00    0.1161139353E+00    0.1412571148E+00    0.0000000000E+00    0.0000000000E+00    0.0000000000E+00    0.0000000000E+00    0.0000000000E+00    0.0000000000E+00    0.3705963802E-11    0.3705963802E-11    0.9999851314E+00    0.9999851314E+00
    1    0.5941666667E+01    0.2322278706E+00   -0.6966836119E+00    0.5594008008E+00    0.0000000000E+00    0.0000000000E+00    0.0000000000E+00    0.0000000000E+00    0.0000000000E+00    0.0000000000E+00    0.2893495803E-13    0.2893495803E-13    0.9999965855E+00    0.9999965855E+00
    2    0.5941666667E+01   -0.5805696766E+00   -0.6966836119E+00    0.3389233384E+00    0.0000000000E+00    0.0000000000E+00    0.0000000000E+00    0.0000000000E+00    0.0000000000E+00    0.0000000000E+00    0.2522871115E-11    0.2522871115E-11    0.9999928965E+00    0.9999928965E+00
    3    0.5941666667E+01    0.2322278706E+00    0.1161139353E+00    0.1864713565E+00    0.0000000000E+00    0.0000000000E+00    0.0000000000E+00    0.0000000000E+00    0.0000000000E+00    0.0000000000E+00    0.3078380187E-14    0.3078380188E-14    0.9999937961E+00    0.9999937961E+00
    4    0.5941666667E+01   -0.5805696766E+00    0.1161139353E+00   -0.2657878135E+00    0.0000000000E+00    0.0000000000E+00    0.0000000000E+00    0.0000000000E+00    0.0000000000E+00    0.0000000000E+00    0.2782639331E-14    0.2782639331E-14    0.9999980801E+00    0.9999980801E+00
    5    0.5941666667E+01    0.2322278706E+00   -0.6966836119E+00   -0.1326663507E+00    0.0000000000E+00    0.0000000000E+00    0.0000000000E+00    0.0000000000E+00    0.0000000000E+00    0.0000000000E+00    0.1572504564E-13    0.1572504564E-13    0.9999964086E+00    0.9999964086E+00
    6    0.5941666667E+01   -0.5805696766E+00   -0.6966836119E+00   -0.1103687873E+00    0.0000000000E+00    0.0000000000E+00    0.0000000000E+00    0.0000000000E+00    0.0000000000E+00    0.0000000000E+00    0.2777419078E-11    0.2777419078E-11    0.9999921054E+00    0.9999921054E+00
    1    0.6200000000E+01    0.2322278706E+00   -0.6966836119E+00    0.4482009607E+00    0.0000000000E+00    0.0000000000E+00    0.0000000000E+00    0.0000000000E+00    0.0000000000E+00    0.0000000000E+00    0.3079438652E-11    0.3079438652E-11    0.9999932664E+00    0.9999932664E+00
    2    0.6200000000E+01    0.2322278706E+00    0.1161139353E+00   -0.7507998791E-01    0.0000000000E+00    0.0000000000E+00    0.0000000000E+00    0.0000000000E+00    0.0000000000E+00    0.0000000000E+00    0.2851395792E-11    0.2851395792E-11    0.9999945292E+00    0.9999945292E+00
    3    0.6200000000E+01    0.2322278706E+00   -0.6966836119E+00   -0.2500822811E+00    0.0000000000E+00    0.0000000000E+00    0.0000000000E+00    0.0000000000E+00    0.0000000000E+00    0.0000000000E+00    0.3082817681E-11    0.3082817681E-11    0.9999929721E+00    0.9999929721E+00
    4    0.6200000000E+01   -0.5805696766E+00    0.1161139353E+00   -0.3133189570E+00    0.0000000000E+00    0.0000000000E+00    0.0000000000E+00    0.0000000000E+00    0.0000000000E+00    0.0000000000E+00    0.4117377769E-15    0.4117377772E-15    0.9999981129E+00    0.9999981129E+00
    1    0.6458333333E+01   -0.5805696766E+00    0.1161139353E+00   -0.3588600002E+00    0.0000000000E+00    0.0000000000E+00    0.0000000000E+00    0.0000000000E+00    0.0000000000E+00    0.0000000000E+00    0.5451329866E-19    0.5451329868E-19    0.9999980893E+00    0.9999980893E+00
    2    0.6458333333E+01    0.2322278706E+00    0.1161139353E+00   -0.1627583949E+00    0.0000000000E+00    0.0000000000E+00    0.0000000000E+00    0.0000000000E+00    0.0000000000E+00    0.0000000000E+00    0.2168999419E-13    0.2168999419E-13    0.9999971614E+00    0.9999971614E+00
    1    0.6716666667E+01   -0.5805696766E+00    0.1161139353E+00   -0.4036257124E+00    0.0000000000E+00    0.0000000000E+00    0.0000000000E+00    0.0000000000E+00    0.0000000000E+00    0.0000000000E+00    0.2942701267E-16    0.2942945397E-16    0.9999980278E+00    0.9999980278E+00
    2    0.6716666667E+01    0.2322278706E+00    0.1161139353E+00   -0.2222012124E+00    0.0000000000E+00    0.0000000000E+00    0.0000000000E+00    0.0000000000E+00    0.0000000000E+00    0.0000000000E+00    0.5178431253E-14    0.5178431257E-14    0.9999976054E+00    0.9999976054E+00
    1    0.6975000000E+01   -0.5805696766E+00    0.1161139353E+00   -0.4484134141E+00    0.0000000000E+00    0.0000000000E+00    0.0000000000E+00    0.0000000000E+00    0.0000000000E+00    0.0000000000E+00    0.6978416781E-15    0.6978416781E-15    0.9999979368E+00    0.9999979368E+00
    2    0.6975000000E+01    0.2322278706E+00    0.1161139353E+00   -0.2736523263E+00    0.0000000000E+00    0.0000000000E+00    0.0000000000E+00    0.0000000000E+00    0.0000000000E+00    0.0000000000E+00    0.6552867917E-14    0.6552867917E-14    0.9999977360E+00    0.9999977360E+00
    1    0.7233333333E+01   -0.5805696766E+00    0.1161139353E+00   -0.4937937743E+00    0.0000000000E+00    0.0000000000E+00    0.0000000000E+00    0.0000000000E+00    0.0000000000E+00    0.0000000000E+00    0.1449035626E-14    0.1449035626E-14    0.9999978216E+00    0.9999978216E+00
    2    0.7233333333E+01    0.2322278706E+00    0.1161139353E+00   -0.3219631474E+00    0.0000000000E+00    0.0000000000E+00    0.0000000000E+00    0.0000000000E+00    0.0000000000E+00    0.0000000000E+00    0.1566548416E-14    0.1566548416E-14    0.9999977371E+00    0.9999977371E+00
    1    0.7491666667E+01   -0.5805696766E+00    0.1161139353E+00   -0.5401833621E+00    0.0000000000E+00    0.0000000000E+00    0.0000000000E+00    0.0000000000E+00    0.0000000000E+00    0.0000000000E+00    0.5747623793E-15    0.5747623793E-15    0.9999976858E+00    0.9999976858E+00
    2    0.7491666667E+01    0.2322278706E+00    0.1161139353E+00   -0.3694540708E+00    0.0000000000E+00    0.0000000000E+00    0.0000000000E+00    0.0000000000E+00    0.0000000000E+00    0.0000000000E+00    0.2513062686E-16    0.2513062698E-16    0.9999976550E+00    0.9999976550E+00
    1    0.7750000000E+01   -0.5805696766E+00   -0.6966836119E+00   -0.1586284548E+00    0.0000000000E+00    0.0000000000E+00    0.0000000000E+00    0.0000000000E+00    0.0000000000E+00    0.0000000000E+00    0.1718479487E-11    0.1718479487E-11    0.9999823316E+00    0.9999823316E+00
    2    0.7750000000E+01    0.2322278706E+00    0.1161139353E+00   -0.4177146237E+00    0.0000000000E+00    0.0000000000E+00    0.0000000000E+00    0.0000000000E+00    0.0000000000E+00    0.0000000000E+00    0.6160667512E-17    0.6160670568E-17    0.9999974986E+00    0.9999974986E+00
    3    0.7750000000E+01   -0.5805696766E+00    0.1161139353E+00    0.5617924339E+00    0.0000000000E+00    0.0000000000E+00    0.0000000000E+00    0.0000000000E+00    0.0000000000E+00    0.0000000000E+00    0.1225690435E-13    0.1225690435E-13    0.9999975250E+00    0.9999975250E+00
    1    0.8008333333E+01   -0.5805696766E+00   -0.6966836119E+00   -0.2990886555E+00    0.0000000000E+00    0.0000000000E+00    0.0000000000E+00    0.0000000000E+00    0.0000000000E+00    0.0000000000E+00    0.4798084683E-13    0.4798084683E-13    0.9999954992E+00    0.9999954992E+00
    2    0.8008333333E+01    0.2322278706E+00    0.1161139353E+00   -0.4682029130E+00    0.0000000000E+00    0.0000000000E+00    0.0000000000E+00    0.0000000000E+00    0.0000000000E+00    0.0000000000E+00    0.2678283521E-15    0.2678283521E-15    0.9999972574E+00    0.9999972574E+00
    3    0.8008333333E+01   -0.5805696766E+00    0.1161139353E+00    0.5127909355E+00    0.0000000000E+00    0.0000000000E+00    0.0000000000E+00    0.0000000000E+00    0.0000000000E+00    0.0000000000E+00    0.4178636797E-14    0.4178636797E-14    0.9999973915E+00    0.9999973915E+00
    1    0.8266666667E+01   -0.5805696766E+00   -0.6966836119E+00   -0.3726101676E+00    0.0000000000E+00    0.0000000000E+00    0.0000000000E+00    0.0000000000E+00    0.0000000000E+00    0.0000000000E+00    0.3330663400E-15    0.3330663400E-15    0.9999964191E+00    0.9999964191E+00
    2    0.8266666667E+01    0.2322278706E+00    0.1161139353E+00   -0.5226158479E+00    0.0000000000E+00    0.0000000000E+00    0.0000000000E+00    0.0000000000E+00    0.0000000000E+00    0.0000000000E+00    0.1125357123E-14    0.1125357123E-14    0.9999969001E+00    0.9999969001E+00
    3    0.8266666667E+01   -0.5805696766E+00    0.1161139353E+00    0.4626553178E+00    0.0000000000E+00    0.0000000000E+00    0.0000000000E+00    0.0000000000E+00    0.0000000000E+00    0.0000000000E+00    0.1016110641E-13    0.1016110641E-13    0.9999972500E+00    0.9999972500E+00
    1    0.8525000000E+01    0.2322278706E+00   -0.6966836119E+00    0.8545507632E-01    0.0000000000E+00    0.0000000000E+00    0.0000000000E+00    0.0000000000E+00    0.0000000000E+00    0.0000000000E+00    0.1951145570E-10    0.1951145570E-10    0.9999850919E+00    0.9999850919E+00
    2    0.8525000000E+01    0.2322278706E+00   -0.6966836119E+00   -0.4449799638E+00    0.0000000000E+00    0.0000000000E+00    0.0000000000E+00    0.0000000000E+00    0.0000000000E+00    0.0000000000E+00    0.8251086091E-12    0.8251086091E-12    0.9999948794E+00    0.9999948794E+00
    3    0.8525000000E+01   -0.5805696766E+00   -0.6966836119E+00   -0.4354786261E+00    0.0000000000E+00    0.0000000000E+00    0.0000000000E+00    0.0000000000E+00    0.0000000000E+00    0.0000000000E+00    0.2620814890E-14    0.2620815278E-14    0.9999965811E+00    0.9999965811E+00
    4    0.8525000000E+01    0.2322278706E+00    0.1161139353E+00    0.5666101871E+00    0.0000000000E+00    0.0000000000E+00    0.0000000000E+00    0.0000000000E+00    0.0000000000E+00    0.0000000000E+00    0.1740228032E-12    0.1740228033E-12    0.9999962476E+00    0.9999962476E+00
    5    0.8525000000E+01   -0.5805696766E+00    0.1161139353E+00    0.4116328588E+00    0.0000000000E+00    0.0000000000E+00    0.0000000000E+00    0.0000000000E+00    0.0000000000E+00    0.0000000000E+00    0.2942148734E-14    0.2942148858E-14    0.9999971256E+00    0.9999971256E+00
    1    0.8783333333E+01   -0.5805696766E+00   -0.6966836119E+00   -0.4965851805E+00    0.0000000000E+00    0.0000000000E+00    0.0000000000E+00    0.0000000000E+00    0.0000000000E+00    0.0000000000E+00    0.2235743232E-14    0.2235743232E-14    0.9999964267E+00    0.9999964267E+00
    2    0.8783333333E+01    0.2322278706E+00   -0.6966836119E+00   -0.5214407190E+00    0.0000000000E+00    0.0000000000E+00    0.0000000000E+00    0.0000000000E+00    0.0000000000E+00    0.0000000000E+00    0.4298572794E-15    0.4298572794E-15    0.9999960135E+00    0.9999960135E+00
    3    0.8783333333E+01    0.2322278706E+00    0.1161139353E+00    0.4962606029E+00    0.0000000000E+00    0.0000000000E+00    0.0000000000E+00    0.0000000000E+00    0.0000000000E+00    0.0000000000E+00    0.1397381930E-13    0.1397381930E-13    0.9999956005E+00    0.9999956005E+00
    4    0.8783333333E+01   -0.5805696766E+00    0.1161139353E+00    0.3601413718E+00    0.0000000000E+00    0.0000000000E+00    0.0000000000E+00    0.0000000000E+00    0.0000000000E+00    0.0000000000E+00    0.2320714058E-14    0.2320714058E-14    0.9999970246E+00    0.9999970246E+00
    1    0.9041666667E+01   -0.5805696766E+00   -0.6966836119E+00   -0.5610207837E+00    0.0000000000E+00    0.0000000000E+00    0.0000000000E+00    0.0000000000E+00    0.0000000000E+00    0.0000000000E+00    0.9958548034E-15    0.9958548035E-15    0.9999959658E+00    0.9999959658E+00
    2    0.9041666667E+01    0.2322278706E+00   -0.6966836119E+00    0.5613710883E+00    0.0000000000E+00    0.0000000000E+00    0.0000000000E+00    0.0000000000E+00    0.0000000000E+00    0.0000000000E+00    0.4140649143E-14    0.4140649152E-14    0.9999961012E+00    0.9999961012E+00
    3    0.9041666667E+01    0.2322278706E+00    0.1161139353E+00    0.4125616646E+00    0.0000000000E+00    0.0000000000E+00    0.0000000000E+00    0.0000000000E+00    0.0000000000E+00    0.0000000000E+00    0.1089017094E-13    0.1089017095E-13    0.9999945714E+00    0.9999945714E+00
    4    0.9041666667E+01   -0.5805696766E+00    0.1161139353E+00    0.3086073982E+00    0.0000000000E+00    0.0000000000E+00    0.0000000000E+00    0.0000000000E+00    0.0000000000E+00    0.0000000000E+00    0.1630334808E-13    0.1630334808E-13    0.9999969457E+00    0.9999969457E+00
    1    0.9300000000E+01   -0.5805696766E+00   -0.6966836119E+00    0.5139918807E+00    0.0000000000E+00    0.0000000000E+00    0.0000000000E+00    0.0000000000E+00    0.0000000000E+00    0.0000000000E+00    0.2497457009E-15    0.2497457009E-15    0.9999948990E+00    0.9999948990E+00
    2    0.9300000000E+01    0.2322278706E+00   -0.6966836119E+00    0.4946245031E+00    0.0000000000E+00    0.0000000000E+00    0.0000000000E+00    0.0000000000E+00    0.0000000000E+00    0.0000000000E+00    0.1336711813E-14    0.1336711813E-14    0.9999957910E+00    0.9999957910E+00
    3    0.9300000000E+01    0.2322278706E+00    0.1161139353E+00    0.3149745375E+00    0.0000000000E+00    0.0000000000E+00    0.0000000000E+00    0.0000000000E+00    0.0000000000E+00    0.0000000000E+00    0.6434195460E-13    0.6434195460E-13    0.9999937944E+00    0.9999937944E+00
    4    0.9300000000E+01   -0.5805696766E+00    0.1161139353E+00    0.2573416420E+00    0.0000000000E+00    0.0000000000E+00    0.0000000000E+00    0.0000000000E+00    0.0000000000E+00    0.0000000000E+00    0.1430898983E-13    0.1430898983E-13    0.9999968806E+00    0.9999968806E+00
    1    0.9558333333E+01   -0.5805696766E+00   -0.6966836119E+00    0.4084447793E+00    0.0000000000E+00    0.0000000000E+00    0.0000000000E+00    0.0000000000E+00    0.0000000000E+00    0.0000000000E+00    0.1574863156E-14    0.1574863156E-14    0.9999907916E+00    0.9999907916E+00
    2    0.9558333333E+01    0.2322278706E+00   -0.6966836119E+00    0.4208748806E+00    0.0000000000E+00    0.0000000000E+00    0.0000000000E+00    0.0000000000E+00    0.0000000000E+00    0.0000000000E+00    0.2958044363E-14    0.2958044363E-14    0.9999949471E+00    0.9999949471E+00
    3    0.9558333333E+01   -0.5805696766E+00    0.1161139353E+00    0.2064533949E+00    0.0000000000E+00    0.0000000000E+00    0.0000000000E+00    0.0000000000E+00    0.0000000000E+00    0.0000000000E+00    0.9770905518E-15    0.9770905519E-15    0.9999968165E+00    0.9999968165E+00
    4    0.9558333333E+01    0.2322278706E+00    0.1161139353E+00    0.2145835060E+00    0.0000000000E+00    0.0000000000E+00    0.0000000000E+00    0.0000000000E+00    0.0000000000E+00    0.0000000000E+00    0.4350208446E-14    0.4350208446E-14    0.9999938907E+00    0.9999938907E+00
    1    0.9816666667E+01    0.2322278706E+00   -0.6966836119E+00    0.3262193314E+00    0.0000000000E+00    0.0000000000E+00    0.0000000000E+00    0.0000000000E+00    0.0000000000E+00    0.0000000000E+00    0.6256317653E-13    0.6256317654E-13    0.9999924956E+00    0.9999924956E+00
    2    0.9816666667E+01    0.2322278706E+00    0.1161139353E+00    0.1201964414E+00    0.0000000000E+00    0.0000000000E+00    0.0000000000E+00    0.0000000000E+00    0.0000000000E+00    0.0000000000E+00    0.8051670680E-13    0.8051670680E-13    0.9999939552E+00    0.9999939552E+00
    3    0.9816666667E+01   -0.5805696766E+00    0.1161139353E+00    0.1558234077E+00    0.0000000000E+00    0.0000000000E+00    0.0000000000E+00    0.0000000000E+00    0.0000000000E+00    0.0000000000E+00    0.3840929446E-14    0.3840929446E-14    0.9999967386E+00    0.9999967386E+00
    1    0.1007500000E+02    0.2322278706E+00   -0.6966836119E+00    0.1246394233E+00    0.0000000000E+00    0.0000000000E+00    0.0000000000E+00    0.0000000000E+00    0.0000000000E+00    0.0000000000E+00    0.2759447764E-10    0.2759447764E-10    0.9999699762E+00    0.9999699762E+00
    2    0.1007500000E+02   -0.5805696766E+00    0.1161139353E+00    0.1051033883E+00    0.0000000000E+00    0.0000000000E+00    0.0000000000E+00    0.0000000000E+00    0.0000000000E+00    0.0000000000E+00    0.3546699394E-14    0.3546699394E-14    0.9999966296E+00    0.9999966296E+00
    1    0.1033333333E+02   -0.5805696766E+00    0.1161139353E+00    0.5356138513E-01    0.0000000000E+00    0.0000000000E+00    0.0000000000E+00    0.0000000000E+00    0.0000000000E+00    0.0000000000E+00    0.2890856504E-13    0.2890856504E-13    0.9999964368E+00    0.9999964368E+00
    1    0.1085000000E+02    0.2322278706E+00    0.1161139353E+00   -0.1163573868E+00    0.0000000000E+00    0.0000000000E+00    0.0000000000E+00    0.0000000000E+00    0.0000000000E+00    0.0000000000E+00    0.1300077089E-12    0.1300077089E-12    0.9999944942E+00    0.9999944942E+00
    2    0.1085000000E+02   -0.5805696766E+00    0.1161139353E+00   -0.4921577150E-01    0.0000000000E+00    0.0000000000E+00    0.0000000000E+00    0.0000000000E+00    0.0000000000E+00    0.0000000000E+00    0.5928476201E-13    0.5928476201E-13    0.9999960065E+00    0.9999960065E+00
    1    0.1110833333E+02    0.2322278706E+00   -0.6966836119E+00   -0.4500161425E+00    0.0000000000E+00    0.0000000000E+00    0.0000000000E+00    0.0000000000E+00    0.0000000000E+00    0.0000000000E+00    0.2115919162E-13    0.2115919162E-13    0.9999927854E+00    0.9999927854E+00
    2    0.1110833333E+02   -0.5805696766E+00   -0.6966836119E+00   -0.3089868968E+00   -0.5805696766E+00    0.9289114825E+00   -0.3089868968E+00    0.2028278044E+01   -0.4793029081E+01    0.2846387244E+01    0.4027812063E-12    0.4027812063E-12    0.9999877365E+00    0.9999877365E+00
    3    0.1110833333E+02    0.2322278706E+00    0.1161139353E+00   -0.1898135581E+00    0.0000000000E+00    0.0000000000E+00    0.0000000000E+00    0.0000000000E+00    0.0000000000E+00    0.0000000000E+00    0.9313799524E-19    0.9313800420E-19    0.9999947951E+00    0.9999947951E+00
    4    0.1110833333E+02   -0.5805696766E+00    0.1161139353E+00   -0.1057896026E+00    0.0000000000E+00    0.0000000000E+00    0.0000000000E+00    0.0000000000E+00    0.0000000000E+00    0.0000000000E+00    0.2248866408E-14    0.2248866408E-14    0.9999957974E+00    0.9999957974E+00
    1    0.1136666667E+02    0.2322278706E+00   -0.6966836119E+00   -0.5326390525E+00    0.0000000000E+00    0.0000000000E+00    0.0000000000E+00    0.0000000000E+00    0.0000000000E+00    0.0000000000E+00    0.3905366256E-14    0.3905789360E-14    0.9999946189E+00    0.9999946189E+00
    2    0.1136666667E+02   -0.5805696766E+00   -0.6966836119E+00   -0.4269099484E+00    0.0000000000E+00    0.0000000000E+00    0.0000000000E+00    0.0000000000E+00    0.0000000000E+00    0.0000000000E+00    0.1042178816E-13    0.1042179083E-13    0.9999932137E+00    0.9999932137E+00
    3    0.1136666667E+02    0.2322278706E+00    0.1161139353E+00   -0.2605987967E+00    0.0000000000E+00    0.0000000000E+00    0.0000000000E+00    0.0000000000E+00    0.0000000000E+00    0.0000000000E+00    0.9833795659E-14    0.9833824398E-14    0.9999947424E+00    0.9999947424E+00
    4    0.1136666667E+02   -0.5805696766E+00    0.1161139353E+00   -0.1649954133E+00    0.0000000000E+00    0.0000000000E+00    0.0000000000E+00    0.0000000000E+00    0.0000000000E+00    0.0000000000E+00    0.2339677216E-14    0.2339943171E-14    0.9999954527E+00    0.9999954527E+00
    1    0.1162500000E+02    0.2322278706E+00   -0.6966836119E+00    0.5501876495E+00    0.0000000000E+00    0.0000000000E+00    0.0000000000E+00    0.0000000000E+00    0.0000000000E+00    0.0000000000E+00    0.1052761282E-14    0.1052761282E-14    0.9999952145E+00    0.9999952145E+00
    2    0.1162500000E+02   -0.5805696766E+00   -0.6966836119E+00   -0.5072263040E+00    0.0000000000E+00    0.0000000000E+00    0.0000000000E+00    0.0000000000E+00    0.0000000000E+00    0.0000000000E+00    0.2929124839E-14    0.2929124839E-14    0.9999944445E+00    0.9999944445E+00
    3    0.1162500000E+02    0.2322278706E+00    0.1161139353E+00   -0.3308572218E+00    0.0000000000E+00    0.0000000000E+00    0.0000000000E+00    0.0000000000E+00    0.0000000000E+00    0.0000000000E+00    0.1023453170E-13    0.1023453170E-13    0.9999946597E+00    0.9999946597E+00
    4    0.1162500000E+02   -0.5805696766E+00    0.1161139353E+00   -0.2279058332E+00    0.0000000000E+00    0.0000000000E+00    0.0000000000E+00    0.0000000000E+00    0.0000000000E+00    0.0000000000E+00    0.5748189266E-14    0.5748189266E-14    0.9999950446E+00    0.9999950446E+00
    1    0.1188333333E+02    0.2322278706E+00   -0.6966836119E+00    0.4896339170E+00    0.0000000000E+00    0.0000000000E+00    0.0000000000E+00    0.0000000000E+00    0.0000000000E+00    0.0000000000E+00    0.3034308422E-15    0.3034308422E-15    0.9999953968E+00    0.9999953968E+00
    2    0.1188333333E+02   -0.5805696766E+00   -0.6966836119E+00    0.5734435966E+00    0.0000000000E+00    0.0000000000E+00    0.0000000000E+00    0.0000000000E+00    0.0000000000E+00    0.0000000000E+00    0.9468974490E-13    0.9468974490E-13    0.9999948136E+00    0.9999948136E+00
    3    0.1188333333E+02    0.2322278706E+00    0.1161139353E+00   -0.4003173174E+00    0.0000000000E+00    0.0000000000E+00    0.0000000000E+00    0.0000000000E+00    0.0000000000E+00    0.0000000000E+00    0.1177984834E-14    0.1177984834E-14    0.9999946328E+00    0.9999946328E+00
    4    0.1188333333E+02   -0.5805696766E+00    0.1161139353E+00   -0.2948359790E+00    0.0000000000E+00    0.0000000000E+00    0.0000000000E+00    0.0000000000E+00    0.0000000000E+00    0.0000000000E+00    0.1795902438E-13    0.1795902438E-13    0.9999946332E+00    0.9999946332E+00
    1    0.1214166667E+02   -0.5805696766E+00    0.1161139353E+00   -0.3650379878E+00    0.0000000000E+00    0.0000000000E+00    0.0000000000E+00    0.0000000000E+00    0.0000000000E+00    0.0000000000E+00    0.1158208594E-14    0.1158222936E-14    0.9999943211E+00    0.9999943211E+00
    2    0.1214166667E+02    0.2322278706E+00    0.1161139353E+00   -0.4683038674E+00    0.0000000000E+00    0.0000000000E+00    0.0000000000E+00    0.0000000000E+00    0.0000000000E+00    0.0000000000E+00    0.8257076354E-14    0.8257076366E-14    0.9999946489E+00    0.9999946489E+00
    3    0.1214166667E+02    0.2322278706E+00   -0.6966836119E+00    0.4311874119E+00    0.0000000000E+00    0.0000000000E+00    0.0000000000E+00    0.0000000000E+00    0.0000000000E+00    0.0000000000E+00    0.3966836485E-16    0.3966836722E-16    0.9999953546E+00    0.9999953546E+00
    4    0.1214166667E+02   -0.5805696766E+00   -0.6966836119E+00    0.5090198026E+00    0.0000000000E+00    0.0000000000E+00    0.0000000000E+00    0.0000000000E+00    0.0000000000E+00    0.0000000000E+00    0.2711353469E-16    0.2711376548E-16    0.9999949380E+00    0.9999949380E+00
    1    0.1240000000E+02   -0.5805696766E+00    0.1161139353E+00   -0.4365579749E+00    0.0000000000E+00    0.0000000000E+00    0.0000000000E+00    0.0000000000E+00    0.0000000000E+00    0.0000000000E+00    0.3704424465E-14    0.3704424466E-14    0.9999941891E+00    0.9999941891E+00
    2    0.1240000000E+02    0.2322278706E+00    0.1161139353E+00   -0.5347158287E+00    0.0000000000E+00    0.0000000000E+00    0.0000000000E+00    0.0000000000E+00    0.0000000000E+00    0.0000000000E+00    0.1724736528E-14    0.1724736528E-14    0.9999946431E+00    0.9999946431E+00
    3    0.1240000000E+02    0.2322278706E+00   -0.6966836119E+00    0.3722819406E+00    0.0000000000E+00    0.0000000000E+00    0.0000000000E+00    0.0000000000E+00    0.0000000000E+00    0.0000000000E+00    0.2236988498E-17    0.2236988612E-17    0.9999951237E+00    0.9999951237E+00
    4    0.1240000000E+02   -0.5805696766E+00   -0.6966836119E+00    0.4454331737E+00    0.0000000000E+00    0.0000000000E+00    0.0000000000E+00    0.0000000000E+00    0.0000000000E+00    0.0000000000E+00    0.7930215449E-16    0.7930215456E-16    0.9999947824E+00    0.9999947824E+00
    1    0.1265833333E+02   -0.5805696766E+00    0.1161139353E+00   -0.5072506235E+00    0.0000000000E+00    0.0000000000E+00    0.0000000000E+00    0.0000000000E+00    0.0000000000E+00    0.0000000000E+00    0.1275047493E-15    0.1275047493E-15    0.9999941981E+00    0.9999941981E+00
    2    0.1265833333E+02    0.2322278706E+00    0.1161139353E+00    0.5492848569E+00    0.0000000000E+00    0.0000000000E+00    0.0000000000E+00    0.0000000000E+00    0.0000000000E+00    0.0000000000E+00    0.1151448975E-13    0.1151448975E-13    0.9999945474E+00    0.9999945474E+00
    3    0.1265833333E+02    0.2322278706E+00   -0.6966836119E+00    0.3104774061E+00    0.2322278706E+00   -0.6966836119E+00    0.3104774061E+00   -0.9852346451E+00    0.4420733877E+01   -0.2110986617E+01    0.3760862296E-15    0.3760862296E-15    0.9999946638E+00    0.9999946638E+00
    4    0.1265833333E+02   -0.5805696766E+00   -0.6966836119E+00    0.3798542105E+00    0.0000000000E+00    0.0000000000E+00    0.0000000000E+00    0.0000000000E+00    0.0000000000E+00    0.0000000000E+00    0.1738046575E-17    0.1738046577E-17    0.9999943838E+00    0.9999943838E+00
    1    0.1291666667E+02   -0.5805696766E+00    0.1161139353E+00    0.5746882870E+00    0.0000000000E+00    0.0000000000E+00    0.0000000000E+00    0.0000000000E+00    0.0000000000E+00    0.0000000000E+00    0.5947531783E-08    0.5947531783E-08    0.9996958153E+00    0.9996958153E+00
    2    0.1291666667E+02    0.2322278706E+00    0.1161139353E+00    0.4831206136E+00    0.0000000000E+00    0.0000000000E+00    0.0000000000E+00    0.0000000000E+00    0.0000000000E+00    0.0000000000E+00    0.4729820689E-15    0.4729820689E-15    0.9999943093E+00    0.9999943093E+00
    3    0.1291666667E+02   -0.5805696766E+00   -0.6966836119E+00    0.3087823834E+00    0.0000000000E+00    0.0000000000E+00    0.0000000000E+00    0.0000000000E+00    0.0000000000E+00    0.0000000000E+00    0.1990297757E-14    0.1990297757E-14    0.9999935911E+00    0.9999935911E+00
    4    0.1291666667E+02    0.2322278706E+00   -0.6966836119E+00    0.2423772892E+00    0.0000000000E+00    0.0000000000E+00    0.0000000000E+00    0.0000000000E+00    0.0000000000E+00    0.0000000000E+00    0.2452886726E-14    0.2452886728E-14    0.9999938096E+00    0.9999938096E+00
    1    0.1317500000E+02   -0.5805696766E+00    0.1161139353E+00    0.5055042733E+00    0.0000000000E+00    0.0000000000E+00    0.0000000000E+00    0.0000000000E+00    0.0000000000E+00    0.0000000000E+00    0.2054569715E-14    0.2054569715E-14    0.9999941338E+00    0.9999941338E+00
    2    0.1317500000E+02    0.2322278706E+00    0.1161139353E+00    0.4140527244E+00    0.0000000000E+00    0.0000000000E+00    0.0000000000E+00    0.0000000000E+00    0.0000000000E+00    0.0000000000E+00    0.8779030777E-16    0.8779030846E-16    0.9999938049E+00    0.9999938049E+00
    3    0.1317500000E+02    0.2322278706E+00   -0.6966836119E+00    0.1606090644E+00    0.0000000000E+00    0.0000000000E+00    0.0000000000E+00    0.0000000000E+00    0.0000000000E+00    0.0000000000E+00    0.1327790812E-13    0.1327790812E-13    0.9999918388E+00    0.9999918388E+00
    4    0.1317500000E+02   -0.5805696766E+00   -0.6966836119E+00    0.2246514031E+00    0.0000000000E+00    0.0000000000E+00    0.0000000000E+00    0.0000000000E+00    0.0000000000E+00    0.0000000000E+00    0.6898787690E-14    0.6898787690E-14    0.9999916165E+00    0.9999916165E+00
    1    0.1343333333E+02    0.2322278706E+00   -0.6966836119E+00   -0.3682723196E+00    0.0000000000E+00    0.0000000000E+00    0.0000000000E+00    0.0000000000E+00    0.0000000000E+00    0.0000000000E+00    0.3450143529E-10    0.3450143530E-10    0.9999589279E+00    0.9999589279E+00
    2    0.1343333333E+02   -0.5805696766E+00    0.1161139353E+00    0.4368023720E+00    0.0000000000E+00    0.0000000000E+00    0.0000000000E+00    0.0000000000E+00    0.0000000000E+00    0.0000000000E+00    0.2129105845E-11    0.2129105845E-11    0.9999932936E+00    0.9999932936E+00
    3    0.1343333333E+02    0.2322278706E+00    0.1161139353E+00    0.3379406435E+00    0.0000000000E+00    0.0000000000E+00    0.0000000000E+00    0.0000000000E+00    0.0000000000E+00    0.0000000000E+00    0.4908658125E-12    0.4908658126E-12    0.9999926859E+00    0.9999926859E+00
    4    0.1343333333E+02    0.2322278706E+00   -0.6966836119E+00    0.9460255598E-01    0.0000000000E+00    0.0000000000E+00    0.0000000000E+00    0.0000000000E+00    0.0000000000E+00    0.0000000000E+00    0.4101982556E-10    0.4101982585E-10    0.9999591199E+00    0.9999591199E+00
    5    0.1343333333E+02   -0.5805696766E+00    0.1161139353E+00   -0.1180643435E+00    0.0000000000E+00    0.0000000000E+00    0.0000000000E+00    0.0000000000E+00    0.0000000000E+00    0.0000000000E+00    0.7954753293E-10    0.7954753293E-10    0.9999569881E+00    0.9999569881E+00
    6    0.1343333333E+02    0.2322278706E+00    0.1161139353E+00   -0.1164901311E+00    0.0000000000E+00    0.0000000000E+00    0.0000000000E+00    0.0000000000E+00    0.0000000000E+00    0.0000000000E+00    0.6199124385E-10    0.6199124385E-10    0.9999626246E+00    0.9999626246E+00
    1    0.1369166667E+02    0.2322278706E+00    0.1161139353E+00    0.2434913723E+00    0.0000000000E+00    0.0000000000E+00    0.0000000000E+00    0.0000000000E+00    0.0000000000E+00    0.0000000000E+00    0.1164989892E-12    0.1164989892E-12    0.9999896550E+00    0.9999896550E+00
    2    0.1369166667E+02   -0.5805696766E+00    0.1161139353E+00    0.3637570235E+00    0.0000000000E+00    0.0000000000E+00    0.0000000000E+00    0.0000000000E+00    0.0000000000E+00    0.0000000000E+00    0.5477077645E-12    0.5477077645E-12    0.9999929475E+00    0.9999929475E+00
    3    0.1369166667E+02    0.2322278706E+00   -0.6966836119E+00    0.4697086277E+00    0.0000000000E+00    0.0000000000E+00    0.0000000000E+00    0.0000000000E+00    0.0000000000E+00    0.0000000000E+00    0.2618700393E-10    0.2618700393E-10    0.9999695425E+00    0.9999695425E+00
    4    0.1369166667E+02   -0.5805696766E+00   -0.6966836119E+00   -0.5055422147E+00    0.0000000000E+00    0.0000000000E+00    0.0000000000E+00    0.0000000000E+00    0.0000000000E+00    0.0000000000E+00    0.1543220586E-10    0.1543220586E-10    0.9999740642E+00    0.9999740642E+00
    5    0.1369166667E+02   -0.5805696766E+00   -0.6966836119E+00    0.5518346365E-01    0.0000000000E+00    0.0000000000E+00    0.0000000000E+00    0.0000000000E+00    0.0000000000E+00    0.0000000000E+00    0.1339023572E-08    0.1339023572E-08    0.9999144166E+00    0.9999144166E+00
    6    0.1369166667E+02    0.2322278706E+00    0.1161139353E+00   -0.3787188093E+00    0.0000000000E+00    0.0000000000E+00    0.0000000000E+00    0.0000000000E+00    0.0000000000E+00    0.0000000000E+00    0.1186906448E-12    0.1186906449E-12    0.9999802158E+00    0.9999802158E+00
    7    0.1369166667E+02   -0.5805696766E+00    0.1161139353E+00   -0.3818249033E+00    0.0000000000E+00    0.0000000000E+00    0.0000000000E+00    0.0000000000E+00    0.0000000000E+00    0.0000000000E+00    0.1430372046E-11    0.1430372046E-11    0.9999821257E+00    0.9999821257E+00
    8    0.1369166667E+02    0.2322278706E+00   -0.6966836119E+00   -0.2900725724E+00    0.0000000000E+00    0.0000000000E+00    0.0000000000E+00    0.0000000000E+00    0.0000000000E+00    0.0000000000E+00    0.2816543929E-10    0.2816543929E-10    0.9999773197E+00    0.9999773197E+00
    9    0.1369166667E+02   -0.5805696766E+00   -0.6966836119E+00   -0.9154680998E-01    0.0000000000E+00    0.0000000000E+00    0.0000000000E+00    0.0000000000E+00    0.0000000000E+00    0.0000000000E+00    0.2243055158E-09    0.2243055158E-09    0.9999580692E+00    0.9999580692E+00
   10    0.1369166667E+02   -0.5805696766E+00    0.1161139353E+00   -0.2320524600E+00    0.0000000000E+00    0.0000000000E+00    0.0000000000E+00    0.0000000000E+00    0.0000000000E+00    0.0000000000E+00    0.2911530979E-11    0.2911530979E-11    0.9999728736E+00    0.9999728736E+00
   11    0.1369166667E+02    0.2322278706E+00   -0.6966836119E+00   -0.1573314539E+00    0.0000000000E+00    0.0000000000E+00    0.0000000000E+00    0.0000000000E+00    0.0000000000E+00    0.0000000000E+00    0.9499758654E-12    0.9499758655E-12    0.9999813850E+00    0.9999813850E+00
   12    0.1369166667E+02   -0.5805696766E+00   -0.6966836119E+00   -0.1816422012E+00    0.0000000000E+00    0.0000000000E+00    0.0000000000E+00    0.0000000000E+00    0.0000000000E+00    0.0000000000E+00    0.1177469725E-09    0.1177469725E-09    0.9999668273E+00    0.9999668273E+00
    1    0.1395000000E+02   -0.5805696766E+00    0.1161139353E+00    0.2780229018E+00    0.0000000000E+00    0.0000000000E+00    0.0000000000E+00    0.0000000000E+00    0.0000000000E+00    0.0000000000E+00    0.7297353105E-12    0.7297353105E-12    0.9999907928E+00    0.9999907928E+00
    2    0.1395000000E+02    0.2322278706E+00    0.1161139353E+00    0.5561480047E+00    0.0000000000E+00    0.0000000000E+00    0.0000000000E+00    0.0000000000E+00    0.0000000000E+00    0.0000000000E+00    0.7515530827E-11    0.7515530827E-11    0.9999784912E+00    0.9999784912E+00
    3    0.1395000000E+02   -0.5805696766E+00    0.1161139353E+00   -0.5654568807E+00    0.0000000000E+00    0.0000000000E+00    0.0000000000E+00    0.0000000000E+00    0.0000000000E+00    0.0000000000E+00    0.6883909278E-11    0.6883909278E-11    0.9999827413E+00    0.9999827413E+00
    4    0.1395000000E+02    0.2322278706E+00   -0.6966836119E+00   -0.4759634510E+00    0.0000000000E+00    0.0000000000E+00    0.0000000000E+00    0.0000000000E+00    0.0000000000E+00    0.0000000000E+00    0.2473308964E-10    0.2473308964E-10    0.9999661563E+00    0.9999661563E+00
    5    0.1395000000E+02   -0.5805696766E+00    0.1161139353E+00   -0.4597010523E+00    0.0000000000E+00    0.0000000000E+00    0.0000000000E+00    0.0000000000E+00    0.0000000000E+00    0.0000000000E+00    0.4375185823E-12    0.4375185823E-12    0.9999809506E+00    0.9999809506E+00
    6    0.1395000000E+02   -0.5805696766E+00   -0.6966836119E+00   -0.3461602678E+00    0.0000000000E+00    0.0000000000E+00    0.0000000000E+00    0.0000000000E+00    0.0000000000E+00    0.0000000000E+00    0.6436396297E-13    0.6436396297E-13    0.9999776291E+00    0.9999776291E+00
    7    0.1395000000E+02    0.2322278706E+00    0.1161139353E+00   -0.3777127389E+00    0.0000000000E+00    0.0000000000E+00    0.0000000000E+00    0.0000000000E+00    0.0000000000E+00    0.0000000000E+00    0.4367682832E-12    0.4367682832E-12    0.9999783679E+00    0.9999783679E+00
    8    0.1395000000E+02    0.2322278706E+00   -0.6966836119E+00   -0.3925104657E+00    0.2322278706E+00   -0.6966836119E+00   -0.3925104657E+00   -0.1537261480E+01    0.5227291975E+00   -0.8208582671E+00    0.1963432422E-10    0.1963432422E-10    0.9999679952E+00    0.9999679952E+00
    1    0.1420833333E+02    0.2322278706E+00    0.1161139353E+00    0.3252043470E+00    0.0000000000E+00    0.0000000000E+00    0.0000000000E+00    0.0000000000E+00    0.0000000000E+00    0.0000000000E+00    0.1428522692E-11    0.1428522692E-11    0.9999706168E+00    0.9999706168E+00
    2    0.1420833333E+02   -0.5805696766E+00    0.1161139353E+00    0.3592815675E+00   -0.5805696766E+00    0.1161139353E+00    0.3592815675E+00    0.3504183184E+00   -0.4421171527E+00   -0.3166927935E+00    0.7146562197E-11    0.7146562197E-11    0.9998887523E+00    0.9998887523E+00
    3    0.1420833333E+02   -0.5805696766E+00    0.1161139353E+00    0.3992543487E+00    0.0000000000E+00    0.0000000000E+00    0.0000000000E+00    0.0000000000E+00    0.0000000000E+00    0.0000000000E+00    0.3019238170E-13    0.3019238170E-13    0.9999808999E+00    0.9999808999E+00
    1    0.1446666667E+02   -0.5805696766E+00    0.1161139353E+00    0.1814378607E+00    0.0000000000E+00    0.0000000000E+00    0.0000000000E+00    0.0000000000E+00    0.0000000000E+00    0.0000000000E+00    0.1410835354E-12    0.1410835354E-12    0.9999768884E+00    0.9999768884E+00
