    1    0.2066666667E+01    0.4644557413E+00   -0.5805696766E+00   -0.6552686440E-01    0.0000000000E+00    0.0000000000E+00    0.0000000000E+00    0.0000000000E+00    0.0000000000E+00    0.0000000000E+00    0.9788957983E-12    0.9788957983E-12    0.9999971185E+00    0.9999971185E+00
    1    0.2325000000E+01    0.4644557413E+00   -0.5805696766E+00   -0.1850110231E+00    0.0000000000E+00    0.0000000000E+00    0.0000000000E+00    0.0000000000E+00    0.0000000000E+00    0.0000000000E+00    0.9801876151E-16    0.9801876151E-16    0.9999984467E+00    0.9999984467E+00
    1    0.2583333333E+01    0.4644557413E+00   -0.5805696766E+00    0.1312833257E+00    0.0000000000E+00    0.0000000000E+00    0.0000000000E+00    0.0000000000E+00    0.0000000000E+00    0.0000000000E+00    0.2209187330E-12    0.2209187330E-12    0.9999981158E+00    0.9999981158E+00
    2    0.2583333333E+01    0.4644557413E+00   -0.5805696766E+00   -0.3426335864E+00    0.0000000000E+00    0.0000000000E+00    0.0000000000E+00    0.0000000000E+00    0.0000000000E+00    0.0000000000E+00    0.1942920873E-12    0.1942920873E-12    0.9999982345E+00    0.9999982345E+00
    3    0.2583333333E+01    0.4644557413E+00   -0.5805696766E+00   -0.2406372932E+00    0.0000000000E+00    0.0000000000E+00    0.0000000000E+00    0.0000000000E+00    0.0000000000E+00    0.0000000000E+00    0.2173618495E-13    0.2173618495E-13    0.9999989255E+00    0.9999989255E+00
    1    0.2841666667E+01    0.4644557413E+00   -0.5805696766E+00   -0.4190064884E+00    0.0000000000E+00    0.0000000000E+00    0.0000000000E+00    0.0000000000E+00    0.0000000000E+00    0.0000000000E+00    0.4188054279E-15    0.4188054279E-15    0.9999987940E+00    0.9999987940E+00
    2    0.2841666667E+01    0.4644557413E+00   -0.5805696766E+00   -0.3010174253E+00    0.0000000000E+00    0.0000000000E+00    0.0000000000E+00    0.0000000000E+00    0.0000000000E+00    0.0000000000E+00    0.4454553617E-14    0.4454553618E-14    0.9999989030E+00    0.9999989030E+00
    3    0.2841666667E+01    0.4644557413E+00    0.2322278706E+00   -0.3005790327E+00    0.0000000000E+00    0.0000000000E+00    0.0000000000E+00    0.0000000000E+00    0.0000000000E+00    0.0000000000E+00    0.1544890630E-14    0.1544890630E-14    0.9999966605E+00    0.9999966605E+00
    1    0.3100000000E+01    0.4644557413E+00    0.2322278706E+00    0.2327841257E+00    0.0000000000E+00    0.0000000000E+00    0.0000000000E+00    0.0000000000E+00    0.0000000000E+00    0.0000000000E+00    0.6222274482E-12    0.6222274521E-12    0.9999972371E+00    0.9999972371E+00
    2    0.3100000000E+01    0.4644557413E+00   -0.5805696766E+00   -0.4843970255E+00    0.0000000000E+00    0.0000000000E+00    0.0000000000E+00    0.0000000000E+00    0.0000000000E+00    0.0000000000E+00    0.2386391030E-14    0.2386391031E-14    0.9999987306E+00    0.9999987306E+00
    3    0.3100000000E+01    0.4644557413E+00    0.2322278706E+00   -0.4623697829E+00    0.0000000000E+00    0.0000000000E+00    0.0000000000E+00    0.0000000000E+00    0.0000000000E+00    0.0000000000E+00    0.4362541307E-12    0.4362541316E-12    0.9999970898E+00    0.9999970898E+00
    4    0.3100000000E+01    0.4644557413E+00    0.2322278706E+00   -0.3425994475E+00    0.0000000000E+00    0.0000000000E+00    0.0000000000E+00    0.0000000000E+00    0.0000000000E+00    0.0000000000E+00    0.1970731792E-12    0.1970731799E-12    0.9999981395E+00    0.9999981395E+00
    5    0.3100000000E+01    0.4644557413E+00   -0.5805696766E+00   -0.3517144976E+00    0.0000000000E+00    0.0000000000E+00    0.0000000000E+00    0.0000000000E+00    0.0000000000E+00    0.0000000000E+00    0.9064859164E-15    0.9064859169E-15    0.9999989656E+00    0.9999989656E+00
    1    0.3358333333E+01    0.4644557413E+00    0.2322278706E+00    0.1439357072E+00    0.0000000000E+00    0.0000000000E+00    0.0000000000E+00    0.0000000000E+00    0.0000000000E+00    0.0000000000E+00    0.1272992291E-13    0.1272992291E-13    0.9999984195E+00    0.9999984195E+00
    2    0.3358333333E+01    0.4644557413E+00    0.2322278706E+00   -0.5662750301E+00    0.0000000000E+00    0.0000000000E+00    0.0000000000E+00    0.0000000000E+00    0.0000000000E+00    0.0000000000E+00    0.3041776328E-12    0.3041776328E-12    0.9999974476E+00    0.9999974476E+00
    3    0.3358333333E+01    0.4644557413E+00   -0.5805696766E+00   -0.5494032578E+00    0.0000000000E+00    0.0000000000E+00    0.0000000000E+00    0.0000000000E+00    0.0000000000E+00    0.0000000000E+00    0.2362217519E-13    0.2362217519E-13    0.9999985421E+00    0.9999985421E+00
    4    0.3358333333E+01    0.4644557413E+00   -0.5805696766E+00   -0.3978843737E+00    0.0000000000E+00    0.0000000000E+00    0.0000000000E+00    0.0000000000E+00    0.0000000000E+00    0.0000000000E+00    0.2717868699E-14    0.2717868699E-14    0.9999989639E+00    0.9999989639E+00
    5    0.3358333333E+01    0.4644557413E+00    0.2322278706E+00   -0.4185350430E+00    0.4644557413E+00    0.2322278706E+00   -0.4185350430E+00    0.2255906954E+01    0.3584029990E+01   -0.9249446553E+00    0.1046120533E-14    0.1046120533E-14    0.9999987961E+00    0.9999987961E+00
    1    0.3616666667E+01    0.4644557413E+00    0.2322278706E+00    0.6942210525E-01    0.0000000000E+00    0.0000000000E+00    0.0000000000E+00    0.0000000000E+00    0.0000000000E+00    0.0000000000E+00    0.3524668235E-12    0.3524668235E-12    0.9999979637E+00    0.9999979637E+00
    2    0.3616666667E+01    0.4644557413E+00   -0.5805696766E+00   -0.4414046313E+00    0.0000000000E+00    0.0000000000E+00    0.0000000000E+00    0.0000000000E+00    0.0000000000E+00    0.0000000000E+00    0.6479470944E-15    0.6479470945E-15    0.9999989040E+00    0.9999989040E+00
    3    0.3616666667E+01    0.4644557413E+00    0.2322278706E+00   -0.4723087419E+00    0.0000000000E+00    0.0000000000E+00    0.0000000000E+00    0.0000000000E+00    0.0000000000E+00    0.0000000000E+00    0.1024731993E-13    0.1024731993E-13    0.9999986294E+00    0.9999986294E+00
    4    0.3616666667E+01    0.4644557413E+00   -0.5805696766E+00    0.5327467387E+00    0.0000000000E+00    0.0000000000E+00    0.0000000000E+00    0.0000000000E+00    0.0000000000E+00    0.0000000000E+00    0.9807602014E-14    0.9807602014E-14    0.9999983389E+00    0.9999983389E+00
    5    0.3616666667E+01    0.4644557413E+00    0.2322278706E+00    0.4950056744E+00    0.0000000000E+00    0.0000000000E+00    0.0000000000E+00    0.0000000000E+00    0.0000000000E+00    0.0000000000E+00    0.1561374629E-13    0.1561374629E-13    0.9999980159E+00    0.9999980159E+00
    1    0.3875000000E+01   -0.3483418059E+00   -0.5805696766E+00   -0.3160683344E+00    0.0000000000E+00    0.0000000000E+00    0.0000000000E+00    0.0000000000E+00    0.0000000000E+00    0.0000000000E+00    0.7410101247E-11    0.7410101247E-11    0.9999927686E+00    0.9999927686E+00
    2    0.3875000000E+01    0.4644557413E+00   -0.5805696766E+00   -0.4834825876E+00    0.0000000000E+00    0.0000000000E+00    0.0000000000E+00    0.0000000000E+00    0.0000000000E+00    0.0000000000E+00    0.2201415720E-14    0.2201415720E-14    0.9999988768E+00    0.9999988768E+00
    3    0.3875000000E+01    0.4644557413E+00    0.2322278706E+00   -0.5192273025E+00    0.0000000000E+00    0.0000000000E+00    0.0000000000E+00    0.0000000000E+00    0.0000000000E+00    0.0000000000E+00    0.9902221924E-15    0.9902221924E-15    0.9999988666E+00    0.9999988666E+00
    4    0.3875000000E+01   -0.3483418059E+00   -0.5805696766E+00    0.2200663645E+00    0.0000000000E+00    0.0000000000E+00    0.0000000000E+00    0.0000000000E+00    0.0000000000E+00    0.0000000000E+00    0.7404390308E-11    0.7404390308E-11    0.9999932714E+00    0.9999932714E+00
    5    0.3875000000E+01    0.4644557413E+00   -0.5805696766E+00    0.4550926940E+00    0.0000000000E+00    0.0000000000E+00    0.0000000000E+00    0.0000000000E+00    0.0000000000E+00    0.0000000000E+00    0.1589873804E-14    0.1589873804E-14    0.9999978920E+00    0.9999978920E+00
    6    0.3875000000E+01    0.4644557413E+00    0.2322278706E+00    0.4061482844E+00    0.0000000000E+00    0.0000000000E+00    0.0000000000E+00    0.0000000000E+00    0.0000000000E+00    0.0000000000E+00    0.9561568496E-15    0.9561568497E-15    0.9999976485E+00    0.9999976485E+00
    1    0.4133333333E+01   -0.3483418059E+00   -0.5805696766E+00   -0.4771961898E+00    0.0000000000E+00    0.0000000000E+00    0.0000000000E+00    0.0000000000E+00    0.0000000000E+00    0.0000000000E+00    0.4925303170E-12    0.4925303262E-12    0.9999941044E+00    0.9999941044E+00
    2    0.4133333333E+01   -0.3483418059E+00   -0.5805696766E+00    0.9893770810E-01    0.0000000000E+00    0.0000000000E+00    0.0000000000E+00    0.0000000000E+00    0.0000000000E+00    0.0000000000E+00    0.5258492622E-13    0.5258492626E-13    0.9999977160E+00    0.9999977160E+00
    3    0.4133333333E+01    0.4644557413E+00   -0.5805696766E+00   -0.5252563885E+00    0.0000000000E+00    0.0000000000E+00    0.0000000000E+00    0.0000000000E+00    0.0000000000E+00    0.0000000000E+00    0.1041313297E-14    0.1041313315E-14    0.9999987650E+00    0.9999987650E+00
    4    0.4133333333E+01    0.4644557413E+00    0.2322278706E+00   -0.5632824157E+00    0.0000000000E+00    0.0000000000E+00    0.0000000000E+00    0.0000000000E+00    0.0000000000E+00    0.0000000000E+00    0.1307539910E-13    0.1307539913E-13    0.9999988089E+00    0.9999988089E+00
    5    0.4133333333E+01    0.4644557413E+00   -0.5805696766E+00    0.3599715520E+00    0.0000000000E+00    0.0000000000E+00    0.0000000000E+00    0.0000000000E+00    0.0000000000E+00    0.0000000000E+00    0.1640077599E-14    0.1640077691E-14    0.9999971158E+00    0.9999971158E+00
    6    0.4133333333E+01   -0.3483418059E+00   -0.5805696766E+00    0.3304239912E+00    0.0000000000E+00    0.0000000000E+00    0.0000000000E+00    0.0000000000E+00    0.0000000000E+00    0.0000000000E+00    0.6491255615E-13    0.6491255670E-13    0.9999963468E+00    0.9999963468E+00
    7    0.4133333333E+01    0.4644557413E+00    0.2322278706E+00    0.3095273107E+00    0.0000000000E+00    0.0000000000E+00    0.0000000000E+00    0.0000000000E+00    0.0000000000E+00    0.0000000000E+00    0.2163984232E-13    0.2163984439E-13    0.9999971448E+00    0.9999971448E+00
    1    0.4391666667E+01   -0.3483418059E+00    0.2322278706E+00   -0.3463907849E+00    0.0000000000E+00    0.0000000000E+00    0.0000000000E+00    0.0000000000E+00    0.0000000000E+00    0.0000000000E+00    0.2282106485E-12    0.2282106485E-12    0.9999971077E+00    0.9999971077E+00
    2    0.4391666667E+01   -0.3483418059E+00    0.2322278706E+00   -0.4371842006E+00    0.0000000000E+00    0.0000000000E+00    0.0000000000E+00    0.0000000000E+00    0.0000000000E+00    0.0000000000E+00    0.1385601520E-11    0.1385601521E-11    0.9999954813E+00    0.9999954813E+00
    3    0.4391666667E+01    0.4644557413E+00    0.2322278706E+00    0.5439496557E+00    0.0000000000E+00    0.0000000000E+00    0.0000000000E+00    0.0000000000E+00    0.0000000000E+00    0.0000000000E+00    0.2323669092E-14    0.2323669217E-14    0.9999986906E+00    0.9999986906E+00
    4    0.4391666667E+01    0.4644557413E+00   -0.5805696766E+00   -0.5678030070E+00    0.0000000000E+00    0.0000000000E+00    0.0000000000E+00    0.0000000000E+00    0.0000000000E+00    0.0000000000E+00    0.1486071731E-13    0.1486071735E-13    0.9999985955E+00    0.9999985955E+00
    5    0.4391666667E+01    0.4644557413E+00    0.2322278706E+00    0.1873856620E+00    0.0000000000E+00    0.0000000000E+00    0.0000000000E+00    0.0000000000E+00    0.0000000000E+00    0.0000000000E+00    0.1469073113E-14    0.1469073549E-14    0.9999956866E+00    0.9999956866E+00
    6    0.4391666667E+01   -0.3483418059E+00    0.2322278706E+00    0.2418490372E+00    0.0000000000E+00    0.0000000000E+00    0.0000000000E+00    0.0000000000E+00    0.0000000000E+00    0.0000000000E+00    0.1492939121E-11    0.1492939121E-11    0.9999955926E+00    0.9999955926E+00
    7    0.4391666667E+01   -0.3483418059E+00   -0.5805696766E+00    0.2347208229E+00    0.0000000000E+00    0.0000000000E+00    0.0000000000E+00    0.0000000000E+00    0.0000000000E+00    0.0000000000E+00    0.1131724957E-14    0.1131725096E-14    0.9999977731E+00    0.9999977731E+00
    8    0.4391666667E+01    0.4644557413E+00   -0.5805696766E+00    0.2237824239E+00    0.0000000000E+00    0.0000000000E+00    0.0000000000E+00    0.0000000000E+00    0.0000000000E+00    0.0000000000E+00    0.6181981432E-13    0.6181981438E-13    0.9999949752E+00    0.9999949752E+00
    9    0.4391666667E+01   -0.3483418059E+00    0.2322278706E+00    0.1428845474E-01    0.0000000000E+00    0.0000000000E+00    0.0000000000E+00    0.0000000000E+00    0.0000000000E+00    0.0000000000E+00    0.1046344142E-11    0.1046344142E-11    0.9999966628E+00    0.9999966628E+00
    1    0.4650000000E+01   -0.3483418059E+00    0.2322278706E+00   -0.4460499419E+00    0.0000000000E+00    0.0000000000E+00    0.0000000000E+00    0.0000000000E+00    0.0000000000E+00    0.0000000000E+00    0.1208506328E-11    0.1208506328E-11    0.9999965538E+00    0.9999965538E+00
    2    0.4650000000E+01   -0.3483418059E+00    0.2322278706E+00   -0.5677413946E+00    0.0000000000E+00    0.0000000000E+00    0.0000000000E+00    0.0000000000E+00    0.0000000000E+00    0.0000000000E+00    0.9302533210E-11    0.9302533213E-11    0.9999924801E+00    0.9999924801E+00
    3    0.4650000000E+01    0.4644557413E+00    0.2322278706E+00    0.5013328573E+00    0.0000000000E+00    0.0000000000E+00    0.0000000000E+00    0.0000000000E+00    0.0000000000E+00    0.0000000000E+00    0.1226836596E-14    0.1226836659E-14    0.9999986839E+00    0.9999986839E+00
    4    0.4650000000E+01    0.4644557413E+00   -0.5805696766E+00    0.5374346080E+00    0.0000000000E+00    0.0000000000E+00    0.0000000000E+00    0.0000000000E+00    0.0000000000E+00    0.0000000000E+00    0.8361944712E-14    0.8361944715E-14    0.9999986151E+00    0.9999986151E+00
    5    0.4650000000E+01   -0.3483418059E+00   -0.5805696766E+00    0.1646831221E+00    0.0000000000E+00    0.0000000000E+00    0.0000000000E+00    0.0000000000E+00    0.0000000000E+00    0.0000000000E+00    0.1217947362E-14    0.1217947366E-14    0.9999979934E+00    0.9999979934E+00
    6    0.4650000000E+01   -0.3483418059E+00    0.2322278706E+00    0.1384266983E+00    0.0000000000E+00    0.0000000000E+00    0.0000000000E+00    0.0000000000E+00    0.0000000000E+00    0.0000000000E+00    0.1048831724E-12    0.1048831728E-12    0.9999974491E+00    0.9999974491E+00
    7    0.4650000000E+01    0.4644557413E+00   -0.5805696766E+00   -0.7121437398E-01    0.0000000000E+00    0.0000000000E+00    0.0000000000E+00    0.0000000000E+00    0.0000000000E+00    0.0000000000E+00    0.3008466698E-12    0.3008466698E-12    0.9999980635E+00    0.9999980635E+00
    8    0.4650000000E+01   -0.3483418059E+00    0.2322278706E+00   -0.5079920667E-01    0.0000000000E+00    0.0000000000E+00    0.0000000000E+00    0.0000000000E+00    0.0000000000E+00    0.0000000000E+00    0.1346960692E-12    0.1346960693E-12    0.9999978494E+00    0.9999978494E+00
    1    0.4908333333E+01   -0.3483418059E+00   -0.5805696766E+00    0.1006052547E+00    0.0000000000E+00    0.0000000000E+00    0.0000000000E+00    0.0000000000E+00    0.0000000000E+00    0.0000000000E+00    0.4310784871E-13    0.4311650546E-13    0.9999979092E+00    0.9999979092E+00
    2    0.4908333333E+01   -0.3483418059E+00    0.2322278706E+00    0.6495706155E-01    0.0000000000E+00    0.0000000000E+00    0.0000000000E+00    0.0000000000E+00    0.0000000000E+00    0.0000000000E+00    0.6065175225E-14    0.6080761322E-14    0.9999977633E+00    0.9999977633E+00
    3    0.4908333333E+01   -0.3483418059E+00   -0.5805696766E+00   -0.7157023862E-01    0.0000000000E+00    0.0000000000E+00    0.0000000000E+00    0.0000000000E+00    0.0000000000E+00    0.0000000000E+00    0.1489256871E-12    0.1490970378E-12    0.9999976338E+00    0.9999976338E+00
    4    0.4908333333E+01    0.4644557413E+00   -0.5805696766E+00   -0.1224009606E+00    0.0000000000E+00    0.0000000000E+00    0.0000000000E+00    0.0000000000E+00    0.0000000000E+00    0.0000000000E+00    0.3275614132E-13    0.3277634499E-13    0.9999985879E+00    0.9999985879E+00
    5    0.4908333333E+01   -0.3483418059E+00    0.2322278706E+00   -0.1142998003E+00    0.0000000000E+00    0.0000000000E+00    0.0000000000E+00    0.0000000000E+00    0.0000000000E+00    0.0000000000E+00    0.9044843529E-14    0.9236767002E-14    0.9999980254E+00    0.9999980254E+00
    6    0.4908333333E+01    0.4644557413E+00    0.2322278706E+00    0.4576248331E+00    0.0000000000E+00    0.0000000000E+00    0.0000000000E+00    0.0000000000E+00    0.0000000000E+00    0.0000000000E+00    0.1717354761E-14    0.1717361716E-14    0.9999985407E+00    0.9999985407E+00
    7    0.4908333333E+01    0.4644557413E+00   -0.5805696766E+00    0.4891808622E+00    0.0000000000E+00    0.0000000000E+00    0.0000000000E+00    0.0000000000E+00    0.0000000000E+00    0.0000000000E+00    0.5291192054E-14    0.5296902403E-14    0.9999983111E+00    0.9999983111E+00
    1    0.5166666667E+01   -0.3483418059E+00   -0.5805696766E+00    0.2997712311E-01    0.0000000000E+00    0.0000000000E+00    0.0000000000E+00    0.0000000000E+00    0.0000000000E+00    0.0000000000E+00    0.1150972445E-11    0.1150972445E-11    0.9999967179E+00    0.9999967179E+00
    2    0.5166666667E+01   -0.3483418059E+00   -0.5805696766E+00   -0.1496710374E+00    0.0000000000E+00    0.0000000000E+00    0.0000000000E+00    0.0000000000E+00    0.0000000000E+00    0.0000000000E+00    0.3368876331E-12    0.3368876331E-12    0.9999968586E+00    0.9999968586E+00
    3    0.5166666667E+01   -0.3483418059E+00    0.2322278706E+00   -0.1770671274E+00    0.0000000000E+00    0.0000000000E+00    0.0000000000E+00    0.0000000000E+00    0.0000000000E+00    0.0000000000E+00    0.3667435308E-16    0.3667435661E-16    0.9999977762E+00    0.9999977762E+00
    4    0.5166666667E+01    0.4644557413E+00   -0.5805696766E+00   -0.1644943586E+00    0.0000000000E+00    0.0000000000E+00    0.0000000000E+00    0.0000000000E+00    0.0000000000E+00    0.0000000000E+00    0.1002733623E-13    0.1002733623E-13    0.9999986707E+00    0.9999986707E+00
    5    0.5166666667E+01   -0.3483418059E+00   -0.5805696766E+00    0.5564017885E+00    0.0000000000E+00    0.0000000000E+00    0.0000000000E+00    0.0000000000E+00    0.0000000000E+00    0.0000000000E+00    0.9075967978E-12    0.9075967978E-12    0.9999968403E+00    0.9999968403E+00
    6    0.5166666667E+01   -0.3483418059E+00   -0.5805696766E+00    0.3969658159E+00    0.0000000000E+00    0.0000000000E+00    0.0000000000E+00    0.0000000000E+00    0.0000000000E+00    0.0000000000E+00    0.1030909284E-11    0.1030909284E-11    0.9999955022E+00    0.9999955022E+00
    7    0.5166666667E+01    0.4644557413E+00   -0.5805696766E+00    0.4335827784E+00    0.0000000000E+00    0.0000000000E+00    0.0000000000E+00    0.0000000000E+00    0.0000000000E+00    0.0000000000E+00    0.1517975418E-13    0.1517975418E-13    0.9999978768E+00    0.9999978768E+00
    8    0.5166666667E+01    0.4644557413E+00    0.2322278706E+00    0.4114096525E+00    0.0000000000E+00    0.0000000000E+00    0.0000000000E+00    0.0000000000E+00    0.0000000000E+00    0.0000000000E+00    0.6026778262E-15    0.6026778270E-15    0.9999983645E+00    0.9999983645E+00
    1    0.5425000000E+01   -0.3483418059E+00    0.2322278706E+00   -0.2507655055E+00    0.0000000000E+00    0.0000000000E+00    0.0000000000E+00    0.0000000000E+00    0.0000000000E+00    0.0000000000E+00    0.1329331329E-14    0.1329331375E-14    0.9999968120E+00    0.9999968120E+00
    2    0.5425000000E+01    0.4644557413E+00   -0.5805696766E+00   -0.2036073627E+00    0.0000000000E+00    0.0000000000E+00    0.0000000000E+00    0.0000000000E+00    0.0000000000E+00    0.0000000000E+00    0.1502177549E-13    0.1502177549E-13    0.9999984554E+00    0.9999984554E+00
    3    0.5425000000E+01   -0.3483418059E+00    0.2322278706E+00   -0.6373920815E-01    0.0000000000E+00    0.0000000000E+00    0.0000000000E+00    0.0000000000E+00    0.0000000000E+00    0.0000000000E+00    0.2149822397E-14    0.2149822412E-14    0.9999977430E+00    0.9999977430E+00
    4    0.5425000000E+01   -0.3483418059E+00   -0.5805696766E+00    0.4738815128E+00    0.0000000000E+00    0.0000000000E+00    0.0000000000E+00    0.0000000000E+00    0.0000000000E+00    0.0000000000E+00    0.1056515512E-13    0.1056515512E-13    0.9999971988E+00    0.9999971988E+00
    5    0.5425000000E+01    0.4644557413E+00   -0.5805696766E+00    0.3617825218E+00    0.0000000000E+00    0.0000000000E+00    0.0000000000E+00    0.0000000000E+00    0.0000000000E+00    0.0000000000E+00    0.2450585357E-13    0.2450585358E-13    0.9999970731E+00    0.9999970731E+00
    6    0.5425000000E+01    0.4644557413E+00    0.2322278706E+00    0.3605458113E+00    0.0000000000E+00    0.0000000000E+00    0.0000000000E+00    0.0000000000E+00    0.0000000000E+00    0.0000000000E+00    0.9900235582E-15    0.9900235665E-15    0.9999980614E+00    0.9999980614E+00
    1    0.5683333333E+01   -0.3483418059E+00    0.2322278706E+00   -0.5514918031E+00    0.0000000000E+00    0.0000000000E+00    0.0000000000E+00    0.0000000000E+00    0.0000000000E+00    0.0000000000E+00    0.6066385532E-13    0.6117154609E-13    0.9999950934E+00    0.9999950934E+00
    2    0.5683333333E+01   -0.3483418059E+00   -0.5805696766E+00    0.3897299501E+00    0.0000000000E+00    0.0000000000E+00    0.0000000000E+00    0.0000000000E+00    0.0000000000E+00    0.0000000000E+00    0.1216671547E-12    0.1218333763E-12    0.9999964222E+00    0.9999964222E+00
    3    0.5683333333E+01    0.4644557413E+00   -0.5805696766E+00    0.2240223468E+00    0.0000000000E+00    0.0000000000E+00    0.0000000000E+00    0.0000000000E+00    0.0000000000E+00    0.0000000000E+00    0.3838944363E-12    0.3838944381E-12    0.9999897398E+00    0.9999897398E+00
    4    0.5683333333E+01    0.4644557413E+00    0.2322278706E+00    0.3008032534E+00    0.0000000000E+00    0.0000000000E+00    0.0000000000E+00    0.0000000000E+00    0.0000000000E+00    0.0000000000E+00    0.5610727131E-13    0.5614339013E-13    0.9999974875E+00    0.9999974875E+00
    5    0.5683333333E+01    0.4644557413E+00   -0.5805696766E+00   -0.2416004738E+00    0.0000000000E+00    0.0000000000E+00    0.0000000000E+00    0.0000000000E+00    0.0000000000E+00    0.0000000000E+00    0.4063464300E-13    0.4063464358E-13    0.9999984138E+00    0.9999984138E+00
    6    0.5683333333E+01    0.4644557413E+00    0.2322278706E+00   -0.4778313662E-01    0.0000000000E+00    0.0000000000E+00    0.0000000000E+00    0.0000000000E+00    0.0000000000E+00    0.0000000000E+00    0.1339190809E-11    0.1340235219E-11    0.9999968448E+00    0.9999968448E+00
    7    0.5683333333E+01   -0.3483418059E+00    0.2322278706E+00   -0.1303230625E+00   -0.3483418059E+00    0.2322278706E+00    0.1019146253E+01   -0.4352492000E+01   -0.4115157224E+00    0.6088571139E+00    0.4703736744E-13    0.4707067095E-13    0.9999973316E+00    0.9999973316E+00
    8    0.5683333333E+01   -0.3483418059E+00   -0.5805696766E+00   -0.8690711148E-01    0.0000000000E+00    0.0000000000E+00    0.0000000000E+00    0.0000000000E+00    0.0000000000E+00    0.0000000000E+00    0.2743303699E-12    0.2743623527E-12    0.9999963962E+00    0.9999963962E+00
    1    0.5941666667E+01   -0.3483418059E+00    0.2322278706E+00    0.4939728162E+00    0.0000000000E+00    0.0000000000E+00    0.0000000000E+00    0.0000000000E+00    0.0000000000E+00    0.0000000000E+00    0.2436068992E-12    0.2436068992E-12    0.9999959480E+00    0.9999959480E+00
    2    0.5941666667E+01    0.4644557413E+00    0.2322278706E+00    0.2202783861E+00    0.0000000000E+00    0.0000000000E+00    0.0000000000E+00    0.0000000000E+00    0.0000000000E+00    0.0000000000E+00    0.4811200722E-13    0.4811200723E-13    0.9999960784E+00    0.9999960784E+00
    3    0.5941666667E+01    0.4644557413E+00    0.2322278706E+00   -0.1067829750E+00    0.0000000000E+00    0.0000000000E+00    0.0000000000E+00    0.0000000000E+00    0.0000000000E+00    0.0000000000E+00    0.1241394560E-12    0.1241394560E-12    0.9999981015E+00    0.9999981015E+00
    4    0.5941666667E+01    0.4644557413E+00   -0.5805696766E+00   -0.2794295865E+00    0.0000000000E+00    0.0000000000E+00    0.0000000000E+00    0.0000000000E+00    0.0000000000E+00    0.0000000000E+00    0.1308182751E-14    0.1308182763E-14    0.9999985170E+00    0.9999985170E+00
    5    0.5941666667E+01   -0.3483418059E+00    0.2322278706E+00   -0.2092446394E+00    0.0000000000E+00    0.0000000000E+00    0.0000000000E+00    0.0000000000E+00    0.0000000000E+00    0.0000000000E+00    0.2285926859E-12    0.2285926859E-12    0.9999963642E+00    0.9999963642E+00
    1    0.6200000000E+01    0.4644557413E+00    0.2322278706E+00   -0.1504771517E+00    0.0000000000E+00    0.0000000000E+00    0.0000000000E+00    0.0000000000E+00    0.0000000000E+00    0.0000000000E+00    0.1331132601E-13    0.1331132646E-13    0.9999983216E+00    0.9999983216E+00
    2    0.6200000000E+01    0.4644557413E+00   -0.5805696766E+00   -0.3176699608E+00    0.0000000000E+00    0.0000000000E+00    0.0000000000E+00    0.0000000000E+00    0.0000000000E+00    0.0000000000E+00    0.5797701193E-15    0.5797701281E-15    0.9999984256E+00    0.9999984256E+00
    1    0.6458333333E+01    0.4644557413E+00   -0.5805696766E+00   -0.3568043369E+00    0.0000000000E+00    0.0000000000E+00    0.0000000000E+00    0.0000000000E+00    0.0000000000E+00    0.0000000000E+00    0.7326673865E-16    0.7326673865E-16    0.9999983131E+00    0.9999983131E+00
    2    0.6458333333E+01    0.4644557413E+00    0.2322278706E+00   -0.1903057101E+00    0.0000000000E+00    0.0000000000E+00    0.0000000000E+00    0.0000000000E+00    0.0000000000E+00    0.0000000000E+00    0.6245130734E-17    0.6245130735E-17    0.9999983478E+00    0.9999983478E+00
    1    0.6716666667E+01    0.4644557413E+00    0.2322278706E+00   -0.2288315854E+00    0.0000000000E+00    0.0000000000E+00    0.0000000000E+00    0.0000000000E+00    0.0000000000E+00    0.0000000000E+00    0.2574393180E-14    0.2574393180E-14    0.9999983072E+00    0.9999983072E+00
    2    0.6716666667E+01    0.4644557413E+00   -0.5805696766E+00   -0.3972576818E+00    0.0000000000E+00    0.0000000000E+00    0.0000000000E+00    0.0000000000E+00    0.0000000000E+00    0.0000000000E+00    0.1140507067E-16    0.1140507068E-16    0.9999981787E+00    0.9999981787E+00
    1    0.6975000000E+01    0.4644557413E+00    0.2322278706E+00   -0.2672939571E+00    0.0000000000E+00    0.0000000000E+00    0.0000000000E+00    0.0000000000E+00    0.0000000000E+00    0.0000000000E+00    0.4449159213E-14    0.4449159213E-14    0.9999982248E+00    0.9999982248E+00
    2    0.6975000000E+01    0.4644557413E+00   -0.5805696766E+00   -0.4394327275E+00    0.0000000000E+00    0.0000000000E+00    0.0000000000E+00    0.0000000000E+00    0.0000000000E+00    0.0000000000E+00    0.5966774981E-16    0.5966774981E-16    0.9999980211E+00    0.9999980211E+00
    1    0.7233333333E+01    0.4644557413E+00    0.2322278706E+00   -0.3065228535E+00    0.0000000000E+00    0.0000000000E+00    0.0000000000E+00    0.0000000000E+00    0.0000000000E+00    0.0000000000E+00    0.3202080456E-14    0.3202081110E-14    0.9999981053E+00    0.9999981053E+00
    2    0.7233333333E+01    0.4644557413E+00   -0.5805696766E+00   -0.4836964142E+00    0.0000000000E+00    0.0000000000E+00    0.0000000000E+00    0.0000000000E+00    0.0000000000E+00    0.0000000000E+00    0.2697435784E-16    0.2697512424E-16    0.9999978413E+00    0.9999978413E+00
    1    0.7491666667E+01    0.4644557413E+00    0.2322278706E+00   -0.3472620820E+00    0.0000000000E+00    0.0000000000E+00    0.0000000000E+00    0.0000000000E+00    0.0000000000E+00    0.0000000000E+00    0.8597754609E-15    0.8597754609E-15    0.9999979444E+00    0.9999979444E+00
    2    0.7491666667E+01    0.4644557413E+00   -0.5805696766E+00   -0.5303096846E+00    0.0000000000E+00    0.0000000000E+00    0.0000000000E+00    0.0000000000E+00    0.0000000000E+00    0.0000000000E+00    0.1371928054E-16    0.1371928056E-16    0.9999976458E+00    0.9999976458E+00
    1    0.7750000000E+01    0.4644557413E+00    0.2322278706E+00   -0.3903418285E+00    0.0000000000E+00    0.0000000000E+00    0.0000000000E+00    0.0000000000E+00    0.0000000000E+00    0.0000000000E+00    0.3352705788E-16    0.3352705788E-16    0.9999977300E+00    0.9999977300E+00
    2    0.7750000000E+01    0.4644557413E+00   -0.5805696766E+00    0.5702016468E+00    0.0000000000E+00    0.0000000000E+00    0.0000000000E+00    0.0000000000E+00    0.0000000000E+00    0.0000000000E+00    0.4261255488E-14    0.4261255488E-14    0.9999974475E+00    0.9999974475E+00
    1    0.8008333333E+01    0.4644557413E+00    0.2322278706E+00   -0.4368511661E+00    0.0000000000E+00    0.0000000000E+00    0.0000000000E+00    0.0000000000E+00    0.0000000000E+00    0.0000000000E+00    0.1403209121E-14    0.1403209121E-14    0.9999974378E+00    0.9999974378E+00
    2    0.8008333333E+01    0.4644557413E+00   -0.5805696766E+00    0.5193282554E+00    0.0000000000E+00    0.0000000000E+00    0.0000000000E+00    0.0000000000E+00    0.0000000000E+00    0.0000000000E+00    0.1242322390E-15    0.1242322390E-15    0.9999972894E+00    0.9999972894E+00
    1    0.8266666667E+01    0.4644557413E+00   -0.5805696766E+00    0.4675633420E+00    0.0000000000E+00    0.0000000000E+00    0.0000000000E+00    0.0000000000E+00    0.0000000000E+00    0.0000000000E+00    0.8223432694E-15    0.8223432694E-15    0.9999971878E+00    0.9999971878E+00
    2    0.8266666667E+01    0.4644557413E+00    0.2322278706E+00   -0.4884075684E+00    0.0000000000E+00    0.0000000000E+00    0.0000000000E+00    0.0000000000E+00    0.0000000000E+00    0.0000000000E+00    0.2680360598E-14    0.2680360598E-14    0.9999970219E+00    0.9999970219E+00
    1    0.8525000000E+01   -0.3483418059E+00   -0.5805696766E+00   -0.2442479333E+00    0.0000000000E+00    0.0000000000E+00    0.0000000000E+00    0.0000000000E+00    0.0000000000E+00    0.0000000000E+00    0.1196078713E-12    0.1196078713E-12    0.9999936489E+00    0.9999936489E+00
    2    0.8525000000E+01    0.4644557413E+00   -0.5805696766E+00    0.4161686760E+00    0.0000000000E+00    0.0000000000E+00    0.0000000000E+00    0.0000000000E+00    0.0000000000E+00    0.0000000000E+00    0.4402821918E-15    0.4402821918E-15    0.9999971536E+00    0.9999971536E+00
    3    0.8525000000E+01    0.4644557413E+00    0.2322278706E+00   -0.5476833530E+00    0.0000000000E+00    0.0000000000E+00    0.0000000000E+00    0.0000000000E+00    0.0000000000E+00    0.0000000000E+00    0.2048735875E-14    0.2048735875E-14    0.9999963893E+00    0.9999963893E+00
    1    0.8783333333E+01   -0.3483418059E+00   -0.5805696766E+00   -0.3308594960E+00    0.0000000000E+00    0.0000000000E+00    0.0000000000E+00    0.0000000000E+00    0.0000000000E+00    0.0000000000E+00    0.1040610525E-13    0.1040610525E-13    0.9999958575E+00    0.9999958575E+00
    2    0.8783333333E+01    0.4644557413E+00    0.2322278706E+00    0.5300083907E+00    0.0000000000E+00    0.0000000000E+00    0.0000000000E+00    0.0000000000E+00    0.0000000000E+00    0.0000000000E+00    0.2983779175E-14    0.2983779175E-14    0.9999953573E+00    0.9999953573E+00
    3    0.8783333333E+01    0.4644557413E+00   -0.5805696766E+00    0.3661325183E+00    0.0000000000E+00    0.0000000000E+00    0.0000000000E+00    0.0000000000E+00    0.0000000000E+00    0.0000000000E+00    0.1955333730E-15    0.1955333730E-15    0.9999971629E+00    0.9999971629E+00
    1    0.9041666667E+01   -0.3483418059E+00    0.2322278706E+00    0.1532386974E+00    0.0000000000E+00    0.0000000000E+00    0.0000000000E+00    0.0000000000E+00    0.0000000000E+00    0.0000000000E+00    0.2527391214E-11    0.2527391214E-11    0.9999893011E+00    0.9999893011E+00
    2    0.9041666667E+01    0.4644557413E+00    0.2322278706E+00    0.4378819217E+00    0.0000000000E+00    0.0000000000E+00    0.0000000000E+00    0.0000000000E+00    0.0000000000E+00    0.0000000000E+00    0.1723333208E-14    0.1723333208E-14    0.9999937927E+00    0.9999937927E+00
    3    0.9041666667E+01    0.4644557413E+00   -0.5805696766E+00    0.3178309972E+00    0.0000000000E+00    0.0000000000E+00    0.0000000000E+00    0.0000000000E+00    0.0000000000E+00    0.0000000000E+00    0.2735605367E-14    0.2735605367E-14    0.9999971822E+00    0.9999971822E+00
    4    0.9041666667E+01   -0.3483418059E+00    0.2322278706E+00   -0.4303975418E+00    0.0000000000E+00    0.0000000000E+00    0.0000000000E+00    0.0000000000E+00    0.0000000000E+00    0.0000000000E+00    0.9750353420E-12    0.9750353420E-12    0.9999931387E+00    0.9999931387E+00
    5    0.9041666667E+01   -0.3483418059E+00   -0.5805696766E+00   -0.3972732950E+00    0.0000000000E+00    0.0000000000E+00    0.0000000000E+00    0.0000000000E+00    0.0000000000E+00    0.0000000000E+00    0.1516444300E-15    0.1516444300E-15    0.9999962501E+00    0.9999962501E+00
    1    0.9300000000E+01   -0.3483418059E+00   -0.5805696766E+00   -0.1216698507E+00    0.0000000000E+00    0.0000000000E+00    0.0000000000E+00    0.0000000000E+00    0.0000000000E+00    0.0000000000E+00    0.1378184272E-10    0.1378184272E-10    0.9999790323E+00    0.9999790323E+00
    2    0.9300000000E+01   -0.3483418059E+00    0.2322278706E+00   -0.5228738436E+00    0.0000000000E+00    0.0000000000E+00    0.0000000000E+00    0.0000000000E+00    0.0000000000E+00    0.0000000000E+00    0.4042278925E-14    0.4042278925E-14    0.9999947319E+00    0.9999947319E+00
    3    0.9300000000E+01   -0.3483418059E+00   -0.5805696766E+00   -0.4601452038E+00    0.0000000000E+00    0.0000000000E+00    0.0000000000E+00    0.0000000000E+00    0.0000000000E+00    0.0000000000E+00    0.3423411025E-13    0.3423411025E-13    0.9999960931E+00    0.9999960931E+00
    4    0.9300000000E+01    0.4644557413E+00    0.2322278706E+00    0.3264168413E+00    0.0000000000E+00    0.0000000000E+00    0.0000000000E+00    0.0000000000E+00    0.0000000000E+00    0.0000000000E+00    0.2086399387E-15    0.2086399388E-15    0.9999931870E+00    0.9999931870E+00
    5    0.9300000000E+01    0.4644557413E+00   -0.5805696766E+00    0.2711110063E+00    0.0000000000E+00    0.0000000000E+00    0.0000000000E+00    0.0000000000E+00    0.0000000000E+00    0.0000000000E+00    0.4318812585E-14    0.4318812586E-14    0.9999971869E+00    0.9999971869E+00
    1    0.9558333333E+01   -0.3483418059E+00   -0.5805696766E+00   -0.2937157365E+00    0.0000000000E+00    0.0000000000E+00    0.0000000000E+00    0.0000000000E+00    0.0000000000E+00    0.0000000000E+00    0.1227115055E-12    0.1227115055E-12    0.9999924248E+00    0.9999924248E+00
    2    0.9558333333E+01   -0.3483418059E+00   -0.5805696766E+00   -0.5285386148E+00    0.0000000000E+00    0.0000000000E+00    0.0000000000E+00    0.0000000000E+00    0.0000000000E+00    0.0000000000E+00    0.6853779430E-13    0.6853779430E-13    0.9999952289E+00    0.9999952289E+00
    3    0.9558333333E+01   -0.3483418059E+00    0.2322278706E+00    0.5301455466E+00    0.0000000000E+00    0.0000000000E+00    0.0000000000E+00    0.0000000000E+00    0.0000000000E+00    0.0000000000E+00    0.1349536368E-13    0.1349536368E-13    0.9999923008E+00    0.9999923008E+00
    4    0.9558333333E+01    0.4644557413E+00    0.2322278706E+00    0.2248852078E+00    0.0000000000E+00    0.0000000000E+00    0.0000000000E+00    0.0000000000E+00    0.0000000000E+00    0.0000000000E+00    0.5535302309E-14    0.5535302309E-14    0.9999942945E+00    0.9999942945E+00
    5    0.9558333333E+01    0.4644557413E+00   -0.5805696766E+00    0.2255373745E+00    0.0000000000E+00    0.0000000000E+00    0.0000000000E+00    0.0000000000E+00    0.0000000000E+00    0.0000000000E+00    0.1700930428E-14    0.1700930428E-14    0.9999971645E+00    0.9999971645E+00
    1    0.9816666667E+01   -0.3483418059E+00   -0.5805696766E+00   -0.4313779327E+00    0.0000000000E+00    0.0000000000E+00    0.0000000000E+00    0.0000000000E+00    0.0000000000E+00    0.0000000000E+00    0.3721981414E-10    0.3721981414E-10    0.9999836936E+00    0.9999836936E+00
    2    0.9816666667E+01   -0.3483418059E+00   -0.5805696766E+00    0.5124861775E+00    0.0000000000E+00    0.0000000000E+00    0.0000000000E+00    0.0000000000E+00    0.0000000000E+00    0.0000000000E+00    0.3745773815E-10    0.3745773815E-10    0.9999847979E+00    0.9999847979E+00
    3    0.9816666667E+01    0.4644557413E+00   -0.5805696766E+00    0.1805749421E+00    0.0000000000E+00    0.0000000000E+00    0.0000000000E+00    0.0000000000E+00    0.0000000000E+00    0.0000000000E+00    0.2766380283E-15    0.2766380370E-15    0.9999971095E+00    0.9999971095E+00
    4    0.9816666667E+01    0.4644557413E+00    0.2322278706E+00    0.1414152624E+00    0.0000000000E+00    0.0000000000E+00    0.0000000000E+00    0.0000000000E+00    0.0000000000E+00    0.0000000000E+00    0.7593312175E-13    0.7593312175E-13    0.9999949490E+00    0.9999949490E+00
    5    0.9816666667E+01   -0.3483418059E+00    0.2322278706E+00    0.1566273546E+00   -0.3483418059E+00    0.2322278706E+00   -0.9928419605E+00    0.1653998957E+01   -0.1252001793E+01   -0.5122773776E+01    0.2671304806E-11    0.2671304806E-11    0.9999801119E+00    0.9999801119E+00
    1    0.1007500000E+02    0.4644557413E+00    0.2322278706E+00    0.6114329405E-01    0.0000000000E+00    0.0000000000E+00    0.0000000000E+00    0.0000000000E+00    0.0000000000E+00    0.0000000000E+00    0.2510692851E-11    0.2510692851E-11    0.9999939782E+00    0.9999939782E+00
    2    0.1007500000E+02    0.4644557413E+00   -0.5805696766E+00    0.1356603892E+00    0.0000000000E+00    0.0000000000E+00    0.0000000000E+00    0.0000000000E+00    0.0000000000E+00    0.0000000000E+00    0.9284983753E-14    0.9284983753E-14    0.9999970174E+00    0.9999970174E+00
    1    0.1033333333E+02    0.4644557413E+00   -0.5805696766E+00    0.9016962869E-01    0.0000000000E+00    0.0000000000E+00    0.0000000000E+00    0.0000000000E+00    0.0000000000E+00    0.0000000000E+00    0.4084354999E-13    0.4084354999E-13    0.9999968764E+00    0.9999968764E+00
    1    0.1059166667E+02    0.4644557413E+00   -0.5805696766E+00    0.4300320006E-01    0.0000000000E+00    0.0000000000E+00    0.0000000000E+00    0.0000000000E+00    0.0000000000E+00    0.0000000000E+00    0.2107126054E-12    0.2107126054E-12    0.9999965902E+00    0.9999965902E+00
    1    0.1085000000E+02    0.4644557413E+00    0.2322278706E+00   -0.6470791092E-01    0.0000000000E+00    0.0000000000E+00    0.0000000000E+00    0.0000000000E+00    0.0000000000E+00    0.0000000000E+00    0.2107907042E-11    0.2107907042E-11    0.9999942295E+00    0.9999942295E+00
    1    0.1110833333E+02    0.4644557413E+00    0.2322278706E+00   -0.1348105399E+00    0.0000000000E+00    0.0000000000E+00    0.0000000000E+00    0.0000000000E+00    0.0000000000E+00    0.0000000000E+00    0.1055283850E-12    0.1055283850E-12    0.9999952462E+00    0.9999952462E+00
    2    0.1110833333E+02    0.4644557413E+00   -0.5805696766E+00   -0.5001131729E-01    0.0000000000E+00    0.0000000000E+00    0.0000000000E+00    0.0000000000E+00    0.0000000000E+00    0.0000000000E+00    0.1964951657E-12    0.1964951657E-12    0.9999961596E+00    0.9999961596E+00
    1    0.1136666667E+02    0.4644557413E+00    0.2322278706E+00   -0.1988643093E+00    0.0000000000E+00    0.0000000000E+00    0.0000000000E+00    0.0000000000E+00    0.0000000000E+00    0.0000000000E+00    0.5327922635E-15    0.5327922635E-15    0.9999952571E+00    0.9999952571E+00
    2    0.1136666667E+02    0.4644557413E+00   -0.5805696766E+00   -0.1031808628E+00    0.0000000000E+00    0.0000000000E+00    0.0000000000E+00    0.0000000000E+00    0.0000000000E+00    0.0000000000E+00    0.3896838250E-13    0.3896838250E-13    0.9999959506E+00    0.9999959506E+00
    3    0.1136666667E+02   -0.3483418059E+00    0.2322278706E+00    0.2831576611E+00    0.0000000000E+00    0.0000000000E+00    0.0000000000E+00    0.0000000000E+00    0.0000000000E+00    0.0000000000E+00    0.3390159868E-12    0.3390159868E-12    0.9999902632E+00    0.9999902632E+00
    4    0.1136666667E+02   -0.3483418059E+00    0.2322278706E+00    0.5478537471E+00    0.0000000000E+00    0.0000000000E+00    0.0000000000E+00    0.0000000000E+00    0.0000000000E+00    0.0000000000E+00    0.1589064941E-12    0.1589064941E-12    0.9999940731E+00    0.9999940731E+00
    1    0.1162500000E+02    0.4644557413E+00    0.2322278706E+00   -0.2625901651E+00    0.0000000000E+00    0.0000000000E+00    0.0000000000E+00    0.0000000000E+00    0.0000000000E+00    0.0000000000E+00    0.9999171362E-14    0.9999171372E-14    0.9999951137E+00    0.9999951137E+00
    2    0.1162500000E+02    0.4644557413E+00   -0.5805696766E+00   -0.1591033479E+00    0.0000000000E+00    0.0000000000E+00    0.0000000000E+00    0.0000000000E+00    0.0000000000E+00    0.0000000000E+00    0.3604481272E-14    0.3604481276E-14    0.9999955936E+00    0.9999955936E+00
    3    0.1162500000E+02   -0.3483418059E+00   -0.5805696766E+00    0.7804026332E-01    0.0000000000E+00    0.0000000000E+00    0.0000000000E+00    0.0000000000E+00    0.0000000000E+00    0.0000000000E+00    0.5422011288E-09    0.5422011288E-09    0.9999253114E+00    0.9999253114E+00
    4    0.1162500000E+02   -0.3483418059E+00    0.2322278706E+00    0.1212046077E+00    0.0000000000E+00    0.0000000000E+00    0.0000000000E+00    0.0000000000E+00    0.0000000000E+00    0.0000000000E+00    0.1157435884E-10    0.1157435884E-10    0.9999809145E+00    0.9999809145E+00
    5    0.1162500000E+02   -0.3483418059E+00   -0.5805696766E+00    0.5694676345E+00    0.0000000000E+00    0.0000000000E+00    0.0000000000E+00    0.0000000000E+00    0.0000000000E+00    0.0000000000E+00    0.1788439479E-11    0.1788439479E-11    0.9999927684E+00    0.9999927684E+00
    6    0.1162500000E+02   -0.3483418059E+00    0.2322278706E+00    0.4774027744E+00    0.0000000000E+00    0.0000000000E+00    0.0000000000E+00    0.0000000000E+00    0.0000000000E+00    0.0000000000E+00    0.5475244048E-13    0.5475244048E-13    0.9999950400E+00    0.9999950400E+00
    1    0.1188333333E+02    0.4644557413E+00    0.2322278706E+00   -0.3270497838E+00    0.0000000000E+00    0.0000000000E+00    0.0000000000E+00    0.0000000000E+00    0.0000000000E+00    0.0000000000E+00    0.2312422223E-14    0.2312422223E-14    0.9999949384E+00    0.9999949384E+00
    2    0.1188333333E+02    0.4644557413E+00   -0.5805696766E+00   -0.2189284543E+00    0.0000000000E+00    0.0000000000E+00    0.0000000000E+00    0.0000000000E+00    0.0000000000E+00    0.0000000000E+00    0.1230669376E-14    0.1230669376E-14    0.9999951641E+00    0.9999951641E+00
    3    0.1188333333E+02   -0.3483418059E+00   -0.5805696766E+00    0.4908280846E+00    0.0000000000E+00    0.0000000000E+00    0.0000000000E+00    0.0000000000E+00    0.0000000000E+00    0.0000000000E+00    0.2552602805E-14    0.2552602805E-14    0.9999943182E+00    0.9999943182E+00
    4    0.1188333333E+02   -0.3483418059E+00    0.2322278706E+00    0.4145656895E+00    0.0000000000E+00    0.0000000000E+00    0.0000000000E+00    0.0000000000E+00    0.0000000000E+00    0.0000000000E+00    0.2058154538E-16    0.2058154538E-16    0.9999951880E+00    0.9999951880E+00
    1    0.1214166667E+02    0.4644557413E+00    0.2322278706E+00   -0.3923391856E+00    0.0000000000E+00    0.0000000000E+00    0.0000000000E+00    0.0000000000E+00    0.0000000000E+00    0.0000000000E+00    0.1565822486E-16    0.1565822491E-16    0.9999947662E+00    0.9999947662E+00
    2    0.1214166667E+02    0.4644557413E+00   -0.5805696766E+00   -0.2831755137E+00    0.0000000000E+00    0.0000000000E+00    0.0000000000E+00    0.0000000000E+00    0.0000000000E+00    0.0000000000E+00    0.2577269333E-14    0.2577269333E-14    0.9999947026E+00    0.9999947026E+00
    3    0.1214166667E+02   -0.3483418059E+00   -0.5805696766E+00    0.4191003803E+00    0.0000000000E+00    0.0000000000E+00    0.0000000000E+00    0.0000000000E+00    0.0000000000E+00    0.0000000000E+00    0.4471801914E-16    0.4471802436E-16    0.9999942682E+00    0.9999942682E+00
    4    0.1214166667E+02   -0.3483418059E+00    0.2322278706E+00    0.3526165495E+00    0.0000000000E+00    0.0000000000E+00    0.0000000000E+00    0.0000000000E+00    0.0000000000E+00    0.0000000000E+00    0.2766987146E-15    0.2766987147E-15    0.9999949947E+00    0.9999949947E+00
    1    0.1240000000E+02   -0.3483418059E+00   -0.5805696766E+00    0.3446507799E+00    0.0000000000E+00    0.0000000000E+00    0.0000000000E+00    0.0000000000E+00    0.0000000000E+00    0.0000000000E+00    0.2055233258E-14    0.2055233258E-14    0.9999936274E+00    0.9999936274E+00
    2    0.1240000000E+02   -0.3483418059E+00    0.2322278706E+00    0.2876883917E+00    0.0000000000E+00    0.0000000000E+00    0.0000000000E+00    0.0000000000E+00    0.0000000000E+00    0.0000000000E+00    0.7994593648E-14    0.7994593648E-14    0.9999944798E+00    0.9999944798E+00
    3    0.1240000000E+02    0.4644557413E+00    0.2322278706E+00   -0.4584088552E+00    0.0000000000E+00    0.0000000000E+00    0.0000000000E+00    0.0000000000E+00    0.0000000000E+00    0.0000000000E+00    0.4384302800E-17    0.4384302802E-17    0.9999945865E+00    0.9999945865E+00
    4    0.1240000000E+02    0.4644557413E+00   -0.5805696766E+00   -0.3516443901E+00    0.0000000000E+00    0.0000000000E+00    0.0000000000E+00    0.0000000000E+00    0.0000000000E+00    0.0000000000E+00    0.8504336910E-16    0.8504336910E-16    0.9999942809E+00    0.9999942809E+00
    1    0.1265833333E+02   -0.3483418059E+00   -0.5805696766E+00    0.2581858257E+00    0.0000000000E+00    0.0000000000E+00    0.0000000000E+00    0.0000000000E+00    0.0000000000E+00    0.0000000000E+00    0.7503873156E-13    0.7503873156E-13    0.9999917937E+00    0.9999917937E+00
    2    0.1265833333E+02   -0.3483418059E+00    0.2322278706E+00    0.2145473602E+00    0.0000000000E+00    0.0000000000E+00    0.0000000000E+00    0.0000000000E+00    0.0000000000E+00    0.0000000000E+00    0.8852344763E-14    0.8852344763E-14    0.9999933058E+00    0.9999933058E+00
    3    0.1265833333E+02    0.4644557413E+00   -0.5805696766E+00   -0.4231868099E+00    0.0000000000E+00    0.0000000000E+00    0.0000000000E+00    0.0000000000E+00    0.0000000000E+00    0.0000000000E+00    0.1221578182E-15    0.1221578182E-15    0.9999939744E+00    0.9999939744E+00
    4    0.1265833333E+02    0.4644557413E+00    0.2322278706E+00   -0.5255639938E+00    0.0000000000E+00    0.0000000000E+00    0.0000000000E+00    0.0000000000E+00    0.0000000000E+00    0.0000000000E+00    0.9795207112E-15    0.9795207112E-15    0.9999943539E+00    0.9999943539E+00
    1    0.1291666667E+02    0.4644557413E+00   -0.5805696766E+00   -0.4961948650E+00    0.0000000000E+00    0.0000000000E+00    0.0000000000E+00    0.0000000000E+00    0.0000000000E+00    0.0000000000E+00    0.3974517885E-14    0.3974517885E-14    0.9999937839E+00    0.9999937839E+00
    2    0.1291666667E+02    0.4644557413E+00    0.2322278706E+00    0.5546841504E+00    0.0000000000E+00    0.0000000000E+00    0.0000000000E+00    0.0000000000E+00    0.0000000000E+00    0.0000000000E+00    0.3550547164E-14    0.3550547164E-14    0.9999939956E+00    0.9999939956E+00
    3    0.1291666667E+02   -0.3483418059E+00   -0.5805696766E+00    0.1094106460E+00    0.0000000000E+00    0.0000000000E+00    0.0000000000E+00    0.0000000000E+00    0.0000000000E+00    0.0000000000E+00    0.2848719170E-10    0.2848719170E-10    0.9999733798E+00    0.9999733798E+00
    4    0.1291666667E+02   -0.3483418059E+00    0.2322278706E+00    0.1137780467E+00    0.0000000000E+00    0.0000000000E+00    0.0000000000E+00    0.0000000000E+00    0.0000000000E+00    0.0000000000E+00    0.3250917116E-11    0.3250917116E-11    0.9999878239E+00    0.9999878239E+00
    1    0.1317500000E+02    0.4644557413E+00   -0.5805696766E+00   -0.5697831683E+00    0.0000000000E+00    0.0000000000E+00    0.0000000000E+00    0.0000000000E+00    0.0000000000E+00    0.0000000000E+00    0.1257471040E-12    0.1257471040E-12    0.9999935620E+00    0.9999935620E+00
    2    0.1317500000E+02    0.4644557413E+00    0.2322278706E+00    0.4813899304E+00    0.0000000000E+00    0.0000000000E+00    0.0000000000E+00    0.0000000000E+00    0.0000000000E+00    0.0000000000E+00    0.8089678336E-14    0.8089678336E-14    0.9999933958E+00    0.9999933958E+00
    1    0.1343333333E+02    0.4644557413E+00   -0.5805696766E+00    0.5050420877E+00    0.0000000000E+00    0.0000000000E+00    0.0000000000E+00    0.0000000000E+00    0.0000000000E+00    0.0000000000E+00    0.2085082103E-13    0.2085082103E-13    0.9999932710E+00    0.9999932710E+00
    2    0.1343333333E+02    0.4644557413E+00    0.2322278706E+00    0.4001158910E+00    0.0000000000E+00    0.0000000000E+00    0.0000000000E+00    0.0000000000E+00    0.0000000000E+00    0.0000000000E+00    0.5852501431E-14    0.5852501431E-14    0.9999922785E+00    0.9999922785E+00
    3    0.1343333333E+02   -0.3483418059E+00    0.2322278706E+00   -0.3391407596E+00    0.0000000000E+00    0.0000000000E+00    0.0000000000E+00    0.0000000000E+00    0.0000000000E+00    0.0000000000E+00    0.8678863475E-10    0.8678863475E-10    0.9999571753E+00    0.9999571753E+00
    4    0.1343333333E+02   -0.3483418059E+00    0.2322278706E+00    0.1010625780E+00    0.0000000000E+00    0.0000000000E+00    0.0000000000E+00    0.0000000000E+00    0.0000000000E+00    0.0000000000E+00    0.4159499714E-09    0.4159499714E-09    0.9999475064E+00    0.9999475064E+00
    5    0.1343333333E+02   -0.3483418059E+00    0.2322278706E+00    0.6846706628E-01    0.0000000000E+00    0.0000000000E+00    0.0000000000E+00    0.0000000000E+00    0.0000000000E+00    0.0000000000E+00    0.6153770575E-09    0.6153770575E-09    0.9999420289E+00    0.9999420289E+00
    6    0.1343333333E+02    0.4644557413E+00   -0.5805696766E+00   -0.2241032014E+00    0.0000000000E+00    0.0000000000E+00    0.0000000000E+00    0.0000000000E+00    0.0000000000E+00    0.0000000000E+00    0.1338762270E-11    0.1338762270E-11    0.9999765513E+00    0.9999765513E+00
    7    0.1343333333E+02   -0.3483418059E+00    0.2322278706E+00   -0.1501008616E+00    0.0000000000E+00    0.0000000000E+00    0.0000000000E+00    0.0000000000E+00    0.0000000000E+00    0.0000000000E+00    0.6201002194E-09    0.6201002194E-09    0.9999388517E+00    0.9999388517E+00
    8    0.1343333333E+02    0.4644557413E+00    0.2322278706E+00   -0.1680461530E+00    0.0000000000E+00    0.0000000000E+00    0.0000000000E+00    0.0000000000E+00    0.0000000000E+00    0.0000000000E+00    0.1537200289E-11    0.1537200289E-11    0.9999767098E+00    0.9999767098E+00
    1    0.1369166667E+02    0.4644557413E+00    0.2322278706E+00    0.3009531350E+00    0.0000000000E+00    0.0000000000E+00    0.0000000000E+00    0.0000000000E+00    0.0000000000E+00    0.0000000000E+00    0.2439625613E-12    0.2439625613E-12    0.9999895232E+00    0.9999895232E+00
    2    0.1369166667E+02    0.4644557413E+00   -0.5805696766E+00    0.4262807716E+00    0.0000000000E+00    0.0000000000E+00    0.0000000000E+00    0.0000000000E+00    0.0000000000E+00    0.0000000000E+00    0.1235710661E-10    0.1235710661E-10    0.9999900333E+00    0.9999900333E+00
    3    0.1369166667E+02   -0.3483418059E+00   -0.5805696766E+00   -0.3032844895E+00    0.0000000000E+00    0.0000000000E+00    0.0000000000E+00    0.0000000000E+00    0.0000000000E+00    0.0000000000E+00    0.5221353417E-13    0.5221353417E-13    0.9999756183E+00    0.9999756183E+00
    4    0.1369166667E+02   -0.3483418059E+00   -0.5805696766E+00   -0.4582618608E+00    0.0000000000E+00    0.0000000000E+00    0.0000000000E+00    0.0000000000E+00    0.0000000000E+00    0.0000000000E+00    0.4115122796E-12    0.4115122796E-12    0.9999727156E+00    0.9999727156E+00
    5    0.1369166667E+02    0.4644557413E+00   -0.5805696766E+00   -0.4222047256E+00    0.0000000000E+00    0.0000000000E+00    0.0000000000E+00    0.0000000000E+00    0.0000000000E+00    0.0000000000E+00    0.1223592882E-10    0.1223592882E-10    0.9999826609E+00    0.9999826609E+00
    6    0.1369166667E+02    0.4644557413E+00    0.2322278706E+00   -0.3648695837E+00    0.0000000000E+00    0.0000000000E+00    0.0000000000E+00    0.0000000000E+00    0.0000000000E+00    0.0000000000E+00    0.1326755915E-12    0.1326755915E-12    0.9999846304E+00    0.9999846304E+00
    7    0.1369166667E+02   -0.3483418059E+00    0.2322278706E+00   -0.1472565692E+00    0.0000000000E+00    0.0000000000E+00    0.0000000000E+00    0.0000000000E+00    0.0000000000E+00    0.0000000000E+00    0.6400761413E-12    0.6400761413E-12    0.9999806613E+00    0.9999806613E+00
    8    0.1369166667E+02   -0.3483418059E+00    0.2322278706E+00   -0.8637740256E-01    0.0000000000E+00    0.0000000000E+00    0.0000000000E+00    0.0000000000E+00    0.0000000000E+00    0.0000000000E+00    0.2719436451E-10    0.2719436451E-10    0.9999741639E+00    0.9999741639E+00
    1    0.1395000000E+02    0.4644557413E+00    0.2322278706E+00    0.1019637325E+00    0.0000000000E+00    0.0000000000E+00    0.0000000000E+00    0.0000000000E+00    0.0000000000E+00    0.0000000000E+00    0.1667921834E-09    0.1667921834E-09    0.9999480957E+00    0.9999480957E+00
    2    0.1395000000E+02    0.4644557413E+00   -0.5805696766E+00    0.3392967759E+00    0.0000000000E+00    0.0000000000E+00    0.0000000000E+00    0.0000000000E+00    0.0000000000E+00    0.0000000000E+00    0.1225897059E-11    0.1225897059E-11    0.9999908511E+00    0.9999908511E+00
    3    0.1395000000E+02   -0.3483418059E+00   -0.5805696766E+00   -0.2267391815E+00    0.0000000000E+00    0.0000000000E+00    0.0000000000E+00    0.0000000000E+00    0.0000000000E+00    0.0000000000E+00    0.4757352157E-11    0.4757352157E-11    0.9999523152E+00    0.9999523152E+00
    4    0.1395000000E+02    0.4644557413E+00    0.2322278706E+00   -0.2867794407E+00    0.0000000000E+00    0.0000000000E+00    0.0000000000E+00    0.0000000000E+00    0.0000000000E+00    0.0000000000E+00    0.1764801551E-10    0.1764801551E-10    0.9999629610E+00    0.9999629610E+00
    5    0.1395000000E+02   -0.3483418059E+00   -0.5805696766E+00   -0.3250540178E+00    0.0000000000E+00    0.0000000000E+00    0.0000000000E+00    0.0000000000E+00    0.0000000000E+00    0.0000000000E+00    0.2635732334E-11    0.2635732334E-11    0.9999718234E+00    0.9999718234E+00
    6    0.1395000000E+02    0.4644557413E+00   -0.5805696766E+00   -0.4073492289E+00    0.0000000000E+00    0.0000000000E+00    0.0000000000E+00    0.0000000000E+00    0.0000000000E+00    0.0000000000E+00    0.1241543697E-11    0.1241543697E-11    0.9999790886E+00    0.9999790886E+00
    7    0.1395000000E+02    0.4644557413E+00    0.2322278706E+00   -0.5377184630E+00    0.0000000000E+00    0.0000000000E+00    0.0000000000E+00    0.0000000000E+00    0.0000000000E+00    0.0000000000E+00    0.9122541843E-12    0.9122541843E-12    0.9999829827E+00    0.9999829827E+00
    1    0.1420833333E+02    0.4644557413E+00   -0.5805696766E+00    0.2193624541E+00    0.0000000000E+00    0.0000000000E+00    0.0000000000E+00    0.0000000000E+00    0.0000000000E+00    0.0000000000E+00    0.5430043962E-12    0.5430043962E-12    0.9999833691E+00    0.9999833691E+00
    2    0.1420833333E+02    0.4644557413E+00   -0.5805696766E+00    0.5181336900E+00    0.0000000000E+00    0.0000000000E+00    0.0000000000E+00    0.0000000000E+00    0.0000000000E+00    0.0000000000E+00    0.5035044229E-12    0.5035044229E-12    0.9999786144E+00    0.9999786144E+00
    3    0.1420833333E+02    0.4644557413E+00    0.2322278706E+00    0.4586032853E+00    0.0000000000E+00    0.0000000000E+00    0.0000000000E+00    0.0000000000E+00    0.0000000000E+00    0.0000000000E+00    0.1820661829E-11    0.1820661829E-11    0.9999314576E+00    0.9999314576E+00
    4    0.1420833333E+02    0.4644557413E+00    0.2322278706E+00    0.3616281226E+00    0.0000000000E+00    0.0000000000E+00    0.0000000000E+00    0.0000000000E+00    0.0000000000E+00    0.0000000000E+00    0.1921564805E-11    0.1921564805E-11    0.9999321183E+00    0.9999321183E+00
    5    0.1420833333E+02    0.4644557413E+00   -0.5805696766E+00    0.4022536248E+00    0.0000000000E+00    0.0000000000E+00    0.0000000000E+00    0.0000000000E+00    0.0000000000E+00    0.0000000000E+00    0.5035361689E-12    0.5035361689E-12    0.9999823596E+00    0.9999823596E+00
    1    0.1446666667E+02    0.4644557413E+00   -0.5805696766E+00    0.2604513854E+00    0.0000000000E+00    0.0000000000E+00    0.0000000000E+00    0.0000000000E+00    0.0000000000E+00    0.0000000000E+00    0.2374651643E-12    0.2374651643E-12    0.9999678816E+00    0.9999678816E+00
    2    0.1446666667E+02    0.4644557413E+00   -0.5805696766E+00    0.1368285186E+00    0.0000000000E+00    0.0000000000E+00    0.0000000000E+00    0.0000000000E+00    0.0000000000E+00    0.0000000000E+00    0.6477751303E-11    0.6477751303E-11    0.9999687444E+00    0.9999687444E+00
