    1    0.2066666667E+01   -0.5805696766E+00    0.0000000000E+00   -0.1951497200E+00    0.0000000000E+00    0.0000000000E+00    0.0000000000E+00    0.0000000000E+00    0.0000000000E+00    0.0000000000E+00    0.1690996974E-15    0.1690996974E-15    0.9999984454E+00    0.9999984454E+00
    1    0.2325000000E+01   -0.5805696766E+00    0.0000000000E+00    0.1729643352E+00    0.0000000000E+00    0.0000000000E+00    0.0000000000E+00    0.0000000000E+00    0.0000000000E+00    0.0000000000E+00    0.8504143755E-12    0.8504143755E-12    0.9999976622E+00    0.9999976622E+00
    2    0.2325000000E+01   -0.5805696766E+00    0.0000000000E+00   -0.2513917637E+00    0.0000000000E+00    0.0000000000E+00    0.0000000000E+00    0.0000000000E+00    0.0000000000E+00    0.0000000000E+00    0.8531867220E-12    0.8531867220E-12    0.9999977833E+00    0.9999977833E+00
    3    0.2325000000E+01   -0.5805696766E+00    0.0000000000E+00   -0.2918835258E+00    0.0000000000E+00    0.0000000000E+00    0.0000000000E+00    0.0000000000E+00    0.0000000000E+00    0.0000000000E+00    0.1858675079E-13    0.1858675079E-13    0.9999986525E+00    0.9999986525E+00
    1    0.2583333333E+01   -0.5805696766E+00    0.0000000000E+00    0.8454394436E-01    0.0000000000E+00    0.0000000000E+00    0.0000000000E+00    0.0000000000E+00    0.0000000000E+00    0.0000000000E+00    0.1289327323E-12    0.1289327323E-12    0.9999987345E+00    0.9999987345E+00
    2    0.2583333333E+01   -0.5805696766E+00    0.0000000000E+00   -0.3267065421E+00    0.0000000000E+00    0.0000000000E+00    0.0000000000E+00    0.0000000000E+00    0.0000000000E+00    0.0000000000E+00    0.3892670704E-13    0.3892670704E-13    0.9999990772E+00    0.9999990772E+00
    3    0.2583333333E+01    0.2322278706E+00    0.0000000000E+00   -0.2635330713E+00    0.0000000000E+00    0.0000000000E+00    0.0000000000E+00    0.0000000000E+00    0.0000000000E+00    0.0000000000E+00    0.1216562967E-12    0.1216562967E-12    0.9999965843E+00    0.9999965843E+00
    4    0.2583333333E+01   -0.5805696766E+00    0.0000000000E+00   -0.3738283853E+00    0.0000000000E+00    0.0000000000E+00    0.0000000000E+00    0.0000000000E+00    0.0000000000E+00    0.0000000000E+00    0.3035332097E-15    0.3035332097E-15    0.9999986499E+00    0.9999986499E+00
    1    0.2841666667E+01    0.2322278706E+00    0.0000000000E+00    0.2432098695E+00    0.0000000000E+00    0.0000000000E+00    0.0000000000E+00    0.0000000000E+00    0.0000000000E+00    0.0000000000E+00    0.6216095151E-12    0.6216095151E-12    0.9999978866E+00    0.9999978866E+00
    2    0.2841666667E+01    0.2322278706E+00    0.0000000000E+00   -0.3572029181E+00    0.0000000000E+00    0.0000000000E+00    0.0000000000E+00    0.0000000000E+00    0.0000000000E+00    0.0000000000E+00    0.6104656190E-12    0.6104656190E-12    0.9999979297E+00    0.9999979297E+00
    3    0.2841666667E+01   -0.5805696766E+00    0.0000000000E+00   -0.3732003669E+00    0.0000000000E+00    0.0000000000E+00    0.0000000000E+00    0.0000000000E+00    0.0000000000E+00    0.0000000000E+00    0.2553677505E-17    0.2553677521E-17    0.9999992081E+00    0.9999992081E+00
    4    0.2841666667E+01    0.2322278706E+00    0.0000000000E+00   -0.4179955543E+00    0.0000000000E+00    0.0000000000E+00    0.0000000000E+00    0.0000000000E+00    0.0000000000E+00    0.0000000000E+00    0.1055077117E-13    0.1055077117E-13    0.9999975962E+00    0.9999975962E+00
    5    0.2841666667E+01   -0.5805696766E+00    0.0000000000E+00   -0.4507222882E+00    0.0000000000E+00    0.0000000000E+00    0.0000000000E+00    0.0000000000E+00    0.0000000000E+00    0.0000000000E+00    0.9198915530E-14    0.9198915531E-14    0.9999985667E+00    0.9999985667E+00
    1    0.3100000000E+01    0.2322278706E+00    0.0000000000E+00    0.1692012525E+00    0.0000000000E+00    0.0000000000E+00    0.0000000000E+00    0.0000000000E+00    0.0000000000E+00    0.0000000000E+00    0.4107485959E-13    0.4107485959E-13    0.9999988094E+00    0.9999988094E+00
    2    0.3100000000E+01    0.2322278706E+00    0.0000000000E+00   -0.4285837802E+00    0.0000000000E+00    0.0000000000E+00    0.0000000000E+00    0.0000000000E+00    0.0000000000E+00    0.0000000000E+00    0.3969011508E-13    0.3969011508E-13    0.9999988785E+00    0.9999988785E+00
    3    0.3100000000E+01   -0.5805696766E+00    0.0000000000E+00   -0.4127026793E+00    0.0000000000E+00    0.0000000000E+00    0.0000000000E+00    0.0000000000E+00    0.0000000000E+00    0.0000000000E+00    0.1009474098E-16    0.1009474098E-16    0.9999992274E+00    0.9999992274E+00
    4    0.3100000000E+01   -0.5805696766E+00    0.0000000000E+00   -0.5268654103E+00   -0.5805696766E+00    0.0000000000E+00   -0.5268654103E+00   -0.1630571985E+00    0.2891781113E-13   -0.1412598514E+01    0.3621671140E-14    0.3621671140E-14    0.9999984208E+00    0.9999984208E+00
    5    0.3100000000E+01    0.2322278706E+00    0.0000000000E+00   -0.5326280209E+00    0.0000000000E+00    0.0000000000E+00    0.0000000000E+00    0.0000000000E+00    0.0000000000E+00    0.0000000000E+00    0.4307672629E-14    0.4307672629E-14    0.9999978365E+00    0.9999978365E+00
    1    0.3358333333E+01    0.2322278706E+00    0.0000000000E+00    0.1151218273E+00    0.0000000000E+00    0.0000000000E+00    0.0000000000E+00    0.0000000000E+00    0.0000000000E+00    0.0000000000E+00    0.2967795130E-13    0.2967795130E-13    0.9999988393E+00    0.9999988393E+00
    2    0.3358333333E+01   -0.5805696766E+00    0.0000000000E+00   -0.4491550122E+00    0.0000000000E+00    0.0000000000E+00    0.0000000000E+00    0.0000000000E+00    0.0000000000E+00    0.0000000000E+00    0.1781260388E-16    0.1781260481E-16    0.9999992097E+00    0.9999992097E+00
    3    0.3358333333E+01    0.2322278706E+00    0.0000000000E+00   -0.4769722623E+00    0.0000000000E+00    0.0000000000E+00    0.0000000000E+00    0.0000000000E+00    0.0000000000E+00    0.0000000000E+00    0.1314808176E-14    0.1314808177E-14    0.9999990121E+00    0.9999990121E+00
    4    0.3358333333E+01   -0.5805696766E+00    0.0000000000E+00    0.5441407307E+00    0.0000000000E+00    0.0000000000E+00    0.0000000000E+00    0.0000000000E+00    0.0000000000E+00    0.0000000000E+00    0.4485342029E-15    0.4485342029E-15    0.9999982001E+00    0.9999982001E+00
    5    0.3358333333E+01    0.2322278706E+00    0.0000000000E+00    0.5167303210E+00    0.0000000000E+00    0.0000000000E+00    0.0000000000E+00    0.0000000000E+00    0.0000000000E+00    0.0000000000E+00    0.1124261136E-13    0.1124261136E-13    0.9999978501E+00    0.9999978501E+00
    1    0.3616666667E+01    0.2322278706E+00    0.0000000000E+00    0.5758452766E-01    0.0000000000E+00    0.0000000000E+00    0.0000000000E+00    0.0000000000E+00    0.0000000000E+00    0.0000000000E+00    0.2924635301E-12    0.2924635301E-12    0.9999983511E+00    0.9999983511E+00
    2    0.3616666667E+01   -0.5805696766E+00    0.0000000000E+00   -0.4842252090E+00    0.0000000000E+00    0.0000000000E+00    0.0000000000E+00    0.0000000000E+00    0.0000000000E+00    0.0000000000E+00    0.2103072284E-16    0.2103072314E-16    0.9999991696E+00    0.9999991696E+00
    3    0.3616666667E+01    0.2322278706E+00    0.0000000000E+00   -0.5186604810E+00    0.0000000000E+00    0.0000000000E+00    0.0000000000E+00    0.0000000000E+00    0.0000000000E+00    0.0000000000E+00    0.1646080284E-13    0.1646080284E-13    0.9999990215E+00    0.9999990215E+00
    4    0.3616666667E+01   -0.5805696766E+00    0.0000000000E+00    0.4594883665E+00    0.0000000000E+00    0.0000000000E+00    0.0000000000E+00    0.0000000000E+00    0.0000000000E+00    0.0000000000E+00    0.2236035628E-13    0.2236035628E-13    0.9999978647E+00    0.9999978647E+00
    5    0.3616666667E+01    0.2322278706E+00    0.0000000000E+00    0.4208346594E+00    0.0000000000E+00    0.0000000000E+00    0.0000000000E+00    0.0000000000E+00    0.0000000000E+00    0.0000000000E+00    0.1097430810E-13    0.1097430810E-13    0.9999976959E+00    0.9999976959E+00
    1    0.3875000000E+01    0.2322278706E+00    0.0000000000E+00   -0.5574391648E+00    0.0000000000E+00    0.0000000000E+00    0.0000000000E+00    0.0000000000E+00    0.0000000000E+00    0.0000000000E+00    0.4106416460E-14    0.4106416460E-14    0.9999990224E+00    0.9999990224E+00
    2    0.3875000000E+01   -0.5805696766E+00    0.0000000000E+00   -0.5189133268E+00    0.0000000000E+00    0.0000000000E+00    0.0000000000E+00    0.0000000000E+00    0.0000000000E+00    0.0000000000E+00    0.1539947332E-15    0.1539947332E-15    0.9999991104E+00    0.9999991104E+00
    3    0.3875000000E+01    0.2322278706E+00    0.0000000000E+00    0.3207246383E+00    0.0000000000E+00    0.0000000000E+00    0.0000000000E+00    0.0000000000E+00    0.0000000000E+00    0.0000000000E+00    0.4797230245E-13    0.4797230245E-13    0.9999972851E+00    0.9999972851E+00
    4    0.3875000000E+01   -0.5805696766E+00    0.0000000000E+00    0.3626311762E+00    0.0000000000E+00    0.0000000000E+00    0.0000000000E+00    0.0000000000E+00    0.0000000000E+00    0.0000000000E+00    0.6080424250E-14    0.6080424250E-14    0.9999972719E+00    0.9999972719E+00
    1    0.4133333333E+01    0.2322278706E+00    0.0000000000E+00    0.5551861549E+00    0.0000000000E+00    0.0000000000E+00    0.0000000000E+00    0.0000000000E+00    0.0000000000E+00    0.0000000000E+00    0.3427137493E-14    0.3427138025E-14    0.9999989832E+00    0.9999989832E+00
    2    0.4133333333E+01   -0.5805696766E+00    0.0000000000E+00   -0.5540616541E+00    0.0000000000E+00    0.0000000000E+00    0.0000000000E+00    0.0000000000E+00    0.0000000000E+00    0.0000000000E+00    0.2526284414E-14    0.2526284418E-14    0.9999990246E+00    0.9999990246E+00
    3    0.4133333333E+01   -0.5805696766E+00    0.8127975472E+00   -0.5337755372E+00   -0.5805696766E+00    0.8127975472E+00   -0.5337755372E+00    0.0000000000E+00    0.0000000000E+00    0.0000000000E+00    0.7519786691E-11    0.7519786691E-11    0.9999929351E+00    0.9999929351E+00
    4    0.4133333333E+01   -0.5805696766E+00    0.8127975472E+00    0.2146885649E+00   -0.5805696766E+00    0.8127975472E+00    0.2146885649E+00    0.0000000000E+00    0.0000000000E+00    0.0000000000E+00    0.2012809198E-12    0.2012809198E-12    0.9999971060E+00    0.9999971060E+00
    5    0.4133333333E+01   -0.5805696766E+00    0.8127975472E+00   -0.4952531312E+00   -0.5805696766E+00    0.8127975472E+00   -0.4952531312E+00    0.0000000000E+00    0.0000000000E+00    0.0000000000E+00    0.1540629632E-11    0.1540629632E-11    0.9999956726E+00    0.9999956726E+00
    6    0.4133333333E+01   -0.5805696766E+00    0.0000000000E+00    0.2370771921E+00    0.0000000000E+00    0.0000000000E+00    0.0000000000E+00    0.0000000000E+00    0.0000000000E+00    0.0000000000E+00    0.1191261818E-12    0.1191261854E-12    0.9999957798E+00    0.9999957798E+00
    7    0.4133333333E+01    0.2322278706E+00    0.0000000000E+00    0.1996631927E+00    0.0000000000E+00    0.0000000000E+00    0.0000000000E+00    0.0000000000E+00    0.0000000000E+00    0.0000000000E+00    0.5443012003E-14    0.5443012003E-14    0.9999960133E+00    0.9999960133E+00
    8    0.4133333333E+01   -0.5805696766E+00    0.8127975472E+00    0.2151027140E+00   -0.5805696766E+00    0.8127975472E+00    0.2151027140E+00    0.0000000000E+00    0.0000000000E+00    0.0000000000E+00    0.2507696623E-12    0.2507696623E-12    0.9999971575E+00    0.9999971575E+00
    1    0.4391666667E+01    0.2322278706E+00    0.0000000000E+00    0.5181719575E+00    0.0000000000E+00    0.0000000000E+00    0.0000000000E+00    0.0000000000E+00    0.0000000000E+00    0.0000000000E+00    0.3740595324E-15    0.3743130650E-15    0.9999989277E+00    0.9999989277E+00
    2    0.4391666667E+01   -0.5805696766E+00    0.0000000000E+00    0.5595756883E+00    0.0000000000E+00    0.0000000000E+00    0.0000000000E+00    0.0000000000E+00    0.0000000000E+00    0.0000000000E+00    0.2829942834E-13    0.2829942936E-13    0.9999988561E+00    0.9999988561E+00
    3    0.4391666667E+01    0.2322278706E+00    0.8127975472E+00   -0.3956831022E+00    0.2322278706E+00    0.8127975472E+00   -0.3956831022E+00    0.0000000000E+00    0.0000000000E+00    0.0000000000E+00    0.2044846993E-12    0.2044847006E-12    0.9999966030E+00    0.9999966030E+00
    4    0.4391666667E+01   -0.5805696766E+00    0.0000000000E+00   -0.6039626246E-01    0.0000000000E+00    0.0000000000E+00    0.0000000000E+00    0.0000000000E+00    0.0000000000E+00    0.0000000000E+00    0.2226330806E-12    0.2226330806E-12    0.9999984615E+00    0.9999984615E+00
    5    0.4391666667E+01    0.2322278706E+00    0.8127975472E+00    0.1224155837E+00    0.2322278706E+00    0.8127975472E+00    0.1224155837E+00    0.0000000000E+00    0.0000000000E+00    0.0000000000E+00    0.2221393964E-12    0.2221394211E-12    0.9999969341E+00    0.9999969341E+00
    6    0.4391666667E+01   -0.5805696766E+00    0.8127975472E+00    0.1335638714E+00   -0.5805696766E+00    0.8127975472E+00    0.1335638714E+00    0.0000000000E+00    0.0000000000E+00    0.0000000000E+00    0.1184225013E-13    0.1184225836E-13    0.9999979605E+00    0.9999979605E+00
    7    0.4391666667E+01    0.2322278706E+00    0.8127975472E+00   -0.3864355595E+00    0.2322278706E+00    0.8127975472E+00   -0.3864355595E+00    0.0000000000E+00    0.0000000000E+00    0.0000000000E+00    0.3420185715E-12    0.3420185715E-12    0.9999966410E+00    0.9999966410E+00
    8    0.4391666667E+01   -0.5805696766E+00    0.8127975472E+00    0.1334592608E+00   -0.5805696766E+00    0.8127975472E+00    0.1334592608E+00    0.0000000000E+00    0.0000000000E+00    0.0000000000E+00    0.1810680024E-14    0.1810681888E-14    0.9999979690E+00    0.9999979690E+00
    9    0.4391666667E+01    0.2322278706E+00    0.8127975472E+00    0.1266049932E+00    0.2322278706E+00    0.8127975472E+00    0.1266049932E+00    0.0000000000E+00    0.0000000000E+00    0.0000000000E+00    0.3534004457E-12    0.3534004457E-12    0.9999969475E+00    0.9999969475E+00
    1    0.4650000000E+01   -0.5805696766E+00    0.0000000000E+00   -0.1057896820E+00    0.0000000000E+00    0.0000000000E+00    0.0000000000E+00    0.0000000000E+00    0.0000000000E+00    0.0000000000E+00    0.3705500249E-13    0.3705500249E-13    0.9999987540E+00    0.9999987540E+00
    2    0.4650000000E+01    0.2322278706E+00    0.0000000000E+00    0.4807938822E+00    0.0000000000E+00    0.0000000000E+00    0.0000000000E+00    0.0000000000E+00    0.0000000000E+00    0.0000000000E+00    0.3932846486E-15    0.3932846486E-15    0.9999988395E+00    0.9999988395E+00
    3    0.4650000000E+01   -0.5805696766E+00    0.0000000000E+00    0.5210398034E+00    0.0000000000E+00    0.0000000000E+00    0.0000000000E+00    0.0000000000E+00    0.0000000000E+00    0.0000000000E+00    0.5352220352E-15    0.5352220353E-15    0.9999987973E+00    0.9999987973E+00
    4    0.4650000000E+01    0.2322278706E+00    0.8127975472E+00   -0.5048274409E+00    0.2322278706E+00    0.8127975472E+00   -0.5048274409E+00    0.0000000000E+00    0.0000000000E+00    0.0000000000E+00    0.1337445083E-11    0.1337445083E-11    0.9999961783E+00    0.9999961783E+00
    5    0.4650000000E+01    0.2322278706E+00    0.8127975472E+00    0.3775786155E-01    0.2322278706E+00    0.8127975472E+00    0.3775786155E-01    0.0000000000E+00    0.0000000000E+00    0.0000000000E+00    0.6236903047E-13    0.6236903047E-13    0.9999977466E+00    0.9999977466E+00
    6    0.4650000000E+01   -0.5805696766E+00    0.8127975472E+00    0.6651960047E-01   -0.5805696766E+00    0.8127975472E+00    0.6651960047E-01    0.0000000000E+00    0.0000000000E+00    0.0000000000E+00    0.1157506938E-12    0.1157506938E-12    0.9999979557E+00    0.9999979557E+00
    7    0.4650000000E+01    0.2322278706E+00    0.8127975472E+00   -0.4891964389E+00    0.2322278706E+00    0.8127975472E+00   -0.4891964389E+00    0.0000000000E+00    0.0000000000E+00    0.0000000000E+00    0.6780552406E-12    0.6780552406E-12    0.9999967099E+00    0.9999967099E+00
    8    0.4650000000E+01    0.2322278706E+00    0.8127975472E+00    0.4258001563E-01    0.2322278706E+00    0.8127975472E+00    0.4258001563E-01    0.0000000000E+00    0.0000000000E+00    0.0000000000E+00    0.3757908593E-13    0.3757908593E-13    0.9999978096E+00    0.9999978096E+00
    9    0.4650000000E+01   -0.5805696766E+00    0.8127975472E+00    0.6671196785E-01   -0.5805696766E+00    0.8127975472E+00    0.6671196785E-01    0.0000000000E+00    0.0000000000E+00    0.0000000000E+00    0.8961522849E-13    0.8961522849E-13    0.9999979561E+00    0.9999979561E+00
    1    0.4908333333E+01   -0.5805696766E+00    0.0000000000E+00   -0.1434774873E+00    0.0000000000E+00    0.0000000000E+00    0.0000000000E+00    0.0000000000E+00    0.0000000000E+00    0.0000000000E+00    0.5969671577E-14    0.5969671577E-14    0.9999988169E+00    0.9999988169E+00
    2    0.4908333333E+01    0.2322278706E+00    0.0000000000E+00    0.4421121137E+00    0.0000000000E+00    0.0000000000E+00    0.0000000000E+00    0.0000000000E+00    0.0000000000E+00    0.0000000000E+00    0.4336702178E-15    0.4336702179E-15    0.9999987174E+00    0.9999987174E+00
    3    0.4908333333E+01   -0.5805696766E+00    0.0000000000E+00    0.4789116745E+00    0.0000000000E+00    0.0000000000E+00    0.0000000000E+00    0.0000000000E+00    0.0000000000E+00    0.0000000000E+00    0.1235047342E-14    0.1235047342E-14    0.9999985695E+00    0.9999985695E+00
    4    0.4908333333E+01    0.2322278706E+00    0.8127975472E+00   -0.2846857363E-01    0.2322278706E+00    0.8127975472E+00   -0.2846857363E-01    0.0000000000E+00    0.0000000000E+00    0.0000000000E+00    0.7970242367E-14    0.7970242367E-14    0.9999979692E+00    0.9999979692E+00
    5    0.4908333333E+01    0.2322278706E+00    0.8127975472E+00   -0.2260833237E-01    0.2322278706E+00    0.8127975472E+00   -0.2260833237E-01    0.0000000000E+00    0.0000000000E+00    0.0000000000E+00    0.1652054772E-13    0.1652054772E-13    0.9999979714E+00    0.9999979714E+00
    1    0.5166666667E+01    0.2322278706E+00    0.0000000000E+00    0.4009943958E+00    0.0000000000E+00    0.0000000000E+00    0.0000000000E+00    0.0000000000E+00    0.0000000000E+00    0.0000000000E+00    0.1045348637E-15    0.1045348663E-15    0.9999985424E+00    0.9999985424E+00
    2    0.5166666667E+01   -0.5805696766E+00    0.0000000000E+00    0.4300933506E+00    0.0000000000E+00    0.0000000000E+00    0.0000000000E+00    0.0000000000E+00    0.0000000000E+00    0.0000000000E+00    0.3754386085E-14    0.3754386090E-14    0.9999981885E+00    0.9999981885E+00
    3    0.5166666667E+01   -0.5805696766E+00    0.8127975472E+00    0.4827220668E+00   -0.5805696766E+00    0.8127975472E+00    0.4827220668E+00    0.0000000000E+00    0.0000000000E+00    0.0000000000E+00    0.4850091214E-12    0.4850091214E-12    0.9999967313E+00    0.9999967313E+00
    4    0.5166666667E+01   -0.5805696766E+00    0.0000000000E+00   -0.1787085930E+00    0.0000000000E+00    0.0000000000E+00    0.0000000000E+00    0.0000000000E+00    0.0000000000E+00    0.0000000000E+00    0.2928372655E-14    0.2928372657E-14    0.9999987982E+00    0.9999987982E+00
    5    0.5166666667E+01   -0.5805696766E+00    0.8127975472E+00   -0.3033775943E-01   -0.5805696766E+00    0.8127975472E+00   -0.3033775943E-01    0.0000000000E+00    0.0000000000E+00    0.0000000000E+00    0.8927272832E-12    0.8927272832E-12    0.9999969158E+00    0.9999969158E+00
    6    0.5166666667E+01    0.2322278706E+00    0.8127975472E+00   -0.8956025344E-01    0.2322278706E+00    0.8127975472E+00   -0.8956025344E-01    0.0000000000E+00    0.0000000000E+00    0.0000000000E+00    0.6207955963E-14    0.6207955963E-14    0.9999979452E+00    0.9999979452E+00
    7    0.5166666667E+01   -0.5805696766E+00    0.8127975472E+00    0.4892479521E+00   -0.5805696766E+00    0.8127975472E+00    0.4892479521E+00    0.0000000000E+00    0.0000000000E+00    0.0000000000E+00    0.6791770097E-12    0.6791770097E-12    0.9999966740E+00    0.9999966740E+00
    8    0.5166666667E+01   -0.5805696766E+00    0.8127975472E+00   -0.2017609248E-01   -0.5805696766E+00    0.8127975472E+00   -0.2017609248E-01    0.0000000000E+00    0.0000000000E+00    0.0000000000E+00    0.2377673471E-11    0.2377673471E-11    0.9999958412E+00    0.9999958412E+00
    9    0.5166666667E+01    0.2322278706E+00    0.8127975472E+00   -0.8324014174E-01    0.2322278706E+00    0.8127975472E+00   -0.8324014174E-01    0.0000000000E+00    0.0000000000E+00    0.0000000000E+00    0.7155459452E-15    0.7155459452E-15    0.9999979630E+00    0.9999979630E+00
    1    0.5425000000E+01    0.2322278706E+00    0.0000000000E+00    0.3556279391E+00    0.0000000000E+00    0.0000000000E+00    0.0000000000E+00    0.0000000000E+00    0.0000000000E+00    0.0000000000E+00    0.7796356836E-12    0.7796356836E-12    0.9999980097E+00    0.9999980097E+00
    2    0.5425000000E+01   -0.5805696766E+00    0.0000000000E+00    0.3668874672E+00    0.0000000000E+00    0.0000000000E+00    0.0000000000E+00    0.0000000000E+00    0.0000000000E+00    0.0000000000E+00    0.1739664388E-14    0.1739664396E-14    0.9999972980E+00    0.9999972980E+00
    3    0.5425000000E+01   -0.5805696766E+00    0.8127975472E+00    0.3938842900E+00   -0.5805696766E+00    0.8127975472E+00    0.3938842900E+00    0.0000000000E+00    0.0000000000E+00    0.0000000000E+00    0.7161613682E-13    0.7161613682E-13    0.9999967039E+00    0.9999967039E+00
    4    0.5425000000E+01    0.2322278706E+00    0.0000000000E+00   -0.8138578654E-02    0.0000000000E+00    0.0000000000E+00    0.0000000000E+00    0.0000000000E+00    0.0000000000E+00    0.0000000000E+00    0.2944039640E-10    0.2944039640E-10    0.9999875587E+00    0.9999875587E+00
    5    0.5425000000E+01   -0.5805696766E+00    0.0000000000E+00   -0.2130692411E+00    0.0000000000E+00    0.0000000000E+00    0.0000000000E+00    0.0000000000E+00    0.0000000000E+00    0.0000000000E+00    0.1949841691E-14    0.1949841692E-14    0.9999987479E+00    0.9999987479E+00
    6    0.5425000000E+01    0.2322278706E+00    0.8127975472E+00   -0.1512523234E+00    0.2322278706E+00    0.8127975472E+00   -0.1512523234E+00    0.0000000000E+00    0.0000000000E+00    0.0000000000E+00    0.2626401595E-14    0.2626401604E-14    0.9999977079E+00    0.9999977079E+00
    7    0.5425000000E+01   -0.5805696766E+00    0.8127975472E+00   -0.1082485666E+00   -0.5805696766E+00    0.8127975472E+00   -0.1082485666E+00    0.0000000000E+00    0.0000000000E+00    0.0000000000E+00    0.1222474528E-12    0.1222474528E-12    0.9999970544E+00    0.9999970544E+00
    8    0.5425000000E+01   -0.5805696766E+00    0.8127975472E+00    0.4003144286E+00   -0.5805696766E+00    0.8127975472E+00    0.4003144286E+00    0.0000000000E+00    0.0000000000E+00    0.0000000000E+00    0.1283338110E-12    0.1283338110E-12    0.9999967639E+00    0.9999967639E+00
    9    0.5425000000E+01    0.2322278706E+00    0.8127975472E+00   -0.1443807264E+00    0.2322278706E+00    0.8127975472E+00   -0.1443807264E+00    0.0000000000E+00    0.0000000000E+00    0.0000000000E+00    0.1169089436E-14    0.1169089437E-14    0.9999977304E+00    0.9999977304E+00
   10    0.5425000000E+01   -0.5805696766E+00    0.8127975472E+00   -0.1014236583E+00   -0.5805696766E+00    0.8127975472E+00   -0.1014236583E+00    0.0000000000E+00    0.0000000000E+00    0.0000000000E+00    0.1627517046E-12    0.1627517046E-12    0.9999971014E+00    0.9999971014E+00
    1    0.5683333333E+01    0.2322278706E+00    0.8127975472E+00    0.5335642858E+00    0.2322278706E+00    0.8127975472E+00    0.5335642858E+00    0.0000000000E+00    0.0000000000E+00    0.0000000000E+00    0.9580896639E-11    0.9580896639E-11    0.9999919467E+00    0.9999919467E+00
    2    0.5683333333E+01    0.2322278706E+00    0.0000000000E+00    0.3023815251E+00    0.0000000000E+00    0.0000000000E+00    0.0000000000E+00    0.0000000000E+00    0.0000000000E+00    0.0000000000E+00    0.1786514442E-13    0.1786514442E-13    0.9999977795E+00    0.9999977795E+00
    3    0.5683333333E+01    0.2322278706E+00    0.0000000000E+00   -0.8208745053E-01    0.0000000000E+00    0.0000000000E+00    0.0000000000E+00    0.0000000000E+00    0.0000000000E+00    0.0000000000E+00    0.1761502077E-12    0.1761502077E-12    0.9999982737E+00    0.9999982737E+00
    4    0.5683333333E+01    0.2322278706E+00    0.8127975472E+00   -0.2222413059E+00    0.2322278706E+00    0.8127975472E+00   -0.2222413059E+00    0.0000000000E+00    0.0000000000E+00    0.0000000000E+00    0.2213528359E-12    0.2213528359E-12    0.9999967892E+00    0.9999967892E+00
    5    0.5683333333E+01    0.2322278706E+00    0.8127975472E+00    0.5386243482E+00    0.2322278706E+00    0.8127975472E+00    0.5386243482E+00    0.0000000000E+00    0.0000000000E+00    0.0000000000E+00    0.1144140390E-10    0.1144140390E-10    0.9999915656E+00    0.9999915656E+00
    6    0.5683333333E+01    0.2322278706E+00    0.8127975472E+00   -0.2143369015E+00    0.2322278706E+00    0.8127975472E+00   -0.2143369015E+00    0.0000000000E+00    0.0000000000E+00    0.0000000000E+00    0.4026282166E-12    0.4026282166E-12    0.9999967124E+00    0.9999967124E+00
    1    0.5941666667E+01    0.2322278706E+00    0.0000000000E+00    0.2311688691E+00    0.0000000000E+00    0.0000000000E+00    0.0000000000E+00    0.0000000000E+00    0.0000000000E+00    0.0000000000E+00    0.2650027065E-13    0.2650027065E-13    0.9999965303E+00    0.9999965303E+00
    2    0.5941666667E+01    0.2322278706E+00    0.0000000000E+00   -0.1234644266E+00    0.0000000000E+00    0.0000000000E+00    0.0000000000E+00    0.0000000000E+00    0.0000000000E+00    0.0000000000E+00    0.3240977299E-13    0.3240977300E-13    0.9999984993E+00    0.9999984993E+00
    3    0.5941666667E+01   -0.5805696766E+00    0.0000000000E+00   -0.2817604374E+00    0.0000000000E+00    0.0000000000E+00    0.0000000000E+00    0.0000000000E+00    0.0000000000E+00    0.0000000000E+00    0.4486922732E-15    0.4486922733E-15    0.9999986334E+00    0.9999986334E+00
    1    0.6200000000E+01    0.2322278706E+00    0.0000000000E+00    0.6049222299E-01    0.0000000000E+00    0.0000000000E+00    0.0000000000E+00    0.0000000000E+00    0.0000000000E+00    0.0000000000E+00    0.6905595842E-10    0.6905595842E-10    0.9999768317E+00    0.9999768317E+00
    2    0.6200000000E+01   -0.5805696766E+00    0.0000000000E+00   -0.3171485200E+00    0.0000000000E+00    0.0000000000E+00    0.0000000000E+00    0.0000000000E+00    0.0000000000E+00    0.0000000000E+00    0.6772147342E-16    0.6772147381E-16    0.9999985368E+00    0.9999985368E+00
    3    0.6200000000E+01    0.2322278706E+00    0.0000000000E+00   -0.1600339097E+00    0.0000000000E+00    0.0000000000E+00    0.0000000000E+00    0.0000000000E+00    0.0000000000E+00    0.0000000000E+00    0.3667485961E-13    0.3667485962E-13    0.9999985166E+00    0.9999985166E+00
    1    0.6458333333E+01    0.2322278706E+00    0.0000000000E+00   -0.1954796917E+00    0.0000000000E+00    0.0000000000E+00    0.0000000000E+00    0.0000000000E+00    0.0000000000E+00    0.0000000000E+00    0.3225982897E-16    0.3225982897E-16    0.9999985112E+00    0.9999985112E+00
    2    0.6458333333E+01   -0.5805696766E+00    0.0000000000E+00   -0.3536630871E+00    0.0000000000E+00    0.0000000000E+00    0.0000000000E+00    0.0000000000E+00    0.0000000000E+00    0.0000000000E+00    0.4107075195E-18    0.4107075195E-18    0.9999984199E+00    0.9999984199E+00
    1    0.6716666667E+01   -0.5805696766E+00    0.0000000000E+00   -0.3917032426E+00    0.0000000000E+00    0.0000000000E+00    0.0000000000E+00    0.0000000000E+00    0.0000000000E+00    0.0000000000E+00    0.2922340263E-17    0.2922340263E-17    0.9999982805E+00    0.9999982805E+00
    2    0.6716666667E+01    0.2322278706E+00    0.0000000000E+00   -0.2305234137E+00    0.0000000000E+00    0.0000000000E+00    0.0000000000E+00    0.0000000000E+00    0.0000000000E+00    0.0000000000E+00    0.1518161072E-14    0.1518161072E-14    0.9999984480E+00    0.9999984480E+00
    1    0.6975000000E+01   -0.5805696766E+00    0.0000000000E+00   -0.4316949773E+00    0.0000000000E+00    0.0000000000E+00    0.0000000000E+00    0.0000000000E+00    0.0000000000E+00    0.0000000000E+00    0.2909436626E-15    0.2909436626E-15    0.9999981148E+00    0.9999981148E+00
    2    0.6975000000E+01    0.2322278706E+00    0.0000000000E+00   -0.2659832028E+00    0.0000000000E+00    0.0000000000E+00    0.0000000000E+00    0.0000000000E+00    0.0000000000E+00    0.0000000000E+00    0.2119287771E-14    0.2119287771E-14    0.9999983557E+00    0.9999983557E+00
    1    0.7233333333E+01   -0.5805696766E+00    0.0000000000E+00   -0.4741032144E+00    0.0000000000E+00    0.0000000000E+00    0.0000000000E+00    0.0000000000E+00    0.0000000000E+00    0.0000000000E+00    0.1238974495E-14    0.1238974496E-14    0.9999979190E+00    0.9999979190E+00
    2    0.7233333333E+01    0.2322278706E+00    0.0000000000E+00   -0.3024410929E+00    0.0000000000E+00    0.0000000000E+00    0.0000000000E+00    0.0000000000E+00    0.0000000000E+00    0.0000000000E+00    0.1222556158E-14    0.1222556158E-14    0.9999982342E+00    0.9999982342E+00
    1    0.7491666667E+01   -0.5805696766E+00    0.0000000000E+00   -0.5193937568E+00    0.0000000000E+00    0.0000000000E+00    0.0000000000E+00    0.0000000000E+00    0.0000000000E+00    0.0000000000E+00    0.8281319357E-15    0.8281319407E-15    0.9999976928E+00    0.9999976928E+00
    2    0.7491666667E+01    0.2322278706E+00    0.0000000000E+00   -0.3404793688E+00    0.0000000000E+00    0.0000000000E+00    0.0000000000E+00    0.0000000000E+00    0.0000000000E+00    0.0000000000E+00    0.2488094412E-15    0.2488094460E-15    0.9999980779E+00    0.9999980779E+00
    1    0.7750000000E+01    0.2322278706E+00    0.0000000000E+00   -0.3807968802E+00    0.0000000000E+00    0.0000000000E+00    0.0000000000E+00    0.0000000000E+00    0.0000000000E+00    0.0000000000E+00    0.2543660632E-18    0.2543660641E-18    0.9999978743E+00    0.9999978743E+00
    2    0.7750000000E+01   -0.5805696766E+00    0.0000000000E+00   -0.5680863282E+00    0.0000000000E+00    0.0000000000E+00    0.0000000000E+00    0.0000000000E+00    0.0000000000E+00    0.0000000000E+00    0.9802242534E-13    0.9802242534E-13    0.9999973468E+00    0.9999973468E+00
    1    0.8008333333E+01    0.2322278706E+00    0.0000000000E+00   -0.4243527824E+00    0.0000000000E+00    0.0000000000E+00    0.0000000000E+00    0.0000000000E+00    0.0000000000E+00    0.0000000000E+00    0.7786308420E-17    0.7786308421E-17    0.9999976007E+00    0.9999976007E+00
    2    0.8008333333E+01   -0.5805696766E+00    0.0000000000E+00    0.5302541597E+00    0.0000000000E+00    0.0000000000E+00    0.0000000000E+00    0.0000000000E+00    0.0000000000E+00    0.0000000000E+00    0.1845786678E-14    0.1845786678E-14    0.9999972266E+00    0.9999972266E+00
    1    0.8266666667E+01    0.2322278706E+00    0.0000000000E+00   -0.4726238058E+00    0.0000000000E+00    0.0000000000E+00    0.0000000000E+00    0.0000000000E+00    0.0000000000E+00    0.0000000000E+00    0.2657458365E-15    0.2657458365E-15    0.9999972118E+00    0.9999972118E+00
    2    0.8266666667E+01   -0.5805696766E+00    0.0000000000E+00    0.4768870274E+00    0.0000000000E+00    0.0000000000E+00    0.0000000000E+00    0.0000000000E+00    0.0000000000E+00    0.0000000000E+00    0.1560993931E-13    0.1560993931E-13    0.9999970844E+00    0.9999970844E+00
    1    0.8525000000E+01    0.2322278706E+00    0.0000000000E+00   -0.5281837571E+00    0.0000000000E+00    0.0000000000E+00    0.0000000000E+00    0.0000000000E+00    0.0000000000E+00    0.0000000000E+00    0.2843912047E-14    0.2843912047E-14    0.9999966067E+00    0.9999966067E+00
    2    0.8525000000E+01   -0.5805696766E+00    0.0000000000E+00    0.4235789074E+00    0.0000000000E+00    0.0000000000E+00    0.0000000000E+00    0.0000000000E+00    0.0000000000E+00    0.0000000000E+00    0.8206942571E-14    0.8206942571E-14    0.9999970544E+00    0.9999970544E+00
    1    0.8783333333E+01    0.2322278706E+00    0.0000000000E+00    0.5537517753E+00    0.0000000000E+00    0.0000000000E+00    0.0000000000E+00    0.0000000000E+00    0.0000000000E+00    0.0000000000E+00    0.5035447927E-13    0.5035447927E-13    0.9999955220E+00    0.9999955220E+00
    2    0.8783333333E+01   -0.5805696766E+00    0.0000000000E+00    0.3721434811E+00    0.0000000000E+00    0.0000000000E+00    0.0000000000E+00    0.0000000000E+00    0.0000000000E+00    0.0000000000E+00    0.7642858935E-15    0.7642858935E-15    0.9999971075E+00    0.9999971075E+00
    1    0.9041666667E+01    0.2322278706E+00    0.0000000000E+00    0.4622595106E+00    0.0000000000E+00    0.0000000000E+00    0.0000000000E+00    0.0000000000E+00    0.0000000000E+00    0.0000000000E+00    0.5997589201E-13    0.5997589209E-13    0.9999935191E+00    0.9999935191E+00
    2    0.9041666667E+01   -0.5805696766E+00    0.0000000000E+00    0.3233637155E+00    0.0000000000E+00    0.0000000000E+00    0.0000000000E+00    0.0000000000E+00    0.0000000000E+00    0.0000000000E+00    0.1597808515E-13    0.1597808516E-13    0.9999971819E+00    0.9999971819E+00
    3    0.9041666667E+01   -0.5805696766E+00    0.8127975472E+00   -0.2408120227E+00   -0.5805696766E+00    0.8127975472E+00   -0.2408120227E+00    0.0000000000E+00    0.0000000000E+00    0.0000000000E+00    0.8091324226E-14    0.8091324362E-14    0.9999931106E+00    0.9999931106E+00
    4    0.9041666667E+01   -0.5805696766E+00    0.8127975472E+00   -0.2332302060E+00   -0.5805696766E+00    0.8127975472E+00   -0.2332302060E+00    0.0000000000E+00    0.0000000000E+00    0.0000000000E+00    0.3645120871E-12    0.3645120876E-12    0.9999930339E+00    0.9999930339E+00
    1    0.9300000000E+01    0.2322278706E+00    0.0000000000E+00    0.3378916479E+00    0.0000000000E+00    0.0000000000E+00    0.0000000000E+00    0.0000000000E+00    0.0000000000E+00    0.0000000000E+00    0.8905901480E-13    0.8905901480E-13    0.9999922347E+00    0.9999922347E+00
    2    0.9300000000E+01   -0.5805696766E+00    0.0000000000E+00    0.2770452773E+00    0.0000000000E+00    0.0000000000E+00    0.0000000000E+00    0.0000000000E+00    0.0000000000E+00    0.0000000000E+00    0.2079192879E-13    0.2079192879E-13    0.9999972342E+00    0.9999972342E+00
    3    0.9300000000E+01   -0.5805696766E+00    0.8127975472E+00   -0.3318280305E+00   -0.5805696766E+00    0.8127975472E+00   -0.3318280305E+00    0.0000000000E+00    0.0000000000E+00    0.0000000000E+00    0.2618084544E-13    0.2618084544E-13    0.9999952751E+00    0.9999952751E+00
    4    0.9300000000E+01   -0.5805696766E+00    0.8127975472E+00   -0.3258202490E+00   -0.5805696766E+00    0.8127975472E+00   -0.3258202490E+00    0.0000000000E+00    0.0000000000E+00    0.0000000000E+00    0.2498168401E-12    0.2498168401E-12    0.9999951746E+00    0.9999951746E+00
    1    0.9558333333E+01    0.2322278706E+00    0.8127975472E+00    0.9443938439E-01    0.2322278706E+00    0.8127975472E+00    0.9443938439E-01    0.0000000000E+00    0.0000000000E+00    0.0000000000E+00    0.1882447812E-10    0.1882447813E-10    0.9999827083E+00    0.9999827083E+00
    2    0.9558333333E+01    0.2322278706E+00    0.0000000000E+00    0.2292689159E+00    0.0000000000E+00    0.0000000000E+00    0.0000000000E+00    0.0000000000E+00    0.0000000000E+00    0.0000000000E+00    0.2771614793E-13    0.2771615693E-13    0.9999943072E+00    0.9999943072E+00
    3    0.9558333333E+01   -0.5805696766E+00    0.0000000000E+00    0.2325475404E+00    0.0000000000E+00    0.0000000000E+00    0.0000000000E+00    0.0000000000E+00    0.0000000000E+00    0.0000000000E+00    0.7450413725E-14    0.7450422577E-14    0.9999972489E+00    0.9999972489E+00
    4    0.9558333333E+01   -0.5805696766E+00    0.8127975472E+00   -0.4056440874E+00   -0.5805696766E+00    0.8127975472E+00   -0.4056440874E+00    0.0000000000E+00    0.0000000000E+00    0.0000000000E+00    0.3128065923E-13    0.3128065925E-13    0.9999953940E+00    0.9999953940E+00
    5    0.9558333333E+01    0.2322278706E+00    0.8127975472E+00   -0.4908161676E+00    0.2322278706E+00    0.8127975472E+00   -0.4908161676E+00    0.0000000000E+00    0.0000000000E+00    0.0000000000E+00    0.9219417183E-11    0.9219417329E-11    0.9999890313E+00    0.9999890313E+00
    6    0.9558333333E+01    0.2322278706E+00    0.8127975472E+00    0.9208373622E-01    0.2322278706E+00    0.8127975472E+00    0.9208373622E-01    0.0000000000E+00    0.0000000000E+00    0.0000000000E+00    0.2838827929E-10    0.2838827929E-10    0.9999797829E+00    0.9999797829E+00
    7    0.9558333333E+01   -0.5805696766E+00    0.8127975472E+00   -0.4013604161E+00   -0.5805696766E+00    0.8127975472E+00   -0.4013604161E+00    0.0000000000E+00    0.0000000000E+00    0.0000000000E+00    0.4697558451E-13    0.4697558451E-13    0.9999952773E+00    0.9999952773E+00
    8    0.9558333333E+01    0.2322278706E+00    0.8127975472E+00   -0.4861277381E+00    0.2322278706E+00    0.8127975472E+00   -0.4861277381E+00    0.0000000000E+00    0.0000000000E+00    0.0000000000E+00    0.1385793314E-10    0.1385793314E-10    0.9999901137E+00    0.9999901137E+00
    1    0.9816666667E+01   -0.5805696766E+00    0.0000000000E+00    0.1891464434E+00    0.0000000000E+00    0.0000000000E+00    0.0000000000E+00    0.0000000000E+00    0.0000000000E+00    0.0000000000E+00    0.2632072255E-16    0.2632072257E-16    0.9999972228E+00    0.9999972228E+00
    2    0.9816666667E+01    0.2322278706E+00    0.0000000000E+00    0.1493158250E+00    0.0000000000E+00    0.0000000000E+00    0.0000000000E+00    0.0000000000E+00    0.0000000000E+00    0.0000000000E+00    0.1744330265E-14    0.1744330265E-14    0.9999953338E+00    0.9999953338E+00
    3    0.9816666667E+01   -0.5805696766E+00    0.8127975472E+00   -0.4875031297E+00   -0.5805696766E+00    0.8127975472E+00   -0.4875031297E+00    0.0000000000E+00    0.0000000000E+00    0.0000000000E+00    0.3024648541E-11    0.3024648541E-11    0.9999934823E+00    0.9999934823E+00
    4    0.9816666667E+01   -0.5805696766E+00    0.8127975472E+00   -0.4855214982E+00   -0.5805696766E+00    0.8127975472E+00   -0.4855214982E+00    0.0000000000E+00    0.0000000000E+00    0.0000000000E+00    0.3787661045E-11    0.3787661045E-11    0.9999932746E+00    0.9999932746E+00
    1    0.1007500000E+02   -0.5805696766E+00    0.0000000000E+00    0.1461596249E+00    0.0000000000E+00    0.0000000000E+00    0.0000000000E+00    0.0000000000E+00    0.0000000000E+00    0.0000000000E+00    0.5744849412E-14    0.5744858629E-14    0.9999971558E+00    0.9999971558E+00
    2    0.1007500000E+02    0.2322278706E+00    0.0000000000E+00    0.7904627607E-01    0.0000000000E+00    0.0000000000E+00    0.0000000000E+00    0.0000000000E+00    0.0000000000E+00    0.0000000000E+00    0.3235705787E-12    0.3235705787E-12    0.9999952618E+00    0.9999952618E+00
    1    0.1033333333E+02   -0.5805696766E+00    0.0000000000E+00    0.1029392213E+00    0.0000000000E+00    0.0000000000E+00    0.0000000000E+00    0.0000000000E+00    0.0000000000E+00    0.0000000000E+00    0.4846248016E-14    0.4846248016E-14    0.9999970445E+00    0.9999970445E+00
    1    0.1059166667E+02   -0.5805696766E+00    0.0000000000E+00    0.5872822915E-01    0.0000000000E+00    0.0000000000E+00    0.0000000000E+00    0.0000000000E+00    0.0000000000E+00    0.0000000000E+00    0.8319310635E-14    0.8319310635E-14    0.9999968633E+00    0.9999968633E+00
    1    0.1085000000E+02    0.2322278706E+00    0.0000000000E+00   -0.4825554220E-01    0.0000000000E+00    0.0000000000E+00    0.0000000000E+00    0.0000000000E+00    0.0000000000E+00    0.0000000000E+00    0.2243214819E-11    0.2243214819E-11    0.9999941989E+00    0.9999941989E+00
    2    0.1085000000E+02   -0.5805696766E+00    0.0000000000E+00    0.9512056799E-02    0.0000000000E+00    0.0000000000E+00    0.0000000000E+00    0.0000000000E+00    0.0000000000E+00    0.0000000000E+00    0.2754236535E-11    0.2754236535E-11    0.9999949242E+00    0.9999949242E+00
    1    0.1110833333E+02    0.2322278706E+00    0.0000000000E+00   -0.1156011414E+00    0.0000000000E+00    0.0000000000E+00    0.0000000000E+00    0.0000000000E+00    0.0000000000E+00    0.0000000000E+00    0.2832733602E-13    0.2832733602E-13    0.9999954828E+00    0.9999954828E+00
    2    0.1110833333E+02   -0.5805696766E+00    0.0000000000E+00   -0.3007172935E-01    0.0000000000E+00    0.0000000000E+00    0.0000000000E+00    0.0000000000E+00    0.0000000000E+00    0.0000000000E+00    0.2208283873E-12    0.2208283873E-12    0.9999962550E+00    0.9999962550E+00
    1    0.1136666667E+02    0.2322278706E+00    0.0000000000E+00   -0.1767590276E+00    0.0000000000E+00    0.0000000000E+00    0.0000000000E+00    0.0000000000E+00    0.0000000000E+00    0.0000000000E+00    0.2045978938E-15    0.2045978938E-15    0.9999954428E+00    0.9999954428E+00
    2    0.1136666667E+02   -0.5805696766E+00    0.0000000000E+00   -0.8080915227E-01    0.0000000000E+00    0.0000000000E+00    0.0000000000E+00    0.0000000000E+00    0.0000000000E+00    0.0000000000E+00    0.5462264191E-16    0.5462264191E-16    0.9999961576E+00    0.9999961576E+00
    3    0.1136666667E+02    0.2322278706E+00    0.8127975472E+00    0.4648581440E+00    0.2322278706E+00    0.8127975472E+00    0.4648581440E+00    0.0000000000E+00    0.0000000000E+00    0.0000000000E+00    0.1912461844E-11    0.1912461844E-11    0.9999928741E+00    0.9999928741E+00
    4    0.1136666667E+02    0.2322278706E+00    0.8127975472E+00    0.4603805394E+00    0.2322278706E+00    0.8127975472E+00    0.4603805394E+00    0.0000000000E+00    0.0000000000E+00    0.0000000000E+00    0.2418100484E-11    0.2418100484E-11    0.9999928528E+00    0.9999928528E+00
    1    0.1162500000E+02    0.2322278706E+00    0.0000000000E+00   -0.2384510050E+00    0.0000000000E+00    0.0000000000E+00    0.0000000000E+00    0.0000000000E+00    0.0000000000E+00    0.0000000000E+00    0.9312978448E-14    0.9312978448E-14    0.9999952337E+00    0.9999952337E+00
    2    0.1162500000E+02   -0.5805696766E+00    0.0000000000E+00   -0.1339231279E+00    0.0000000000E+00    0.0000000000E+00    0.0000000000E+00    0.0000000000E+00    0.0000000000E+00    0.0000000000E+00    0.1036899199E-13    0.1036899199E-13    0.9999958073E+00    0.9999958073E+00
    3    0.1162500000E+02    0.2322278706E+00    0.8127975472E+00    0.3817173236E+00    0.2322278706E+00    0.8127975472E+00    0.3817173236E+00    0.0000000000E+00    0.0000000000E+00    0.0000000000E+00    0.1236340506E-15    0.1236340508E-15    0.9999940913E+00    0.9999940913E+00
    4    0.1162500000E+02   -0.5805696766E+00    0.8127975472E+00    0.4714832947E+00   -0.5805696766E+00    0.8127975472E+00    0.4714832947E+00    0.0000000000E+00    0.0000000000E+00    0.0000000000E+00    0.3804389699E-11    0.3804389699E-11    0.9999907068E+00    0.9999907068E+00
    5    0.1162500000E+02    0.2322278706E+00    0.8127975472E+00    0.3764696863E+00    0.2322278706E+00    0.8127975472E+00    0.3764696863E+00    0.0000000000E+00    0.0000000000E+00    0.0000000000E+00    0.8737269684E-14    0.8737269684E-14    0.9999940188E+00    0.9999940188E+00
    6    0.1162500000E+02   -0.5805696766E+00    0.8127975472E+00    0.4650777614E+00   -0.5805696766E+00    0.8127975472E+00    0.4650777614E+00    0.0000000000E+00    0.0000000000E+00    0.0000000000E+00    0.4822640799E-11    0.4822640799E-11    0.9999905201E+00    0.9999905201E+00
    1    0.1188333333E+02    0.2322278706E+00    0.0000000000E+00   -0.3017735583E+00    0.0000000000E+00    0.0000000000E+00    0.0000000000E+00    0.0000000000E+00    0.0000000000E+00    0.0000000000E+00    0.2650793944E-13    0.2650793944E-13    0.9999949957E+00    0.9999949957E+00
    2    0.1188333333E+02   -0.5805696766E+00    0.0000000000E+00   -0.1910382149E+00    0.0000000000E+00    0.0000000000E+00    0.0000000000E+00    0.0000000000E+00    0.0000000000E+00    0.0000000000E+00    0.2282822941E-17    0.2282822943E-17    0.9999953646E+00    0.9999953646E+00
    3    0.1188333333E+02   -0.5805696766E+00    0.8127975472E+00    0.3652851666E+00   -0.5805696766E+00    0.8127975472E+00    0.3652851666E+00    0.0000000000E+00    0.0000000000E+00    0.0000000000E+00    0.1756273994E-13    0.1756273994E-13    0.9999919429E+00    0.9999919429E+00
    4    0.1188333333E+02    0.2322278706E+00    0.8127975472E+00    0.3037757502E+00    0.2322278706E+00    0.8127975472E+00    0.3037757502E+00    0.0000000000E+00    0.0000000000E+00    0.0000000000E+00    0.2068627924E-13    0.2068627924E-13    0.9999937162E+00    0.9999937162E+00
    5    0.1188333333E+02    0.2322278706E+00    0.8127975472E+00    0.2975339783E+00    0.2322278706E+00    0.8127975472E+00    0.2975339783E+00    0.0000000000E+00    0.0000000000E+00    0.0000000000E+00    0.6303255595E-12    0.6303255595E-12    0.9999936353E+00    0.9999936353E+00
    6    0.1188333333E+02   -0.5805696766E+00    0.8127975472E+00    0.3556431487E+00   -0.5805696766E+00    0.8127975472E+00    0.3556431487E+00    0.0000000000E+00    0.0000000000E+00    0.0000000000E+00    0.2458227154E-12    0.2458227154E-12    0.9999916579E+00    0.9999916579E+00
    1    0.1214166667E+02    0.2322278706E+00    0.0000000000E+00   -0.3666244065E+00    0.0000000000E+00    0.0000000000E+00    0.0000000000E+00    0.0000000000E+00    0.0000000000E+00    0.0000000000E+00    0.2010432173E-14    0.2010432174E-14    0.9999947828E+00    0.9999947828E+00
    2    0.1214166667E+02   -0.5805696766E+00    0.0000000000E+00   -0.2529749102E+00    0.0000000000E+00    0.0000000000E+00    0.0000000000E+00    0.0000000000E+00    0.0000000000E+00    0.0000000000E+00    0.2670044360E-13    0.2670044360E-13    0.9999948606E+00    0.9999948606E+00
    3    0.1214166667E+02   -0.5805696766E+00    0.8127975472E+00    0.2492332414E+00   -0.5805696766E+00    0.8127975472E+00    0.2492332414E+00    0.0000000000E+00    0.0000000000E+00    0.0000000000E+00    0.6179585363E-13    0.6179585363E-13    0.9999888421E+00    0.9999888421E+00
    4    0.1214166667E+02    0.2322278706E+00    0.8127975472E+00    0.2152264162E+00    0.2322278706E+00    0.8127975472E+00    0.2152264162E+00    0.0000000000E+00    0.0000000000E+00    0.0000000000E+00    0.1449027183E-13    0.1449027184E-13    0.9999919405E+00    0.9999919405E+00
    5    0.1214166667E+02    0.2322278706E+00    0.8127975472E+00    0.2078152440E+00    0.2322278706E+00    0.8127975472E+00    0.2078152440E+00    0.0000000000E+00    0.0000000000E+00    0.0000000000E+00    0.9809439345E-13    0.9809439345E-13    0.9999918253E+00    0.9999918253E+00
    6    0.1214166667E+02   -0.5805696766E+00    0.8127975472E+00    0.2353560577E+00   -0.5805696766E+00    0.8127975472E+00    0.2353560577E+00    0.0000000000E+00    0.0000000000E+00    0.0000000000E+00    0.1108502176E-11    0.1108502176E-11    0.9999884245E+00    0.9999884245E+00
    1    0.1240000000E+02    0.2322278706E+00    0.0000000000E+00   -0.4325838860E+00    0.0000000000E+00    0.0000000000E+00    0.0000000000E+00    0.0000000000E+00    0.0000000000E+00    0.0000000000E+00    0.1116702092E-13    0.1116702092E-13    0.9999945921E+00    0.9999945921E+00
    2    0.1240000000E+02   -0.5805696766E+00    0.0000000000E+00   -0.3199223039E+00    0.0000000000E+00    0.0000000000E+00    0.0000000000E+00    0.0000000000E+00    0.0000000000E+00    0.0000000000E+00    0.2869182660E-13    0.2869182660E-13    0.9999943631E+00    0.9999943631E+00
    3    0.1240000000E+02    0.2322278706E+00    0.8127975472E+00    0.6157245268E-01    0.2322278706E+00    0.8127975472E+00    0.6157245268E-01    0.0000000000E+00    0.0000000000E+00    0.0000000000E+00    0.9368488310E-10    0.9368488310E-10    0.9999716862E+00    0.9999716862E+00
    4    0.1240000000E+02    0.2322278706E+00    0.8127975472E+00    0.4564945554E-01    0.2322278706E+00    0.8127975472E+00    0.4564945554E-01    0.0000000000E+00    0.0000000000E+00    0.0000000000E+00    0.2068058028E-09    0.2068058028E-09    0.9999638479E+00    0.9999638479E+00
    1    0.1265833333E+02    0.2322278706E+00    0.0000000000E+00   -0.4996396394E+00    0.0000000000E+00    0.0000000000E+00    0.0000000000E+00    0.0000000000E+00    0.0000000000E+00    0.0000000000E+00    0.7809508588E-14    0.7809508588E-14    0.9999943658E+00    0.9999943658E+00
    2    0.1265833333E+02   -0.5805696766E+00    0.0000000000E+00   -0.3910045857E+00    0.0000000000E+00    0.0000000000E+00    0.0000000000E+00    0.0000000000E+00    0.0000000000E+00    0.0000000000E+00    0.5022533450E-15    0.5022533452E-15    0.9999939682E+00    0.9999939682E+00
    1    0.1291666667E+02    0.2322278706E+00    0.0000000000E+00   -0.5688883091E+00    0.0000000000E+00    0.0000000000E+00    0.0000000000E+00    0.0000000000E+00    0.0000000000E+00    0.0000000000E+00    0.5619814989E-12    0.5619814989E-12    0.9999937667E+00    0.9999937667E+00
    2    0.1291666667E+02   -0.5805696766E+00    0.0000000000E+00   -0.4645406247E+00   -0.5805696766E+00    0.0000000000E+00   -0.4645406247E+00    0.3595017709E+01    0.9698097871E-12    0.2961309462E+01    0.1309034237E-13    0.1309034237E-13    0.9999937048E+00    0.9999937048E+00
    1    0.1317500000E+02    0.2322278706E+00    0.0000000000E+00    0.5077064438E+00    0.0000000000E+00    0.0000000000E+00    0.0000000000E+00    0.0000000000E+00    0.0000000000E+00    0.0000000000E+00    0.1137384672E-14    0.1137384672E-14    0.9999933968E+00    0.9999933968E+00
    2    0.1317500000E+02   -0.5805696766E+00    0.0000000000E+00   -0.5393801110E+00    0.0000000000E+00    0.0000000000E+00    0.0000000000E+00    0.0000000000E+00    0.0000000000E+00    0.0000000000E+00    0.1057050716E-13    0.1057050716E-13    0.9999934667E+00    0.9999934667E+00
    1    0.1343333333E+02    0.2322278706E+00    0.0000000000E+00    0.4262134351E+00    0.0000000000E+00    0.0000000000E+00    0.0000000000E+00    0.0000000000E+00    0.0000000000E+00    0.0000000000E+00    0.1418791098E-14    0.1418791102E-14    0.9999922347E+00    0.9999922347E+00
    2    0.1343333333E+02   -0.5805696766E+00    0.0000000000E+00    0.5336271006E+00    0.0000000000E+00    0.0000000000E+00    0.0000000000E+00    0.0000000000E+00    0.0000000000E+00    0.0000000000E+00    0.1470114082E-13    0.1470114082E-13    0.9999931055E+00    0.9999931055E+00
    3    0.1343333333E+02    0.2322278706E+00    0.8127975472E+00    0.9327820563E-01    0.2322278706E+00    0.8127975472E+00    0.9327820563E-01    0.0000000000E+00    0.0000000000E+00    0.0000000000E+00    0.1197897446E-09    0.1197897446E-09    0.9999627759E+00    0.9999627759E+00
    4    0.1343333333E+02    0.2322278706E+00    0.8127975472E+00   -0.2580727141E+00    0.2322278706E+00    0.8127975472E+00   -0.2580727141E+00    0.0000000000E+00    0.0000000000E+00    0.0000000000E+00    0.1274605792E-09    0.1274605792E-09    0.9999575508E+00    0.9999575508E+00
    5    0.1343333333E+02    0.2322278706E+00    0.8127975472E+00    0.8226988289E-01    0.2322278706E+00    0.8127975472E+00    0.8226988289E-01    0.0000000000E+00    0.0000000000E+00    0.0000000000E+00    0.1671870310E-09    0.1671870310E-09    0.9999627220E+00    0.9999627220E+00
    6    0.1343333333E+02    0.2322278706E+00    0.0000000000E+00   -0.1873813966E+00    0.0000000000E+00    0.0000000000E+00    0.0000000000E+00    0.0000000000E+00    0.0000000000E+00    0.0000000000E+00    0.4616919942E-13    0.4616919942E-13    0.9999789277E+00    0.9999789277E+00
    7    0.1343333333E+02   -0.5805696766E+00    0.0000000000E+00   -0.2664631693E+00    0.0000000000E+00    0.0000000000E+00    0.0000000000E+00    0.0000000000E+00    0.0000000000E+00    0.0000000000E+00    0.4662006661E-11    0.4662006661E-11    0.9999790593E+00    0.9999790593E+00
    8    0.1343333333E+02    0.2322278706E+00    0.8127975472E+00   -0.2675896025E+00    0.2322278706E+00    0.8127975472E+00   -0.2675896025E+00    0.0000000000E+00    0.0000000000E+00    0.0000000000E+00    0.1280428879E-09    0.1280428879E-09    0.9999586401E+00    0.9999586401E+00
    1    0.1369166667E+02    0.2322278706E+00    0.0000000000E+00    0.3263863654E+00    0.0000000000E+00    0.0000000000E+00    0.0000000000E+00    0.0000000000E+00    0.0000000000E+00    0.0000000000E+00    0.6455467289E-13    0.6455470258E-13    0.9999895411E+00    0.9999895411E+00
    2    0.1369166667E+02   -0.5805696766E+00    0.0000000000E+00    0.4526952240E+00    0.0000000000E+00    0.0000000000E+00    0.0000000000E+00    0.0000000000E+00    0.0000000000E+00    0.0000000000E+00    0.8584149518E-14    0.8584152544E-14    0.9999923997E+00    0.9999923997E+00
    3    0.1369166667E+02   -0.5805696766E+00    0.8127975472E+00   -0.7374683871E-02   -0.5805696766E+00    0.8127975472E+00   -0.7374683871E-02    0.0000000000E+00    0.0000000000E+00    0.0000000000E+00    0.1108897555E-08    0.1108897555E-08    0.9999202314E+00    0.9999202314E+00
    4    0.1369166667E+02    0.2322278706E+00    0.8127975472E+00   -0.1298685920E+00    0.2322278706E+00    0.8127975472E+00   -0.1298685920E+00    0.0000000000E+00    0.0000000000E+00    0.0000000000E+00    0.8940063423E-13    0.8940063423E-13    0.9999802481E+00    0.9999802481E+00
    5    0.1369166667E+02   -0.5805696766E+00    0.8127975472E+00   -0.3838254442E+00   -0.5805696766E+00    0.8127975472E+00   -0.3838254442E+00    0.0000000000E+00    0.0000000000E+00    0.0000000000E+00    0.6336030956E-11    0.6336030956E-11    0.9999744324E+00    0.9999744324E+00
    6    0.1369166667E+02   -0.5805696766E+00    0.8127975472E+00   -0.2642886141E-01   -0.5805696766E+00    0.8127975472E+00   -0.2642886141E-01    0.0000000000E+00    0.0000000000E+00    0.0000000000E+00    0.3146582158E-10    0.3146582158E-10    0.9999739288E+00    0.9999739288E+00
    7    0.1369166667E+02    0.2322278706E+00    0.8127975472E+00   -0.1362371027E+00    0.2322278706E+00    0.8127975472E+00   -0.1362371027E+00    0.0000000000E+00    0.0000000000E+00    0.0000000000E+00    0.1118849009E-11    0.1118849047E-11    0.9999797145E+00    0.9999797145E+00
    8    0.1369166667E+02   -0.5805696766E+00    0.0000000000E+00   -0.4525596328E+00    0.0000000000E+00    0.0000000000E+00    0.0000000000E+00    0.0000000000E+00    0.0000000000E+00    0.0000000000E+00    0.1049836786E-11    0.1049836787E-11    0.9999858596E+00    0.9999858596E+00
    9    0.1369166667E+02   -0.5805696766E+00    0.8127975472E+00   -0.3952526457E+00   -0.5805696766E+00    0.8127975472E+00   -0.3952526457E+00    0.0000000000E+00    0.0000000000E+00    0.0000000000E+00    0.3756724567E-11    0.3756724567E-11    0.9999723197E+00    0.9999723197E+00
   10    0.1369166667E+02    0.2322278706E+00    0.0000000000E+00   -0.3740101558E+00    0.0000000000E+00    0.0000000000E+00    0.0000000000E+00    0.0000000000E+00    0.0000000000E+00    0.0000000000E+00    0.3631528961E-13    0.3631528980E-13    0.9999852040E+00    0.9999852040E+00
    1    0.1395000000E+02    0.2322278706E+00    0.0000000000E+00    0.1629820604E+00    0.0000000000E+00    0.0000000000E+00    0.0000000000E+00    0.0000000000E+00    0.0000000000E+00    0.0000000000E+00    0.2302526908E-10    0.2302526908E-10    0.9999733573E+00    0.9999733573E+00
    2    0.1395000000E+02    0.2322278706E+00    0.0000000000E+00   -0.1940485133E+00    0.0000000000E+00    0.0000000000E+00    0.0000000000E+00    0.0000000000E+00    0.0000000000E+00    0.0000000000E+00    0.1896501912E-10    0.1896501912E-10    0.9999501716E+00    0.9999501716E+00
    3    0.1395000000E+02   -0.5805696766E+00    0.8127975472E+00   -0.2872632988E+00   -0.5805696766E+00    0.8127975472E+00   -0.2872632988E+00    0.0000000000E+00    0.0000000000E+00    0.0000000000E+00    0.1085139812E-11    0.1085139812E-11    0.9999642859E+00    0.9999642859E+00
    4    0.1395000000E+02   -0.5805696766E+00    0.8127975472E+00   -0.2986993631E+00   -0.5805696766E+00    0.8127975472E+00   -0.2986993631E+00    0.0000000000E+00    0.0000000000E+00    0.0000000000E+00    0.1820502791E-11    0.1820502791E-11    0.9999614231E+00    0.9999614231E+00
    5    0.1395000000E+02    0.2322278706E+00    0.0000000000E+00   -0.5405923927E+00    0.0000000000E+00    0.0000000000E+00    0.0000000000E+00    0.0000000000E+00    0.0000000000E+00    0.0000000000E+00    0.9445483745E-12    0.9445483745E-12    0.9999838308E+00    0.9999838308E+00
    6    0.1395000000E+02   -0.5805696766E+00    0.0000000000E+00    0.5497639188E+00    0.0000000000E+00    0.0000000000E+00    0.0000000000E+00    0.0000000000E+00    0.0000000000E+00    0.0000000000E+00    0.5715109942E-12    0.5715109942E-12    0.9999869793E+00    0.9999869793E+00
    1    0.1420833333E+02   -0.5805696766E+00    0.0000000000E+00    0.2458115017E+00    0.0000000000E+00    0.0000000000E+00    0.0000000000E+00    0.0000000000E+00    0.0000000000E+00    0.0000000000E+00    0.1524550964E-11    0.1524550964E-11    0.9999865488E+00    0.9999865488E+00
    2    0.1420833333E+02    0.2322278706E+00    0.0000000000E+00    0.5559813234E+00    0.2322278706E+00    0.0000000000E+00   -0.5934879916E+00   -0.6224795213E+00    0.7998896051E-11    0.1866261946E+01    0.1028287055E-09    0.1028287055E-09    0.9999509654E+00    0.9999509654E+00
    3    0.1420833333E+02   -0.5805696766E+00    0.0000000000E+00    0.5666463171E+00   -0.5805696766E+00    0.0000000000E+00    0.5666463171E+00   -0.2025250121E+00    0.6741562233E-11    0.2450110684E+00    0.2893981739E-10    0.2893981739E-10    0.9999754628E+00    0.9999754628E+00
    4    0.1420833333E+02   -0.5805696766E+00    0.0000000000E+00    0.4049553606E+00    0.0000000000E+00    0.0000000000E+00    0.0000000000E+00    0.0000000000E+00    0.0000000000E+00    0.0000000000E+00    0.1685385098E-12    0.1685385098E-12    0.9999857976E+00    0.9999857976E+00
    5    0.1420833333E+02    0.2322278706E+00    0.0000000000E+00    0.3986385177E+00    0.0000000000E+00    0.0000000000E+00    0.0000000000E+00    0.0000000000E+00    0.0000000000E+00    0.0000000000E+00    0.2786815042E-12    0.2786815042E-12    0.9999748577E+00    0.9999748577E+00
    1    0.1446666667E+02   -0.5805696766E+00    0.0000000000E+00    0.2996324598E+00    0.0000000000E+00    0.0000000000E+00    0.0000000000E+00    0.0000000000E+00    0.0000000000E+00    0.0000000000E+00    0.3397076531E-11    0.3397076531E-11    0.9999685736E+00    0.9999685736E+00
    2    0.1446666667E+02   -0.5805696766E+00    0.0000000000E+00    0.2267112510E+00    0.0000000000E+00    0.0000000000E+00    0.0000000000E+00    0.0000000000E+00    0.0000000000E+00    0.0000000000E+00    0.2174442856E-11    0.2174442856E-11    0.9999783826E+00    0.9999783826E+00
