    1    0.2066666667E+01   -0.1161139353E+00   -0.1161139353E+00   -0.5677792645E-01    0.0000000000E+00    0.0000000000E+00    0.0000000000E+00    0.0000000000E+00    0.0000000000E+00    0.0000000000E+00    0.2810611360E-12    0.2810611360E-12    0.1000000000E+01
    1    0.2325000000E+01   -0.1161139353E+00   -0.1161139353E+00    0.9290267675E-01    0.0000000000E+00    0.0000000000E+00    0.0000000000E+00    0.0000000000E+00    0.0000000000E+00    0.0000000000E+00    0.3363864197E-11    0.3363864197E-11    0.1000000000E+01
    2    0.2325000000E+01   -0.1161139353E+00   -0.1161139353E+00   -0.2501475686E+00    0.0000000000E+00    0.0000000000E+00    0.0000000000E+00    0.0000000000E+00    0.0000000000E+00    0.0000000000E+00    0.1460665025E-11    0.1460665025E-11    0.1000000000E+01
    3    0.2325000000E+01   -0.1161139353E+00   -0.1161139353E+00   -0.1245323153E+00    0.0000000000E+00    0.0000000000E+00    0.0000000000E+00    0.0000000000E+00    0.0000000000E+00    0.0000000000E+00    0.1322883404E-12    0.1322883404E-12    0.1000000000E+01
    1    0.2583333333E+01   -0.1161139353E+00   -0.1161139353E+00   -0.3540079615E+00    0.0000000000E+00    0.0000000000E+00    0.0000000000E+00    0.0000000000E+00    0.0000000000E+00    0.0000000000E+00    0.8498880898E-16    0.8498880898E-16    0.1000000000E+01
    2    0.2583333333E+01   -0.1161139353E+00   -0.1161139353E+00   -0.1740650174E+00    0.0000000000E+00    0.0000000000E+00    0.0000000000E+00    0.0000000000E+00    0.0000000000E+00    0.0000000000E+00    0.1171684364E-14    0.1171684364E-14    0.1000000000E+01
    1    0.2841666667E+01   -0.1161139353E+00   -0.1161139353E+00   -0.4165067728E+00    0.0000000000E+00    0.0000000000E+00    0.0000000000E+00    0.0000000000E+00    0.0000000000E+00    0.0000000000E+00    0.1575410395E-15    0.1575410395E-15    0.1000000000E+01
    2    0.2841666667E+01   -0.1161139353E+00   -0.1161139353E+00   -0.2174651451E+00    0.0000000000E+00    0.0000000000E+00    0.0000000000E+00    0.0000000000E+00    0.0000000000E+00    0.0000000000E+00    0.1647712977E-14    0.1647712977E-14    0.1000000000E+01
    1    0.3100000000E+01   -0.1161139353E+00   -0.1161139353E+00   -0.4687547896E+00    0.0000000000E+00    0.0000000000E+00    0.0000000000E+00    0.0000000000E+00    0.0000000000E+00    0.0000000000E+00    0.7478771396E-15    0.7478771396E-15    0.1000000000E+01
    2    0.3100000000E+01   -0.1161139353E+00   -0.1161139353E+00   -0.2590053633E+00    0.0000000000E+00    0.0000000000E+00    0.0000000000E+00    0.0000000000E+00    0.0000000000E+00    0.0000000000E+00    0.6055008014E-14    0.6055008014E-14    0.1000000000E+01
    1    0.3358333333E+01   -0.1161139353E+00   -0.1161139353E+00   -0.5167446598E+00    0.0000000000E+00    0.0000000000E+00    0.0000000000E+00    0.0000000000E+00    0.0000000000E+00    0.0000000000E+00    0.1635087414E-14    0.1635087414E-14    0.1000000000E+01
    2    0.3358333333E+01   -0.1161139353E+00    0.6966836119E+00    0.2078116864E+00    0.0000000000E+00    0.0000000000E+00    0.0000000000E+00    0.0000000000E+00    0.0000000000E+00    0.0000000000E+00    0.1320699611E-10    0.1320699612E-10    0.9999999998E+00
    3    0.3358333333E+01   -0.1161139353E+00   -0.1161139353E+00   -0.3004557589E+00    0.0000000000E+00    0.0000000000E+00    0.0000000000E+00    0.0000000000E+00    0.0000000000E+00    0.0000000000E+00    0.6497289318E-14    0.6497289318E-14    0.1000000000E+01
    4    0.3358333333E+01   -0.1161139353E+00    0.6966836119E+00   -0.2836602702E+00    0.0000000000E+00    0.0000000000E+00    0.0000000000E+00    0.0000000000E+00    0.0000000000E+00    0.0000000000E+00    0.1312942797E-10    0.1312942801E-10    0.9999999971E+00
    1    0.3616666667E+01   -0.1161139353E+00   -0.1161139353E+00   -0.3431416233E+00    0.0000000000E+00    0.0000000000E+00    0.0000000000E+00    0.0000000000E+00    0.0000000000E+00    0.0000000000E+00    0.2672294885E-14    0.2672294885E-14    0.9999999999E+00
    2    0.3616666667E+01   -0.1161139353E+00    0.6966836119E+00   -0.5545612033E+00    0.0000000000E+00    0.0000000000E+00    0.0000000000E+00    0.0000000000E+00    0.0000000000E+00    0.0000000000E+00    0.1534670845E-10    0.1534670845E-10    0.1000000000E+01
    3    0.3616666667E+01    0.6966836119E+00   -0.1161139353E+00   -0.5574963636E+00    0.6966836119E+00   -0.1161139353E+00    0.5919729514E+00   -0.2007103224E+01   -0.4833372865E+01    0.3407372653E+01    0.2370993163E-10    0.2370993163E-10    0.1000000000E+01
    4    0.3616666667E+01   -0.1161139353E+00   -0.1161139353E+00   -0.5634643957E+00    0.0000000000E+00    0.0000000000E+00    0.0000000000E+00    0.0000000000E+00    0.0000000000E+00    0.0000000000E+00    0.2136670172E-13    0.2136670172E-13    0.1000000000E+01
    1    0.3875000000E+01   -0.1161139353E+00   -0.1161139353E+00   -0.3884683479E+00    0.0000000000E+00    0.0000000000E+00    0.0000000000E+00    0.0000000000E+00    0.0000000000E+00    0.0000000000E+00    0.3638128599E-15    0.3638128599E-15    0.1000000000E+01
    2    0.3875000000E+01   -0.1161139353E+00   -0.1161139353E+00    0.5401351979E+00    0.0000000000E+00    0.0000000000E+00    0.0000000000E+00    0.0000000000E+00    0.0000000000E+00    0.0000000000E+00    0.4237883534E-14    0.4237883534E-14    0.1000000000E+01
    3    0.3875000000E+01    0.6966836119E+00   -0.1161139353E+00    0.4491982156E+00    0.0000000000E+00    0.0000000000E+00    0.0000000000E+00    0.0000000000E+00    0.0000000000E+00    0.0000000000E+00    0.5030133654E-14    0.5030133654E-14    0.1000000000E+01
    4    0.3875000000E+01   -0.1161139353E+00    0.6966836119E+00    0.4536518859E+00    0.0000000000E+00    0.0000000000E+00    0.0000000000E+00    0.0000000000E+00    0.0000000000E+00    0.0000000000E+00    0.1692572150E-14    0.1692572150E-14    0.1000000000E+01
    1    0.4133333333E+01   -0.1161139353E+00   -0.1161139353E+00   -0.5145892187E-01    0.0000000000E+00    0.0000000000E+00    0.0000000000E+00    0.0000000000E+00    0.0000000000E+00    0.0000000000E+00    0.1566199868E-11    0.1566199868E-11    0.1000000000E+01
    2    0.4133333333E+01   -0.1161139353E+00   -0.1161139353E+00   -0.4384230426E+00    0.0000000000E+00    0.0000000000E+00    0.0000000000E+00    0.0000000000E+00    0.0000000000E+00    0.0000000000E+00    0.5375984191E-14    0.5375984194E-14    0.9999999996E+00
    3    0.4133333333E+01   -0.1161139353E+00    0.6966836119E+00   -0.4097064878E+00    0.0000000000E+00    0.0000000000E+00    0.0000000000E+00    0.0000000000E+00    0.0000000000E+00    0.0000000000E+00    0.2476240184E-09    0.2476240184E-09    0.1000000000E+01
    4    0.4133333333E+01   -0.1161139353E+00   -0.1161139353E+00    0.4916447468E+00    0.0000000000E+00    0.0000000000E+00    0.0000000000E+00    0.0000000000E+00    0.0000000000E+00    0.0000000000E+00    0.6899077664E-13    0.6899077665E-13    0.9999999999E+00
    5    0.4133333333E+01   -0.1161139353E+00    0.6966836119E+00    0.3962874769E+00    0.0000000000E+00    0.0000000000E+00    0.0000000000E+00    0.0000000000E+00    0.0000000000E+00    0.0000000000E+00    0.2440824019E-09    0.2440824019E-09    0.1000000000E+01
    6    0.4133333333E+01    0.6966836119E+00   -0.1161139353E+00    0.3644893006E+00    0.0000000000E+00    0.0000000000E+00    0.0000000000E+00    0.0000000000E+00    0.0000000000E+00    0.0000000000E+00    0.2543036186E-14    0.2543036187E-14    0.9999999996E+00
    7    0.4133333333E+01   -0.1161139353E+00    0.6966836119E+00    0.3684685459E+00    0.0000000000E+00    0.0000000000E+00    0.0000000000E+00    0.0000000000E+00    0.0000000000E+00    0.0000000000E+00    0.4306376432E-11    0.4306376432E-11    0.1000000000E+01
    1    0.4391666667E+01   -0.1161139353E+00   -0.1161139353E+00    0.4391325348E+00    0.0000000000E+00    0.0000000000E+00    0.0000000000E+00    0.0000000000E+00    0.0000000000E+00    0.0000000000E+00    0.7266934355E-14    0.7267024876E-14    0.9999875436E+00
    2    0.4391666667E+01   -0.1161139353E+00   -0.1161139353E+00   -0.4965532761E+00    0.0000000000E+00    0.0000000000E+00    0.0000000000E+00    0.0000000000E+00    0.0000000000E+00    0.0000000000E+00    0.1195194416E-13    0.1195239580E-13    0.9999622130E+00
    3    0.4391666667E+01    0.6966836119E+00   -0.1161139353E+00   -0.5370877484E+00    0.0000000000E+00    0.0000000000E+00    0.0000000000E+00    0.0000000000E+00    0.0000000000E+00    0.0000000000E+00    0.2319704677E-13    0.2319705993E-13    0.9999994328E+00
    4    0.4391666667E+01   -0.1161139353E+00    0.6966836119E+00   -0.5358639000E+00    0.0000000000E+00    0.0000000000E+00    0.0000000000E+00    0.0000000000E+00    0.0000000000E+00    0.0000000000E+00    0.6000390522E-14    0.6022191796E-14    0.9963798439E+00
    5    0.4391666667E+01    0.6966836119E+00    0.6966836119E+00   -0.1588158586E+00   -0.9289114825E+00    0.6966836119E+00   -0.1588158586E+00   -0.2814475096E+00   -0.2790578928E+00   -0.1527733424E+00    0.5164092862E-13    0.5167588357E-13    0.9993235733E+00
    6    0.4391666667E+01   -0.1161139353E+00   -0.1161139353E+00   -0.1315351450E+00    0.0000000000E+00    0.0000000000E+00    0.0000000000E+00    0.0000000000E+00    0.0000000000E+00    0.0000000000E+00    0.3398120249E-13    0.3398139230E-13    0.9999944145E+00
    7    0.4391666667E+01    0.6966836119E+00    0.6966836119E+00   -0.1132586868E+00    0.0000000000E+00    0.0000000000E+00    0.0000000000E+00    0.0000000000E+00    0.0000000000E+00    0.0000000000E+00    0.5069022707E-12    0.5069040882E-12    0.9999964144E+00
    8    0.4391666667E+01    0.6966836119E+00   -0.1161139353E+00    0.2927900662E+00    0.0000000000E+00    0.0000000000E+00    0.0000000000E+00    0.0000000000E+00    0.0000000000E+00    0.0000000000E+00    0.9409868582E-13    0.9409869152E-13    0.9999999395E+00
    9    0.4391666667E+01   -0.1161139353E+00    0.6966836119E+00    0.2952589772E+00    0.0000000000E+00    0.0000000000E+00    0.0000000000E+00    0.0000000000E+00    0.0000000000E+00    0.0000000000E+00    0.4011313837E-13    0.4011588989E-13    0.9999314107E+00
   10    0.4391666667E+01    0.6966836119E+00   -0.1161139353E+00    0.1905722912E+00    0.0000000000E+00    0.0000000000E+00    0.0000000000E+00    0.0000000000E+00    0.0000000000E+00    0.0000000000E+00    0.6010127647E-13    0.6010127734E-13    0.9999999856E+00
   11    0.4391666667E+01   -0.1161139353E+00    0.6966836119E+00    0.1885973383E+00    0.0000000000E+00    0.0000000000E+00    0.0000000000E+00    0.0000000000E+00    0.0000000000E+00    0.0000000000E+00    0.3549279915E-13    0.3549460870E-13    0.9999490189E+00
    1    0.4650000000E+01    0.6966836119E+00    0.6966836119E+00   -0.2356724339E+00    0.0000000000E+00    0.0000000000E+00    0.0000000000E+00    0.0000000000E+00    0.0000000000E+00    0.0000000000E+00    0.5234555788E-13    0.5234555788E-13    0.1000000000E+01
    2    0.4650000000E+01    0.6966836119E+00    0.6966836119E+00   -0.2026927431E+00    0.0000000000E+00    0.0000000000E+00    0.0000000000E+00    0.0000000000E+00    0.0000000000E+00    0.0000000000E+00    0.1199141575E-12    0.1199141578E-12    0.9999999980E+00
    3    0.4650000000E+01   -0.1161139353E+00   -0.1161139353E+00   -0.1850456779E+00    0.0000000000E+00    0.0000000000E+00    0.0000000000E+00    0.0000000000E+00    0.0000000000E+00    0.0000000000E+00    0.1041545274E-13    0.1041545275E-13    0.9999999992E+00
    4    0.4650000000E+01    0.6966836119E+00    0.6966836119E+00   -0.4876435235E+00    0.0000000000E+00    0.0000000000E+00    0.0000000000E+00    0.0000000000E+00    0.0000000000E+00    0.0000000000E+00    0.1047167639E-12    0.1047167639E-12    0.1000000000E+01
    5    0.4650000000E+01   -0.1161139353E+00   -0.1161139353E+00    0.3784164954E+00    0.0000000000E+00    0.0000000000E+00    0.0000000000E+00    0.0000000000E+00    0.0000000000E+00    0.0000000000E+00    0.1375543333E-13    0.1375543334E-13    0.9999999999E+00
    6    0.4650000000E+01   -0.1161139353E+00   -0.1161139353E+00   -0.5726717157E+00    0.0000000000E+00    0.0000000000E+00    0.0000000000E+00    0.0000000000E+00    0.0000000000E+00    0.0000000000E+00    0.1530215313E-11    0.1530215313E-11    0.1000000000E+01
    7    0.4650000000E+01    0.6966836119E+00   -0.1161139353E+00    0.5439360427E+00    0.0000000000E+00    0.0000000000E+00    0.0000000000E+00    0.0000000000E+00    0.0000000000E+00    0.0000000000E+00    0.3105374379E-14    0.3105374549E-14    0.9999999452E+00
    8    0.4650000000E+01   -0.1161139353E+00    0.6966836119E+00    0.5451223374E+00    0.0000000000E+00    0.0000000000E+00    0.0000000000E+00    0.0000000000E+00    0.0000000000E+00    0.0000000000E+00    0.1776571807E-14    0.1776571822E-14    0.9999999914E+00
    9    0.4650000000E+01    0.6966836119E+00    0.6966836119E+00    0.1728619014E+00    0.6966836119E+00    0.6966836119E+00    0.1728619014E+00    0.3236152377E-01    0.1753205863E-01    0.3392519533E+01    0.2076619012E-12    0.2076619012E-12    0.9999999999E+00
   10    0.4650000000E+01    0.6966836119E+00   -0.1161139353E+00    0.2173201910E+00    0.0000000000E+00    0.0000000000E+00    0.0000000000E+00    0.0000000000E+00    0.0000000000E+00    0.0000000000E+00    0.1012963129E-13    0.1012963131E-13    0.9999999985E+00
   11    0.4650000000E+01   -0.1161139353E+00    0.6966836119E+00    0.2191494497E+00    0.0000000000E+00    0.0000000000E+00    0.0000000000E+00    0.0000000000E+00    0.0000000000E+00    0.0000000000E+00    0.6662481000E-14    0.6662481004E-14    0.9999999995E+00
    1    0.4908333333E+01   -0.1161139353E+00   -0.1161139353E+00   -0.2311161482E+00    0.0000000000E+00    0.0000000000E+00    0.0000000000E+00    0.0000000000E+00    0.0000000000E+00    0.0000000000E+00    0.1016161480E-13    0.1016161480E-13    0.9999999997E+00
    2    0.4908333333E+01    0.6966836119E+00    0.6966836119E+00   -0.2863203666E+00    0.0000000000E+00    0.0000000000E+00    0.0000000000E+00    0.0000000000E+00    0.0000000000E+00    0.0000000000E+00    0.2403685828E-12    0.2403685828E-12    0.1000000000E+01
    3    0.4908333333E+01    0.6966836119E+00    0.6966836119E+00   -0.2993813841E+00    0.0000000000E+00    0.0000000000E+00    0.0000000000E+00    0.0000000000E+00    0.0000000000E+00    0.0000000000E+00    0.3644821946E-13    0.3644821946E-13    0.1000000000E+01
    4    0.4908333333E+01    0.6966836119E+00    0.6966836119E+00    0.5603926386E+00    0.0000000000E+00    0.0000000000E+00    0.0000000000E+00    0.0000000000E+00    0.0000000000E+00    0.0000000000E+00    0.9010655122E-12    0.9010655122E-12    0.1000000000E+01
    5    0.4908333333E+01   -0.1161139353E+00   -0.1161139353E+00    0.2987077236E+00    0.0000000000E+00    0.0000000000E+00    0.0000000000E+00    0.0000000000E+00    0.0000000000E+00    0.0000000000E+00    0.8129316168E-14    0.8129316218E-14    0.9999999938E+00
    6    0.4908333333E+01   -0.1161139353E+00   -0.1161139353E+00    0.4385049269E+00    0.0000000000E+00    0.0000000000E+00    0.0000000000E+00    0.0000000000E+00    0.0000000000E+00    0.0000000000E+00    0.5399576276E-13    0.5399576281E-13    0.9999999991E+00
    7    0.4908333333E+01    0.6966836119E+00   -0.1161139353E+00    0.4796405650E+00    0.0000000000E+00    0.0000000000E+00    0.0000000000E+00    0.0000000000E+00    0.0000000000E+00    0.0000000000E+00    0.1827937630E-13    0.1827937630E-13    0.9999999999E+00
    8    0.4908333333E+01   -0.1161139353E+00    0.6966836119E+00    0.4807491348E+00    0.0000000000E+00    0.0000000000E+00    0.0000000000E+00    0.0000000000E+00    0.0000000000E+00    0.0000000000E+00    0.4424774085E-13    0.4424774086E-13    0.9999999998E+00
    9    0.4908333333E+01    0.6966836119E+00    0.6966836119E+00    0.8366762785E-01    0.0000000000E+00    0.0000000000E+00    0.0000000000E+00    0.0000000000E+00    0.0000000000E+00    0.0000000000E+00    0.5428242973E-13    0.5428242973E-13    0.1000000000E+01
   10    0.4908333333E+01    0.6966836119E+00   -0.1161139353E+00    0.1214285407E+00    0.0000000000E+00    0.0000000000E+00    0.0000000000E+00    0.0000000000E+00    0.0000000000E+00    0.0000000000E+00    0.6267882128E-12    0.6267882128E-12    0.1000000000E+01
   11    0.4908333333E+01   -0.1161139353E+00    0.6966836119E+00    0.1224580473E+00    0.0000000000E+00    0.0000000000E+00    0.0000000000E+00    0.0000000000E+00    0.0000000000E+00    0.0000000000E+00    0.4571378021E-12    0.4571378021E-12    0.1000000000E+01
    1    0.5166666667E+01    0.6966836119E+00    0.6966836119E+00   -0.3577509739E+00    0.0000000000E+00    0.0000000000E+00    0.0000000000E+00    0.0000000000E+00    0.0000000000E+00    0.0000000000E+00    0.3892885071E-14    0.3892885071E-14    0.1000000000E+01
    2    0.5166666667E+01   -0.1161139353E+00   -0.1161139353E+00   -0.2733266025E+00    0.0000000000E+00    0.0000000000E+00    0.0000000000E+00    0.0000000000E+00    0.0000000000E+00    0.0000000000E+00    0.1152722782E-15    0.1152722816E-15    0.9999999704E+00
    3    0.5166666667E+01    0.6966836119E+00    0.6966836119E+00    0.1039292477E-01    0.0000000000E+00    0.0000000000E+00    0.0000000000E+00    0.0000000000E+00    0.0000000000E+00    0.0000000000E+00    0.2123159100E-13    0.2123159101E-13    0.9999999999E+00
    4    0.5166666667E+01    0.6966836119E+00   -0.1161139353E+00    0.4142231282E+00    0.0000000000E+00    0.0000000000E+00    0.0000000000E+00    0.0000000000E+00    0.0000000000E+00    0.0000000000E+00    0.1872516105E-15    0.1872516154E-15    0.9999999742E+00
    5    0.5166666667E+01   -0.1161139353E+00    0.6966836119E+00    0.4148174700E+00    0.0000000000E+00    0.0000000000E+00    0.0000000000E+00    0.0000000000E+00    0.0000000000E+00    0.0000000000E+00    0.1466672664E-15    0.1466672864E-15    0.9999998635E+00
    1    0.5425000000E+01    0.6966836119E+00    0.6966836119E+00   -0.4148985236E+00    0.0000000000E+00    0.0000000000E+00    0.0000000000E+00    0.0000000000E+00    0.0000000000E+00    0.0000000000E+00    0.1073938502E-13    0.1073938533E-13    0.9999999714E+00
    2    0.5425000000E+01   -0.1161139353E+00   -0.1161139353E+00   -0.3134468950E+00    0.0000000000E+00    0.0000000000E+00    0.0000000000E+00    0.0000000000E+00    0.0000000000E+00    0.0000000000E+00    0.4897904949E-16    0.4897905200E-16    0.9999999489E+00
    3    0.5425000000E+01    0.6966836119E+00    0.6966836119E+00   -0.5786071979E-01    0.0000000000E+00    0.0000000000E+00    0.0000000000E+00    0.0000000000E+00    0.0000000000E+00    0.0000000000E+00    0.7141242447E-14    0.7141242487E-14    0.9999999944E+00
    4    0.5425000000E+01    0.6966836119E+00   -0.1161139353E+00    0.3437136104E+00    0.0000000000E+00    0.0000000000E+00    0.0000000000E+00    0.0000000000E+00    0.0000000000E+00    0.0000000000E+00    0.2129928156E-16    0.2129930749E-16    0.9999987825E+00
    5    0.5425000000E+01   -0.1161139353E+00    0.6966836119E+00    0.3433822364E+00    0.0000000000E+00    0.0000000000E+00    0.0000000000E+00    0.0000000000E+00    0.0000000000E+00    0.0000000000E+00    0.9899060055E-15    0.9899075787E-15    0.9999984108E+00
    1    0.5683333333E+01    0.6966836119E+00    0.6966836119E+00   -0.4739596267E+00    0.0000000000E+00    0.0000000000E+00    0.0000000000E+00    0.0000000000E+00    0.0000000000E+00    0.0000000000E+00    0.4437101174E-13    0.4437101174E-13    0.1000000000E+01
    2    0.5683333333E+01   -0.1161139353E+00   -0.1161139353E+00   -0.3521449684E+00    0.0000000000E+00    0.0000000000E+00    0.0000000000E+00    0.0000000000E+00    0.0000000000E+00    0.0000000000E+00    0.9379876280E-16    0.9379876286E-16    0.9999999994E+00
    3    0.5683333333E+01    0.6966836119E+00    0.6966836119E+00   -0.1264227146E+00    0.0000000000E+00    0.0000000000E+00    0.0000000000E+00    0.0000000000E+00    0.0000000000E+00    0.0000000000E+00    0.3176871227E-13    0.3176871227E-13    0.1000000000E+01
    4    0.5683333333E+01    0.6966836119E+00   -0.1161139353E+00    0.2622661742E+00    0.0000000000E+00    0.0000000000E+00    0.0000000000E+00    0.0000000000E+00    0.0000000000E+00    0.0000000000E+00    0.1005285187E-13    0.1005285187E-13    0.1000000000E+01
    5    0.5683333333E+01   -0.1161139353E+00    0.6966836119E+00    0.2607262718E+00    0.0000000000E+00    0.0000000000E+00    0.0000000000E+00    0.0000000000E+00    0.0000000000E+00    0.0000000000E+00    0.1828988077E-13    0.1828988077E-13    0.1000000000E+01
    1    0.5941666667E+01    0.6966836119E+00    0.6966836119E+00   -0.5397139365E+00    0.0000000000E+00    0.0000000000E+00    0.0000000000E+00    0.0000000000E+00    0.0000000000E+00    0.0000000000E+00    0.5627543745E-14    0.5627543763E-14    0.9999999968E+00
    2    0.5941666667E+01   -0.1161139353E+00   -0.1161139353E+00   -0.3899217470E+00    0.0000000000E+00    0.0000000000E+00    0.0000000000E+00    0.0000000000E+00    0.0000000000E+00    0.0000000000E+00    0.1035563145E-16    0.1035578289E-16    0.9999853759E+00
    3    0.5941666667E+01    0.6966836119E+00    0.6966836119E+00   -0.2005373783E+00    0.0000000000E+00    0.0000000000E+00    0.0000000000E+00    0.0000000000E+00    0.0000000000E+00    0.0000000000E+00    0.4939996006E-14    0.4939996029E-14    0.9999999954E+00
    4    0.5941666667E+01    0.6966836119E+00   -0.1161139353E+00    0.1523602540E+00    0.0000000000E+00    0.0000000000E+00    0.0000000000E+00    0.0000000000E+00    0.0000000000E+00    0.0000000000E+00    0.1734620274E-12    0.1734620275E-12    0.9999999998E+00
    5    0.5941666667E+01   -0.1161139353E+00    0.6966836119E+00    0.1500354037E+00    0.0000000000E+00    0.0000000000E+00    0.0000000000E+00    0.0000000000E+00    0.0000000000E+00    0.0000000000E+00    0.2171732714E-12    0.2171732714E-12    0.1000000000E+01
    1    0.6200000000E+01    0.6966836119E+00    0.6966836119E+00    0.5228395217E+00    0.0000000000E+00    0.0000000000E+00    0.0000000000E+00    0.0000000000E+00    0.0000000000E+00    0.0000000000E+00    0.1013968645E-11    0.1013968645E-11    0.1000000000E+01
    2    0.6200000000E+01   -0.1161139353E+00   -0.1161139353E+00   -0.4271055889E+00    0.0000000000E+00    0.0000000000E+00    0.0000000000E+00    0.0000000000E+00    0.0000000000E+00    0.0000000000E+00    0.5767823923E-15    0.5767823923E-15    0.1000000000E+01
    3    0.6200000000E+01    0.6966836119E+00    0.6966836119E+00   -0.2949636925E+00    0.0000000000E+00    0.0000000000E+00    0.0000000000E+00    0.0000000000E+00    0.0000000000E+00    0.0000000000E+00    0.1015730634E-11    0.1015730634E-11    0.1000000000E+01
    1    0.6458333333E+01   -0.1161139353E+00   -0.1161139353E+00   -0.4639300154E+00    0.0000000000E+00    0.0000000000E+00    0.0000000000E+00    0.0000000000E+00    0.0000000000E+00    0.0000000000E+00    0.1682276020E-14    0.1682276020E-14    0.1000000000E+01
    1    0.6716666667E+01   -0.1161139353E+00   -0.1161139353E+00   -0.5005679882E+00    0.0000000000E+00    0.0000000000E+00    0.0000000000E+00    0.0000000000E+00    0.0000000000E+00    0.0000000000E+00    0.1922141043E-14    0.1922141043E-14    0.1000000000E+01
    1    0.6975000000E+01   -0.1161139353E+00   -0.1161139353E+00   -0.5371505714E+00    0.0000000000E+00    0.0000000000E+00    0.0000000000E+00    0.0000000000E+00    0.0000000000E+00    0.0000000000E+00    0.5766435720E-15    0.5766435720E-15    0.1000000000E+01
    1    0.7233333333E+01   -0.1161139353E+00   -0.1161139353E+00   -0.5739377493E+00    0.0000000000E+00    0.0000000000E+00    0.0000000000E+00    0.0000000000E+00    0.0000000000E+00    0.0000000000E+00    0.2702876926E-12    0.2702876926E-12    0.1000000000E+01
    2    0.7233333333E+01   -0.1161139353E+00    0.6966836119E+00   -0.1282278796E+00    0.0000000000E+00    0.0000000000E+00    0.0000000000E+00    0.0000000000E+00    0.0000000000E+00    0.0000000000E+00    0.2666404986E-12    0.2666404986E-12    0.1000000000E+01
    3    0.7233333333E+01    0.6966836119E+00   -0.1161139353E+00   -0.1304169430E+00    0.0000000000E+00    0.0000000000E+00    0.0000000000E+00    0.0000000000E+00    0.0000000000E+00    0.0000000000E+00    0.2419551095E-12    0.2419551095E-12    0.1000000000E+01
    1    0.7491666667E+01   -0.1161139353E+00   -0.1161139353E+00    0.5389699270E+00    0.0000000000E+00    0.0000000000E+00    0.0000000000E+00    0.0000000000E+00    0.0000000000E+00    0.0000000000E+00    0.7329653187E-15    0.7329653187E-15    0.1000000000E+01
    2    0.7491666667E+01   -0.1161139353E+00    0.6966836119E+00   -0.1918863569E+00    0.0000000000E+00    0.0000000000E+00    0.0000000000E+00    0.0000000000E+00    0.0000000000E+00    0.0000000000E+00    0.1593425055E-17    0.1593425055E-17    0.9999999999E+00
    3    0.7491666667E+01    0.6966836119E+00   -0.1161139353E+00   -0.1940940109E+00    0.0000000000E+00    0.0000000000E+00    0.0000000000E+00    0.0000000000E+00    0.0000000000E+00    0.0000000000E+00    0.9532189546E-16    0.9532189546E-16    0.1000000000E+01
    1    0.7750000000E+01   -0.1161139353E+00   -0.1161139353E+00    0.5020668480E+00    0.0000000000E+00    0.0000000000E+00    0.0000000000E+00    0.0000000000E+00    0.0000000000E+00    0.0000000000E+00    0.3702091826E-14    0.3702091826E-14    0.1000000000E+01
    2    0.7750000000E+01   -0.1161139353E+00    0.6966836119E+00   -0.2443662689E+00    0.0000000000E+00    0.0000000000E+00    0.0000000000E+00    0.0000000000E+00    0.0000000000E+00    0.0000000000E+00    0.1304139266E-13    0.1304139266E-13    0.1000000000E+01
    3    0.7750000000E+01    0.6966836119E+00   -0.1161139353E+00   -0.2464427814E+00    0.0000000000E+00    0.0000000000E+00    0.0000000000E+00    0.0000000000E+00    0.0000000000E+00    0.0000000000E+00    0.1083231003E-13    0.1083231003E-13    0.1000000000E+01
    1    0.8008333333E+01   -0.1161139353E+00   -0.1161139353E+00    0.4649615762E+00    0.0000000000E+00    0.0000000000E+00    0.0000000000E+00    0.0000000000E+00    0.0000000000E+00    0.0000000000E+00    0.4940598962E-14    0.4940598962E-14    0.1000000000E+01
    2    0.8008333333E+01    0.6966836119E+00   -0.1161139353E+00   -0.2946468439E+00    0.0000000000E+00    0.0000000000E+00    0.0000000000E+00    0.0000000000E+00    0.0000000000E+00    0.0000000000E+00    0.6758056168E-14    0.6758056168E-14    0.1000000000E+01
    3    0.8008333333E+01   -0.1161139353E+00    0.6966836119E+00   -0.2928462756E+00    0.0000000000E+00    0.0000000000E+00    0.0000000000E+00    0.0000000000E+00    0.0000000000E+00    0.0000000000E+00    0.1110620701E-13    0.1110620701E-13    0.1000000000E+01
    1    0.8266666667E+01   -0.1161139353E+00   -0.1161139353E+00    0.4276230905E+00    0.0000000000E+00    0.0000000000E+00    0.0000000000E+00    0.0000000000E+00    0.0000000000E+00    0.0000000000E+00    0.2635873426E-14    0.2635873426E-14    0.1000000000E+01
    2    0.8266666667E+01    0.6966836119E+00   -0.1161139353E+00   -0.3416130735E+00    0.0000000000E+00    0.0000000000E+00    0.0000000000E+00    0.0000000000E+00    0.0000000000E+00    0.0000000000E+00    0.1067013990E-14    0.1067013990E-14    0.1000000000E+01
    3    0.8266666667E+01   -0.1161139353E+00    0.6966836119E+00   -0.3402363766E+00    0.0000000000E+00    0.0000000000E+00    0.0000000000E+00    0.0000000000E+00    0.0000000000E+00    0.0000000000E+00    0.2873739187E-14    0.2873739187E-14    0.1000000000E+01
    1    0.8525000000E+01   -0.1161139353E+00   -0.1161139353E+00    0.3900215503E+00    0.0000000000E+00    0.0000000000E+00    0.0000000000E+00    0.0000000000E+00    0.0000000000E+00    0.0000000000E+00    0.8321699468E-16    0.8321699485E-16    0.9999999980E+00
    2    0.8525000000E+01   -0.1161139353E+00    0.6966836119E+00   -0.3884156606E+00    0.0000000000E+00    0.0000000000E+00    0.0000000000E+00    0.0000000000E+00    0.0000000000E+00    0.0000000000E+00    0.3619238547E-16    0.3619238550E-16    0.9999999993E+00
    3    0.8525000000E+01    0.6966836119E+00   -0.1161139353E+00   -0.3891988941E+00    0.0000000000E+00    0.0000000000E+00    0.0000000000E+00    0.0000000000E+00    0.0000000000E+00    0.0000000000E+00    0.8143550714E-17    0.8143550949E-17    0.9999999712E+00
    1    0.8783333333E+01    0.6966836119E+00    0.6966836119E+00    0.3561736955E+00    0.0000000000E+00    0.0000000000E+00    0.0000000000E+00    0.0000000000E+00    0.0000000000E+00    0.0000000000E+00    0.6585632021E-10    0.6585632021E-10    0.1000000000E+01
    2    0.8783333333E+01   -0.1161139353E+00   -0.1161139353E+00    0.3521192367E+00    0.0000000000E+00    0.0000000000E+00    0.0000000000E+00    0.0000000000E+00    0.0000000000E+00    0.0000000000E+00    0.1711537653E-14    0.1711537653E-14    0.1000000000E+01
    3    0.8783333333E+01    0.6966836119E+00    0.6966836119E+00   -0.4184063553E+00    0.0000000000E+00    0.0000000000E+00    0.0000000000E+00    0.0000000000E+00    0.0000000000E+00    0.0000000000E+00    0.6600838302E-10    0.6600838302E-10    0.1000000000E+01
    4    0.8783333333E+01   -0.1161139353E+00    0.6966836119E+00   -0.4391655549E+00    0.0000000000E+00    0.0000000000E+00    0.0000000000E+00    0.0000000000E+00    0.0000000000E+00    0.0000000000E+00    0.2654909779E-14    0.2654909780E-14    0.9999999999E+00
    5    0.8783333333E+01    0.6966836119E+00   -0.1161139353E+00   -0.4391420130E+00    0.0000000000E+00    0.0000000000E+00    0.0000000000E+00    0.0000000000E+00    0.0000000000E+00    0.0000000000E+00    0.7708701771E-16    0.7708701858E-16    0.9999999888E+00
    1    0.9041666667E+01    0.6966836119E+00    0.6966836119E+00    0.2155351201E+00    0.0000000000E+00    0.0000000000E+00    0.0000000000E+00    0.0000000000E+00    0.0000000000E+00    0.0000000000E+00    0.2072103503E-12    0.2072103503E-12    0.1000000000E+01
    2    0.9041666667E+01   -0.1161139353E+00   -0.1161139353E+00    0.3138621178E+00    0.0000000000E+00    0.0000000000E+00    0.0000000000E+00    0.0000000000E+00    0.0000000000E+00    0.0000000000E+00    0.6415523962E-14    0.6415523962E-14    0.1000000000E+01
    3    0.9041666667E+01    0.6966836119E+00    0.6966836119E+00   -0.5378124814E+00    0.0000000000E+00    0.0000000000E+00    0.0000000000E+00    0.0000000000E+00    0.0000000000E+00    0.0000000000E+00    0.1362388240E-12    0.1362388240E-12    0.1000000000E+01
    4    0.9041666667E+01   -0.1161139353E+00    0.6966836119E+00   -0.4948784736E+00    0.0000000000E+00    0.0000000000E+00    0.0000000000E+00    0.0000000000E+00    0.0000000000E+00    0.0000000000E+00    0.4140554661E-14    0.4140554661E-14    0.1000000000E+01
    5    0.9041666667E+01    0.6966836119E+00   -0.1161139353E+00   -0.4937573550E+00    0.0000000000E+00    0.0000000000E+00    0.0000000000E+00    0.0000000000E+00    0.0000000000E+00    0.0000000000E+00    0.6234955809E-15    0.6234955809E-15    0.1000000000E+01
    1    0.9300000000E+01    0.6966836119E+00    0.6966836119E+00    0.9223621267E-01    0.0000000000E+00    0.0000000000E+00    0.0000000000E+00    0.0000000000E+00    0.0000000000E+00    0.0000000000E+00    0.8878987189E-11    0.8878987189E-11    0.1000000000E+01
    2    0.9300000000E+01   -0.1161139353E+00   -0.1161139353E+00    0.2751721926E+00    0.0000000000E+00    0.0000000000E+00    0.0000000000E+00    0.0000000000E+00    0.0000000000E+00    0.0000000000E+00    0.8046503555E-14    0.8046503555E-14    0.1000000000E+01
    3    0.9300000000E+01    0.6966836119E+00    0.6966836119E+00    0.5425623918E+00    0.0000000000E+00    0.0000000000E+00    0.0000000000E+00    0.0000000000E+00    0.0000000000E+00    0.0000000000E+00    0.3129550954E-12    0.3129550954E-12    0.1000000000E+01
    4    0.9300000000E+01   -0.1161139353E+00    0.6966836119E+00   -0.5600273784E+00    0.0000000000E+00    0.0000000000E+00    0.0000000000E+00    0.0000000000E+00    0.0000000000E+00    0.0000000000E+00    0.3320828375E-14    0.3320828378E-14    0.9999999990E+00
    5    0.9300000000E+01    0.6966836119E+00   -0.1161139353E+00   -0.5574405575E+00    0.0000000000E+00    0.0000000000E+00    0.0000000000E+00    0.0000000000E+00    0.0000000000E+00    0.0000000000E+00    0.5003653532E-13    0.5003653532E-13    0.1000000000E+01
    1    0.9558333333E+01   -0.1161139353E+00    0.6966836119E+00   -0.1186795215E+00    0.0000000000E+00    0.0000000000E+00    0.0000000000E+00    0.0000000000E+00    0.0000000000E+00    0.0000000000E+00    0.1007052344E-10    0.1007052344E-10    0.9999999999E+00
    2    0.9558333333E+01    0.6966836119E+00   -0.1161139353E+00   -0.1110284701E+00    0.0000000000E+00    0.0000000000E+00    0.0000000000E+00    0.0000000000E+00    0.0000000000E+00    0.0000000000E+00    0.1397887198E-10    0.1397887198E-10    0.9999999999E+00
    3    0.9558333333E+01   -0.1161139353E+00   -0.1161139353E+00    0.2359408299E+00    0.0000000000E+00    0.0000000000E+00    0.0000000000E+00    0.0000000000E+00    0.0000000000E+00    0.0000000000E+00    0.3968551523E-14    0.3968551529E-14    0.9999999985E+00
    4    0.9558333333E+01    0.6966836119E+00    0.6966836119E+00    0.4808830794E+00    0.0000000000E+00    0.0000000000E+00    0.0000000000E+00    0.0000000000E+00    0.0000000000E+00    0.0000000000E+00    0.2576870358E-14    0.2576870363E-14    0.9999999981E+00
    5    0.9558333333E+01   -0.1161139353E+00    0.6966836119E+00    0.5016600876E+00    0.0000000000E+00    0.0000000000E+00    0.0000000000E+00    0.0000000000E+00    0.0000000000E+00    0.0000000000E+00    0.8883006100E-13    0.8883006123E-13    0.9999999974E+00
    6    0.9558333333E+01    0.6966836119E+00   -0.1161139353E+00    0.5068916699E+00    0.0000000000E+00    0.0000000000E+00    0.0000000000E+00    0.0000000000E+00    0.0000000000E+00    0.0000000000E+00    0.4448741799E-13    0.4448741818E-13    0.9999999958E+00
    1    0.9816666667E+01    0.6966836119E+00    0.6966836119E+00    0.4199711916E+00    0.0000000000E+00    0.0000000000E+00    0.0000000000E+00    0.0000000000E+00    0.0000000000E+00    0.0000000000E+00    0.1374638708E-14    0.1374638708E-14    0.1000000000E+01
    2    0.9816666667E+01   -0.1161139353E+00   -0.1161139353E+00    0.1960227068E+00    0.0000000000E+00    0.0000000000E+00    0.0000000000E+00    0.0000000000E+00    0.0000000000E+00    0.0000000000E+00    0.5106169602E-16    0.5106169616E-16    0.9999999972E+00
    1    0.1007500000E+02    0.6966836119E+00    0.6966836119E+00    0.3558783252E+00    0.0000000000E+00    0.0000000000E+00    0.0000000000E+00    0.0000000000E+00    0.0000000000E+00    0.0000000000E+00    0.1338887288E-14    0.1338887288E-14    0.1000000000E+01
    2    0.1007500000E+02   -0.1161139353E+00   -0.1161139353E+00    0.1552292632E+00    0.0000000000E+00    0.0000000000E+00    0.0000000000E+00    0.0000000000E+00    0.0000000000E+00    0.0000000000E+00    0.3284537050E-14    0.3284537050E-14    0.1000000000E+01
    1    0.1033333333E+02    0.6966836119E+00    0.6966836119E+00    0.2839485746E+00    0.0000000000E+00    0.0000000000E+00    0.0000000000E+00    0.0000000000E+00    0.0000000000E+00    0.0000000000E+00    0.1303569269E-13    0.1303569269E-13    0.1000000000E+01
    2    0.1033333333E+02   -0.1161139353E+00   -0.1161139353E+00    0.1133199701E+00    0.0000000000E+00    0.0000000000E+00    0.0000000000E+00    0.0000000000E+00    0.0000000000E+00    0.0000000000E+00    0.1063433631E-13    0.1063433631E-13    0.9999999998E+00
    1    0.1059166667E+02    0.6966836119E+00    0.6966836119E+00    0.1943269990E+00    0.0000000000E+00    0.0000000000E+00    0.0000000000E+00    0.0000000000E+00    0.0000000000E+00    0.0000000000E+00    0.6235101836E-16    0.6235101838E-16    0.9999999996E+00
    2    0.1059166667E+02   -0.1161139353E+00   -0.1161139353E+00    0.6998897422E-01    0.0000000000E+00    0.0000000000E+00    0.0000000000E+00    0.0000000000E+00    0.0000000000E+00    0.0000000000E+00    0.1174449217E-13    0.1174449217E-13    0.1000000000E+01
    1    0.1085000000E+02    0.6966836119E+00    0.6966836119E+00   -0.4522218577E+00    0.0000000000E+00    0.0000000000E+00    0.0000000000E+00    0.0000000000E+00    0.0000000000E+00    0.0000000000E+00    0.7431191723E-11    0.7431191723E-11    0.1000000000E+01
    2    0.1085000000E+02    0.6966836119E+00    0.6966836119E+00    0.1153879111E+00    0.0000000000E+00    0.0000000000E+00    0.0000000000E+00    0.0000000000E+00    0.0000000000E+00    0.0000000000E+00    0.1115635648E-09    0.1115635648E-09    0.1000000000E+01
    3    0.1085000000E+02    0.6966836119E+00    0.6966836119E+00    0.2660386849E-01    0.0000000000E+00    0.0000000000E+00    0.0000000000E+00    0.0000000000E+00    0.0000000000E+00    0.0000000000E+00    0.1097578277E-09    0.1097578277E-09    0.1000000000E+01
    4    0.1085000000E+02   -0.1161139353E+00   -0.1161139353E+00    0.2484111547E-01    0.0000000000E+00    0.0000000000E+00    0.0000000000E+00    0.0000000000E+00    0.0000000000E+00    0.0000000000E+00    0.7083542373E-14    0.7083542420E-14    0.9999999933E+00
    1    0.1110833333E+02    0.6966836119E+00    0.6966836119E+00   -0.5474187456E+00    0.0000000000E+00    0.0000000000E+00    0.0000000000E+00    0.0000000000E+00    0.0000000000E+00    0.0000000000E+00    0.4054168371E-14    0.4054168371E-14    0.1000000000E+01
    2    0.1110833333E+02   -0.1161139353E+00    0.6966836119E+00   -0.1970745904E+00    0.0000000000E+00    0.0000000000E+00    0.0000000000E+00    0.0000000000E+00    0.0000000000E+00    0.0000000000E+00    0.1365120737E-13    0.1365120737E-13    0.1000000000E+01
    3    0.1110833333E+02    0.6966836119E+00   -0.1161139353E+00   -0.1959524099E+00    0.0000000000E+00    0.0000000000E+00    0.0000000000E+00    0.0000000000E+00    0.0000000000E+00    0.0000000000E+00    0.2520740668E-14    0.2520740668E-14    0.1000000000E+01
    4    0.1110833333E+02   -0.1161139353E+00   -0.1161139353E+00   -0.2259763912E-01    0.0000000000E+00    0.0000000000E+00    0.0000000000E+00    0.0000000000E+00    0.0000000000E+00    0.0000000000E+00    0.8068650871E-14    0.8068650871E-14    0.1000000000E+01
    1    0.1136666667E+02    0.6966836119E+00    0.6966836119E+00    0.5345214738E+00    0.0000000000E+00    0.0000000000E+00    0.0000000000E+00    0.0000000000E+00    0.0000000000E+00    0.0000000000E+00    0.1312646809E-14    0.1312646809E-14    0.1000000000E+01
    2    0.1136666667E+02   -0.1161139353E+00   -0.1161139353E+00   -0.7305652315E-01    0.0000000000E+00    0.0000000000E+00    0.0000000000E+00    0.0000000000E+00    0.0000000000E+00    0.0000000000E+00    0.1551942800E-13    0.1551942800E-13    0.1000000000E+01
    3    0.1136666667E+02   -0.1161139353E+00    0.6966836119E+00   -0.3221766691E+00    0.0000000000E+00    0.0000000000E+00    0.0000000000E+00    0.0000000000E+00    0.0000000000E+00    0.0000000000E+00    0.6739811320E-13    0.6739811320E-13    0.1000000000E+01
    4    0.1136666667E+02    0.6966836119E+00   -0.1161139353E+00   -0.3213084683E+00    0.0000000000E+00    0.0000000000E+00    0.0000000000E+00    0.0000000000E+00    0.0000000000E+00    0.0000000000E+00    0.3960841145E-14    0.3960841146E-14    0.9999999998E+00
    1    0.1162500000E+02    0.6966836119E+00    0.6966836119E+00    0.4755812380E+00    0.0000000000E+00    0.0000000000E+00    0.0000000000E+00    0.0000000000E+00    0.0000000000E+00    0.0000000000E+00    0.1841203358E-15    0.1841203361E-15    0.9999999984E+00
    2    0.1162500000E+02   -0.1161139353E+00   -0.1161139353E+00   -0.1273955463E+00    0.0000000000E+00    0.0000000000E+00    0.0000000000E+00    0.0000000000E+00    0.0000000000E+00    0.0000000000E+00    0.1247902364E-13    0.1247902364E-13    0.1000000000E+01
    3    0.1162500000E+02   -0.1161139353E+00    0.6966836119E+00   -0.4104709909E+00    0.0000000000E+00    0.0000000000E+00    0.0000000000E+00    0.0000000000E+00    0.0000000000E+00    0.0000000000E+00    0.2447661300E-14    0.2447661300E-14    0.9999999999E+00
    4    0.1162500000E+02    0.6966836119E+00   -0.1161139353E+00   -0.4118334540E+00    0.0000000000E+00    0.0000000000E+00    0.0000000000E+00    0.0000000000E+00    0.0000000000E+00    0.0000000000E+00    0.3822595305E-14    0.3822595305E-14    0.1000000000E+01
    1    0.1188333333E+02    0.6966836119E+00    0.6966836119E+00    0.4199106200E+00    0.0000000000E+00    0.0000000000E+00    0.0000000000E+00    0.0000000000E+00    0.0000000000E+00    0.0000000000E+00    0.3508214863E-17    0.3508214874E-17    0.9999999968E+00
    2    0.1188333333E+02   -0.1161139353E+00   -0.1161139353E+00   -0.1867843282E+00    0.0000000000E+00    0.0000000000E+00    0.0000000000E+00    0.0000000000E+00    0.0000000000E+00    0.0000000000E+00    0.9910446254E-16    0.9910446260E-16    0.9999999994E+00
    3    0.1188333333E+02    0.6966836119E+00   -0.1161139353E+00   -0.4875811947E+00    0.0000000000E+00    0.0000000000E+00    0.0000000000E+00    0.0000000000E+00    0.0000000000E+00    0.0000000000E+00    0.1081628356E-13    0.1081628356E-13    0.1000000000E+01
    4    0.1188333333E+02   -0.1161139353E+00    0.6966836119E+00   -0.4853045762E+00    0.0000000000E+00    0.0000000000E+00    0.0000000000E+00    0.0000000000E+00    0.0000000000E+00    0.0000000000E+00    0.1657790914E-14    0.1657790914E-14    0.1000000000E+01
    1    0.1214166667E+02    0.6966836119E+00    0.6966836119E+00    0.3647529456E+00    0.0000000000E+00    0.0000000000E+00    0.0000000000E+00    0.0000000000E+00    0.0000000000E+00    0.0000000000E+00    0.2536788759E-17    0.2536788821E-17    0.9999999757E+00
    2    0.1214166667E+02   -0.1161139353E+00   -0.1161139353E+00   -0.2525326406E+00    0.0000000000E+00    0.0000000000E+00    0.0000000000E+00    0.0000000000E+00    0.0000000000E+00    0.0000000000E+00    0.9866140578E-14    0.9866140578E-14    0.1000000000E+01
    3    0.1214166667E+02    0.6966836119E+00   -0.1161139353E+00   -0.5570107668E+00    0.0000000000E+00    0.0000000000E+00    0.0000000000E+00    0.0000000000E+00    0.0000000000E+00    0.0000000000E+00    0.3634244345E-13    0.3634244345E-13    0.1000000000E+01
    4    0.1214166667E+02   -0.1161139353E+00    0.6966836119E+00   -0.5547361059E+00    0.0000000000E+00    0.0000000000E+00    0.0000000000E+00    0.0000000000E+00    0.0000000000E+00    0.0000000000E+00    0.2625789556E-15    0.2625789556E-15    0.1000000000E+01
    1    0.1240000000E+02   -0.1161139353E+00   -0.1161139353E+00   -0.3253566579E+00    0.0000000000E+00    0.0000000000E+00    0.0000000000E+00    0.0000000000E+00    0.0000000000E+00    0.0000000000E+00    0.5634946610E-14    0.5634946610E-14    0.1000000000E+01
    2    0.1240000000E+02    0.6966836119E+00    0.6966836119E+00    0.3079970126E+00    0.0000000000E+00    0.0000000000E+00    0.0000000000E+00    0.0000000000E+00    0.0000000000E+00    0.0000000000E+00    0.1384853254E-16    0.1384853675E-16    0.9999996960E+00
    3    0.1240000000E+02    0.6966836119E+00   -0.1161139353E+00    0.5249155971E+00    0.0000000000E+00    0.0000000000E+00    0.0000000000E+00    0.0000000000E+00    0.0000000000E+00    0.0000000000E+00    0.2601092414E-14    0.2601092414E-14    0.9999999999E+00
    4    0.1240000000E+02   -0.1161139353E+00    0.6966836119E+00    0.5264473562E+00    0.0000000000E+00    0.0000000000E+00    0.0000000000E+00    0.0000000000E+00    0.0000000000E+00    0.0000000000E+00    0.5240363035E-15    0.5240363035E-15    0.1000000000E+01
    1    0.1265833333E+02   -0.1161139353E+00   -0.1161139353E+00   -0.4036632888E+00    0.0000000000E+00    0.0000000000E+00    0.0000000000E+00    0.0000000000E+00    0.0000000000E+00    0.0000000000E+00    0.1920235062E-15    0.1920235062E-15    0.1000000000E+01
    2    0.1265833333E+02    0.6966836119E+00    0.6966836119E+00    0.2473473548E+00    0.0000000000E+00    0.0000000000E+00    0.0000000000E+00    0.0000000000E+00    0.0000000000E+00    0.0000000000E+00    0.1230165302E-15    0.1230165302E-15    0.1000000000E+01
    3    0.1265833333E+02    0.6966836119E+00   -0.1161139353E+00    0.4555224133E+00    0.0000000000E+00    0.0000000000E+00    0.0000000000E+00    0.0000000000E+00    0.0000000000E+00    0.0000000000E+00    0.5101999368E-15    0.5101999368E-15    0.1000000000E+01
    4    0.1265833333E+02   -0.1161139353E+00    0.6966836119E+00    0.4560098841E+00    0.0000000000E+00    0.0000000000E+00    0.0000000000E+00    0.0000000000E+00    0.0000000000E+00    0.0000000000E+00    0.2865823893E-14    0.2865823893E-14    0.1000000000E+01
    1    0.1291666667E+02   -0.1161139353E+00   -0.1161139353E+00   -0.4830150022E+00    0.0000000000E+00    0.0000000000E+00    0.0000000000E+00    0.0000000000E+00    0.0000000000E+00    0.0000000000E+00    0.1430877482E-14    0.1430877482E-14    0.1000000000E+01
    2    0.1291666667E+02    0.6966836119E+00    0.6966836119E+00    0.1793759383E+00    0.0000000000E+00    0.0000000000E+00    0.0000000000E+00    0.0000000000E+00    0.0000000000E+00    0.0000000000E+00    0.3483797132E-15    0.3483797132E-15    0.1000000000E+01
    3    0.1291666667E+02    0.6966836119E+00   -0.1161139353E+00    0.3803474198E+00    0.0000000000E+00    0.0000000000E+00    0.0000000000E+00    0.0000000000E+00    0.0000000000E+00    0.0000000000E+00    0.1518047920E-17    0.1518047922E-17    0.9999999989E+00
    4    0.1291666667E+02   -0.1161139353E+00    0.6966836119E+00    0.3794054529E+00    0.0000000000E+00    0.0000000000E+00    0.0000000000E+00    0.0000000000E+00    0.0000000000E+00    0.0000000000E+00    0.5320465192E-16    0.5320465192E-16    0.1000000000E+01
    1    0.1317500000E+02   -0.1161139353E+00   -0.1161139353E+00   -0.5596595737E+00    0.0000000000E+00    0.0000000000E+00    0.0000000000E+00    0.0000000000E+00    0.0000000000E+00    0.0000000000E+00    0.9419100551E-13    0.9419100551E-13    0.1000000000E+01
    2    0.1317500000E+02    0.6966836119E+00    0.6966836119E+00    0.9659383373E-01    0.0000000000E+00    0.0000000000E+00    0.0000000000E+00    0.0000000000E+00    0.0000000000E+00    0.0000000000E+00    0.4961846695E-12    0.4961846695E-12    0.1000000000E+01
    3    0.1317500000E+02    0.6966836119E+00   -0.1161139353E+00    0.2908762574E+00    0.0000000000E+00    0.0000000000E+00    0.0000000000E+00    0.0000000000E+00    0.0000000000E+00    0.0000000000E+00    0.3976592182E-13    0.3976592182E-13    0.1000000000E+01
    4    0.1317500000E+02   -0.1161139353E+00    0.6966836119E+00    0.2879798894E+00    0.0000000000E+00    0.0000000000E+00    0.0000000000E+00    0.0000000000E+00    0.0000000000E+00    0.0000000000E+00    0.1074010999E-12    0.1074010999E-12    0.1000000000E+01
    1    0.1343333333E+02    0.6966836119E+00    0.6966836119E+00   -0.4849421089E+00    0.0000000000E+00    0.0000000000E+00    0.0000000000E+00    0.0000000000E+00    0.0000000000E+00    0.0000000000E+00    0.3468246171E-11    0.3468246171E-11    0.1000000000E+01
    2    0.1343333333E+02   -0.1161139353E+00   -0.1161139353E+00    0.5165384190E+00    0.0000000000E+00    0.0000000000E+00    0.0000000000E+00    0.0000000000E+00    0.0000000000E+00    0.0000000000E+00    0.2159688503E-13    0.2159688563E-13    0.9999999723E+00
    3    0.1343333333E+02    0.6966836119E+00    0.6966836119E+00   -0.9066459054E-01    0.0000000000E+00    0.0000000000E+00    0.0000000000E+00    0.0000000000E+00    0.0000000000E+00    0.0000000000E+00    0.1111614967E-09    0.1111614967E-09    0.1000000000E+01
    4    0.1343333333E+02    0.6966836119E+00   -0.1161139353E+00    0.1003717705E+00    0.0000000000E+00    0.0000000000E+00    0.0000000000E+00    0.0000000000E+00    0.0000000000E+00    0.0000000000E+00    0.3149224317E-09    0.3149224317E-09    0.9999999999E+00
    5    0.1343333333E+02   -0.1161139353E+00    0.6966836119E+00    0.9582766282E-01    0.0000000000E+00    0.0000000000E+00    0.0000000000E+00    0.0000000000E+00    0.0000000000E+00    0.0000000000E+00    0.3198165471E-09    0.3198165471E-09    0.1000000000E+01
    6    0.1343333333E+02    0.6966836119E+00    0.6966836119E+00    0.3853710470E-01    0.0000000000E+00    0.0000000000E+00    0.0000000000E+00    0.0000000000E+00    0.0000000000E+00    0.0000000000E+00    0.3379080745E-11    0.3379080745E-11    0.1000000000E+01
    1    0.1369166667E+02   -0.1161139353E+00   -0.1161139353E+00    0.4442713416E+00    0.0000000000E+00    0.0000000000E+00    0.0000000000E+00    0.0000000000E+00    0.0000000000E+00    0.0000000000E+00    0.2514502679E-12    0.2514502679E-12    0.1000000000E+01
    2    0.1369166667E+02    0.6966836119E+00    0.6966836119E+00   -0.1790561012E+00    0.0000000000E+00    0.0000000000E+00    0.0000000000E+00    0.0000000000E+00    0.0000000000E+00    0.0000000000E+00    0.1840462190E-11    0.1840462190E-11    0.1000000000E+01
    3    0.1369166667E+02   -0.1161139353E+00   -0.1161139353E+00   -0.3681327227E+00    0.0000000000E+00    0.0000000000E+00    0.0000000000E+00    0.0000000000E+00    0.0000000000E+00    0.0000000000E+00    0.2898505319E-12    0.2898505319E-12    0.1000000000E+01
    4    0.1369166667E+02    0.6966836119E+00   -0.1161139353E+00   -0.3310379753E+00    0.0000000000E+00    0.0000000000E+00    0.0000000000E+00    0.0000000000E+00    0.0000000000E+00    0.0000000000E+00    0.7482128908E-12    0.7482128908E-12    0.1000000000E+01
    5    0.1369166667E+02   -0.1161139353E+00    0.6966836119E+00   -0.3332088639E+00    0.0000000000E+00    0.0000000000E+00    0.0000000000E+00    0.0000000000E+00    0.0000000000E+00    0.0000000000E+00    0.2384905584E-12    0.2384905584E-12    0.1000000000E+01
    6    0.1369166667E+02    0.6966836119E+00    0.6966836119E+00   -0.3334201512E+00    0.0000000000E+00    0.0000000000E+00    0.0000000000E+00    0.0000000000E+00    0.0000000000E+00    0.0000000000E+00    0.2861576994E-11    0.2861576994E-11    0.1000000000E+01
    7    0.1369166667E+02   -0.1161139353E+00   -0.1161139353E+00   -0.3334663489E+00   -0.1161139353E+00   -0.1161139353E+00    0.8160029661E+00   -0.1911643609E+00   -0.1980329562E+00   -0.2336019321E+01    0.4945944396E-12    0.4945944396E-12    0.1000000000E+01
    1    0.1395000000E+02    0.6966836119E+00   -0.1161139353E+00    0.6876517010E-01    0.0000000000E+00    0.0000000000E+00    0.0000000000E+00    0.0000000000E+00    0.0000000000E+00    0.0000000000E+00    0.2341841743E-09    0.2341841743E-09    0.1000000000E+01
    2    0.1395000000E+02   -0.1161139353E+00    0.6966836119E+00    0.6600698220E-01    0.0000000000E+00    0.0000000000E+00    0.0000000000E+00    0.0000000000E+00    0.0000000000E+00    0.0000000000E+00    0.2511774728E-09    0.2511774728E-09    0.1000000000E+01
    3    0.1395000000E+02   -0.1161139353E+00   -0.1161139353E+00    0.3696680106E+00    0.0000000000E+00    0.0000000000E+00    0.0000000000E+00    0.0000000000E+00    0.0000000000E+00    0.0000000000E+00    0.3380390202E-12    0.3380390202E-12    0.1000000000E+01
    4    0.1395000000E+02   -0.1161139353E+00   -0.1161139353E+00   -0.5000476170E+00    0.0000000000E+00    0.0000000000E+00    0.0000000000E+00    0.0000000000E+00    0.0000000000E+00    0.0000000000E+00    0.4682864986E-12    0.4682864986E-12    0.1000000000E+01
    5    0.1395000000E+02   -0.1161139353E+00   -0.1161139353E+00   -0.5445406003E+00    0.0000000000E+00    0.0000000000E+00    0.0000000000E+00    0.0000000000E+00    0.0000000000E+00    0.0000000000E+00    0.7749548952E-12    0.7749548952E-12    0.1000000000E+01
    6    0.1395000000E+02   -0.1161139353E+00    0.6966836119E+00    0.5707443523E+00    0.0000000000E+00    0.0000000000E+00    0.0000000000E+00    0.0000000000E+00    0.0000000000E+00    0.0000000000E+00    0.5008950952E-09    0.5008950952E-09    0.1000000000E+01
    7    0.1395000000E+02    0.6966836119E+00   -0.1161139353E+00    0.5725375604E+00    0.0000000000E+00    0.0000000000E+00    0.0000000000E+00    0.0000000000E+00    0.0000000000E+00    0.0000000000E+00    0.1583872485E-08    0.1583872485E-08    0.1000000000E+01
    8    0.1395000000E+02   -0.1161139353E+00    0.6966836119E+00   -0.2795164578E+00    0.0000000000E+00    0.0000000000E+00    0.0000000000E+00    0.0000000000E+00    0.0000000000E+00    0.0000000000E+00    0.4525414496E-10    0.4525414496E-10    0.1000000000E+01
    9    0.1395000000E+02    0.6966836119E+00   -0.1161139353E+00   -0.2838056853E+00    0.0000000000E+00    0.0000000000E+00    0.0000000000E+00    0.0000000000E+00    0.0000000000E+00    0.0000000000E+00    0.8124848911E-10    0.8124848911E-10    0.1000000000E+01
   10    0.1395000000E+02    0.6966836119E+00   -0.1161139353E+00   -0.2965144067E+00    0.0000000000E+00    0.0000000000E+00    0.0000000000E+00    0.0000000000E+00    0.0000000000E+00    0.0000000000E+00    0.4017102969E-10    0.4017102969E-10    0.1000000000E+01
   11    0.1395000000E+02   -0.1161139353E+00    0.6966836119E+00   -0.2941076753E+00    0.0000000000E+00    0.0000000000E+00    0.0000000000E+00    0.0000000000E+00    0.0000000000E+00    0.0000000000E+00    0.2627216669E-10    0.2627216669E-10    0.1000000000E+01
    1    0.1420833333E+02   -0.1161139353E+00   -0.1161139353E+00    0.2854557251E+00    0.0000000000E+00    0.0000000000E+00    0.0000000000E+00    0.0000000000E+00    0.0000000000E+00    0.0000000000E+00    0.3415506416E-13    0.3415506416E-13    0.1000000000E+01
    2    0.1420833333E+02   -0.1161139353E+00   -0.1161139353E+00    0.4152593056E+00   -0.1161139353E+00   -0.1161139353E+00    0.4152593056E+00   -0.9742316903E-01   -0.7598563849E-01   -0.2353694374E+01    0.5174559017E-12    0.5174559017E-12    0.1000000000E+01
    3    0.1420833333E+02   -0.1161139353E+00   -0.1161139353E+00    0.4896921352E+00    0.0000000000E+00    0.0000000000E+00    0.0000000000E+00    0.0000000000E+00    0.0000000000E+00    0.0000000000E+00    0.1546037598E-12    0.1546037598E-12    0.1000000000E+01
    1    0.1446666667E+02   -0.1161139353E+00   -0.1161139353E+00    0.2975112373E+00   -0.1161139353E+00   -0.1161139353E+00    0.2975112373E+00    0.3760938797E+00    0.4600793134E+00   -0.2041854598E+01    0.1685802839E-11    0.1685802839E-11    0.1000000000E+01
    2    0.1446666667E+02   -0.1161139353E+00   -0.1161139353E+00    0.1597752435E+00    0.0000000000E+00    0.0000000000E+00    0.0000000000E+00    0.0000000000E+00    0.0000000000E+00    0.0000000000E+00    0.2935079672E-11    0.2935079672E-11    0.1000000000E+01
    1    0.1472500000E+02   -0.1161139353E+00   -0.1161139353E+00    0.3680619825E-01    0.0000000000E+00    0.0000000000E+00    0.0000000000E+00    0.0000000000E+00    0.0000000000E+00    0.0000000000E+00    0.8145578050E-09    0.8145578050E-09    0.1000000000E+01
