    1    0.2583333333E+00    0.0000000000E+00    0.4644557413E+00   -0.2628806821E-01    0.0000000000E+00    0.0000000000E+00    0.0000000000E+00    0.0000000000E+00    0.0000000000E+00    0.0000000000E+00    0.9799593787E-14    0.9799593787E-14    0.1000000000E+01
    1    0.5166666667E+00    0.0000000000E+00    0.4644557413E+00   -0.7122893427E-01    0.0000000000E+00    0.0000000000E+00    0.0000000000E+00    0.0000000000E+00    0.0000000000E+00    0.0000000000E+00    0.4257197065E-14    0.4257197065E-14    0.1000000000E+01
    1    0.7750000000E+00    0.0000000000E+00    0.4644557413E+00   -0.1114607826E+00    0.0000000000E+00    0.0000000000E+00    0.0000000000E+00    0.0000000000E+00    0.0000000000E+00    0.0000000000E+00    0.2849193810E-14    0.2849193810E-14    0.1000000000E+01
    1    0.1033333333E+01    0.0000000000E+00    0.4644557413E+00   -0.1510497291E+00    0.0000000000E+00    0.0000000000E+00    0.0000000000E+00    0.0000000000E+00    0.0000000000E+00    0.0000000000E+00    0.9497797552E-15    0.9497797552E-15    0.1000000000E+01
    2    0.1033333333E+01    0.0000000000E+00    0.4644557413E+00   -0.1466460969E+00    0.0000000000E+00    0.0000000000E+00    0.0000000000E+00    0.0000000000E+00    0.0000000000E+00    0.0000000000E+00    0.6428882884E-16    0.6428882884E-16    0.1000000000E+01
    1    0.1291666667E+01    0.0000000000E+00    0.4644557413E+00   -0.1907089591E+00    0.0000000000E+00    0.0000000000E+00    0.0000000000E+00    0.0000000000E+00    0.0000000000E+00    0.0000000000E+00    0.4557131332E-18    0.4557131332E-18    0.1000000000E+01
    2    0.1291666667E+01    0.0000000000E+00    0.4644557413E+00   -0.1908466208E+00    0.0000000000E+00    0.0000000000E+00    0.0000000000E+00    0.0000000000E+00    0.0000000000E+00    0.0000000000E+00    0.5541935960E-19    0.5541935960E-19    0.1000000000E+01
    1    0.1550000000E+01    0.0000000000E+00    0.4644557413E+00   -0.2307883719E+00    0.0000000000E+00    0.0000000000E+00    0.0000000000E+00    0.0000000000E+00    0.0000000000E+00    0.0000000000E+00    0.7506320770E-15    0.7506320770E-15    0.1000000000E+01
    2    0.1550000000E+01    0.0000000000E+00    0.4644557413E+00   -0.1932300849E-01    0.0000000000E+00    0.0000000000E+00    0.0000000000E+00    0.0000000000E+00    0.0000000000E+00    0.0000000000E+00    0.1342048739E-12    0.1342048739E-12    0.1000000000E+01
    3    0.1550000000E+01    0.0000000000E+00    0.4644557413E+00   -0.2299288064E+00    0.0000000000E+00    0.0000000000E+00    0.0000000000E+00    0.0000000000E+00    0.0000000000E+00    0.0000000000E+00    0.6488470813E-14    0.6488470813E-14    0.1000000000E+01
    1    0.1808333333E+01    0.0000000000E+00    0.4644557413E+00   -0.2715830981E+00    0.0000000000E+00    0.0000000000E+00    0.0000000000E+00    0.0000000000E+00    0.0000000000E+00    0.0000000000E+00    0.1847733036E-14    0.1847733036E-14    0.1000000000E+01
    2    0.1808333333E+01    0.0000000000E+00    0.4644557413E+00   -0.6550823159E-01    0.0000000000E+00    0.0000000000E+00    0.0000000000E+00    0.0000000000E+00    0.0000000000E+00    0.0000000000E+00    0.5109469892E-14    0.5109469892E-14    0.1000000000E+01
    3    0.1808333333E+01    0.0000000000E+00    0.4644557413E+00   -0.2674699805E+00    0.0000000000E+00    0.0000000000E+00    0.0000000000E+00    0.0000000000E+00    0.0000000000E+00    0.0000000000E+00    0.1374380311E-14    0.1374380311E-14    0.1000000000E+01
    1    0.2066666667E+01    0.0000000000E+00    0.4644557413E+00   -0.3134223778E+00    0.0000000000E+00    0.0000000000E+00    0.0000000000E+00    0.0000000000E+00    0.0000000000E+00    0.0000000000E+00    0.1571363283E-14    0.1571363283E-14    0.1000000000E+01
    2    0.2066666667E+01    0.0000000000E+00    0.4644557413E+00   -0.3047543747E+00    0.0000000000E+00    0.0000000000E+00    0.0000000000E+00    0.0000000000E+00    0.0000000000E+00    0.0000000000E+00    0.1114274948E-14    0.1114274948E-14    0.1000000000E+01
    3    0.2066666667E+01    0.0000000000E+00    0.4644557413E+00   -0.9759081900E-01    0.0000000000E+00    0.0000000000E+00    0.0000000000E+00    0.0000000000E+00    0.0000000000E+00    0.0000000000E+00    0.4303256259E-15    0.4303256259E-15    0.1000000000E+01
    1    0.2325000000E+01    0.0000000000E+00    0.4644557413E+00   -0.3567254368E+00    0.0000000000E+00    0.0000000000E+00    0.0000000000E+00    0.0000000000E+00    0.0000000000E+00    0.0000000000E+00    0.3283640049E-15    0.3283640049E-15    0.1000000000E+01
    2    0.2325000000E+01    0.0000000000E+00    0.4644557413E+00   -0.1263618288E+00    0.0000000000E+00    0.0000000000E+00    0.0000000000E+00    0.0000000000E+00    0.0000000000E+00    0.0000000000E+00    0.9186473910E-15    0.9186473910E-15    0.1000000000E+01
    3    0.2325000000E+01    0.0000000000E+00    0.4644557413E+00   -0.3425092349E+00    0.0000000000E+00    0.0000000000E+00    0.0000000000E+00    0.0000000000E+00    0.0000000000E+00    0.0000000000E+00    0.2156211280E-14    0.2156211280E-14    0.1000000000E+01
    1    0.2583333333E+01    0.0000000000E+00    0.4644557413E+00   -0.4020691541E+00    0.0000000000E+00    0.0000000000E+00    0.0000000000E+00    0.0000000000E+00    0.0000000000E+00    0.0000000000E+00    0.1815451072E-15    0.1815451072E-15    0.1000000000E+01
    2    0.2583333333E+01    0.0000000000E+00    0.4644557413E+00   -0.1534933472E+00    0.0000000000E+00    0.0000000000E+00    0.0000000000E+00    0.0000000000E+00    0.0000000000E+00    0.0000000000E+00    0.2137153777E-14    0.2137153777E-14    0.1000000000E+01
    3    0.2583333333E+01    0.0000000000E+00    0.4644557413E+00   -0.3813178362E+00    0.0000000000E+00    0.0000000000E+00    0.0000000000E+00    0.0000000000E+00    0.0000000000E+00    0.0000000000E+00    0.2384629355E-14    0.2384629355E-14    0.1000000000E+01
    1    0.2841666667E+01    0.0000000000E+00    0.4644557413E+00   -0.4503073190E+00    0.0000000000E+00    0.0000000000E+00    0.0000000000E+00    0.0000000000E+00    0.0000000000E+00    0.0000000000E+00    0.2044189219E-14    0.2044189219E-14    0.1000000000E+01
    2    0.2841666667E+01    0.0000000000E+00    0.4644557413E+00   -0.1796249295E+00    0.0000000000E+00    0.0000000000E+00    0.0000000000E+00    0.0000000000E+00    0.0000000000E+00    0.0000000000E+00    0.2485652898E-14    0.2485652898E-14    0.1000000000E+01
    3    0.2841666667E+01    0.0000000000E+00    0.4644557413E+00   -0.4217952791E+00    0.0000000000E+00    0.4644557413E+00   -0.4217952791E+00    0.1435005178E-09    0.1024314038E+01   -0.2025962252E+01    0.2589977071E-14    0.2589977071E-14    0.1000000000E+01
    1    0.3100000000E+01    0.0000000000E+00   -0.3483418059E+00    0.4548499679E+00    0.0000000000E+00    0.0000000000E+00    0.0000000000E+00    0.0000000000E+00    0.0000000000E+00    0.0000000000E+00    0.9051742410E-10    0.9051742410E-10    0.1000000000E+01
    2    0.3100000000E+01    0.0000000000E+00   -0.3483418059E+00   -0.5114463504E+00    0.0000000000E+00    0.0000000000E+00    0.0000000000E+00    0.0000000000E+00    0.0000000000E+00    0.0000000000E+00    0.8976042016E-10    0.8976042016E-10    0.1000000000E+01
    3    0.3100000000E+01    0.0000000000E+00    0.4644557413E+00   -0.5028708507E+00    0.0000000000E+00    0.0000000000E+00    0.0000000000E+00    0.0000000000E+00    0.0000000000E+00    0.0000000000E+00    0.7464722397E-14    0.7464722397E-14    0.1000000000E+01
    4    0.3100000000E+01    0.0000000000E+00    0.4644557413E+00   -0.2050843737E+00    0.0000000000E+00    0.0000000000E+00    0.0000000000E+00    0.0000000000E+00    0.0000000000E+00    0.0000000000E+00    0.1728287051E-14    0.1728287051E-14    0.1000000000E+01
    5    0.3100000000E+01    0.0000000000E+00    0.4644557413E+00   -0.4647267402E+00    0.0000000000E+00    0.0000000000E+00    0.0000000000E+00    0.0000000000E+00    0.0000000000E+00    0.0000000000E+00    0.3591351655E-14    0.3591351655E-14    0.1000000000E+01
    1    0.3358333333E+01    0.0000000000E+00   -0.3483418059E+00    0.1650934593E+00    0.0000000000E+00    0.0000000000E+00    0.0000000000E+00    0.0000000000E+00    0.0000000000E+00    0.0000000000E+00    0.2566734579E-12    0.2566734580E-12    0.9999999999E+00
    2    0.3358333333E+01    0.0000000000E+00   -0.3483418059E+00    0.4289517645E+00    0.0000000000E+00    0.0000000000E+00    0.0000000000E+00    0.0000000000E+00    0.0000000000E+00    0.0000000000E+00    0.1250498740E-12    0.1250498740E-12    0.1000000000E+01
    3    0.3358333333E+01    0.8127975472E+00    0.4644557413E+00    0.4061289171E+00    0.8127975472E+00    0.4644557413E+00    0.4061289171E+00    0.0000000000E+00    0.0000000000E+00    0.0000000000E+00    0.6189527049E-14    0.6189527179E-14    0.9999999790E+00
    4    0.3358333333E+01    0.0000000000E+00    0.4644557413E+00   -0.5662965997E+00    0.0000000000E+00    0.0000000000E+00    0.0000000000E+00    0.0000000000E+00    0.0000000000E+00    0.0000000000E+00    0.7079477939E-12    0.7079477939E-12    0.1000000000E+01
    5    0.3358333333E+01    0.0000000000E+00    0.4644557413E+00   -0.2300693726E+00    0.0000000000E+00    0.0000000000E+00    0.0000000000E+00    0.0000000000E+00    0.0000000000E+00    0.0000000000E+00    0.6808969759E-15    0.6808969766E-15    0.9999999988E+00
    6    0.3358333333E+01    0.0000000000E+00    0.4644557413E+00   -0.5112607680E+00    0.0000000000E+00    0.4644557413E+00    0.6382085470E+00   -0.2261154921E-09   -0.7244164968E+00    0.2638720211E+01    0.2964087509E-14    0.2964087510E-14    0.9999999997E+00
    7    0.3358333333E+01    0.0000000000E+00   -0.3483418059E+00    0.3651543981E+00    0.0000000000E+00    0.0000000000E+00    0.0000000000E+00    0.0000000000E+00    0.0000000000E+00    0.0000000000E+00    0.7965353784E-13    0.7965353790E-13    0.9999999992E+00
    8    0.3358333333E+01    0.8127975472E+00    0.4644557413E+00    0.3920191556E+00    0.8127975472E+00    0.4644557413E+00    0.3920191556E+00    0.0000000000E+00    0.0000000000E+00    0.0000000000E+00    0.5753406240E-15    0.5753406859E-15    0.9999998925E+00
    9    0.3358333333E+01    0.0000000000E+00   -0.3483418059E+00    0.5592937000E+00    0.0000000000E+00    0.0000000000E+00    0.0000000000E+00    0.0000000000E+00    0.0000000000E+00    0.0000000000E+00    0.6049970707E-12    0.6049970707E-12    0.1000000000E+01
    1    0.3616666667E+01    0.0000000000E+00   -0.3483418059E+00    0.3141571889E+00    0.0000000000E+00    0.0000000000E+00    0.0000000000E+00    0.0000000000E+00    0.0000000000E+00    0.0000000000E+00    0.1855865496E-13    0.1855865496E-13    0.1000000000E+01
    2    0.3616666667E+01    0.8127975472E+00    0.4644557413E+00    0.2769205583E+00    0.8127975472E+00    0.4644557413E+00    0.2769205583E+00    0.0000000000E+00    0.0000000000E+00    0.0000000000E+00    0.6915516744E-13    0.6915516744E-13    0.1000000000E+01
    3    0.3616666667E+01    0.0000000000E+00    0.4644557413E+00    0.5218597899E+00    0.0000000000E+00    0.0000000000E+00    0.0000000000E+00    0.0000000000E+00    0.0000000000E+00    0.0000000000E+00    0.2232208886E-13    0.2232208886E-13    0.1000000000E+01
    4    0.3616666667E+01    0.0000000000E+00    0.4644557413E+00   -0.2547125066E+00    0.0000000000E+00    0.0000000000E+00    0.0000000000E+00    0.0000000000E+00    0.0000000000E+00    0.0000000000E+00    0.1204554625E-14    0.1204554625E-14    0.9999999999E+00
    5    0.3616666667E+01    0.8127975472E+00    0.4644557413E+00    0.4906703938E+00    0.8127975472E+00    0.4644557413E+00    0.4906703938E+00    0.0000000000E+00    0.0000000000E+00    0.0000000000E+00    0.3669566643E-13    0.3669566643E-13    0.1000000000E+01
    6    0.3616666667E+01    0.8127975472E+00    0.4644557413E+00    0.2731181019E+00    0.8127975472E+00    0.4644557413E+00    0.2731181019E+00    0.0000000000E+00    0.0000000000E+00    0.0000000000E+00    0.6328651092E-13    0.6328651096E-13    0.9999999993E+00
    7    0.3616666667E+01    0.0000000000E+00   -0.3483418059E+00    0.3083491059E+00    0.0000000000E+00    0.0000000000E+00    0.0000000000E+00    0.0000000000E+00    0.0000000000E+00    0.0000000000E+00    0.3743573737E-14    0.3743573741E-14    0.9999999990E+00
    8    0.3616666667E+01    0.0000000000E+00    0.4644557413E+00   -0.5633281342E+00    0.0000000000E+00    0.0000000000E+00    0.0000000000E+00    0.0000000000E+00    0.0000000000E+00    0.0000000000E+00    0.1888415125E-14    0.1888415125E-14    0.9999999999E+00
    9    0.3616666667E+01    0.8127975472E+00    0.4644557413E+00    0.4849215132E+00    0.8127975472E+00    0.4644557413E+00    0.4849215132E+00    0.0000000000E+00    0.0000000000E+00    0.0000000000E+00    0.5865531371E-13    0.5865531372E-13    0.9999999999E+00
   10    0.3616666667E+01    0.0000000000E+00   -0.3483418059E+00    0.4945018577E+00    0.0000000000E+00    0.0000000000E+00    0.0000000000E+00    0.0000000000E+00    0.0000000000E+00    0.0000000000E+00    0.9055847083E-14    0.9055847083E-14    0.1000000000E+01
    1    0.3875000000E+01    0.0000000000E+00   -0.3483418059E+00    0.1987338357E+00    0.0000000000E+00    0.0000000000E+00    0.0000000000E+00    0.0000000000E+00    0.0000000000E+00    0.0000000000E+00    0.1964532939E-14    0.1964532939E-14    0.9999999997E+00
    2    0.3875000000E+01    0.8127975472E+00    0.4644557413E+00    0.1630635682E+00    0.8127975472E+00    0.4644557413E+00    0.1630635682E+00    0.0000000000E+00    0.0000000000E+00    0.0000000000E+00    0.1224137186E-12    0.1224137186E-12    0.1000000000E+01
    3    0.3875000000E+01    0.0000000000E+00    0.4644557413E+00   -0.2791097837E+00    0.0000000000E+00    0.0000000000E+00    0.0000000000E+00    0.0000000000E+00    0.0000000000E+00    0.0000000000E+00    0.3347844521E-14    0.3347844522E-14    0.9999999999E+00
    4    0.3875000000E+01    0.8127975472E+00    0.4644557413E+00    0.4187975269E+00    0.8127975472E+00    0.4644557413E+00    0.4187975269E+00    0.0000000000E+00    0.0000000000E+00    0.0000000000E+00    0.7003878381E-13    0.7003878381E-13    0.1000000000E+01
    5    0.3875000000E+01    0.0000000000E+00    0.4644557413E+00    0.4325167881E+00    0.0000000000E+00    0.0000000000E+00    0.0000000000E+00    0.0000000000E+00    0.0000000000E+00    0.0000000000E+00    0.3021913826E-15    0.3021913826E-15    0.1000000000E+01
    6    0.3875000000E+01    0.8127975472E+00    0.4644557413E+00    0.1612403454E+00    0.8127975472E+00    0.4644557413E+00    0.1612403454E+00    0.0000000000E+00    0.0000000000E+00    0.0000000000E+00    0.1315998157E-12    0.1315998157E-12    0.1000000000E+01
    7    0.3875000000E+01    0.0000000000E+00   -0.3483418059E+00    0.2631284335E+00    0.0000000000E+00    0.0000000000E+00    0.0000000000E+00    0.0000000000E+00    0.0000000000E+00    0.0000000000E+00    0.5365126285E-14    0.5365126285E-14    0.9999999999E+00
    8    0.3875000000E+01    0.0000000000E+00    0.4644557413E+00    0.5250953075E+00    0.0000000000E+00    0.0000000000E+00    0.0000000000E+00    0.0000000000E+00    0.0000000000E+00    0.0000000000E+00    0.6464387964E-14    0.6464387974E-14    0.9999999984E+00
    9    0.3875000000E+01    0.0000000000E+00   -0.3483418059E+00    0.4449384909E+00    0.0000000000E+00    0.0000000000E+00    0.0000000000E+00    0.0000000000E+00    0.0000000000E+00    0.0000000000E+00    0.4969215814E-14    0.4969215816E-14    0.9999999996E+00
   10    0.3875000000E+01    0.8127975472E+00    0.4644557413E+00    0.4128483526E+00    0.8127975472E+00    0.4644557413E+00    0.4128483526E+00    0.0000000000E+00    0.0000000000E+00    0.0000000000E+00    0.7310093315E-13    0.7310093315E-13    0.1000000000E+01
    1    0.4133333333E+01    0.0000000000E+00    0.4644557413E+00    0.2863540592E+00    0.0000000000E+00    0.0000000000E+00    0.0000000000E+00    0.0000000000E+00    0.0000000000E+00    0.0000000000E+00    0.1613392919E-12    0.1613392920E-12    0.9999999995E+00
    2    0.4133333333E+01    0.8127975472E+00    0.4644557413E+00    0.3612997374E+00    0.8127975472E+00    0.4644557413E+00    0.3612997374E+00    0.0000000000E+00    0.0000000000E+00    0.0000000000E+00    0.5042568777E-15    0.5042568974E-15    0.9999999609E+00
    3    0.4133333333E+01    0.0000000000E+00    0.4644557413E+00   -0.3033357802E+00    0.0000000000E+00    0.0000000000E+00    0.0000000000E+00    0.0000000000E+00    0.0000000000E+00    0.0000000000E+00    0.4990535080E-14    0.4990535080E-14    0.1000000000E+01
    4    0.4133333333E+01    0.0000000000E+00    0.4644557413E+00    0.4461770718E+00    0.0000000000E+00    0.0000000000E+00    0.0000000000E+00    0.0000000000E+00    0.0000000000E+00    0.0000000000E+00    0.2772541116E-13    0.2772541116E-13    0.1000000000E+01
    5    0.4133333333E+01    0.0000000000E+00   -0.3483418059E+00    0.4006483084E+00    0.0000000000E+00    0.0000000000E+00    0.0000000000E+00    0.0000000000E+00    0.0000000000E+00    0.0000000000E+00    0.1076812783E-13    0.1076812798E-13    0.9999999862E+00
    6    0.4133333333E+01    0.8127975472E+00    0.4644557413E+00    0.3556830412E+00    0.8127975472E+00    0.4644557413E+00    0.3556830412E+00    0.0000000000E+00    0.0000000000E+00    0.0000000000E+00    0.5847530624E-15    0.5847530921E-15    0.9999999493E+00
    7    0.4133333333E+01    0.0000000000E+00   -0.3483418059E+00    0.2227653756E+00    0.0000000000E+00   -0.3483418059E+00   -0.9267039395E+00   -0.5077888210E-10    0.4221930547E+00   -0.1611597175E+01    0.1153998757E-13    0.1153998758E-13    0.9999999989E+00
    1    0.4391666667E+01    0.8127975472E+00   -0.3483418059E+00   -0.1296416174E+00    0.8127975472E+00   -0.3483418059E+00   -0.1296416174E+00    0.0000000000E+00    0.0000000000E+00    0.0000000000E+00    0.1005940102E-10    0.1005940102E-10    0.1000000000E+01
    2    0.4391666667E+01    0.8127975472E+00   -0.3483418059E+00    0.1564489316E-01    0.8127975472E+00   -0.3483418059E+00    0.1564489316E-01    0.0000000000E+00    0.0000000000E+00    0.0000000000E+00    0.1207872972E-10    0.1207872972E-10    0.1000000000E+01
    3    0.4391666667E+01    0.0000000000E+00    0.4644557413E+00   -0.3273670129E+00    0.0000000000E+00    0.0000000000E+00    0.0000000000E+00    0.0000000000E+00    0.0000000000E+00    0.0000000000E+00    0.1207694199E-12    0.1207694199E-12    0.1000000000E+01
    4    0.4391666667E+01    0.8127975472E+00    0.4644557413E+00    0.3100377578E+00    0.8127975472E+00    0.4644557413E+00    0.3100377578E+00    0.0000000000E+00    0.0000000000E+00    0.0000000000E+00    0.5031649178E-14    0.5031649178E-14    0.1000000000E+01
    5    0.4391666667E+01    0.8127975472E+00   -0.3483418059E+00   -0.1498220523E+00    0.8127975472E+00   -0.3483418059E+00   -0.1498220523E+00    0.0000000000E+00    0.0000000000E+00    0.0000000000E+00    0.1210559815E-14    0.1210559815E-14    0.9999999999E+00
    6    0.4391666667E+01    0.0000000000E+00   -0.3483418059E+00    0.1845809155E+00    0.0000000000E+00    0.0000000000E+00    0.0000000000E+00    0.0000000000E+00    0.0000000000E+00    0.0000000000E+00    0.9196262748E-14    0.9196262748E-14    0.1000000000E+01
    7    0.4391666667E+01    0.0000000000E+00   -0.3483418059E+00    0.3590556353E+00    0.0000000000E+00    0.0000000000E+00    0.0000000000E+00    0.0000000000E+00    0.0000000000E+00    0.0000000000E+00    0.9308256944E-14    0.9308256944E-14    0.1000000000E+01
    8    0.4391666667E+01    0.0000000000E+00    0.4644557413E+00    0.3134491285E+00    0.0000000000E+00    0.0000000000E+00    0.0000000000E+00    0.0000000000E+00    0.0000000000E+00    0.0000000000E+00    0.2638216744E-12    0.2638216744E-12    0.1000000000E+01
    9    0.4391666667E+01    0.8127975472E+00    0.4644557413E+00    0.3047917039E+00    0.8127975472E+00    0.4644557413E+00    0.3047917039E+00    0.0000000000E+00    0.0000000000E+00    0.0000000000E+00    0.4658316498E-14    0.4658316498E-14    0.1000000000E+01
    1    0.4650000000E+01    0.8127975472E+00    0.4644557413E+00    0.2619933695E+00    0.8127975472E+00    0.4644557413E+00    0.2619933695E+00    0.0000000000E+00    0.0000000000E+00    0.0000000000E+00    0.6778444958E-14    0.6778444969E-14    0.9999999983E+00
    2    0.4650000000E+01    0.8127975472E+00   -0.3483418059E+00   -0.1031282137E+00    0.8127975472E+00   -0.3483418059E+00   -0.1031282137E+00    0.0000000000E+00    0.0000000000E+00    0.0000000000E+00    0.1592185026E-13    0.1592185026E-13    0.9999999999E+00
    3    0.4650000000E+01    0.8127975472E+00   -0.3483418059E+00   -0.2532324473E+00    0.8127975472E+00   -0.3483418059E+00   -0.2532324473E+00    0.0000000000E+00    0.0000000000E+00    0.0000000000E+00    0.1078133306E-13    0.1078133311E-13    0.9999999951E+00
    4    0.4650000000E+01    0.0000000000E+00   -0.3483418059E+00    0.3188408305E+00    0.0000000000E+00    0.0000000000E+00    0.0000000000E+00    0.0000000000E+00    0.0000000000E+00    0.0000000000E+00    0.4678283835E-14    0.4678283845E-14    0.9999999977E+00
    5    0.4650000000E+01    0.0000000000E+00   -0.3483418059E+00    0.1467215339E+00    0.0000000000E+00    0.0000000000E+00    0.0000000000E+00    0.0000000000E+00    0.0000000000E+00    0.0000000000E+00    0.1064866856E-13    0.1064866856E-13    0.9999999999E+00
    6    0.4650000000E+01    0.8127975472E+00   -0.3483418059E+00   -0.1101371266E+00    0.8127975472E+00   -0.3483418059E+00   -0.1101371266E+00    0.0000000000E+00    0.0000000000E+00    0.0000000000E+00    0.9356344984E-14    0.9356344985E-14    0.1000000000E+01
    7    0.4650000000E+01    0.0000000000E+00    0.4644557413E+00   -0.3514794451E+00    0.0000000000E+00    0.0000000000E+00    0.0000000000E+00    0.0000000000E+00    0.0000000000E+00    0.0000000000E+00    0.4652189340E-15    0.4652189344E-15    0.9999999991E+00
    8    0.4650000000E+01    0.8127975472E+00   -0.3483418059E+00   -0.2606173167E+00    0.8127975472E+00   -0.3483418059E+00   -0.2606173167E+00    0.0000000000E+00    0.0000000000E+00    0.0000000000E+00    0.4664071765E-14    0.4664071765E-14    0.9999999999E+00
    9    0.4650000000E+01    0.8127975472E+00    0.4644557413E+00    0.2570849401E+00    0.8127975472E+00    0.4644557413E+00    0.2570849401E+00    0.0000000000E+00    0.0000000000E+00    0.0000000000E+00    0.5916025538E-14    0.5916026180E-14    0.9999998915E+00
    1    0.4908333333E+01    0.8127975472E+00   -0.3483418059E+00   -0.1780003432E+00    0.8127975472E+00   -0.3483418059E+00   -0.1780003432E+00    0.0000000000E+00    0.0000000000E+00    0.0000000000E+00    0.4750893356E-13    0.4750893357E-13    0.9999999998E+00
    2    0.4908333333E+01    0.8127975472E+00   -0.3483418059E+00   -0.3283103928E+00    0.8127975472E+00   -0.3483418059E+00   -0.3283103928E+00    0.0000000000E+00    0.0000000000E+00    0.0000000000E+00    0.5211101134E-13    0.5211101135E-13    0.9999999998E+00
    3    0.4908333333E+01    0.8127975472E+00    0.4644557413E+00    0.2152326598E+00    0.8127975472E+00    0.4644557413E+00    0.2152326598E+00    0.0000000000E+00    0.0000000000E+00    0.0000000000E+00    0.1937104355E-14    0.1937104360E-14    0.9999999972E+00
    4    0.4908333333E+01    0.8127975472E+00   -0.3483418059E+00   -0.1830795207E+00    0.8127975472E+00   -0.3483418059E+00   -0.1830795207E+00    0.0000000000E+00    0.0000000000E+00    0.0000000000E+00    0.4894004710E-13    0.4894004711E-13    0.1000000000E+01
    5    0.4908333333E+01    0.0000000000E+00    0.4644557413E+00   -0.3755017713E+00    0.0000000000E+00    0.0000000000E+00    0.0000000000E+00    0.0000000000E+00    0.0000000000E+00    0.0000000000E+00    0.3145608478E-16    0.3145608675E-16    0.9999999376E+00
    6    0.4908333333E+01    0.8127975472E+00   -0.3483418059E+00   -0.3338925335E+00    0.8127975472E+00   -0.3483418059E+00   -0.3338925335E+00    0.0000000000E+00    0.0000000000E+00    0.0000000000E+00    0.5403592850E-13    0.5403592851E-13    0.9999999999E+00
    7    0.4908333333E+01    0.0000000000E+00   -0.3483418059E+00    0.1068086645E+00    0.0000000000E+00    0.0000000000E+00    0.0000000000E+00    0.0000000000E+00    0.0000000000E+00    0.0000000000E+00    0.5830623340E-13    0.5830623340E-13    0.1000000000E+01
    8    0.4908333333E+01    0.0000000000E+00   -0.3483418059E+00    0.2790933879E+00    0.0000000000E+00    0.0000000000E+00    0.0000000000E+00    0.0000000000E+00    0.0000000000E+00    0.0000000000E+00    0.3490673566E-14    0.3490673567E-14    0.9999999998E+00
    9    0.4908333333E+01    0.8127975472E+00    0.4644557413E+00    0.2105875488E+00    0.8127975472E+00    0.4644557413E+00    0.2105875488E+00    0.0000000000E+00    0.0000000000E+00    0.0000000000E+00    0.1276458846E-14    0.1276458846E-14    0.9999999994E+00
    1    0.5166666667E+01    0.8127975472E+00   -0.3483418059E+00   -0.2424453739E+00    0.8127975472E+00   -0.3483418059E+00   -0.2424453739E+00    0.0000000000E+00    0.0000000000E+00    0.0000000000E+00    0.4338017262E-13    0.4338017262E-13    0.1000000000E+01
    2    0.5166666667E+01    0.8127975472E+00   -0.3483418059E+00   -0.3944913606E+00    0.8127975472E+00   -0.3483418059E+00   -0.3944913606E+00    0.0000000000E+00    0.0000000000E+00    0.0000000000E+00    0.4221541776E-13    0.4221541776E-13    0.1000000000E+01
    3    0.5166666667E+01    0.8127975472E+00    0.4644557413E+00    0.1677098656E+00    0.8127975472E+00    0.4644557413E+00    0.1677098656E+00    0.0000000000E+00    0.0000000000E+00    0.0000000000E+00    0.4601443143E-14    0.4601443143E-14    0.1000000000E+01
    4    0.5166666667E+01    0.8127975472E+00   -0.3483418059E+00   -0.2466981336E+00    0.8127975472E+00   -0.3483418059E+00   -0.2466981336E+00    0.0000000000E+00    0.0000000000E+00    0.0000000000E+00    0.3928084666E-13    0.3928084666E-13    0.1000000000E+01
    5    0.5166666667E+01    0.0000000000E+00   -0.3483418059E+00    0.5790269564E-01    0.0000000000E+00    0.0000000000E+00    0.0000000000E+00    0.0000000000E+00    0.0000000000E+00    0.0000000000E+00    0.4797924402E-12    0.4797924402E-12    0.1000000000E+01
    6    0.5166666667E+01    0.0000000000E+00   -0.3483418059E+00    0.2389688828E+00    0.0000000000E+00    0.0000000000E+00    0.0000000000E+00    0.0000000000E+00    0.0000000000E+00    0.0000000000E+00    0.6076529767E-14    0.6076529768E-14    0.9999999999E+00
    7    0.5166666667E+01    0.8127975472E+00    0.4644557413E+00    0.1631754901E+00    0.8127975472E+00    0.4644557413E+00    0.1631754901E+00    0.0000000000E+00    0.0000000000E+00    0.0000000000E+00    0.6753059068E-14    0.6753059069E-14    0.9999999999E+00
    8    0.5166666667E+01    0.0000000000E+00    0.4644557413E+00   -0.3995365925E+00    0.0000000000E+00    0.0000000000E+00    0.0000000000E+00    0.0000000000E+00    0.0000000000E+00    0.0000000000E+00    0.1497809454E-15    0.1497809456E-15    0.9999999985E+00
    9    0.5166666667E+01    0.8127975472E+00   -0.3483418059E+00   -0.3995461695E+00    0.8127975472E+00   -0.3483418059E+00   -0.3995461695E+00    0.0000000000E+00    0.0000000000E+00    0.0000000000E+00    0.3922265694E-13    0.3922265694E-13    0.1000000000E+01
    1    0.5425000000E+01    0.8127975472E+00    0.4644557413E+00    0.1155627476E+00    0.8127975472E+00    0.4644557413E+00    0.1155627476E+00    0.0000000000E+00    0.0000000000E+00    0.0000000000E+00    0.1219776936E-12    0.1219776936E-12    0.1000000000E+01
    2    0.5425000000E+01    0.8127975472E+00   -0.3483418059E+00   -0.4632113007E+00    0.8127975472E+00   -0.3483418059E+00   -0.4632113007E+00    0.0000000000E+00    0.0000000000E+00    0.0000000000E+00    0.1551381474E-12    0.1551381474E-12    0.1000000000E+01
    3    0.5425000000E+01    0.8127975472E+00   -0.3483418059E+00   -0.3050928918E+00    0.8127975472E+00   -0.3483418059E+00   -0.3050928918E+00    0.0000000000E+00    0.0000000000E+00    0.0000000000E+00    0.6794504468E-14    0.6794504469E-14    0.9999999999E+00
    4    0.5425000000E+01    0.0000000000E+00   -0.3483418059E+00    0.1973871372E+00    0.0000000000E+00    0.0000000000E+00    0.0000000000E+00    0.0000000000E+00    0.0000000000E+00    0.0000000000E+00    0.1519611241E-15    0.1519619472E-15    0.9999945841E+00
    5    0.5425000000E+01    0.8127975472E+00    0.4644557413E+00    0.1106947773E+00    0.8127975472E+00    0.4644557413E+00    0.1106947773E+00    0.0000000000E+00    0.0000000000E+00    0.0000000000E+00    0.1468401202E-12    0.1468401202E-12    0.1000000000E+01
    6    0.5425000000E+01    0.8127975472E+00   -0.3483418059E+00   -0.4688843180E+00    0.8127975472E+00   -0.3483418059E+00   -0.4688843180E+00    0.0000000000E+00    0.0000000000E+00    0.0000000000E+00    0.2055903480E-12    0.2055903494E-12    0.9999999932E+00
    7    0.5425000000E+01    0.0000000000E+00    0.4644557413E+00   -0.4236189473E+00    0.0000000000E+00    0.0000000000E+00    0.0000000000E+00    0.0000000000E+00    0.0000000000E+00    0.0000000000E+00    0.8554623351E-15    0.8554623984E-15    0.9999999261E+00
    8    0.5425000000E+01    0.8127975472E+00   -0.3483418059E+00   -0.3090242869E+00    0.8127975472E+00   -0.3483418059E+00   -0.3090242869E+00    0.0000000000E+00    0.0000000000E+00    0.0000000000E+00    0.6785630240E-14    0.6785635640E-14    0.9999992042E+00
    1    0.5683333333E+01    0.8127975472E+00    0.4644557413E+00    0.3909975220E-01    0.8127975472E+00    0.4644557413E+00    0.3909975220E-01    0.0000000000E+00    0.0000000000E+00    0.0000000000E+00    0.3860922305E-11    0.3860922305E-11    0.1000000000E+01
    2    0.5683333333E+01    0.8127975472E+00   -0.3483418059E+00   -0.3739213936E+00    0.8127975472E+00   -0.3483418059E+00   -0.3739213936E+00    0.0000000000E+00    0.0000000000E+00    0.0000000000E+00    0.6569651245E-15    0.6569651245E-15    0.9999999999E+00
    3    0.5683333333E+01    0.0000000000E+00   -0.3483418059E+00    0.1524155620E+00    0.0000000000E+00    0.0000000000E+00    0.0000000000E+00    0.0000000000E+00    0.0000000000E+00    0.0000000000E+00    0.1859875273E-13    0.1859875279E-13    0.9999999969E+00
    4    0.5683333333E+01    0.8127975472E+00    0.4644557413E+00    0.2756391743E-01    0.8127975472E+00    0.4644557413E+00    0.2756391743E-01    0.0000000000E+00    0.0000000000E+00    0.0000000000E+00    0.8134788020E-11    0.8134788020E-11    0.1000000000E+01
    5    0.5683333333E+01    0.8127975472E+00   -0.3483418059E+00   -0.3781333758E+00    0.8127975472E+00   -0.3483418059E+00   -0.3781333758E+00    0.0000000000E+00    0.0000000000E+00    0.0000000000E+00    0.2239007952E-15    0.2239007954E-15    0.9999999992E+00
    6    0.5683333333E+01    0.0000000000E+00    0.4644557413E+00   -0.4477809141E+00    0.0000000000E+00    0.0000000000E+00    0.0000000000E+00    0.0000000000E+00    0.0000000000E+00    0.0000000000E+00    0.1815635547E-14    0.1815635665E-14    0.9999999346E+00
    1    0.5941666667E+01    0.8127975472E+00   -0.3483418059E+00   -0.4824135812E+00    0.8127975472E+00   -0.3483418059E+00   -0.4824135812E+00    0.0000000000E+00    0.0000000000E+00    0.0000000000E+00    0.2727520826E-11    0.2727520841E-11    0.9999999945E+00
    2    0.5941666667E+01    0.0000000000E+00    0.4644557413E+00   -0.4720531244E+00    0.0000000000E+00    0.0000000000E+00    0.0000000000E+00    0.0000000000E+00    0.0000000000E+00    0.0000000000E+00    0.2469862926E-14    0.2469862927E-14    0.9999999993E+00
    3    0.5941666667E+01    0.8127975472E+00   -0.3483418059E+00   -0.4924448129E+00    0.8127975472E+00   -0.3483418059E+00   -0.4924448129E+00    0.0000000000E+00    0.0000000000E+00    0.0000000000E+00    0.5102059849E-11    0.5102059850E-11    0.9999999998E+00
    4    0.5941666667E+01    0.0000000000E+00   -0.3483418059E+00    0.9875631390E-01    0.0000000000E+00    0.0000000000E+00    0.0000000000E+00    0.0000000000E+00    0.0000000000E+00    0.0000000000E+00    0.3201939146E-12    0.3201939232E-12    0.9999999731E+00
    1    0.6200000000E+01    0.0000000000E+00    0.4644557413E+00   -0.4964655639E+00    0.0000000000E+00    0.0000000000E+00    0.0000000000E+00    0.0000000000E+00    0.0000000000E+00    0.0000000000E+00    0.2472596188E-14    0.2472596188E-14    0.1000000000E+01
    1    0.6458333333E+01    0.0000000000E+00    0.4644557413E+00   -0.5210482052E+00    0.0000000000E+00    0.0000000000E+00    0.0000000000E+00    0.0000000000E+00    0.0000000000E+00    0.0000000000E+00    0.1738996292E-14    0.1738996292E-14    0.1000000000E+01
    1    0.6716666667E+01    0.0000000000E+00    0.4644557413E+00   -0.5458316266E+00    0.0000000000E+00    0.0000000000E+00    0.0000000000E+00    0.0000000000E+00    0.0000000000E+00    0.0000000000E+00    0.7542997763E-15    0.7542997763E-15    0.1000000000E+01
    1    0.6975000000E+01    0.0000000000E+00    0.4644557413E+00   -0.5708509077E+00    0.0000000000E+00    0.0000000000E+00    0.0000000000E+00    0.0000000000E+00    0.0000000000E+00    0.0000000000E+00    0.8041161511E-15    0.8041161511E-15    0.1000000000E+01
    1    0.7233333333E+01    0.0000000000E+00    0.4644557413E+00    0.5533439873E+00    0.0000000000E+00    0.0000000000E+00    0.0000000000E+00    0.0000000000E+00    0.0000000000E+00    0.0000000000E+00    0.5698810787E-15    0.5698810787E-15    0.1000000000E+01
    1    0.7491666667E+01    0.0000000000E+00    0.4644557413E+00    0.5277637386E+00    0.0000000000E+00    0.0000000000E+00    0.0000000000E+00    0.0000000000E+00    0.0000000000E+00    0.0000000000E+00    0.1759029290E-14    0.1759029290E-14    0.1000000000E+01
    2    0.7491666667E+01    0.0000000000E+00   -0.3483418059E+00   -0.6265160227E-01    0.0000000000E+00    0.0000000000E+00    0.0000000000E+00    0.0000000000E+00    0.0000000000E+00    0.0000000000E+00    0.8033842711E-12    0.8033842711E-12    0.1000000000E+01
    1    0.7750000000E+01    0.0000000000E+00    0.4644557413E+00    0.5018469078E+00    0.0000000000E+00    0.0000000000E+00    0.0000000000E+00    0.0000000000E+00    0.0000000000E+00    0.0000000000E+00    0.3112664177E-14    0.3112664177E-14    0.1000000000E+01
    2    0.7750000000E+01    0.0000000000E+00   -0.3483418059E+00   -0.1095918742E+00    0.0000000000E+00    0.0000000000E+00    0.0000000000E+00    0.0000000000E+00    0.0000000000E+00    0.0000000000E+00    0.1284971913E-12    0.1284971913E-12    0.1000000000E+01
    1    0.8008333333E+01    0.0000000000E+00   -0.3483418059E+00   -0.1483441333E+00    0.0000000000E+00    0.0000000000E+00    0.0000000000E+00    0.0000000000E+00    0.0000000000E+00    0.0000000000E+00    0.2000230144E-13    0.2000230144E-13    0.1000000000E+01
    2    0.8008333333E+01    0.0000000000E+00    0.4644557413E+00    0.4755531383E+00    0.0000000000E+00    0.0000000000E+00    0.0000000000E+00    0.0000000000E+00    0.0000000000E+00    0.0000000000E+00    0.3696766088E-14    0.3696766088E-14    0.1000000000E+01
    1    0.8266666667E+01    0.8127975472E+00    0.4644557413E+00   -0.4777650768E-01    0.8127975472E+00    0.4644557413E+00   -0.4777650768E-01    0.0000000000E+00    0.0000000000E+00    0.0000000000E+00    0.4457176104E-11    0.4457176104E-11    0.1000000000E+01
    2    0.8266666667E+01    0.0000000000E+00    0.4644557413E+00    0.4488388356E+00    0.0000000000E+00    0.0000000000E+00    0.0000000000E+00    0.0000000000E+00    0.0000000000E+00    0.0000000000E+00    0.3002176985E-14    0.3002176985E-14    0.1000000000E+01
    3    0.8266666667E+01    0.8127975472E+00    0.4644557413E+00   -0.5430557036E-01    0.8127975472E+00    0.4644557413E+00   -0.5430557036E-01    0.0000000000E+00    0.0000000000E+00    0.0000000000E+00    0.3184812607E-11    0.3184812607E-11    0.1000000000E+01
    4    0.8266666667E+01    0.0000000000E+00   -0.3483418059E+00   -0.1846831290E+00    0.0000000000E+00    0.0000000000E+00    0.0000000000E+00    0.0000000000E+00    0.0000000000E+00    0.0000000000E+00    0.2975236814E-15    0.2975236814E-15    0.1000000000E+01
    1    0.8525000000E+01    0.8127975472E+00    0.4644557413E+00   -0.1155948537E+00    0.8127975472E+00    0.4644557413E+00   -0.1155948537E+00    0.0000000000E+00    0.0000000000E+00    0.0000000000E+00    0.2481374252E-12    0.2481374252E-12    0.1000000000E+01
    2    0.8525000000E+01    0.0000000000E+00   -0.3483418059E+00   -0.2204029089E+00    0.0000000000E+00    0.0000000000E+00    0.0000000000E+00    0.0000000000E+00    0.0000000000E+00    0.0000000000E+00    0.2898551260E-14    0.2898551260E-14    0.1000000000E+01
    3    0.8525000000E+01    0.8127975472E+00    0.4644557413E+00   -0.1187021542E+00    0.8127975472E+00    0.4644557413E+00   -0.1187021542E+00    0.0000000000E+00    0.0000000000E+00    0.0000000000E+00    0.2111883035E-12    0.2111883035E-12    0.1000000000E+01
    4    0.8525000000E+01    0.0000000000E+00    0.4644557413E+00    0.4216563636E+00    0.0000000000E+00    0.0000000000E+00    0.0000000000E+00    0.0000000000E+00    0.0000000000E+00    0.0000000000E+00    0.1417386822E-14    0.1417386822E-14    0.1000000000E+01
    1    0.8783333333E+01    0.8127975472E+00    0.4644557413E+00   -0.1636635176E+00    0.8127975472E+00    0.4644557413E+00   -0.1636635176E+00    0.0000000000E+00    0.0000000000E+00    0.0000000000E+00    0.1395163510E-13    0.1395163510E-13    0.1000000000E+01
    2    0.8783333333E+01    0.0000000000E+00    0.4644557413E+00    0.3939533086E+00    0.0000000000E+00    0.0000000000E+00    0.0000000000E+00    0.0000000000E+00    0.0000000000E+00    0.0000000000E+00    0.1332778070E-15    0.1332778070E-15    0.9999999999E+00
    3    0.8783333333E+01    0.0000000000E+00   -0.3483418059E+00   -0.2564539719E+00    0.0000000000E+00    0.0000000000E+00    0.0000000000E+00    0.0000000000E+00    0.0000000000E+00    0.0000000000E+00    0.7258945598E-14    0.7258945598E-14    0.1000000000E+01
    4    0.8783333333E+01    0.8127975472E+00    0.4644557413E+00   -0.1660498110E+00    0.8127975472E+00    0.4644557413E+00   -0.1660498110E+00    0.0000000000E+00    0.0000000000E+00    0.0000000000E+00    0.1091969096E-13    0.1091969096E-13    0.1000000000E+01
    1    0.9041666667E+01    0.8127975472E+00    0.4644557413E+00   -0.2069188595E+00    0.8127975472E+00    0.4644557413E+00   -0.2069188595E+00    0.0000000000E+00    0.0000000000E+00    0.0000000000E+00    0.1715946143E-14    0.1715946151E-14    0.9999999952E+00
    2    0.9041666667E+01    0.0000000000E+00    0.4644557413E+00    0.3656716356E+00    0.0000000000E+00    0.0000000000E+00    0.0000000000E+00    0.0000000000E+00    0.0000000000E+00    0.0000000000E+00    0.3644519912E-15    0.3644520072E-15    0.9999999560E+00
    3    0.9041666667E+01    0.0000000000E+00   -0.3483418059E+00   -0.8633269064E-01    0.0000000000E+00    0.0000000000E+00    0.0000000000E+00    0.0000000000E+00    0.0000000000E+00    0.0000000000E+00    0.1480437948E-11    0.1480437948E-11    0.1000000000E+01
    4    0.9041666667E+01    0.0000000000E+00   -0.3483418059E+00   -0.2935524023E+00    0.0000000000E+00    0.0000000000E+00    0.0000000000E+00    0.0000000000E+00    0.0000000000E+00    0.0000000000E+00    0.7756979136E-14    0.7756979144E-14    0.9999999990E+00
    5    0.9041666667E+01    0.8127975472E+00    0.4644557413E+00   -0.2089527809E+00    0.8127975472E+00    0.4644557413E+00   -0.2089527809E+00    0.0000000000E+00    0.0000000000E+00    0.0000000000E+00    0.2053343749E-14    0.2053343763E-14    0.9999999930E+00
    1    0.9300000000E+01    0.8127975472E+00    0.4644557413E+00   -0.2486488668E+00    0.8127975472E+00    0.4644557413E+00   -0.2486488668E+00    0.0000000000E+00    0.0000000000E+00    0.0000000000E+00    0.7680858372E-14    0.7680858372E-14    0.1000000000E+01
    2    0.9300000000E+01    0.0000000000E+00    0.4644557413E+00    0.3367466798E+00    0.0000000000E+00    0.4644557413E+00   -0.8127226352E+00    0.8702975462E-11    0.4652982022E+01   -0.2046165625E+01    0.2310448512E-14    0.2310448512E-14    0.1000000000E+01
    3    0.9300000000E+01    0.0000000000E+00   -0.3483418059E+00   -0.1486173201E+00    0.0000000000E+00    0.0000000000E+00    0.0000000000E+00    0.0000000000E+00    0.0000000000E+00    0.0000000000E+00    0.9684278165E-13    0.9684278165E-13    0.1000000000E+01
    4    0.9300000000E+01    0.0000000000E+00   -0.3483418059E+00   -0.3324168301E+00    0.0000000000E+00    0.0000000000E+00    0.0000000000E+00    0.0000000000E+00    0.0000000000E+00    0.0000000000E+00    0.1705813834E-13    0.1705813834E-13    0.1000000000E+01
    5    0.9300000000E+01    0.8127975472E+00    0.4644557413E+00   -0.2504711782E+00    0.8127975472E+00    0.4644557413E+00   -0.2504711782E+00    0.0000000000E+00    0.0000000000E+00    0.0000000000E+00    0.7545046444E-14    0.7545046444E-14    0.1000000000E+01
    1    0.9558333333E+01    0.8127975472E+00    0.4644557413E+00   -0.2904731191E+00    0.8127975472E+00    0.4644557413E+00   -0.2904731191E+00    0.0000000000E+00    0.0000000000E+00    0.0000000000E+00    0.4871874513E-14    0.4871874513E-14    0.1000000000E+01
    2    0.9558333333E+01    0.0000000000E+00    0.4644557413E+00    0.3071059137E+00    0.0000000000E+00    0.0000000000E+00    0.0000000000E+00    0.0000000000E+00    0.0000000000E+00    0.0000000000E+00    0.4672523234E-14    0.4672523234E-14    0.1000000000E+01
    3    0.9558333333E+01    0.0000000000E+00   -0.3483418059E+00   -0.2004063439E+00    0.0000000000E+00    0.0000000000E+00    0.0000000000E+00    0.0000000000E+00    0.0000000000E+00    0.0000000000E+00    0.4392243635E-13    0.4392243635E-13    0.1000000000E+01
    4    0.9558333333E+01    0.8127975472E+00    0.4644557413E+00   -0.2921641226E+00    0.8127975472E+00    0.4644557413E+00   -0.2921641226E+00    0.0000000000E+00    0.0000000000E+00    0.0000000000E+00    0.4634976781E-14    0.4634976781E-14    0.1000000000E+01
    5    0.9558333333E+01    0.0000000000E+00   -0.3483418059E+00   -0.3739542169E+00    0.0000000000E+00    0.0000000000E+00    0.0000000000E+00    0.0000000000E+00    0.0000000000E+00    0.0000000000E+00    0.4270683789E-13    0.4270683789E-13    0.1000000000E+01
    1    0.9816666667E+01    0.8127975472E+00    0.4644557413E+00   -0.3336803104E+00    0.8127975472E+00    0.4644557413E+00   -0.3336803104E+00    0.0000000000E+00    0.0000000000E+00    0.0000000000E+00    0.2229603559E-14    0.2229605538E-14    0.9999991123E+00
    2    0.9816666667E+01    0.0000000000E+00    0.4644557413E+00    0.2766674038E+00    0.0000000000E+00    0.0000000000E+00    0.0000000000E+00    0.0000000000E+00    0.0000000000E+00    0.0000000000E+00    0.5408931080E-14    0.5408931090E-14    0.9999999982E+00
    3    0.9816666667E+01    0.0000000000E+00   -0.3483418059E+00   -0.2503262962E+00    0.0000000000E+00    0.0000000000E+00    0.0000000000E+00    0.0000000000E+00    0.0000000000E+00    0.0000000000E+00    0.6245675475E-13    0.6245676253E-13    0.9999998754E+00
    4    0.9816666667E+01    0.8127975472E+00    0.4644557413E+00   -0.3353061643E+00    0.8127975472E+00    0.4644557413E+00   -0.3353061643E+00    0.0000000000E+00    0.0000000000E+00    0.0000000000E+00    0.2278226636E-14    0.2278228132E-14    0.9999993432E+00
    5    0.9816666667E+01    0.0000000000E+00   -0.3483418059E+00   -0.4195540029E+00    0.0000000000E+00    0.0000000000E+00    0.0000000000E+00    0.0000000000E+00    0.0000000000E+00    0.0000000000E+00    0.4147531568E-13    0.4147880496E-13    0.9999158780E+00
    1    0.1007500000E+02    0.8127975472E+00   -0.3483418059E+00    0.4153229763E+00    0.8127975472E+00   -0.3483418059E+00    0.4153229763E+00    0.0000000000E+00    0.0000000000E+00    0.0000000000E+00    0.9744931708E-13    0.9744931708E-13    0.1000000000E+01
    2    0.1007500000E+02    0.8127975472E+00    0.4644557413E+00   -0.3798695923E+00    0.8127975472E+00    0.4644557413E+00   -0.3798695923E+00    0.0000000000E+00    0.0000000000E+00    0.0000000000E+00    0.6040288882E-16    0.6040289114E-16    0.9999999616E+00
    3    0.1007500000E+02    0.0000000000E+00    0.4644557413E+00    0.2453378375E+00    0.0000000000E+00    0.0000000000E+00    0.0000000000E+00    0.0000000000E+00    0.0000000000E+00    0.0000000000E+00    0.3614388500E-14    0.3614388500E-14    0.1000000000E+01
    4    0.1007500000E+02    0.8127975472E+00   -0.3483418059E+00    0.4146552131E+00    0.8127975472E+00   -0.3483418059E+00    0.4146552131E+00    0.0000000000E+00    0.0000000000E+00    0.0000000000E+00    0.9301669499E-13    0.9301669499E-13    0.1000000000E+01
    5    0.1007500000E+02    0.0000000000E+00   -0.3483418059E+00   -0.3027481701E+00    0.0000000000E+00    0.0000000000E+00    0.0000000000E+00    0.0000000000E+00    0.0000000000E+00    0.0000000000E+00    0.1891426844E-13    0.1891426844E-13    0.1000000000E+01
    6    0.1007500000E+02    0.8127975472E+00    0.4644557413E+00   -0.3815153866E+00    0.8127975472E+00    0.4644557413E+00   -0.3815153866E+00    0.0000000000E+00    0.0000000000E+00    0.0000000000E+00    0.1652993507E-16    0.1652993575E-16    0.9999999585E+00
    7    0.1007500000E+02    0.0000000000E+00   -0.3483418059E+00   -0.4718453609E+00    0.0000000000E+00    0.0000000000E+00    0.0000000000E+00    0.0000000000E+00    0.0000000000E+00    0.0000000000E+00    0.7825814428E-14    0.7825814428E-14    0.1000000000E+01
    1    0.1033333333E+02    0.8127975472E+00   -0.3483418059E+00    0.3385072259E+00    0.8127975472E+00   -0.3483418059E+00    0.3385072259E+00    0.0000000000E+00    0.0000000000E+00    0.0000000000E+00    0.4576916899E-13    0.4576916899E-13    0.1000000000E+01
    2    0.1033333333E+02    0.8127975472E+00    0.4644557413E+00   -0.4321204186E+00    0.8127975472E+00    0.4644557413E+00   -0.4321204186E+00    0.0000000000E+00    0.0000000000E+00    0.0000000000E+00    0.7923939013E-13    0.7923939013E-13    0.1000000000E+01
    3    0.1033333333E+02    0.0000000000E+00    0.4644557413E+00    0.2130099297E+00    0.0000000000E+00    0.0000000000E+00    0.0000000000E+00    0.0000000000E+00    0.0000000000E+00    0.0000000000E+00    0.7865326455E-15    0.7865326455E-15    0.1000000000E+01
    4    0.1033333333E+02    0.8127975472E+00   -0.3483418059E+00    0.3380609222E+00    0.8127975472E+00   -0.3483418059E+00    0.3380609222E+00    0.0000000000E+00    0.0000000000E+00    0.0000000000E+00    0.4719347126E-13    0.4719347126E-13    0.1000000000E+01
    5    0.1033333333E+02    0.8127975472E+00    0.4644557413E+00   -0.4339714879E+00    0.8127975472E+00    0.4644557413E+00   -0.4339714879E+00    0.0000000000E+00    0.0000000000E+00    0.0000000000E+00    0.9165053021E-13    0.9165053021E-13    0.1000000000E+01
    6    0.1033333333E+02    0.0000000000E+00   -0.3483418059E+00   -0.3649842189E+00    0.0000000000E+00    0.0000000000E+00    0.0000000000E+00    0.0000000000E+00    0.0000000000E+00    0.0000000000E+00    0.8162347851E-12    0.8162347851E-12    0.1000000000E+01
    7    0.1033333333E+02    0.0000000000E+00   -0.3483418059E+00   -0.5378748021E+00    0.0000000000E+00    0.0000000000E+00    0.0000000000E+00    0.0000000000E+00    0.0000000000E+00    0.0000000000E+00    0.8280620333E-12    0.8280620333E-12    0.1000000000E+01
    1    0.1059166667E+02    0.8127975472E+00   -0.3483418059E+00    0.2713249846E+00    0.8127975472E+00   -0.3483418059E+00    0.2713249846E+00    0.0000000000E+00    0.0000000000E+00    0.0000000000E+00    0.2328331258E-12    0.2328331258E-12    0.1000000000E+01
    2    0.1059166667E+02    0.8127975472E+00    0.4644557413E+00   -0.5018185501E+00    0.8127975472E+00    0.4644557413E+00   -0.5018185501E+00    0.0000000000E+00    0.0000000000E+00    0.0000000000E+00    0.3385712539E-11    0.3385712539E-11    0.1000000000E+01
    3    0.1059166667E+02    0.8127975472E+00   -0.3483418059E+00    0.5043845636E+00    0.8127975472E+00   -0.3483418059E+00    0.5043845636E+00    0.0000000000E+00    0.0000000000E+00    0.0000000000E+00    0.5261858303E-11    0.5261858303E-11    0.1000000000E+01
    4    0.1059166667E+02    0.0000000000E+00    0.4644557413E+00    0.1795589099E+00    0.0000000000E+00    0.0000000000E+00    0.0000000000E+00    0.0000000000E+00    0.0000000000E+00    0.0000000000E+00    0.2818337511E-15    0.2818337514E-15    0.9999999990E+00
    5    0.1059166667E+02    0.8127975472E+00   -0.3483418059E+00    0.2709447771E+00    0.8127975472E+00   -0.3483418059E+00    0.2709447771E+00    0.0000000000E+00    0.0000000000E+00    0.0000000000E+00    0.2905920429E-12    0.2905920429E-12    0.1000000000E+01
    6    0.1059166667E+02    0.8127975472E+00    0.4644557413E+00   -0.5048840529E+00    0.8127975472E+00    0.4644557413E+00   -0.5048840529E+00    0.0000000000E+00    0.0000000000E+00    0.0000000000E+00    0.3944907769E-11    0.3944907769E-11    0.1000000000E+01
    7    0.1059166667E+02    0.8127975472E+00   -0.3483418059E+00    0.5063668276E+00    0.8127975472E+00   -0.3483418059E+00    0.5063668276E+00    0.0000000000E+00    0.0000000000E+00    0.0000000000E+00    0.5715295249E-11    0.5715295249E-11    0.1000000000E+01
    1    0.1085000000E+02    0.8127975472E+00   -0.3483418059E+00    0.2015410496E+00    0.8127975472E+00   -0.3483418059E+00    0.2015410496E+00    0.0000000000E+00    0.0000000000E+00    0.0000000000E+00    0.1241419131E-12    0.1241419131E-12    0.1000000000E+01
    2    0.1085000000E+02    0.8127975472E+00   -0.3483418059E+00    0.4249457028E+00    0.8127975472E+00   -0.3483418059E+00    0.4249457028E+00    0.0000000000E+00    0.0000000000E+00    0.0000000000E+00    0.2248177801E-12    0.2248177801E-12    0.1000000000E+01
    3    0.1085000000E+02    0.0000000000E+00    0.4644557413E+00    0.1448375667E+00    0.0000000000E+00    0.0000000000E+00    0.0000000000E+00    0.0000000000E+00    0.0000000000E+00    0.0000000000E+00    0.4001194922E-14    0.4001194922E-14    0.1000000000E+01
    4    0.1085000000E+02    0.8127975472E+00   -0.3483418059E+00    0.2011594997E+00    0.8127975472E+00   -0.3483418059E+00    0.2011594997E+00    0.0000000000E+00    0.0000000000E+00    0.0000000000E+00    0.1390449856E-12    0.1390449856E-12    0.1000000000E+01
    5    0.1085000000E+02    0.8127975472E+00   -0.3483418059E+00    0.4261649370E+00    0.8127975472E+00   -0.3483418059E+00    0.4261649370E+00    0.0000000000E+00    0.0000000000E+00    0.0000000000E+00    0.2164994097E-12    0.2164994097E-12    0.1000000000E+01
    1    0.1110833333E+02    0.8127975472E+00   -0.3483418059E+00    0.3640305045E+00    0.8127975472E+00   -0.3483418059E+00    0.3640305045E+00    0.0000000000E+00    0.0000000000E+00    0.0000000000E+00    0.1630206435E-13    0.1630206435E-13    0.1000000000E+01
    2    0.1110833333E+02    0.8127975472E+00   -0.3483418059E+00    0.1127349422E+00    0.8127975472E+00   -0.3483418059E+00    0.1127349422E+00    0.0000000000E+00    0.0000000000E+00    0.0000000000E+00    0.3269333302E-11    0.3269333302E-11    0.1000000000E+01
    3    0.1110833333E+02    0.8127975472E+00   -0.3483418059E+00    0.3651937075E+00    0.8127975472E+00   -0.3483418059E+00    0.3651937075E+00    0.0000000000E+00    0.0000000000E+00    0.0000000000E+00    0.1987268415E-12    0.1987268415E-12    0.1000000000E+01
    4    0.1110833333E+02    0.8127975472E+00   -0.3483418059E+00    0.1121897366E+00    0.8127975472E+00   -0.3483418059E+00    0.1121897366E+00    0.0000000000E+00    0.0000000000E+00    0.0000000000E+00    0.3168191578E-11    0.3168191578E-11    0.1000000000E+01
    5    0.1110833333E+02    0.0000000000E+00    0.4644557413E+00    0.1086688657E+00    0.0000000000E+00    0.0000000000E+00    0.0000000000E+00    0.0000000000E+00    0.0000000000E+00    0.0000000000E+00    0.9447589825E-14    0.9447589825E-14    0.1000000000E+01
    1    0.1136666667E+02    0.8127975472E+00   -0.3483418059E+00    0.3065768020E+00    0.8127975472E+00   -0.3483418059E+00    0.3065768020E+00    0.0000000000E+00    0.0000000000E+00    0.0000000000E+00    0.4113669076E-13    0.4113669076E-13    0.1000000000E+01
    2    0.1136666667E+02    0.8127975472E+00   -0.3483418059E+00    0.3078304432E+00    0.8127975472E+00   -0.3483418059E+00    0.3078304432E+00    0.0000000000E+00    0.0000000000E+00    0.0000000000E+00    0.4086158444E-13    0.4086158444E-13    0.1000000000E+01
    3    0.1136666667E+02    0.0000000000E+00    0.4644557413E+00    0.7083386074E-01    0.0000000000E+00    0.0000000000E+00    0.0000000000E+00    0.0000000000E+00    0.0000000000E+00    0.0000000000E+00    0.1160782299E-13    0.1160782299E-13    0.9999999999E+00
    1    0.1162500000E+02    0.8127975472E+00   -0.3483418059E+00    0.2475632521E+00    0.8127975472E+00   -0.3483418059E+00    0.2475632521E+00    0.0000000000E+00    0.0000000000E+00    0.0000000000E+00    0.5293731616E-13    0.5293731616E-13    0.1000000000E+01
    2    0.1162500000E+02    0.0000000000E+00   -0.3483418059E+00   -0.2728490031E+00    0.0000000000E+00    0.0000000000E+00    0.0000000000E+00    0.0000000000E+00    0.0000000000E+00    0.0000000000E+00    0.4265173650E-11    0.4265173650E-11    0.1000000000E+01
    3    0.1162500000E+02    0.8127975472E+00   -0.3483418059E+00    0.2490324788E+00    0.8127975472E+00   -0.3483418059E+00    0.2490324788E+00    0.0000000000E+00    0.0000000000E+00    0.0000000000E+00    0.5370471853E-13    0.5370471854E-13    0.9999999998E+00
    4    0.1162500000E+02    0.0000000000E+00    0.4644557413E+00    0.3104436690E-01    0.0000000000E+00    0.0000000000E+00    0.0000000000E+00    0.0000000000E+00    0.0000000000E+00    0.0000000000E+00    0.1232557216E-13    0.1232557216E-13    0.1000000000E+01
    1    0.1188333333E+02    0.8127975472E+00   -0.3483418059E+00    0.1816925446E+00    0.8127975472E+00   -0.3483418059E+00    0.1816925446E+00    0.0000000000E+00    0.0000000000E+00    0.0000000000E+00    0.8447494196E-14    0.8447494224E-14    0.9999999966E+00
    2    0.1188333333E+02    0.0000000000E+00   -0.3483418059E+00   -0.4634298173E+00    0.0000000000E+00    0.0000000000E+00    0.0000000000E+00    0.0000000000E+00    0.0000000000E+00    0.0000000000E+00    0.2050860057E-13    0.2050860058E-13    0.9999999996E+00
    3    0.1188333333E+02    0.8127975472E+00   -0.3483418059E+00    0.1836217296E+00    0.8127975472E+00   -0.3483418059E+00    0.1836217296E+00    0.0000000000E+00    0.0000000000E+00    0.0000000000E+00    0.5219369707E-14    0.5219369710E-14    0.9999999994E+00
    4    0.1188333333E+02    0.0000000000E+00    0.4644557413E+00   -0.1089397382E-01    0.0000000000E+00    0.0000000000E+00    0.0000000000E+00    0.0000000000E+00    0.0000000000E+00    0.0000000000E+00    0.4866579123E-13    0.4866579382E-13    0.9999999469E+00
    1    0.1214166667E+02    0.8127975472E+00    0.4644557413E+00    0.3247612641E+00    0.8127975472E+00    0.4644557413E+00    0.3247612641E+00    0.0000000000E+00    0.0000000000E+00    0.0000000000E+00    0.6318988400E-12    0.6318988400E-12    0.1000000000E+01
    2    0.1214166667E+02    0.8127975472E+00   -0.3483418059E+00    0.9291592153E-01    0.8127975472E+00   -0.3483418059E+00    0.9291592153E-01    0.0000000000E+00    0.0000000000E+00    0.0000000000E+00    0.5939515721E-11    0.5939515721E-11    0.1000000000E+01
    3    0.1214166667E+02    0.0000000000E+00   -0.3483418059E+00   -0.5600743751E+00    0.0000000000E+00    0.0000000000E+00    0.0000000000E+00    0.0000000000E+00    0.0000000000E+00    0.0000000000E+00    0.3081419588E-15    0.3081419617E-15    0.9999999904E+00
    4    0.1214166667E+02    0.8127975472E+00    0.4644557413E+00    0.3456879945E+00    0.8127975472E+00    0.4644557413E+00    0.3456879945E+00    0.0000000000E+00    0.0000000000E+00    0.0000000000E+00    0.1638178368E-12    0.1638178368E-12    0.1000000000E+01
    5    0.1214166667E+02    0.0000000000E+00    0.4644557413E+00   -0.5589704672E-01    0.0000000000E+00    0.0000000000E+00    0.0000000000E+00    0.0000000000E+00    0.0000000000E+00    0.0000000000E+00    0.1451554159E-13    0.1451554159E-13    0.9999999999E+00
    6    0.1214166667E+02    0.8127975472E+00   -0.3483418059E+00    0.9654739059E-01    0.8127975472E+00   -0.3483418059E+00    0.9654739059E-01    0.0000000000E+00    0.0000000000E+00    0.0000000000E+00    0.5024303264E-11    0.5024303264E-11    0.1000000000E+01
    1    0.1240000000E+02    0.0000000000E+00   -0.3483418059E+00    0.4974804188E+00    0.0000000000E+00    0.0000000000E+00    0.0000000000E+00    0.0000000000E+00    0.0000000000E+00    0.0000000000E+00    0.1944195834E-13    0.1944195834E-13    0.1000000000E+01
    2    0.1240000000E+02    0.0000000000E+00    0.4644557413E+00   -0.1045332426E+00    0.0000000000E+00    0.0000000000E+00    0.0000000000E+00    0.0000000000E+00    0.0000000000E+00    0.0000000000E+00    0.1325983198E-13    0.1325983198E-13    0.1000000000E+01
    1    0.1265833333E+02    0.0000000000E+00    0.4644557413E+00   -0.1585655571E+00    0.0000000000E+00    0.0000000000E+00    0.0000000000E+00    0.0000000000E+00    0.0000000000E+00    0.0000000000E+00    0.2101126661E-14    0.2101126675E-14    0.9999999931E+00
    2    0.1265833333E+02    0.0000000000E+00   -0.3483418059E+00    0.3807241729E+00    0.0000000000E+00    0.0000000000E+00    0.0000000000E+00    0.0000000000E+00    0.0000000000E+00    0.0000000000E+00    0.4084953302E-15    0.4084953309E-15    0.9999999983E+00
    1    0.1291666667E+02    0.0000000000E+00    0.4644557413E+00   -0.2224585306E+00    0.0000000000E+00    0.0000000000E+00    0.0000000000E+00    0.0000000000E+00    0.0000000000E+00    0.0000000000E+00    0.1782477322E-18    0.1782477322E-18    0.1000000000E+01
    1    0.1317500000E+02    0.0000000000E+00    0.4644557413E+00   -0.3127916878E+00    0.0000000000E+00    0.0000000000E+00    0.0000000000E+00    0.0000000000E+00    0.0000000000E+00    0.0000000000E+00    0.1275598023E-12    0.1275598023E-12    0.1000000000E+01
    1    0.1343333333E+02    0.8127975472E+00   -0.3483418059E+00   -0.4659520783E+00    0.8127975472E+00   -0.3483418059E+00   -0.4659520783E+00    0.0000000000E+00    0.0000000000E+00    0.0000000000E+00    0.4561448548E-09    0.4561448548E-09    0.1000000000E+01
    2    0.1343333333E+02    0.0000000000E+00    0.4644557413E+00   -0.3901570071E+00    0.0000000000E+00    0.0000000000E+00    0.0000000000E+00    0.0000000000E+00    0.0000000000E+00    0.0000000000E+00    0.4206562643E-14    0.4206562645E-14    0.9999999996E+00
    3    0.1343333333E+02    0.8127975472E+00   -0.3483418059E+00   -0.1249704512E+00    0.8127975472E+00   -0.3483418059E+00   -0.1249704512E+00    0.0000000000E+00    0.0000000000E+00    0.0000000000E+00    0.2200254466E-10    0.2200254466E-10    0.1000000000E+01
    4    0.1343333333E+02    0.0000000000E+00    0.4644557413E+00   -0.4465323014E+00    0.0000000000E+00    0.0000000000E+00    0.0000000000E+00    0.0000000000E+00    0.0000000000E+00    0.0000000000E+00    0.1441677683E-11    0.1441677683E-11    0.1000000000E+01
    5    0.1343333333E+02    0.8127975472E+00   -0.3483418059E+00   -0.4191718212E+00    0.8127975472E+00   -0.3483418059E+00   -0.4191718212E+00    0.0000000000E+00    0.0000000000E+00    0.0000000000E+00    0.4457264861E-10    0.4457264861E-10    0.1000000000E+01
    6    0.1343333333E+02    0.8127975472E+00   -0.3483418059E+00   -0.1153958828E+00    0.8127975472E+00   -0.3483418059E+00   -0.1153958828E+00    0.0000000000E+00    0.0000000000E+00    0.0000000000E+00    0.1088821460E-10    0.1088821460E-10    0.1000000000E+01
    7    0.1343333333E+02    0.0000000000E+00    0.4644557413E+00   -0.1848989740E+00    0.0000000000E+00    0.4644557413E+00    0.9645703410E+00   -0.4597423163E-10    0.7837064977E+00   -0.1077908162E+01    0.2713261780E-11    0.2713261780E-11    0.1000000000E+01
    1    0.1369166667E+02    0.0000000000E+00   -0.3483418059E+00   -0.1967658061E+00    0.0000000000E+00    0.0000000000E+00    0.0000000000E+00    0.0000000000E+00    0.0000000000E+00    0.0000000000E+00    0.2908988093E-13    0.2908988093E-13    0.1000000000E+01
    2    0.1369166667E+02    0.0000000000E+00    0.4644557413E+00   -0.5445630568E+00    0.0000000000E+00    0.0000000000E+00    0.0000000000E+00    0.0000000000E+00    0.0000000000E+00    0.0000000000E+00    0.7350195592E-12    0.7350195592E-12    0.1000000000E+01
    3    0.1369166667E+02    0.0000000000E+00    0.4644557413E+00   -0.3316621085E+00    0.0000000000E+00    0.0000000000E+00    0.0000000000E+00    0.0000000000E+00    0.0000000000E+00    0.0000000000E+00    0.2954647468E-12    0.2954647468E-12    0.1000000000E+01
    4    0.1369166667E+02    0.0000000000E+00    0.4644557413E+00   -0.5630732893E+00    0.0000000000E+00    0.0000000000E+00    0.0000000000E+00    0.0000000000E+00    0.0000000000E+00    0.0000000000E+00    0.4577430296E-12    0.4577430296E-12    0.1000000000E+01
    1    0.1395000000E+02    0.0000000000E+00   -0.3483418059E+00   -0.8716988611E-01    0.0000000000E+00    0.0000000000E+00    0.0000000000E+00    0.0000000000E+00    0.0000000000E+00    0.0000000000E+00    0.3067903019E-09    0.3067903019E-09    0.1000000000E+01
    2    0.1395000000E+02    0.0000000000E+00   -0.3483418059E+00   -0.3701404561E+00    0.0000000000E+00   -0.3483418059E+00    0.7793288590E+00    0.1966056612E-10   -0.8513402124E+00   -0.1110470557E+01    0.2299339882E-11    0.2299339882E-11    0.1000000000E+01
    3    0.1395000000E+02    0.8127975472E+00    0.4644557413E+00   -0.3090293419E+00    0.8127975472E+00    0.4644557413E+00   -0.3090293419E+00    0.0000000000E+00    0.0000000000E+00    0.0000000000E+00    0.5637546818E-11    0.5637546818E-11    0.1000000000E+01
    4    0.1395000000E+02    0.0000000000E+00    0.4644557413E+00    0.4995169642E+00    0.0000000000E+00    0.0000000000E+00    0.0000000000E+00    0.0000000000E+00    0.0000000000E+00    0.0000000000E+00    0.1854480821E-12    0.1854480821E-12    0.1000000000E+01
    5    0.1395000000E+02    0.8127975472E+00    0.4644557413E+00   -0.3083966126E+00    0.8127975472E+00    0.4644557413E+00   -0.3083966126E+00    0.0000000000E+00    0.0000000000E+00    0.0000000000E+00    0.5827937502E-11    0.5827937502E-11    0.1000000000E+01
    6    0.1395000000E+02    0.0000000000E+00    0.4644557413E+00   -0.4237129436E+00    0.0000000000E+00    0.0000000000E+00    0.0000000000E+00    0.0000000000E+00    0.0000000000E+00    0.0000000000E+00    0.1374904933E-12    0.1374904933E-12    0.1000000000E+01
    7    0.1395000000E+02    0.0000000000E+00    0.4644557413E+00    0.4893503356E+00    0.0000000000E+00    0.0000000000E+00    0.0000000000E+00    0.0000000000E+00    0.0000000000E+00    0.0000000000E+00    0.4169270197E-12    0.4169270197E-12    0.1000000000E+01
    1    0.1420833333E+02    0.0000000000E+00    0.4644557413E+00    0.4047490271E+00    0.0000000000E+00    0.0000000000E+00    0.0000000000E+00    0.0000000000E+00    0.0000000000E+00    0.0000000000E+00    0.2408107203E-13    0.2408107203E-13    0.1000000000E+01
    2    0.1420833333E+02    0.0000000000E+00   -0.3483418059E+00    0.1850371217E+00    0.0000000000E+00    0.0000000000E+00    0.0000000000E+00    0.0000000000E+00    0.0000000000E+00    0.0000000000E+00    0.1333812972E-06    0.1333812972E-06    0.1000000000E+01
    3    0.1420833333E+02    0.0000000000E+00   -0.3483418059E+00   -0.2486482891E+00    0.0000000000E+00   -0.3483418059E+00   -0.2486482891E+00   -0.2030866229E-10    0.2687995060E+01    0.1808910315E+01    0.1473928711E-06    0.1473928711E-06    0.1000000000E+01
    4    0.1420833333E+02    0.0000000000E+00    0.4644557413E+00    0.3977964645E+00    0.0000000000E+00    0.4644557413E+00    0.3977964645E+00    0.2753359500E-14   -0.1130557357E+00   -0.9532774288E+00    0.1104564441E-12    0.1104564441E-12    0.1000000000E+01
    5    0.1420833333E+02    0.0000000000E+00   -0.3483418059E+00   -0.4462829967E+00    0.0000000000E+00    0.0000000000E+00    0.0000000000E+00    0.0000000000E+00    0.0000000000E+00    0.0000000000E+00    0.5390308729E-08    0.5390308729E-08    0.1000000000E+01
    6    0.1420833333E+02    0.0000000000E+00    0.4644557413E+00   -0.5179074860E+00    0.0000000000E+00    0.0000000000E+00    0.0000000000E+00    0.0000000000E+00    0.0000000000E+00    0.0000000000E+00    0.1440912766E-12    0.1440912766E-12    0.9999999999E+00
    1    0.1446666667E+02    0.0000000000E+00    0.4644557413E+00    0.3078315833E+00    0.0000000000E+00    0.0000000000E+00    0.0000000000E+00    0.0000000000E+00    0.0000000000E+00    0.0000000000E+00    0.4803638100E-12    0.4803638100E-12    0.1000000000E+01
    2    0.1446666667E+02    0.0000000000E+00    0.4644557413E+00    0.5226669553E+00    0.0000000000E+00    0.0000000000E+00    0.0000000000E+00    0.0000000000E+00    0.0000000000E+00    0.0000000000E+00    0.2044215407E-12    0.2044215407E-12    0.1000000000E+01
    3    0.1446666667E+02    0.0000000000E+00    0.4644557413E+00    0.3007558569E+00    0.0000000000E+00    0.0000000000E+00    0.0000000000E+00    0.0000000000E+00    0.0000000000E+00    0.0000000000E+00    0.9033269192E-12    0.9033269192E-12    0.1000000000E+01
    1    0.1472500000E+02    0.0000000000E+00    0.4644557413E+00    0.1897279989E+00    0.0000000000E+00    0.0000000000E+00    0.0000000000E+00    0.0000000000E+00    0.0000000000E+00    0.0000000000E+00    0.3207603066E-14    0.3207603066E-14    0.1000000000E+01
    2    0.1472500000E+02    0.0000000000E+00    0.4644557413E+00    0.3823151593E+00    0.0000000000E+00    0.0000000000E+00    0.0000000000E+00    0.0000000000E+00    0.0000000000E+00    0.0000000000E+00    0.8790038764E-13    0.8790038764E-13    0.1000000000E+01
    3    0.1472500000E+02    0.0000000000E+00    0.4644557413E+00    0.1772233466E+00    0.0000000000E+00    0.0000000000E+00    0.0000000000E+00    0.0000000000E+00    0.0000000000E+00    0.0000000000E+00    0.3735688644E-12    0.3735688644E-12    0.1000000000E+01
    1    0.1498333333E+02    0.0000000000E+00    0.4644557413E+00    0.1262234658E+00    0.0000000000E+00    0.0000000000E+00    0.0000000000E+00    0.0000000000E+00    0.0000000000E+00    0.0000000000E+00    0.9072441642E-10    0.9072441642E-10    0.1000000000E+01
