    1    0.2583333333E+01    0.1161139353E+00   -0.5805696766E+00   -0.7750008939E-01    0.0000000000E+00    0.0000000000E+00    0.0000000000E+00    0.0000000000E+00    0.0000000000E+00    0.0000000000E+00    0.4263607678E-12    0.4263607678E-12    0.1000000000E+01
    1    0.2841666667E+01    0.1161139353E+00   -0.5805696766E+00   -0.2698483348E+00    0.0000000000E+00    0.0000000000E+00    0.0000000000E+00    0.0000000000E+00    0.0000000000E+00    0.0000000000E+00    0.5883470891E-13    0.5883470891E-13    0.1000000000E+01
    1    0.3100000000E+01    0.1161139353E+00   -0.5805696766E+00   -0.4256330858E+00    0.0000000000E+00    0.0000000000E+00    0.0000000000E+00    0.0000000000E+00    0.0000000000E+00    0.0000000000E+00    0.1434006798E-15    0.1434006800E-15    0.9999999993E+00
    2    0.3100000000E+01    0.1161139353E+00   -0.5805696766E+00   -0.1817224814E+00    0.0000000000E+00    0.0000000000E+00    0.0000000000E+00    0.0000000000E+00    0.0000000000E+00    0.0000000000E+00    0.6082008043E-15    0.6082008052E-15    0.9999999987E+00
    3    0.3100000000E+01    0.1161139353E+00    0.2322278706E+00   -0.1950573833E+00    0.0000000000E+00    0.0000000000E+00    0.0000000000E+00    0.0000000000E+00    0.0000000000E+00    0.0000000000E+00    0.4172151470E-16    0.4172151505E-16    0.9999999916E+00
    1    0.3358333333E+01    0.1161139353E+00   -0.5805696766E+00   -0.2453590543E+00    0.0000000000E+00    0.0000000000E+00    0.0000000000E+00    0.0000000000E+00    0.0000000000E+00    0.0000000000E+00    0.8468796862E-14    0.8468796862E-14    0.1000000000E+01
    2    0.3358333333E+01    0.1161139353E+00   -0.5805696766E+00   -0.5002542663E+00    0.0000000000E+00    0.0000000000E+00    0.0000000000E+00    0.0000000000E+00    0.0000000000E+00    0.0000000000E+00    0.1836922553E-14    0.1836922553E-14    0.1000000000E+01
    3    0.3358333333E+01    0.1161139353E+00    0.2322278706E+00   -0.4260017637E+00    0.0000000000E+00    0.0000000000E+00    0.0000000000E+00    0.0000000000E+00    0.0000000000E+00    0.0000000000E+00    0.6494017229E-16    0.6494017236E-16    0.9999999989E+00
    1    0.3616666667E+01    0.1161139353E+00   -0.5805696766E+00   -0.2962670122E+00    0.0000000000E+00    0.0000000000E+00    0.0000000000E+00    0.0000000000E+00    0.0000000000E+00    0.0000000000E+00    0.9361710985E-14    0.9361711003E-14    0.9999999981E+00
    2    0.3616666667E+01    0.1161139353E+00    0.2322278706E+00   -0.5633883907E+00    0.0000000000E+00    0.0000000000E+00    0.0000000000E+00    0.0000000000E+00    0.0000000000E+00    0.0000000000E+00    0.4215683907E-12    0.4215683907E-12    0.1000000000E+01
    3    0.3616666667E+01    0.1161139353E+00   -0.5805696766E+00   -0.5611964108E+00    0.0000000000E+00    0.0000000000E+00    0.0000000000E+00    0.0000000000E+00    0.0000000000E+00    0.0000000000E+00    0.4331189863E-13    0.4331189863E-13    0.1000000000E+01
    1    0.3875000000E+01   -0.6966836119E+00   -0.5805696766E+00    0.2964325386E-01    0.0000000000E+00    0.0000000000E+00    0.0000000000E+00    0.0000000000E+00    0.0000000000E+00    0.0000000000E+00    0.5295786806E-11    0.5295791461E-11    0.9999991210E+00
    2    0.3875000000E+01    0.1161139353E+00    0.2322278706E+00    0.5072050513E+00    0.0000000000E+00    0.0000000000E+00    0.0000000000E+00    0.0000000000E+00    0.0000000000E+00    0.0000000000E+00    0.7142243097E-14    0.7142622938E-14    0.9999468206E+00
    3    0.3875000000E+01    0.1161139353E+00   -0.5805696766E+00    0.5340542762E+00    0.0000000000E+00    0.0000000000E+00    0.0000000000E+00    0.0000000000E+00    0.0000000000E+00    0.0000000000E+00    0.5049570366E-14    0.5049571750E-14    0.9999997258E+00
    4    0.3875000000E+01   -0.6966836119E+00   -0.5805696766E+00   -0.3056283879E+00    0.0000000000E+00    0.0000000000E+00    0.0000000000E+00    0.0000000000E+00    0.0000000000E+00    0.0000000000E+00    0.8386670182E-13    0.8387866462E-13    0.9998573797E+00
    5    0.3875000000E+01    0.1161139353E+00   -0.5805696766E+00   -0.3446895202E+00    0.1161139353E+00   -0.5805696766E+00    0.8047797949E+00    0.2950896185E+01    0.1489378041E+01    0.2790058546E+01    0.2245813123E-14    0.2245813533E-14    0.9999998176E+00
    6    0.3875000000E+01    0.1161139353E+00    0.2322278706E+00   -0.3226354483E+00    0.0000000000E+00    0.0000000000E+00    0.0000000000E+00    0.0000000000E+00    0.0000000000E+00    0.0000000000E+00    0.2526022631E-13    0.2526049781E-13    0.9999892520E+00
    1    0.4133333333E+01   -0.6966836119E+00    0.2322278706E+00   -0.1916375425E+00    0.0000000000E+00    0.0000000000E+00    0.0000000000E+00    0.0000000000E+00    0.0000000000E+00    0.0000000000E+00    0.5216303595E-20    0.5217347662E-20    0.9997998854E+00
    2    0.4133333333E+01    0.1161139353E+00   -0.5805696766E+00   -0.3934377681E+00    0.0000000000E+00    0.0000000000E+00    0.0000000000E+00    0.0000000000E+00    0.0000000000E+00    0.0000000000E+00    0.1855991460E-15    0.1855991464E-15    0.9999999981E+00
    3    0.4133333333E+01    0.1161139353E+00    0.2322278706E+00   -0.4081833714E+00    0.0000000000E+00    0.0000000000E+00    0.0000000000E+00    0.0000000000E+00    0.0000000000E+00    0.0000000000E+00    0.4560201997E-14    0.4560202005E-14    0.9999999984E+00
    4    0.4133333333E+01    0.1161139353E+00   -0.5805696766E+00    0.4792255235E+00    0.0000000000E+00    0.0000000000E+00    0.0000000000E+00    0.0000000000E+00    0.0000000000E+00    0.0000000000E+00    0.4795351914E-15    0.4795352094E-15    0.9999999624E+00
    5    0.4133333333E+01   -0.6966836119E+00   -0.5805696766E+00    0.4357784939E+00    0.0000000000E+00    0.0000000000E+00    0.0000000000E+00    0.0000000000E+00    0.0000000000E+00    0.0000000000E+00    0.6714119020E-13    0.6714119020E-13    0.1000000000E+01
    6    0.4133333333E+01    0.1161139353E+00    0.2322278706E+00    0.4369936195E+00    0.0000000000E+00    0.0000000000E+00    0.0000000000E+00    0.0000000000E+00    0.0000000000E+00    0.0000000000E+00    0.2766346895E-14    0.2766346925E-14    0.9999999890E+00
    1    0.4391666667E+01   -0.6966836119E+00   -0.5805696766E+00   -0.6494079807E-01    0.0000000000E+00    0.0000000000E+00    0.0000000000E+00    0.0000000000E+00    0.0000000000E+00    0.0000000000E+00    0.3460875323E-12    0.3460875323E-12    0.1000000000E+01
    2    0.4391666667E+01   -0.6966836119E+00    0.2322278706E+00   -0.8942324006E-01    0.0000000000E+00    0.0000000000E+00    0.0000000000E+00    0.0000000000E+00    0.0000000000E+00    0.0000000000E+00    0.3649793581E-12    0.3649793581E-12    0.1000000000E+01
    3    0.4391666667E+01   -0.6966836119E+00    0.2322278706E+00   -0.2940164688E+00    0.0000000000E+00    0.0000000000E+00    0.0000000000E+00    0.0000000000E+00    0.0000000000E+00    0.0000000000E+00    0.2110529941E-12    0.2110529941E-12    0.1000000000E+01
    4    0.4391666667E+01    0.1161139353E+00   -0.5805696766E+00   -0.4445912667E+00    0.0000000000E+00    0.0000000000E+00    0.0000000000E+00    0.0000000000E+00    0.0000000000E+00    0.0000000000E+00    0.4115019304E-14    0.4115019304E-14    0.1000000000E+01
    5    0.4391666667E+01    0.1161139353E+00    0.2322278706E+00   -0.4729858363E+00    0.0000000000E+00    0.0000000000E+00    0.0000000000E+00    0.0000000000E+00    0.0000000000E+00    0.0000000000E+00    0.3881785202E-14    0.3881785202E-14    0.1000000000E+01
    6    0.4391666667E+01   -0.6966836119E+00    0.2322278706E+00   -0.5215636384E+00    0.0000000000E+00    0.0000000000E+00    0.0000000000E+00    0.0000000000E+00    0.0000000000E+00    0.0000000000E+00    0.3861428498E-11    0.3861428498E-11    0.1000000000E+01
    7    0.4391666667E+01    0.1161139353E+00   -0.5805696766E+00    0.4211880745E+00    0.0000000000E+00    0.0000000000E+00    0.0000000000E+00    0.0000000000E+00    0.0000000000E+00    0.0000000000E+00    0.7737055908E-15    0.7737055910E-15    0.9999999998E+00
    8    0.4391666667E+01   -0.6966836119E+00   -0.5805696766E+00    0.3330814079E+00    0.0000000000E+00    0.0000000000E+00    0.0000000000E+00    0.0000000000E+00    0.0000000000E+00    0.0000000000E+00    0.1103887563E-13    0.1103887563E-13    0.1000000000E+01
    9    0.4391666667E+01   -0.6966836119E+00    0.2322278706E+00    0.3549252281E+00    0.0000000000E+00    0.0000000000E+00    0.0000000000E+00    0.0000000000E+00    0.0000000000E+00    0.0000000000E+00    0.3100350235E-11    0.3100350235E-11    0.1000000000E+01
   10    0.4391666667E+01    0.1161139353E+00    0.2322278706E+00    0.3681837030E+00    0.0000000000E+00    0.0000000000E+00    0.0000000000E+00    0.0000000000E+00    0.0000000000E+00    0.0000000000E+00    0.8762523029E-15    0.8762523029E-15    0.1000000000E+01
    1    0.4650000000E+01   -0.6966836119E+00    0.2322278706E+00   -0.1651565831E+00    0.0000000000E+00    0.0000000000E+00    0.0000000000E+00    0.0000000000E+00    0.0000000000E+00    0.0000000000E+00    0.4202296325E-14    0.4202296325E-14    0.1000000000E+01
    2    0.4650000000E+01   -0.6966836119E+00   -0.5805696766E+00   -0.1517744032E+00    0.0000000000E+00    0.0000000000E+00    0.0000000000E+00    0.0000000000E+00    0.0000000000E+00    0.0000000000E+00    0.6055356434E-14    0.6055356434E-14    0.1000000000E+01
    3    0.4650000000E+01    0.1161139353E+00    0.2322278706E+00   -0.5344198080E+00    0.0000000000E+00    0.0000000000E+00    0.0000000000E+00    0.0000000000E+00    0.0000000000E+00    0.0000000000E+00    0.4506144227E-14    0.4506144228E-14    0.9999999997E+00
    4    0.4650000000E+01    0.1161139353E+00   -0.5805696766E+00   -0.5007775348E+00    0.0000000000E+00    0.0000000000E+00    0.0000000000E+00    0.0000000000E+00    0.0000000000E+00    0.0000000000E+00    0.6003068028E-14    0.6003068028E-14    0.1000000000E+01
    5    0.4650000000E+01    0.1161139353E+00   -0.5805696766E+00    0.3531019132E+00    0.0000000000E+00    0.0000000000E+00    0.0000000000E+00    0.0000000000E+00    0.0000000000E+00    0.0000000000E+00    0.1772959817E-14    0.1772959817E-14    0.9999999999E+00
    6    0.4650000000E+01   -0.6966836119E+00    0.2322278706E+00    0.2393851128E+00    0.0000000000E+00    0.0000000000E+00    0.0000000000E+00    0.0000000000E+00    0.0000000000E+00    0.0000000000E+00    0.4150644644E-14    0.4150644645E-14    0.9999999999E+00
    7    0.4650000000E+01   -0.6966836119E+00   -0.5805696766E+00    0.2601985463E+00    0.0000000000E+00    0.0000000000E+00    0.0000000000E+00    0.0000000000E+00    0.0000000000E+00    0.0000000000E+00    0.6798501682E-14    0.6798501682E-14    0.9999999999E+00
    8    0.4650000000E+01    0.1161139353E+00    0.2322278706E+00    0.2926040494E+00    0.0000000000E+00    0.0000000000E+00    0.0000000000E+00    0.0000000000E+00    0.0000000000E+00    0.0000000000E+00    0.1623031849E-13    0.1623031849E-13    0.9999999997E+00
    1    0.4908333333E+01   -0.6966836119E+00    0.2322278706E+00   -0.2390031194E+00    0.0000000000E+00    0.0000000000E+00    0.0000000000E+00    0.0000000000E+00    0.0000000000E+00    0.0000000000E+00    0.5813510057E-14    0.5813511773E-14    0.9999997049E+00
    2    0.4908333333E+01   -0.6966836119E+00   -0.5805696766E+00   -0.3748953642E+00    0.0000000000E+00    0.0000000000E+00    0.0000000000E+00    0.0000000000E+00    0.0000000000E+00    0.0000000000E+00    0.2111795629E-12    0.2112015415E-12    0.9998959351E+00
    3    0.4908333333E+01    0.1161139353E+00   -0.5805696766E+00   -0.5666518938E+00    0.0000000000E+00    0.0000000000E+00    0.0000000000E+00    0.0000000000E+00    0.0000000000E+00    0.0000000000E+00    0.4503058322E-13    0.4503084042E-13    0.9999942885E+00
    4    0.4908333333E+01    0.1161139353E+00    0.2322278706E+00    0.5520177859E+00    0.0000000000E+00    0.0000000000E+00    0.0000000000E+00    0.0000000000E+00    0.0000000000E+00    0.0000000000E+00    0.4748542718E-14    0.4749363057E-14    0.9998272739E+00
    5    0.4908333333E+01    0.1161139353E+00   -0.5805696766E+00    0.2539135554E+00    0.0000000000E+00    0.0000000000E+00    0.0000000000E+00    0.0000000000E+00    0.0000000000E+00    0.0000000000E+00    0.7691804995E-13    0.7691824957E-13    0.9999974048E+00
    6    0.4908333333E+01   -0.6966836119E+00    0.2322278706E+00    0.1610383068E+00    0.0000000000E+00    0.0000000000E+00    0.0000000000E+00    0.0000000000E+00    0.0000000000E+00    0.0000000000E+00    0.6070524582E-14    0.6070546485E-14    0.9999963918E+00
    7    0.4908333333E+01   -0.6966836119E+00   -0.5805696766E+00    0.1941112054E+00    0.0000000000E+00    0.0000000000E+00    0.0000000000E+00    0.0000000000E+00    0.0000000000E+00    0.0000000000E+00    0.1660443376E-12    0.1660446626E-12    0.9999980423E+00
    8    0.4908333333E+01    0.1161139353E+00    0.2322278706E+00    0.1952604494E+00    0.0000000000E+00    0.0000000000E+00    0.0000000000E+00    0.0000000000E+00    0.0000000000E+00    0.0000000000E+00    0.9680621283E-15    0.9683718857E-15    0.9996801256E+00
    1    0.5166666667E+01   -0.6966836119E+00    0.2322278706E+00   -0.3298375131E+00    0.0000000000E+00    0.0000000000E+00    0.0000000000E+00    0.0000000000E+00    0.0000000000E+00    0.0000000000E+00    0.1775667486E-13    0.1775667924E-13    0.9999997531E+00
    2    0.5166666667E+01   -0.6966836119E+00   -0.5805696766E+00   -0.5224389352E+00    0.0000000000E+00    0.0000000000E+00    0.0000000000E+00    0.0000000000E+00    0.0000000000E+00    0.0000000000E+00    0.7279576503E-14    0.7279576582E-14    0.9999999892E+00
    3    0.5166666667E+01    0.1161139353E+00   -0.5805696766E+00    0.4970764109E+00    0.0000000000E+00    0.0000000000E+00    0.0000000000E+00    0.0000000000E+00    0.0000000000E+00    0.0000000000E+00    0.8847545141E-13    0.8847573424E-13    0.9999968032E+00
    4    0.5166666667E+01    0.1161139353E+00    0.2322278706E+00    0.4834238771E+00    0.0000000000E+00    0.0000000000E+00    0.0000000000E+00    0.0000000000E+00    0.0000000000E+00    0.0000000000E+00    0.2693998879E-14    0.2694000882E-14    0.9999992567E+00
    5    0.5166666667E+01    0.1161139353E+00   -0.5805696766E+00   -0.5016416246E-01    0.0000000000E+00    0.0000000000E+00    0.0000000000E+00    0.0000000000E+00    0.0000000000E+00    0.0000000000E+00    0.6520739037E-11    0.6520739041E-11    0.9999999994E+00
    6    0.5166666667E+01   -0.6966836119E+00   -0.5805696766E+00    0.1265390858E+00    0.0000000000E+00    0.0000000000E+00    0.0000000000E+00    0.0000000000E+00    0.0000000000E+00    0.0000000000E+00    0.3919213260E-13    0.3919213262E-13    0.9999999993E+00
    7    0.5166666667E+01   -0.6966836119E+00    0.2322278706E+00    0.9098852642E-01    0.0000000000E+00    0.0000000000E+00    0.0000000000E+00    0.0000000000E+00    0.0000000000E+00    0.0000000000E+00    0.1136407528E-13    0.1136408642E-13    0.9999990198E+00
    1    0.5425000000E+01   -0.6966836119E+00    0.2322278706E+00   -0.4304916869E+00    0.0000000000E+00    0.0000000000E+00    0.0000000000E+00    0.0000000000E+00    0.0000000000E+00    0.0000000000E+00    0.2015970498E-13    0.2015970498E-13    0.1000000000E+01
    2    0.5425000000E+01    0.1161139353E+00   -0.5805696766E+00   -0.1501467970E+00    0.0000000000E+00    0.0000000000E+00    0.0000000000E+00    0.0000000000E+00    0.0000000000E+00    0.0000000000E+00    0.5818189182E-13    0.5818189182E-13    0.1000000000E+01
    3    0.5425000000E+01   -0.6966836119E+00   -0.5805696766E+00    0.5463864887E+00    0.0000000000E+00    0.0000000000E+00    0.0000000000E+00    0.0000000000E+00    0.0000000000E+00    0.0000000000E+00    0.2025044580E-12    0.2025044580E-12    0.1000000000E+01
    4    0.5425000000E+01   -0.6966836119E+00    0.2322278706E+00    0.2233879431E-01    0.0000000000E+00    0.0000000000E+00    0.0000000000E+00    0.0000000000E+00    0.0000000000E+00    0.0000000000E+00    0.5118544001E-14    0.5118544001E-14    0.1000000000E+01
    5    0.5425000000E+01   -0.6966836119E+00   -0.5805696766E+00    0.4309585584E-01    0.0000000000E+00    0.0000000000E+00    0.0000000000E+00    0.0000000000E+00    0.0000000000E+00    0.0000000000E+00    0.1781101120E-11    0.1781101120E-11    0.1000000000E+01
    6    0.5425000000E+01    0.1161139353E+00   -0.5805696766E+00    0.3637538980E+00    0.0000000000E+00    0.0000000000E+00    0.0000000000E+00    0.0000000000E+00    0.0000000000E+00    0.0000000000E+00    0.5885611842E-13    0.5885611842E-13    0.1000000000E+01
    7    0.5425000000E+01    0.1161139353E+00    0.2322278706E+00    0.4051547902E+00    0.0000000000E+00    0.0000000000E+00    0.0000000000E+00    0.0000000000E+00    0.0000000000E+00    0.0000000000E+00    0.8056657984E-15    0.8056657985E-15    0.9999999999E+00
    1    0.5683333333E+01   -0.6966836119E+00    0.2322278706E+00   -0.5108429429E+00    0.0000000000E+00    0.0000000000E+00    0.0000000000E+00    0.0000000000E+00    0.0000000000E+00    0.0000000000E+00    0.5062322339E-13    0.5062322340E-13    0.9999999999E+00
    2    0.5683333333E+01    0.1161139353E+00   -0.5805696766E+00   -0.2115514196E+00    0.0000000000E+00    0.0000000000E+00    0.0000000000E+00    0.0000000000E+00    0.0000000000E+00    0.0000000000E+00    0.9842995093E-13    0.9842995093E-13    0.1000000000E+01
    3    0.5683333333E+01   -0.6966836119E+00   -0.5805696766E+00    0.4616419516E+00    0.0000000000E+00    0.0000000000E+00    0.0000000000E+00    0.0000000000E+00    0.0000000000E+00    0.0000000000E+00    0.1082735109E-13    0.1082735109E-13    0.1000000000E+01
    4    0.5683333333E+01    0.1161139353E+00   -0.5805696766E+00    0.1516662727E+00    0.0000000000E+00    0.0000000000E+00    0.0000000000E+00    0.0000000000E+00    0.0000000000E+00    0.0000000000E+00    0.1813630873E-11    0.1813630873E-11    0.1000000000E+01
    5    0.5683333333E+01    0.1161139353E+00    0.2322278706E+00    0.3112626064E+00    0.0000000000E+00    0.0000000000E+00    0.0000000000E+00    0.0000000000E+00    0.0000000000E+00    0.0000000000E+00    0.3265454812E-13    0.3265454812E-13    0.1000000000E+01
    6    0.5683333333E+01   -0.6966836119E+00    0.2322278706E+00   -0.4956258318E-01    0.0000000000E+00    0.0000000000E+00    0.0000000000E+00    0.0000000000E+00    0.0000000000E+00    0.0000000000E+00    0.4671359040E-13    0.4671359040E-13    0.1000000000E+01
    1    0.5941666667E+01   -0.6966836119E+00    0.2322278706E+00    0.5588844840E+00    0.0000000000E+00    0.0000000000E+00    0.0000000000E+00    0.0000000000E+00    0.0000000000E+00    0.0000000000E+00    0.5016395035E-13    0.5016807090E-13    0.9999178652E+00
    2    0.5941666667E+01   -0.6966836119E+00   -0.5805696766E+00    0.3429800531E+00    0.0000000000E+00    0.0000000000E+00    0.0000000000E+00    0.0000000000E+00    0.0000000000E+00    0.0000000000E+00    0.1851416070E-11    0.1851416100E-11    0.9999999837E+00
    3    0.5941666667E+01    0.1161139353E+00    0.2322278706E+00    0.1865050689E+00    0.0000000000E+00    0.0000000000E+00    0.0000000000E+00    0.0000000000E+00    0.0000000000E+00    0.0000000000E+00    0.3912411802E-14    0.3912424652E-14    0.9999967156E+00
    4    0.5941666667E+01    0.1161139353E+00   -0.5805696766E+00   -0.2638373434E+00    0.0000000000E+00    0.0000000000E+00    0.0000000000E+00    0.0000000000E+00    0.0000000000E+00    0.0000000000E+00    0.4106669193E-14    0.4106672772E-14    0.9999991286E+00
    5    0.5941666667E+01   -0.6966836119E+00   -0.5805696766E+00   -0.1080777702E+00    0.0000000000E+00    0.0000000000E+00    0.0000000000E+00    0.0000000000E+00    0.0000000000E+00    0.0000000000E+00    0.2706572191E-11    0.2706572195E-11    0.9999999987E+00
    6    0.5941666667E+01   -0.6966836119E+00    0.2322278706E+00   -0.1314587681E+00    0.0000000000E+00    0.0000000000E+00    0.0000000000E+00    0.0000000000E+00    0.0000000000E+00    0.0000000000E+00    0.1521681800E-13    0.1521682968E-13    0.9999992327E+00
    1    0.6200000000E+01   -0.6966836119E+00    0.2322278706E+00    0.4488907184E+00    0.0000000000E+00    0.0000000000E+00    0.0000000000E+00    0.0000000000E+00    0.0000000000E+00    0.0000000000E+00    0.2912094603E-11    0.2912094603E-11    0.1000000000E+01
    2    0.6200000000E+01    0.1161139353E+00    0.2322278706E+00   -0.7093541646E-01    0.0000000000E+00    0.0000000000E+00    0.0000000000E+00    0.0000000000E+00    0.0000000000E+00    0.0000000000E+00    0.3254174902E-11    0.3254174902E-11    0.1000000000E+01
    3    0.6200000000E+01    0.1161139353E+00   -0.5805696766E+00   -0.3120238479E+00    0.0000000000E+00    0.0000000000E+00    0.0000000000E+00    0.0000000000E+00    0.0000000000E+00    0.0000000000E+00    0.1247341188E-14    0.1247341188E-14    0.1000000000E+01
    4    0.6200000000E+01   -0.6966836119E+00    0.2322278706E+00   -0.2471080845E+00    0.0000000000E+00    0.0000000000E+00    0.0000000000E+00    0.0000000000E+00    0.0000000000E+00    0.0000000000E+00    0.2852609471E-11    0.2852609471E-11    0.1000000000E+01
    1    0.6458333333E+01    0.1161139353E+00    0.2322278706E+00   -0.1596110137E+00    0.0000000000E+00    0.0000000000E+00    0.0000000000E+00    0.0000000000E+00    0.0000000000E+00    0.0000000000E+00    0.2916377046E-13    0.2916377046E-13    0.1000000000E+01
    2    0.6458333333E+01    0.1161139353E+00   -0.5805696766E+00   -0.3582794883E+00    0.0000000000E+00    0.0000000000E+00    0.0000000000E+00    0.0000000000E+00    0.0000000000E+00    0.0000000000E+00    0.6514581003E-16    0.6520041103E-16    0.9991625666E+00
    1    0.6716666667E+01    0.1161139353E+00    0.2322278706E+00   -0.2194867161E+00    0.0000000000E+00    0.0000000000E+00    0.0000000000E+00    0.0000000000E+00    0.0000000000E+00    0.0000000000E+00    0.5377139431E-14    0.5377139431E-14    0.1000000000E+01
    2    0.6716666667E+01    0.1161139353E+00   -0.5805696766E+00   -0.4037822997E+00    0.0000000000E+00    0.0000000000E+00    0.0000000000E+00    0.0000000000E+00    0.0000000000E+00    0.0000000000E+00    0.7279487505E-17    0.7279488650E-17    0.9999998427E+00
    1    0.6975000000E+01    0.1161139353E+00    0.2322278706E+00   -0.2714500313E+00    0.0000000000E+00    0.0000000000E+00    0.0000000000E+00    0.0000000000E+00    0.0000000000E+00    0.0000000000E+00    0.9920137138E-14    0.9920137138E-14    0.1000000000E+01
    2    0.6975000000E+01    0.1161139353E+00   -0.5805696766E+00   -0.4492818549E+00    0.0000000000E+00    0.0000000000E+00    0.0000000000E+00    0.0000000000E+00    0.0000000000E+00    0.0000000000E+00    0.1206104329E-17    0.1206104332E-17    0.9999999977E+00
    1    0.7233333333E+01    0.1161139353E+00    0.2322278706E+00   -0.3203978754E+00    0.0000000000E+00    0.0000000000E+00    0.0000000000E+00    0.0000000000E+00    0.0000000000E+00    0.0000000000E+00    0.3897580166E-14    0.3897580166E-14    0.1000000000E+01
    2    0.7233333333E+01    0.1161139353E+00   -0.5805696766E+00   -0.4952849462E+00    0.0000000000E+00    0.0000000000E+00    0.0000000000E+00    0.0000000000E+00    0.0000000000E+00    0.0000000000E+00    0.5578940932E-16    0.5578940936E-16    0.9999999993E+00
    1    0.7491666667E+01    0.1161139353E+00    0.2322278706E+00   -0.3686647226E+00    0.0000000000E+00    0.0000000000E+00    0.0000000000E+00    0.0000000000E+00    0.0000000000E+00    0.0000000000E+00    0.1750966245E-15    0.1750966245E-15    0.1000000000E+01
    2    0.7491666667E+01    0.1161139353E+00   -0.5805696766E+00   -0.5421226140E+00    0.0000000000E+00    0.0000000000E+00    0.0000000000E+00    0.0000000000E+00    0.0000000000E+00    0.0000000000E+00    0.3786246823E-16    0.3786246823E-16    0.9999999999E+00
    1    0.7750000000E+01   -0.6966836119E+00   -0.5805696766E+00   -0.1645634852E+00    0.0000000000E+00    0.0000000000E+00    0.0000000000E+00    0.0000000000E+00    0.0000000000E+00    0.0000000000E+00    0.9138139759E-12    0.9138139759E-12    0.1000000000E+01
    2    0.7750000000E+01    0.1161139353E+00    0.2322278706E+00   -0.4178502927E+00    0.0000000000E+00    0.0000000000E+00    0.0000000000E+00    0.0000000000E+00    0.0000000000E+00    0.0000000000E+00    0.6278671375E-15    0.6278671375E-15    0.1000000000E+01
    3    0.7750000000E+01    0.1161139353E+00   -0.5805696766E+00    0.5595127879E+00    0.0000000000E+00    0.0000000000E+00    0.0000000000E+00    0.0000000000E+00    0.0000000000E+00    0.0000000000E+00    0.5472629481E-15    0.5472629483E-15    0.9999999996E+00
    1    0.8008333333E+01   -0.6966836119E+00   -0.5805696766E+00   -0.3005641019E+00    0.0000000000E+00    0.0000000000E+00    0.0000000000E+00    0.0000000000E+00    0.0000000000E+00    0.0000000000E+00    0.3488813092E-13    0.3488813092E-13    0.1000000000E+01
    2    0.8008333333E+01    0.1161139353E+00   -0.5805696766E+00    0.5106383027E+00    0.0000000000E+00    0.0000000000E+00    0.0000000000E+00    0.0000000000E+00    0.0000000000E+00    0.0000000000E+00    0.7340559072E-15    0.7340559072E-15    0.1000000000E+01
    3    0.8008333333E+01    0.1161139353E+00    0.2322278706E+00   -0.4694136136E+00    0.0000000000E+00    0.0000000000E+00    0.0000000000E+00    0.0000000000E+00    0.0000000000E+00    0.0000000000E+00    0.1662268666E-14    0.1662268666E-14    0.1000000000E+01
    1    0.8266666667E+01    0.1161139353E+00   -0.5805696766E+00    0.4608567531E+00    0.0000000000E+00    0.0000000000E+00    0.0000000000E+00    0.0000000000E+00    0.0000000000E+00    0.0000000000E+00    0.1856119033E-14    0.1856119038E-14    0.9999999977E+00
    2    0.8266666667E+01    0.1161139353E+00    0.2322278706E+00   -0.5250094780E+00    0.0000000000E+00    0.0000000000E+00    0.0000000000E+00    0.0000000000E+00    0.0000000000E+00    0.0000000000E+00    0.1050431926E-14    0.1050433651E-14    0.9999983571E+00
    3    0.8266666667E+01   -0.6966836119E+00   -0.5805696766E+00   -0.3731568979E+00    0.0000000000E+00    0.0000000000E+00    0.0000000000E+00    0.0000000000E+00    0.0000000000E+00    0.0000000000E+00    0.1191380603E-15    0.1191380614E-15    0.9999999913E+00
    1    0.8525000000E+01   -0.6966836119E+00    0.2322278706E+00    0.8292599222E-01    0.0000000000E+00    0.0000000000E+00    0.0000000000E+00    0.0000000000E+00    0.0000000000E+00    0.0000000000E+00    0.2227592393E-10    0.2227592393E-10    0.1000000000E+01
    2    0.8525000000E+01    0.1161139353E+00   -0.5805696766E+00    0.4103899738E+00    0.0000000000E+00    0.0000000000E+00    0.0000000000E+00    0.0000000000E+00    0.0000000000E+00    0.0000000000E+00    0.5959706817E-15    0.5959706817E-15    0.1000000000E+01
    3    0.8525000000E+01    0.1161139353E+00    0.2322278706E+00    0.5626915917E+00    0.0000000000E+00    0.0000000000E+00    0.0000000000E+00    0.0000000000E+00    0.0000000000E+00    0.0000000000E+00    0.2092979228E-14    0.2092979228E-14    0.1000000000E+01
    4    0.8525000000E+01   -0.6966836119E+00    0.2322278706E+00   -0.4443309230E+00    0.0000000000E+00    0.0000000000E+00    0.0000000000E+00    0.0000000000E+00    0.0000000000E+00    0.0000000000E+00    0.3592689042E-12    0.3592689042E-12    0.1000000000E+01
    5    0.8525000000E+01   -0.6966836119E+00   -0.5805696766E+00   -0.4352276232E+00    0.0000000000E+00    0.0000000000E+00    0.0000000000E+00    0.0000000000E+00    0.0000000000E+00    0.0000000000E+00    0.2165728636E-15    0.2165728636E-15    0.1000000000E+01
    1    0.8783333333E+01    0.1161139353E+00   -0.5805696766E+00    0.3595224051E+00    0.0000000000E+00    0.0000000000E+00    0.0000000000E+00    0.0000000000E+00    0.0000000000E+00    0.0000000000E+00    0.6557854278E-15    0.6557854278E-15    0.1000000000E+01
    2    0.8783333333E+01    0.1161139353E+00    0.2322278706E+00    0.4918884354E+00    0.0000000000E+00    0.0000000000E+00    0.0000000000E+00    0.0000000000E+00    0.0000000000E+00    0.0000000000E+00    0.6535011020E-15    0.6535011020E-15    0.1000000000E+01
    3    0.8783333333E+01   -0.6966836119E+00    0.2322278706E+00   -0.5204175919E+00    0.0000000000E+00    0.0000000000E+00    0.0000000000E+00    0.0000000000E+00    0.0000000000E+00    0.0000000000E+00    0.1081501262E-14    0.1081501262E-14    0.9999999998E+00
    4    0.8783333333E+01   -0.6966836119E+00   -0.5805696766E+00   -0.4955024669E+00    0.0000000000E+00    0.0000000000E+00    0.0000000000E+00    0.0000000000E+00    0.0000000000E+00    0.0000000000E+00    0.5369300189E-15    0.5369300190E-15    0.9999999998E+00
    1    0.9041666667E+01    0.1161139353E+00   -0.5805696766E+00    0.3085336832E+00    0.0000000000E+00    0.0000000000E+00    0.0000000000E+00    0.0000000000E+00    0.0000000000E+00    0.0000000000E+00    0.5540606933E-14    0.5540606933E-14    0.1000000000E+01
    2    0.9041666667E+01    0.1161139353E+00    0.2322278706E+00    0.4090746543E+00    0.0000000000E+00    0.0000000000E+00    0.0000000000E+00    0.0000000000E+00    0.0000000000E+00    0.0000000000E+00    0.1424705347E-17    0.1424705350E-17    0.9999999978E+00
    3    0.9041666667E+01   -0.6966836119E+00    0.2322278706E+00    0.5626854443E+00    0.0000000000E+00    0.0000000000E+00    0.0000000000E+00    0.0000000000E+00    0.0000000000E+00    0.0000000000E+00    0.2970517593E-13    0.2970517593E-13    0.1000000000E+01
    4    0.9041666667E+01   -0.6966836119E+00   -0.5805696766E+00   -0.5591164359E+00    0.0000000000E+00    0.0000000000E+00    0.0000000000E+00    0.0000000000E+00    0.0000000000E+00    0.0000000000E+00    0.3481440429E-13    0.3481440429E-13    0.1000000000E+01
    1    0.9300000000E+01    0.1161139353E+00    0.2322278706E+00    0.3145563679E+00    0.0000000000E+00    0.0000000000E+00    0.0000000000E+00    0.0000000000E+00    0.0000000000E+00    0.0000000000E+00    0.4295138206E-14    0.4295139275E-14    0.9999997510E+00
    2    0.9300000000E+01    0.1161139353E+00   -0.5805696766E+00    0.2576272322E+00    0.0000000000E+00    0.0000000000E+00    0.0000000000E+00    0.0000000000E+00    0.0000000000E+00    0.0000000000E+00    0.6532369273E-14    0.6532369545E-14    0.9999999583E+00
    3    0.9300000000E+01   -0.6966836119E+00    0.2322278706E+00    0.4958776737E+00    0.0000000000E+00    0.0000000000E+00    0.0000000000E+00    0.0000000000E+00    0.0000000000E+00    0.0000000000E+00    0.4036163916E-14    0.4036163921E-14    0.9999999988E+00
    4    0.9300000000E+01   -0.6966836119E+00   -0.5805696766E+00    0.5168418802E+00    0.0000000000E+00    0.0000000000E+00    0.0000000000E+00    0.0000000000E+00    0.0000000000E+00    0.0000000000E+00    0.6626769400E-14    0.6626769401E-14    0.9999999999E+00
    1    0.9558333333E+01    0.1161139353E+00    0.2322278706E+00    0.2161154107E+00    0.0000000000E+00    0.0000000000E+00    0.0000000000E+00    0.0000000000E+00    0.0000000000E+00    0.0000000000E+00    0.8257201159E-14    0.8257201159E-14    0.1000000000E+01
    2    0.9558333333E+01    0.1161139353E+00   -0.5805696766E+00    0.2068686175E+00    0.0000000000E+00    0.0000000000E+00    0.0000000000E+00    0.0000000000E+00    0.0000000000E+00    0.0000000000E+00    0.7065190425E-15    0.7065190434E-15    0.9999999988E+00
    3    0.9558333333E+01   -0.6966836119E+00    0.2322278706E+00    0.4215750052E+00    0.0000000000E+00    0.0000000000E+00    0.0000000000E+00    0.0000000000E+00    0.0000000000E+00    0.0000000000E+00    0.1889543597E-14    0.1889543597E-14    0.9999999999E+00
    4    0.9558333333E+01   -0.6966836119E+00   -0.5805696766E+00    0.4106088666E+00    0.0000000000E+00    0.0000000000E+00    0.0000000000E+00    0.0000000000E+00    0.0000000000E+00    0.0000000000E+00    0.1045564380E-13    0.1045564380E-13    0.1000000000E+01
    1    0.9816666667E+01   -0.6966836119E+00    0.2322278706E+00    0.3249350255E+00    0.0000000000E+00    0.0000000000E+00    0.0000000000E+00    0.0000000000E+00    0.0000000000E+00    0.0000000000E+00    0.1497797982E-14    0.1497797982E-14    0.1000000000E+01
    2    0.9816666667E+01    0.1161139353E+00    0.2322278706E+00    0.1199036635E+00    0.0000000000E+00    0.0000000000E+00    0.0000000000E+00    0.0000000000E+00    0.0000000000E+00    0.0000000000E+00    0.4938193520E-12    0.4938193520E-12    0.1000000000E+01
    3    0.9816666667E+01    0.1161139353E+00   -0.5805696766E+00    0.1561464919E+00    0.0000000000E+00    0.0000000000E+00    0.0000000000E+00    0.0000000000E+00    0.0000000000E+00    0.0000000000E+00    0.5361563499E-14    0.5361563499E-14    0.1000000000E+01
    1    0.1007500000E+02   -0.6966836119E+00    0.2322278706E+00    0.1216585084E+00    0.0000000000E+00    0.0000000000E+00    0.0000000000E+00    0.0000000000E+00    0.0000000000E+00    0.0000000000E+00    0.2478383090E-10    0.2478383090E-10    0.1000000000E+01
    2    0.1007500000E+02    0.1161139353E+00   -0.5805696766E+00    0.1051344717E+00    0.0000000000E+00    0.0000000000E+00    0.0000000000E+00    0.0000000000E+00    0.0000000000E+00    0.0000000000E+00    0.3905383784E-13    0.3905383784E-13    0.1000000000E+01
    1    0.1033333333E+02    0.1161139353E+00   -0.5805696766E+00    0.5302189187E-01    0.0000000000E+00    0.0000000000E+00    0.0000000000E+00    0.0000000000E+00    0.0000000000E+00    0.0000000000E+00    0.1777455424E-12    0.1777455424E-12    0.1000000000E+01
    1    0.1085000000E+02    0.1161139353E+00    0.2322278706E+00   -0.1163631105E+00    0.0000000000E+00    0.0000000000E+00    0.0000000000E+00    0.0000000000E+00    0.0000000000E+00    0.0000000000E+00    0.4912730582E-12    0.4912730584E-12    0.9999999996E+00
    2    0.1085000000E+02    0.1161139353E+00   -0.5805696766E+00   -0.4924840096E-01    0.0000000000E+00    0.0000000000E+00    0.0000000000E+00    0.0000000000E+00    0.0000000000E+00    0.0000000000E+00    0.2479068095E-12    0.2479068095E-12    0.1000000000E+01
    1    0.1110833333E+02   -0.6966836119E+00    0.2322278706E+00   -0.4510082707E+00    0.0000000000E+00    0.0000000000E+00    0.0000000000E+00    0.0000000000E+00    0.0000000000E+00    0.0000000000E+00    0.1042667485E-13    0.1042667485E-13    0.9999999995E+00
    2    0.1110833333E+02   -0.6966836119E+00   -0.5805696766E+00   -0.3064387744E+00    0.9289114825E+00   -0.5805696766E+00   -0.3064387744E+00   -0.4829056075E+01    0.2007785282E+01    0.2841759804E+01    0.4403894105E-14    0.4403894105E-14    0.9999999999E+00
    3    0.1110833333E+02    0.1161139353E+00    0.2322278706E+00   -0.1907523069E+00    0.0000000000E+00    0.0000000000E+00    0.0000000000E+00    0.0000000000E+00    0.0000000000E+00    0.0000000000E+00    0.1607301662E-16    0.1607301948E-16    0.9999998219E+00
    4    0.1110833333E+02    0.1161139353E+00   -0.5805696766E+00   -0.1063263551E+00    0.0000000000E+00    0.0000000000E+00    0.0000000000E+00    0.0000000000E+00    0.0000000000E+00    0.0000000000E+00    0.5051916007E-13    0.5051916007E-13    0.1000000000E+01
    1    0.1136666667E+02    0.1161139353E+00   -0.5805696766E+00   -0.1656451567E+00    0.0000000000E+00    0.0000000000E+00    0.0000000000E+00    0.0000000000E+00    0.0000000000E+00    0.0000000000E+00    0.3781468306E-14    0.3781468306E-14    0.9999999999E+00
    2    0.1136666667E+02    0.1161139353E+00    0.2322278706E+00   -0.2611957979E+00    0.0000000000E+00    0.0000000000E+00    0.0000000000E+00    0.0000000000E+00    0.0000000000E+00    0.0000000000E+00    0.2262977291E-13    0.2262977291E-13    0.1000000000E+01
    3    0.1136666667E+02   -0.6966836119E+00    0.2322278706E+00   -0.5336922161E+00    0.0000000000E+00    0.0000000000E+00    0.0000000000E+00    0.0000000000E+00    0.0000000000E+00    0.0000000000E+00    0.2553165238E-14    0.2553165238E-14    0.9999999999E+00
    4    0.1136666667E+02   -0.6966836119E+00   -0.5805696766E+00   -0.4280709490E+00    0.0000000000E+00    0.0000000000E+00    0.0000000000E+00    0.0000000000E+00    0.0000000000E+00    0.0000000000E+00    0.6533238801E-14    0.6533238801E-14    0.9999999999E+00
    1    0.1162500000E+02    0.1161139353E+00   -0.5805696766E+00   -0.2283619683E+00    0.0000000000E+00    0.0000000000E+00    0.0000000000E+00    0.0000000000E+00    0.0000000000E+00    0.0000000000E+00    0.4325661776E-14    0.4325661776E-14    0.9999999999E+00
    2    0.1162500000E+02    0.1161139353E+00    0.2322278706E+00   -0.3304966380E+00    0.0000000000E+00    0.0000000000E+00    0.0000000000E+00    0.0000000000E+00    0.0000000000E+00    0.0000000000E+00    0.5941464080E-14    0.5941464080E-14    0.1000000000E+01
    3    0.1162500000E+02   -0.6966836119E+00    0.2322278706E+00    0.5494038711E+00    0.0000000000E+00    0.0000000000E+00    0.0000000000E+00    0.0000000000E+00    0.0000000000E+00    0.0000000000E+00    0.4302693729E-14    0.4302693729E-14    0.1000000000E+01
    4    0.1162500000E+02   -0.6966836119E+00   -0.5805696766E+00   -0.5089806985E+00    0.0000000000E+00    0.0000000000E+00    0.0000000000E+00    0.0000000000E+00    0.0000000000E+00    0.0000000000E+00    0.4984002479E-14    0.4984002479E-14    0.1000000000E+01
    1    0.1188333333E+02    0.1161139353E+00   -0.5805696766E+00   -0.2948023374E+00    0.0000000000E+00    0.0000000000E+00    0.0000000000E+00    0.0000000000E+00    0.0000000000E+00    0.0000000000E+00    0.8061610776E-14    0.8061610776E-14    0.1000000000E+01
    2    0.1188333333E+02    0.1161139353E+00    0.2322278706E+00   -0.3989527416E+00    0.0000000000E+00    0.0000000000E+00    0.0000000000E+00    0.0000000000E+00    0.0000000000E+00    0.0000000000E+00    0.2377529150E-15    0.2377529151E-15    0.9999999997E+00
    3    0.1188333333E+02   -0.6966836119E+00   -0.5805696766E+00    0.5722183500E+00    0.0000000000E+00    0.0000000000E+00    0.0000000000E+00    0.0000000000E+00    0.0000000000E+00    0.0000000000E+00    0.1279149559E-11    0.1279149559E-11    0.1000000000E+01
    4    0.1188333333E+02   -0.6966836119E+00    0.2322278706E+00    0.4891283878E+00    0.0000000000E+00    0.0000000000E+00    0.0000000000E+00    0.0000000000E+00    0.0000000000E+00    0.0000000000E+00    0.1089488666E-14    0.1089488667E-14    0.9999999983E+00
    1    0.1214166667E+02    0.1161139353E+00   -0.5805696766E+00   -0.3643592722E+00    0.0000000000E+00    0.0000000000E+00    0.0000000000E+00    0.0000000000E+00    0.0000000000E+00    0.0000000000E+00    0.3557702355E-15    0.3557703091E-15    0.9999997931E+00
    2    0.1214166667E+02    0.1161139353E+00    0.2322278706E+00   -0.4663226201E+00    0.0000000000E+00    0.0000000000E+00    0.0000000000E+00    0.0000000000E+00    0.0000000000E+00    0.0000000000E+00    0.7329029325E-15    0.7329029333E-15    0.9999999989E+00
    3    0.1214166667E+02   -0.6966836119E+00   -0.5805696766E+00    0.5080128732E+00    0.0000000000E+00    0.0000000000E+00    0.0000000000E+00    0.0000000000E+00    0.0000000000E+00    0.0000000000E+00    0.1455463506E-14    0.1455463507E-14    0.9999999993E+00
    4    0.1214166667E+02   -0.6966836119E+00    0.2322278706E+00    0.4309730522E+00    0.0000000000E+00    0.0000000000E+00    0.0000000000E+00    0.0000000000E+00    0.0000000000E+00    0.0000000000E+00    0.4187499958E-15    0.4187499959E-15    0.9999999997E+00
    1    0.1240000000E+02    0.1161139353E+00   -0.5805696766E+00   -0.4353593180E+00    0.0000000000E+00    0.0000000000E+00    0.0000000000E+00    0.0000000000E+00    0.0000000000E+00    0.0000000000E+00    0.4493640397E-15    0.4493640397E-15    0.1000000000E+01
    2    0.1240000000E+02    0.1161139353E+00    0.2322278706E+00   -0.5326324281E+00    0.0000000000E+00    0.0000000000E+00    0.0000000000E+00    0.0000000000E+00    0.0000000000E+00    0.0000000000E+00    0.3167442233E-15    0.3167442239E-15    0.9999999981E+00
    3    0.1240000000E+02   -0.6966836119E+00   -0.5805696766E+00    0.4450532709E+00    0.0000000000E+00    0.0000000000E+00    0.0000000000E+00    0.0000000000E+00    0.0000000000E+00    0.0000000000E+00    0.9054715928E-15    0.9054715928E-15    0.9999999999E+00
    4    0.1240000000E+02   -0.6966836119E+00    0.2322278706E+00    0.3723645441E+00    0.0000000000E+00    0.0000000000E+00    0.0000000000E+00    0.0000000000E+00    0.0000000000E+00    0.0000000000E+00    0.3184269655E-16    0.3184269659E-16    0.9999999987E+00
    1    0.1265833333E+02   -0.6966836119E+00    0.2322278706E+00    0.3108685064E+00   -0.6966836119E+00    0.2322278706E+00    0.3108685064E+00    0.4423019799E+01   -0.9830419290E+00   -0.2102043093E+01    0.2089731295E-14    0.2089735010E-14    0.9999982222E+00
    2    0.1265833333E+02   -0.6966836119E+00   -0.5805696766E+00    0.3801993535E+00    0.0000000000E+00    0.0000000000E+00    0.0000000000E+00    0.0000000000E+00    0.0000000000E+00    0.0000000000E+00    0.1886211503E-17    0.1886325827E-17    0.9999393934E+00
    3    0.1265833333E+02    0.1161139353E+00   -0.5805696766E+00   -0.5058624515E+00    0.0000000000E+00    0.0000000000E+00    0.0000000000E+00    0.0000000000E+00    0.0000000000E+00    0.0000000000E+00    0.4562023964E-15    0.4562023976E-15    0.9999999973E+00
    4    0.1265833333E+02    0.1161139353E+00    0.2322278706E+00    0.5509554390E+00    0.0000000000E+00    0.0000000000E+00    0.0000000000E+00    0.0000000000E+00    0.0000000000E+00    0.0000000000E+00    0.2521785371E-14    0.2521785376E-14    0.9999999979E+00
    1    0.1291666667E+02    0.1161139353E+00   -0.5805696766E+00    0.5747346539E+00    0.1161139353E+00   -0.5805696766E+00    0.5747346539E+00    0.0000000000E+00    0.0000000000E+00    0.0000000000E+00    0.2592165581E-20    0.2592165581E-20    0.1000000000E+01
    2    0.1291666667E+02    0.1161139353E+00    0.2322278706E+00    0.4841288132E+00    0.0000000000E+00    0.0000000000E+00    0.0000000000E+00    0.0000000000E+00    0.0000000000E+00    0.0000000000E+00    0.9128809908E-15    0.9128809908E-15    0.1000000000E+01
    3    0.1291666667E+02   -0.6966836119E+00   -0.5805696766E+00    0.3099617670E+00    0.0000000000E+00    0.0000000000E+00    0.0000000000E+00    0.0000000000E+00    0.0000000000E+00    0.0000000000E+00    0.2540404521E-15    0.2540404522E-15    0.9999999999E+00
    4    0.1291666667E+02   -0.6966836119E+00    0.2322278706E+00    0.2430918165E+00    0.0000000000E+00    0.0000000000E+00    0.0000000000E+00    0.0000000000E+00    0.0000000000E+00    0.0000000000E+00    0.5988608051E-14    0.5988608051E-14    0.1000000000E+01
    1    0.1317500000E+02    0.1161139353E+00   -0.5805696766E+00    0.5063762729E+00    0.0000000000E+00    0.0000000000E+00    0.0000000000E+00    0.0000000000E+00    0.0000000000E+00    0.0000000000E+00    0.4059839699E-14    0.4059839702E-14    0.9999999993E+00
    2    0.1317500000E+02    0.1161139353E+00    0.2322278706E+00    0.4140946363E+00    0.0000000000E+00    0.0000000000E+00    0.0000000000E+00    0.0000000000E+00    0.0000000000E+00    0.0000000000E+00    0.3274911042E-15    0.3274911320E-15    0.9999999151E+00
    3    0.1317500000E+02   -0.6966836119E+00   -0.5805696766E+00    0.2268485591E+00    0.0000000000E+00    0.0000000000E+00    0.0000000000E+00    0.0000000000E+00    0.0000000000E+00    0.0000000000E+00    0.1247858476E-14    0.1247858562E-14    0.9999999306E+00
    4    0.1317500000E+02   -0.6966836119E+00    0.2322278706E+00    0.1616425721E+00    0.0000000000E+00    0.0000000000E+00    0.0000000000E+00    0.0000000000E+00    0.0000000000E+00    0.0000000000E+00    0.1884735950E-13    0.1884735950E-13    0.9999999999E+00
    1    0.1343333333E+02   -0.6966836119E+00    0.2322278706E+00   -0.3646376845E+00    0.0000000000E+00    0.0000000000E+00    0.0000000000E+00    0.0000000000E+00    0.0000000000E+00    0.0000000000E+00    0.4052668391E-10    0.4052668391E-10    0.1000000000E+01
    2    0.1343333333E+02    0.1161139353E+00   -0.5805696766E+00    0.4371594549E+00    0.0000000000E+00    0.0000000000E+00    0.0000000000E+00    0.0000000000E+00    0.0000000000E+00    0.0000000000E+00    0.8966405656E-13    0.8966405656E-13    0.1000000000E+01
    3    0.1343333333E+02    0.1161139353E+00    0.2322278706E+00    0.3366097489E+00    0.0000000000E+00    0.0000000000E+00    0.0000000000E+00    0.0000000000E+00    0.0000000000E+00    0.0000000000E+00    0.5119612834E-13    0.5119612836E-13    0.9999999995E+00
    4    0.1343333333E+02   -0.6966836119E+00    0.2322278706E+00    0.9592460019E-01    0.0000000000E+00    0.0000000000E+00    0.0000000000E+00    0.0000000000E+00    0.0000000000E+00    0.0000000000E+00    0.4687321723E-10    0.4687321724E-10    0.9999999998E+00
    5    0.1343333333E+02    0.1161139353E+00   -0.5805696766E+00   -0.1146699208E+00    0.0000000000E+00    0.0000000000E+00    0.0000000000E+00    0.0000000000E+00    0.0000000000E+00    0.0000000000E+00    0.8868740666E-10    0.8868740666E-10    0.1000000000E+01
    6    0.1343333333E+02    0.1161139353E+00    0.2322278706E+00   -0.1159801769E+00    0.0000000000E+00    0.0000000000E+00    0.0000000000E+00    0.0000000000E+00    0.0000000000E+00    0.0000000000E+00    0.5843743961E-10    0.5843743961E-10    0.1000000000E+01
    1    0.1369166667E+02   -0.6966836119E+00    0.2322278706E+00    0.4687050870E+00    0.0000000000E+00    0.0000000000E+00    0.0000000000E+00    0.0000000000E+00    0.0000000000E+00    0.0000000000E+00    0.2634369100E-10    0.2634369100E-10    0.1000000000E+01
    2    0.1369166667E+02    0.1161139353E+00   -0.5805696766E+00    0.3636197581E+00    0.0000000000E+00    0.0000000000E+00    0.0000000000E+00    0.0000000000E+00    0.0000000000E+00    0.0000000000E+00    0.2452286557E-11    0.2452286557E-11    0.1000000000E+01
    3    0.1369166667E+02    0.1161139353E+00    0.2322278706E+00    0.2396874678E+00    0.0000000000E+00    0.0000000000E+00    0.0000000000E+00    0.0000000000E+00    0.0000000000E+00    0.0000000000E+00    0.4090345368E-12    0.4090345368E-12    0.1000000000E+01
    4    0.1369166667E+02   -0.6966836119E+00   -0.5805696766E+00   -0.5030450685E+00    0.0000000000E+00    0.0000000000E+00    0.0000000000E+00    0.0000000000E+00    0.0000000000E+00    0.0000000000E+00    0.2028984544E-10    0.2028984544E-10    0.1000000000E+01
    5    0.1369166667E+02   -0.6966836119E+00   -0.5805696766E+00    0.5521268923E-01    0.0000000000E+00    0.0000000000E+00    0.0000000000E+00    0.0000000000E+00    0.0000000000E+00    0.0000000000E+00    0.6929595322E-09    0.6929595322E-09    0.1000000000E+01
    6    0.1369166667E+02   -0.6966836119E+00   -0.5805696766E+00   -0.9572841419E-01    0.0000000000E+00    0.0000000000E+00    0.0000000000E+00    0.0000000000E+00    0.0000000000E+00    0.0000000000E+00    0.1048290064E-09    0.1048290064E-09    0.1000000000E+01
    7    0.1369166667E+02   -0.6966836119E+00    0.2322278706E+00   -0.1584019879E+00    0.0000000000E+00    0.0000000000E+00    0.0000000000E+00    0.0000000000E+00    0.0000000000E+00    0.0000000000E+00    0.7056210512E-12    0.7056210512E-12    0.1000000000E+01
    8    0.1369166667E+02   -0.6966836119E+00   -0.5805696766E+00   -0.1852756765E+00    0.0000000000E+00    0.0000000000E+00    0.0000000000E+00    0.0000000000E+00    0.0000000000E+00    0.0000000000E+00    0.2316391088E-09    0.2316391088E-09    0.1000000000E+01
    9    0.1369166667E+02    0.1161139353E+00   -0.5805696766E+00   -0.2334879376E+00    0.0000000000E+00    0.0000000000E+00    0.0000000000E+00    0.0000000000E+00    0.0000000000E+00    0.0000000000E+00    0.3736572177E-11    0.3736572177E-11    0.1000000000E+01
   10    0.1369166667E+02   -0.6966836119E+00    0.2322278706E+00   -0.2892655316E+00    0.0000000000E+00    0.0000000000E+00    0.0000000000E+00    0.0000000000E+00    0.0000000000E+00    0.0000000000E+00    0.2676420064E-10    0.2676420064E-10    0.1000000000E+01
   11    0.1369166667E+02    0.1161139353E+00    0.2322278706E+00   -0.3798791756E+00    0.0000000000E+00    0.0000000000E+00    0.0000000000E+00    0.0000000000E+00    0.0000000000E+00    0.0000000000E+00    0.4024073895E-12    0.4024073895E-12    0.1000000000E+01
   12    0.1369166667E+02    0.1161139353E+00   -0.5805696766E+00   -0.3812341355E+00    0.0000000000E+00    0.0000000000E+00    0.0000000000E+00    0.0000000000E+00    0.0000000000E+00    0.0000000000E+00    0.2406629829E-11    0.2406629829E-11    0.1000000000E+01
    1    0.1395000000E+02    0.1161139353E+00   -0.5805696766E+00    0.2762374063E+00    0.0000000000E+00    0.0000000000E+00    0.0000000000E+00    0.0000000000E+00    0.0000000000E+00    0.0000000000E+00    0.5829134337E-12    0.5829134337E-12    0.1000000000E+01
    2    0.1395000000E+02    0.1161139353E+00    0.2322278706E+00    0.5560020009E+00    0.0000000000E+00    0.0000000000E+00    0.0000000000E+00    0.0000000000E+00    0.0000000000E+00    0.0000000000E+00    0.6929832677E-11    0.6929832677E-11    0.1000000000E+01
    3    0.1395000000E+02    0.1161139353E+00   -0.5805696766E+00   -0.5663539849E+00    0.0000000000E+00    0.0000000000E+00    0.0000000000E+00    0.0000000000E+00    0.0000000000E+00    0.0000000000E+00    0.1643377436E-10    0.1643377436E-10    0.1000000000E+01
    4    0.1395000000E+02   -0.6966836119E+00    0.2322278706E+00   -0.4746512299E+00    0.0000000000E+00    0.0000000000E+00    0.0000000000E+00    0.0000000000E+00    0.0000000000E+00    0.0000000000E+00    0.2950755890E-10    0.2950755890E-10    0.1000000000E+01
    5    0.1395000000E+02    0.1161139353E+00   -0.5805696766E+00   -0.4621341692E+00    0.0000000000E+00    0.0000000000E+00    0.0000000000E+00    0.0000000000E+00    0.0000000000E+00    0.0000000000E+00    0.1149544008E-11    0.1149544008E-11    0.1000000000E+01
    6    0.1395000000E+02   -0.6966836119E+00   -0.5805696766E+00   -0.3485037530E+00    0.0000000000E+00    0.0000000000E+00    0.0000000000E+00    0.0000000000E+00    0.0000000000E+00    0.0000000000E+00    0.4793859233E-13    0.4793859233E-13    0.1000000000E+01
    7    0.1395000000E+02   -0.6966836119E+00    0.2322278706E+00   -0.3942403304E+00   -0.6966836119E+00    0.2322278706E+00   -0.3942403304E+00    0.5113894159E+00   -0.1544719828E+01   -0.8067931222E+00    0.1949110806E-10    0.1949110806E-10    0.1000000000E+01
    8    0.1395000000E+02    0.1161139353E+00    0.2322278706E+00   -0.3792707612E+00    0.0000000000E+00    0.0000000000E+00    0.0000000000E+00    0.0000000000E+00    0.0000000000E+00    0.0000000000E+00    0.5306814100E-12    0.5306814100E-12    0.1000000000E+01
    1    0.1420833333E+02    0.1161139353E+00    0.2322278706E+00    0.3258482816E+00    0.0000000000E+00    0.0000000000E+00    0.0000000000E+00    0.0000000000E+00    0.0000000000E+00    0.0000000000E+00    0.3550496414E-12    0.3550496414E-12    0.1000000000E+01
    2    0.1420833333E+02    0.1161139353E+00   -0.5805696766E+00    0.3642707223E+00    0.1161139353E+00   -0.5805696766E+00    0.3642707223E+00   -0.4711282943E+00    0.3259540897E+00   -0.3263064766E+00    0.3052635392E-11    0.3052635392E-11    0.1000000000E+01
    3    0.1420833333E+02    0.1161139353E+00   -0.5805696766E+00    0.4020506184E+00    0.0000000000E+00    0.0000000000E+00    0.0000000000E+00    0.0000000000E+00    0.0000000000E+00    0.0000000000E+00    0.5694636688E-13    0.5694636688E-13    0.1000000000E+01
    1    0.1446666667E+02    0.1161139353E+00   -0.5805696766E+00    0.1826939393E+00    0.0000000000E+00    0.0000000000E+00    0.0000000000E+00    0.0000000000E+00    0.0000000000E+00    0.0000000000E+00    0.9294807442E-13    0.9294807442E-13    0.1000000000E+01
