    1    0.2583333333E+01   -0.1161139353E+00    0.5805696766E+00   -0.7750008939E-01    0.0000000000E+00    0.0000000000E+00    0.0000000000E+00    0.0000000000E+00    0.0000000000E+00    0.0000000000E+00    0.4263607488E-12    0.4263607488E-12    0.1000000000E+01
    1    0.2841666667E+01   -0.1161139353E+00    0.5805696766E+00   -0.2698483348E+00    0.0000000000E+00    0.0000000000E+00    0.0000000000E+00    0.0000000000E+00    0.0000000000E+00    0.0000000000E+00    0.5883469941E-13    0.5883469941E-13    0.1000000000E+01
    1    0.3100000000E+01   -0.1161139353E+00    0.5805696766E+00   -0.4256330858E+00    0.0000000000E+00    0.0000000000E+00    0.0000000000E+00    0.0000000000E+00    0.0000000000E+00    0.0000000000E+00    0.1433788704E-15    0.1433788704E-15    0.9999999999E+00
    2    0.3100000000E+01   -0.1161139353E+00    0.5805696766E+00   -0.1817224814E+00    0.0000000000E+00    0.0000000000E+00    0.0000000000E+00    0.0000000000E+00    0.0000000000E+00    0.0000000000E+00    0.6081777683E-15    0.6081777684E-15    0.9999999998E+00
    3    0.3100000000E+01   -0.1161139353E+00   -0.2322278706E+00   -0.1950573833E+00    0.0000000000E+00    0.0000000000E+00    0.0000000000E+00    0.0000000000E+00    0.0000000000E+00    0.0000000000E+00    0.4172114946E-16    0.4172114985E-16    0.9999999907E+00
    1    0.3358333333E+01   -0.1161139353E+00    0.5805696766E+00   -0.2453590543E+00    0.0000000000E+00    0.0000000000E+00    0.0000000000E+00    0.0000000000E+00    0.0000000000E+00    0.0000000000E+00    0.8468819656E-14    0.8468819656E-14    0.1000000000E+01
    2    0.3358333333E+01   -0.1161139353E+00    0.5805696766E+00   -0.5002542663E+00    0.0000000000E+00    0.0000000000E+00    0.0000000000E+00    0.0000000000E+00    0.0000000000E+00    0.0000000000E+00    0.1836917253E-14    0.1836917253E-14    0.1000000000E+01
    3    0.3358333333E+01   -0.1161139353E+00   -0.2322278706E+00   -0.4260017637E+00    0.0000000000E+00    0.0000000000E+00    0.0000000000E+00    0.0000000000E+00    0.0000000000E+00    0.0000000000E+00    0.6494871700E-16    0.6494871704E-16    0.9999999994E+00
    1    0.3616666667E+01   -0.1161139353E+00    0.5805696766E+00   -0.2962670122E+00    0.0000000000E+00    0.0000000000E+00    0.0000000000E+00    0.0000000000E+00    0.0000000000E+00    0.0000000000E+00    0.9361706282E-14    0.9361706289E-14    0.9999999992E+00
    2    0.3616666667E+01   -0.1161139353E+00   -0.2322278706E+00   -0.5633883907E+00    0.0000000000E+00    0.0000000000E+00    0.0000000000E+00    0.0000000000E+00    0.0000000000E+00    0.0000000000E+00    0.4215667863E-12    0.4215667863E-12    0.1000000000E+01
    3    0.3616666667E+01   -0.1161139353E+00    0.5805696766E+00   -0.5611964108E+00    0.0000000000E+00    0.0000000000E+00    0.0000000000E+00    0.0000000000E+00    0.0000000000E+00    0.0000000000E+00    0.4331178944E-13    0.4331178944E-13    0.1000000000E+01
    1    0.3875000000E+01    0.6966836119E+00    0.5805696766E+00    0.2964325386E-01    0.0000000000E+00    0.0000000000E+00    0.0000000000E+00    0.0000000000E+00    0.0000000000E+00    0.0000000000E+00    0.5295734277E-11    0.5295743121E-11    0.9999983300E+00
    2    0.3875000000E+01   -0.1161139353E+00   -0.2322278706E+00    0.5072050513E+00    0.0000000000E+00    0.0000000000E+00    0.0000000000E+00    0.0000000000E+00    0.0000000000E+00    0.0000000000E+00    0.7146950040E-14    0.7152637076E-14    0.9992049036E+00
    3    0.3875000000E+01   -0.1161139353E+00    0.5805696766E+00    0.5340542758E+00    0.0000000000E+00    0.0000000000E+00    0.0000000000E+00    0.0000000000E+00    0.0000000000E+00    0.0000000000E+00    0.4499403534E-14    0.4499404722E-14    0.9999997360E+00
    4    0.3875000000E+01    0.6966836119E+00    0.5805696766E+00   -0.3056283879E+00    0.0000000000E+00    0.0000000000E+00    0.0000000000E+00    0.0000000000E+00    0.0000000000E+00    0.0000000000E+00    0.8385642219E-13    0.8388139935E-13    0.9997022325E+00
    5    0.3875000000E+01   -0.1161139353E+00    0.5805696766E+00   -0.3446895201E+00   -0.1161139353E+00    0.5805696766E+00    0.8047797949E+00   -0.2950896185E+01   -0.1489378040E+01    0.2790058546E+01    0.2172984874E-14    0.2172985291E-14    0.9999998078E+00
    6    0.3875000000E+01   -0.1161139353E+00   -0.2322278706E+00   -0.3226354483E+00    0.0000000000E+00    0.0000000000E+00    0.0000000000E+00    0.0000000000E+00    0.0000000000E+00    0.0000000000E+00    0.2525998074E-13    0.2529088421E-13    0.9987780785E+00
    1    0.4133333333E+01    0.6966836119E+00   -0.2322278706E+00   -0.1916375425E+00    0.0000000000E+00    0.0000000000E+00    0.0000000000E+00    0.0000000000E+00    0.0000000000E+00    0.0000000000E+00    0.5271836921E-20    0.5273258553E-20    0.9997304072E+00
    2    0.4133333333E+01   -0.1161139353E+00    0.5805696766E+00   -0.3934377681E+00    0.0000000000E+00    0.0000000000E+00    0.0000000000E+00    0.0000000000E+00    0.0000000000E+00    0.0000000000E+00    0.1855495674E-15    0.1855495683E-15    0.9999999952E+00
    3    0.4133333333E+01   -0.1161139353E+00   -0.2322278706E+00   -0.4081833714E+00    0.0000000000E+00    0.0000000000E+00    0.0000000000E+00    0.0000000000E+00    0.0000000000E+00    0.0000000000E+00    0.4560177077E-14    0.4560177078E-14    0.9999999998E+00
    4    0.4133333333E+01   -0.1161139353E+00    0.5805696766E+00    0.4792255235E+00    0.0000000000E+00    0.0000000000E+00    0.0000000000E+00    0.0000000000E+00    0.0000000000E+00    0.0000000000E+00    0.4795559980E-15    0.4795560539E-15    0.9999998832E+00
    5    0.4133333333E+01    0.6966836119E+00    0.5805696766E+00    0.4357784939E+00    0.0000000000E+00    0.0000000000E+00    0.0000000000E+00    0.0000000000E+00    0.0000000000E+00    0.0000000000E+00    0.6714178811E-13    0.6714178811E-13    0.1000000000E+01
    6    0.4133333333E+01   -0.1161139353E+00   -0.2322278706E+00    0.4369936195E+00    0.0000000000E+00    0.0000000000E+00    0.0000000000E+00    0.0000000000E+00    0.0000000000E+00    0.0000000000E+00    0.2766377476E-14    0.2766377495E-14    0.9999999931E+00
    1    0.4391666667E+01    0.6966836119E+00    0.5805696766E+00   -0.6494079807E-01    0.0000000000E+00    0.0000000000E+00    0.0000000000E+00    0.0000000000E+00    0.0000000000E+00    0.0000000000E+00    0.3460875391E-12    0.3460875391E-12    0.1000000000E+01
    2    0.4391666667E+01    0.6966836119E+00   -0.2322278706E+00   -0.8942324006E-01    0.0000000000E+00    0.0000000000E+00    0.0000000000E+00    0.0000000000E+00    0.0000000000E+00    0.0000000000E+00    0.3649793506E-12    0.3649793506E-12    0.1000000000E+01
    3    0.4391666667E+01    0.6966836119E+00   -0.2322278706E+00   -0.2940164688E+00    0.0000000000E+00    0.0000000000E+00    0.0000000000E+00    0.0000000000E+00    0.0000000000E+00    0.0000000000E+00    0.2110529614E-12    0.2110529614E-12    0.1000000000E+01
    4    0.4391666667E+01   -0.1161139353E+00    0.5805696766E+00   -0.4445912667E+00    0.0000000000E+00    0.0000000000E+00    0.0000000000E+00    0.0000000000E+00    0.0000000000E+00    0.0000000000E+00    0.4115018583E-14    0.4115018583E-14    0.1000000000E+01
    5    0.4391666667E+01   -0.1161139353E+00   -0.2322278706E+00   -0.4729858363E+00    0.0000000000E+00    0.0000000000E+00    0.0000000000E+00    0.0000000000E+00    0.0000000000E+00    0.0000000000E+00    0.3881777900E-14    0.3881777900E-14    0.1000000000E+01
    6    0.4391666667E+01    0.6966836119E+00   -0.2322278706E+00   -0.5215636384E+00    0.0000000000E+00    0.0000000000E+00    0.0000000000E+00    0.0000000000E+00    0.0000000000E+00    0.0000000000E+00    0.3861428125E-11    0.3861428125E-11    0.1000000000E+01
    7    0.4391666667E+01   -0.1161139353E+00    0.5805696766E+00    0.4211880745E+00    0.0000000000E+00    0.0000000000E+00    0.0000000000E+00    0.0000000000E+00    0.0000000000E+00    0.0000000000E+00    0.7737195073E-15    0.7737195087E-15    0.9999999982E+00
    8    0.4391666667E+01    0.6966836119E+00    0.5805696766E+00    0.3330814079E+00    0.0000000000E+00    0.0000000000E+00    0.0000000000E+00    0.0000000000E+00    0.0000000000E+00    0.0000000000E+00    0.1103889089E-13    0.1103889089E-13    0.1000000000E+01
    9    0.4391666667E+01    0.6966836119E+00   -0.2322278706E+00    0.3549252281E+00    0.0000000000E+00    0.0000000000E+00    0.0000000000E+00    0.0000000000E+00    0.0000000000E+00    0.0000000000E+00    0.3100350241E-11    0.3100350241E-11    0.1000000000E+01
   10    0.4391666667E+01   -0.1161139353E+00   -0.2322278706E+00    0.3681837030E+00    0.0000000000E+00    0.0000000000E+00    0.0000000000E+00    0.0000000000E+00    0.0000000000E+00    0.0000000000E+00    0.8762384310E-15    0.8762384311E-15    0.1000000000E+01
    1    0.4650000000E+01    0.6966836119E+00   -0.2322278706E+00   -0.1651565831E+00    0.0000000000E+00    0.0000000000E+00    0.0000000000E+00    0.0000000000E+00    0.0000000000E+00    0.0000000000E+00    0.4202284800E-14    0.4202284800E-14    0.1000000000E+01
    2    0.4650000000E+01    0.6966836119E+00    0.5805696766E+00   -0.1517744032E+00    0.0000000000E+00    0.0000000000E+00    0.0000000000E+00    0.0000000000E+00    0.0000000000E+00    0.0000000000E+00    0.6055371352E-14    0.6055371352E-14    0.1000000000E+01
    3    0.4650000000E+01   -0.1161139353E+00   -0.2322278706E+00   -0.5344198080E+00    0.0000000000E+00    0.0000000000E+00    0.0000000000E+00    0.0000000000E+00    0.0000000000E+00    0.0000000000E+00    0.4506142416E-14    0.4506142417E-14    0.9999999998E+00
    4    0.4650000000E+01   -0.1161139353E+00    0.5805696766E+00   -0.5007775348E+00    0.0000000000E+00    0.0000000000E+00    0.0000000000E+00    0.0000000000E+00    0.0000000000E+00    0.0000000000E+00    0.6002998696E-14    0.6002998696E-14    0.1000000000E+01
    5    0.4650000000E+01   -0.1161139353E+00    0.5805696766E+00    0.3531019132E+00    0.0000000000E+00    0.0000000000E+00    0.0000000000E+00    0.0000000000E+00    0.0000000000E+00    0.0000000000E+00    0.1772934511E-14    0.1772934512E-14    0.9999999999E+00
    6    0.4650000000E+01    0.6966836119E+00   -0.2322278706E+00    0.2393851128E+00    0.0000000000E+00    0.0000000000E+00    0.0000000000E+00    0.0000000000E+00    0.0000000000E+00    0.0000000000E+00    0.4150641012E-14    0.4150641012E-14    0.1000000000E+01
    7    0.4650000000E+01    0.6966836119E+00    0.5805696766E+00    0.2601985463E+00    0.0000000000E+00    0.0000000000E+00    0.0000000000E+00    0.0000000000E+00    0.0000000000E+00    0.0000000000E+00    0.6798488225E-14    0.6798488226E-14    0.9999999999E+00
    8    0.4650000000E+01   -0.1161139353E+00   -0.2322278706E+00    0.2926040494E+00    0.0000000000E+00    0.0000000000E+00    0.0000000000E+00    0.0000000000E+00    0.0000000000E+00    0.0000000000E+00    0.1623030012E-13    0.1623030012E-13    0.1000000000E+01
    1    0.4908333333E+01    0.6966836119E+00   -0.2322278706E+00   -0.2390031194E+00    0.0000000000E+00    0.0000000000E+00    0.0000000000E+00    0.0000000000E+00    0.0000000000E+00    0.0000000000E+00    0.5813550285E-14    0.5813554284E-14    0.9999993122E+00
    2    0.4908333333E+01    0.6966836119E+00    0.5805696766E+00   -0.3748953642E+00    0.0000000000E+00    0.0000000000E+00    0.0000000000E+00    0.0000000000E+00    0.0000000000E+00    0.0000000000E+00    0.2113035738E-12    0.2113245320E-12    0.9999008246E+00
    3    0.4908333333E+01   -0.1161139353E+00    0.5805696766E+00   -0.5666518938E+00    0.0000000000E+00    0.0000000000E+00    0.0000000000E+00    0.0000000000E+00    0.0000000000E+00    0.0000000000E+00    0.4503032952E-13    0.4503274999E-13    0.9999462508E+00
    4    0.4908333333E+01   -0.1161139353E+00   -0.2322278706E+00    0.5520177859E+00    0.0000000000E+00    0.0000000000E+00    0.0000000000E+00    0.0000000000E+00    0.0000000000E+00    0.0000000000E+00    0.4754075145E-14    0.4754445294E-14    0.9999221467E+00
    5    0.4908333333E+01   -0.1161139353E+00    0.5805696766E+00    0.2539135554E+00    0.0000000000E+00    0.0000000000E+00    0.0000000000E+00    0.0000000000E+00    0.0000000000E+00    0.0000000000E+00    0.7691827042E-13    0.7691843923E-13    0.9999978054E+00
    6    0.4908333333E+01    0.6966836119E+00   -0.2322278706E+00    0.1610383068E+00    0.0000000000E+00    0.0000000000E+00    0.0000000000E+00    0.0000000000E+00    0.0000000000E+00    0.0000000000E+00    0.6070359106E-14    0.6070361284E-14    0.9999996413E+00
    7    0.4908333333E+01    0.6966836119E+00    0.5805696766E+00    0.1941112054E+00    0.0000000000E+00    0.0000000000E+00    0.0000000000E+00    0.0000000000E+00    0.0000000000E+00    0.0000000000E+00    0.1660638371E-12    0.1660641470E-12    0.9999981336E+00
    8    0.4908333333E+01   -0.1161139353E+00   -0.2322278706E+00    0.1952604494E+00    0.0000000000E+00    0.0000000000E+00    0.0000000000E+00    0.0000000000E+00    0.0000000000E+00    0.0000000000E+00    0.9684242945E-15    0.9684813315E-15    0.9999411068E+00
    1    0.5166666667E+01    0.6966836119E+00   -0.2322278706E+00   -0.3298375131E+00    0.0000000000E+00    0.0000000000E+00    0.0000000000E+00    0.0000000000E+00    0.0000000000E+00    0.0000000000E+00    0.1775573563E-13    0.1775573851E-13    0.9999998381E+00
    2    0.5166666667E+01    0.6966836119E+00    0.5805696766E+00   -0.5224389352E+00    0.0000000000E+00    0.0000000000E+00    0.0000000000E+00    0.0000000000E+00    0.0000000000E+00    0.0000000000E+00    0.7279474118E-14    0.7279474331E-14    0.9999999707E+00
    3    0.5166666667E+01   -0.1161139353E+00    0.5805696766E+00    0.4970764109E+00    0.0000000000E+00    0.0000000000E+00    0.0000000000E+00    0.0000000000E+00    0.0000000000E+00    0.0000000000E+00    0.8847565577E-13    0.8847607742E-13    0.9999952343E+00
    4    0.5166666667E+01   -0.1161139353E+00   -0.2322278706E+00    0.4834238771E+00    0.0000000000E+00    0.0000000000E+00    0.0000000000E+00    0.0000000000E+00    0.0000000000E+00    0.0000000000E+00    0.2693200796E-14    0.2693201435E-14    0.9999997629E+00
    5    0.5166666667E+01   -0.1161139353E+00    0.5805696766E+00   -0.5016416246E-01    0.0000000000E+00    0.0000000000E+00    0.0000000000E+00    0.0000000000E+00    0.0000000000E+00    0.0000000000E+00    0.6520744065E-11    0.6520744069E-11    0.9999999994E+00
    6    0.5166666667E+01    0.6966836119E+00    0.5805696766E+00    0.1265390858E+00    0.0000000000E+00    0.0000000000E+00    0.0000000000E+00    0.0000000000E+00    0.0000000000E+00    0.0000000000E+00    0.3919100245E-13    0.3919100246E-13    0.9999999995E+00
    7    0.5166666667E+01    0.6966836119E+00   -0.2322278706E+00    0.9098852642E-01    0.0000000000E+00    0.0000000000E+00    0.0000000000E+00    0.0000000000E+00    0.0000000000E+00    0.0000000000E+00    0.1136315670E-13    0.1136315966E-13    0.9999997394E+00
    1    0.5425000000E+01    0.6966836119E+00   -0.2322278706E+00   -0.4304916869E+00    0.0000000000E+00    0.0000000000E+00    0.0000000000E+00    0.0000000000E+00    0.0000000000E+00    0.0000000000E+00    0.2015981204E-13    0.2015981204E-13    0.1000000000E+01
    2    0.5425000000E+01   -0.1161139353E+00    0.5805696766E+00   -0.1501467970E+00    0.0000000000E+00    0.0000000000E+00    0.0000000000E+00    0.0000000000E+00    0.0000000000E+00    0.0000000000E+00    0.5818194105E-13    0.5818194105E-13    0.1000000000E+01
    3    0.5425000000E+01    0.6966836119E+00    0.5805696766E+00    0.5463864887E+00    0.0000000000E+00    0.0000000000E+00    0.0000000000E+00    0.0000000000E+00    0.0000000000E+00    0.0000000000E+00    0.2025044752E-12    0.2025044752E-12    0.1000000000E+01
    4    0.5425000000E+01    0.6966836119E+00   -0.2322278706E+00    0.2233879431E-01    0.0000000000E+00    0.0000000000E+00    0.0000000000E+00    0.0000000000E+00    0.0000000000E+00    0.0000000000E+00    0.5118541027E-14    0.5118541027E-14    0.1000000000E+01
    5    0.5425000000E+01    0.6966836119E+00    0.5805696766E+00    0.4309585584E-01    0.0000000000E+00    0.0000000000E+00    0.0000000000E+00    0.0000000000E+00    0.0000000000E+00    0.0000000000E+00    0.1781101098E-11    0.1781101098E-11    0.1000000000E+01
    6    0.5425000000E+01   -0.1161139353E+00    0.5805696766E+00    0.3637538980E+00    0.0000000000E+00    0.0000000000E+00    0.0000000000E+00    0.0000000000E+00    0.0000000000E+00    0.0000000000E+00    0.5885603288E-13    0.5885603288E-13    0.1000000000E+01
    7    0.5425000000E+01   -0.1161139353E+00   -0.2322278706E+00    0.4051547902E+00    0.0000000000E+00    0.0000000000E+00    0.0000000000E+00    0.0000000000E+00    0.0000000000E+00    0.0000000000E+00    0.8056657201E-15    0.8056657201E-15    0.1000000000E+01
    1    0.5683333333E+01    0.6966836119E+00   -0.2322278706E+00   -0.5108429429E+00    0.0000000000E+00    0.0000000000E+00    0.0000000000E+00    0.0000000000E+00    0.0000000000E+00    0.0000000000E+00    0.5062322040E-13    0.5062322042E-13    0.9999999997E+00
    2    0.5683333333E+01   -0.1161139353E+00    0.5805696766E+00   -0.2115514196E+00    0.0000000000E+00    0.0000000000E+00    0.0000000000E+00    0.0000000000E+00    0.0000000000E+00    0.0000000000E+00    0.9842998098E-13    0.9842998098E-13    0.1000000000E+01
    3    0.5683333333E+01    0.6966836119E+00    0.5805696766E+00    0.4616419516E+00    0.0000000000E+00    0.0000000000E+00    0.0000000000E+00    0.0000000000E+00    0.0000000000E+00    0.0000000000E+00    0.1082734945E-13    0.1082734945E-13    0.1000000000E+01
    4    0.5683333333E+01   -0.1161139353E+00    0.5805696766E+00    0.1516662727E+00    0.0000000000E+00    0.0000000000E+00    0.0000000000E+00    0.0000000000E+00    0.0000000000E+00    0.0000000000E+00    0.1813630952E-11    0.1813630952E-11    0.1000000000E+01
    5    0.5683333333E+01   -0.1161139353E+00   -0.2322278706E+00    0.3112626064E+00    0.0000000000E+00    0.0000000000E+00    0.0000000000E+00    0.0000000000E+00    0.0000000000E+00    0.0000000000E+00    0.3265455514E-13    0.3265455514E-13    0.1000000000E+01
    6    0.5683333333E+01    0.6966836119E+00   -0.2322278706E+00   -0.4956258318E-01    0.0000000000E+00    0.0000000000E+00    0.0000000000E+00    0.0000000000E+00    0.0000000000E+00    0.0000000000E+00    0.4671357614E-13    0.4671357614E-13    0.1000000000E+01
    1    0.5941666667E+01    0.6966836119E+00   -0.2322278706E+00    0.5588844840E+00    0.0000000000E+00    0.0000000000E+00    0.0000000000E+00    0.0000000000E+00    0.0000000000E+00    0.0000000000E+00    0.5016090549E-13    0.5016249595E-13    0.9999682937E+00
    2    0.5941666667E+01    0.6966836119E+00    0.5805696766E+00    0.3429800531E+00    0.0000000000E+00    0.0000000000E+00    0.0000000000E+00    0.0000000000E+00    0.0000000000E+00    0.0000000000E+00    0.1851419677E-11    0.1851419678E-11    0.9999999997E+00
    3    0.5941666667E+01   -0.1161139353E+00   -0.2322278706E+00    0.1865050688E+00    0.0000000000E+00    0.0000000000E+00    0.0000000000E+00    0.0000000000E+00    0.0000000000E+00    0.0000000000E+00    0.3929610137E-14    0.3929647069E-14    0.9999906016E+00
    4    0.5941666667E+01   -0.1161139353E+00    0.5805696766E+00   -0.2638373434E+00    0.0000000000E+00    0.0000000000E+00    0.0000000000E+00    0.0000000000E+00    0.0000000000E+00    0.0000000000E+00    0.4106635369E-14    0.4106640346E-14    0.9999987881E+00
    5    0.5941666667E+01    0.6966836119E+00    0.5805696766E+00   -0.1080777702E+00    0.0000000000E+00    0.0000000000E+00    0.0000000000E+00    0.0000000000E+00    0.0000000000E+00    0.0000000000E+00    0.2706571478E-11    0.2706571479E-11    0.9999999997E+00
    6    0.5941666667E+01    0.6966836119E+00   -0.2322278706E+00   -0.1314587681E+00    0.0000000000E+00    0.0000000000E+00    0.0000000000E+00    0.0000000000E+00    0.0000000000E+00    0.0000000000E+00    0.1521660664E-13    0.1521660715E-13    0.9999999660E+00
    1    0.6200000000E+01    0.6966836119E+00   -0.2322278706E+00    0.4488907184E+00    0.0000000000E+00    0.0000000000E+00    0.0000000000E+00    0.0000000000E+00    0.0000000000E+00    0.0000000000E+00    0.2912094442E-11    0.2912094442E-11    0.1000000000E+01
    2    0.6200000000E+01   -0.1161139353E+00   -0.2322278706E+00   -0.7093541646E-01    0.0000000000E+00    0.0000000000E+00    0.0000000000E+00    0.0000000000E+00    0.0000000000E+00    0.0000000000E+00    0.3254174101E-11    0.3254174101E-11    0.1000000000E+01
    3    0.6200000000E+01   -0.1161139353E+00    0.5805696766E+00   -0.3120238479E+00    0.0000000000E+00    0.0000000000E+00    0.0000000000E+00    0.0000000000E+00    0.0000000000E+00    0.0000000000E+00    0.1247341300E-14    0.1247341300E-14    0.1000000000E+01
    4    0.6200000000E+01    0.6966836119E+00   -0.2322278706E+00   -0.2471080845E+00    0.0000000000E+00    0.0000000000E+00    0.0000000000E+00    0.0000000000E+00    0.0000000000E+00    0.0000000000E+00    0.2852609324E-11    0.2852609324E-11    0.1000000000E+01
    1    0.6458333333E+01   -0.1161139353E+00   -0.2322278706E+00   -0.1596110137E+00    0.0000000000E+00    0.0000000000E+00    0.0000000000E+00    0.0000000000E+00    0.0000000000E+00    0.0000000000E+00    0.2944798552E-13    0.2944798552E-13    0.9999999999E+00
    2    0.6458333333E+01   -0.1161139353E+00    0.5805696766E+00   -0.3582794883E+00    0.0000000000E+00    0.0000000000E+00    0.0000000000E+00    0.0000000000E+00    0.0000000000E+00    0.0000000000E+00    0.6514331410E-16    0.6527748772E-16    0.9979445651E+00
    1    0.6716666667E+01   -0.1161139353E+00   -0.2322278706E+00   -0.2194867161E+00    0.0000000000E+00    0.0000000000E+00    0.0000000000E+00    0.0000000000E+00    0.0000000000E+00    0.0000000000E+00    0.5377275252E-14    0.5377275252E-14    0.1000000000E+01
    2    0.6716666667E+01   -0.1161139353E+00    0.5805696766E+00   -0.4037822997E+00    0.0000000000E+00    0.0000000000E+00    0.0000000000E+00    0.0000000000E+00    0.0000000000E+00    0.0000000000E+00    0.7279714368E-17    0.7279714381E-17    0.9999999981E+00
    1    0.6975000000E+01   -0.1161139353E+00   -0.2322278706E+00   -0.2714500313E+00    0.0000000000E+00    0.0000000000E+00    0.0000000000E+00    0.0000000000E+00    0.0000000000E+00    0.0000000000E+00    0.9920141429E-14    0.9920141429E-14    0.1000000000E+01
    2    0.6975000000E+01   -0.1161139353E+00    0.5805696766E+00   -0.4492818549E+00    0.0000000000E+00    0.0000000000E+00    0.0000000000E+00    0.0000000000E+00    0.0000000000E+00    0.0000000000E+00    0.1206146496E-17    0.1206146497E-17    0.9999999996E+00
    1    0.7233333333E+01   -0.1161139353E+00   -0.2322278706E+00   -0.3203978754E+00    0.0000000000E+00    0.0000000000E+00    0.0000000000E+00    0.0000000000E+00    0.0000000000E+00    0.0000000000E+00    0.3897579221E-14    0.3897579221E-14    0.9999999999E+00
    2    0.7233333333E+01   -0.1161139353E+00    0.5805696766E+00   -0.4952849462E+00    0.0000000000E+00    0.0000000000E+00    0.0000000000E+00    0.0000000000E+00    0.0000000000E+00    0.0000000000E+00    0.5557929773E-16    0.5557929774E-16    0.9999999999E+00
    1    0.7491666667E+01   -0.1161139353E+00   -0.2322278706E+00   -0.3686647226E+00    0.0000000000E+00    0.0000000000E+00    0.0000000000E+00    0.0000000000E+00    0.0000000000E+00    0.0000000000E+00    0.1750970423E-15    0.1750970423E-15    0.1000000000E+01
    2    0.7491666667E+01   -0.1161139353E+00    0.5805696766E+00   -0.5421226140E+00    0.0000000000E+00    0.0000000000E+00    0.0000000000E+00    0.0000000000E+00    0.0000000000E+00    0.0000000000E+00    0.3786176483E-16    0.3786176484E-16    0.9999999998E+00
    1    0.7750000000E+01    0.6966836119E+00    0.5805696766E+00   -0.1645634852E+00    0.0000000000E+00    0.0000000000E+00    0.0000000000E+00    0.0000000000E+00    0.0000000000E+00    0.0000000000E+00    0.9138140914E-12    0.9138140914E-12    0.1000000000E+01
    2    0.7750000000E+01   -0.1161139353E+00   -0.2322278706E+00   -0.4178502927E+00    0.0000000000E+00    0.0000000000E+00    0.0000000000E+00    0.0000000000E+00    0.0000000000E+00    0.0000000000E+00    0.6278522080E-15    0.6278522080E-15    0.1000000000E+01
    3    0.7750000000E+01   -0.1161139353E+00    0.5805696766E+00    0.5595127879E+00    0.0000000000E+00    0.0000000000E+00    0.0000000000E+00    0.0000000000E+00    0.0000000000E+00    0.0000000000E+00    0.5472663663E-15    0.5472663666E-15    0.9999999995E+00
    1    0.8008333333E+01    0.6966836119E+00    0.5805696766E+00   -0.3005641019E+00    0.0000000000E+00    0.0000000000E+00    0.0000000000E+00    0.0000000000E+00    0.0000000000E+00    0.0000000000E+00    0.3488813148E-13    0.3488813148E-13    0.1000000000E+01
    2    0.8008333333E+01   -0.1161139353E+00    0.5805696766E+00    0.5106383027E+00    0.0000000000E+00    0.0000000000E+00    0.0000000000E+00    0.0000000000E+00    0.0000000000E+00    0.0000000000E+00    0.7340556167E-15    0.7340556167E-15    0.1000000000E+01
    3    0.8008333333E+01   -0.1161139353E+00   -0.2322278706E+00   -0.4694136136E+00    0.0000000000E+00    0.0000000000E+00    0.0000000000E+00    0.0000000000E+00    0.0000000000E+00    0.0000000000E+00    0.1662269941E-14    0.1662269941E-14    0.1000000000E+01
    1    0.8266666667E+01   -0.1161139353E+00    0.5805696766E+00    0.4608567531E+00    0.0000000000E+00    0.0000000000E+00    0.0000000000E+00    0.0000000000E+00    0.0000000000E+00    0.0000000000E+00    0.1856120493E-14    0.1856120493E-14    0.9999999997E+00
    2    0.8266666667E+01   -0.1161139353E+00   -0.2322278706E+00   -0.5250094780E+00    0.0000000000E+00    0.0000000000E+00    0.0000000000E+00    0.0000000000E+00    0.0000000000E+00    0.0000000000E+00    0.1050430950E-14    0.1050431206E-14    0.9999997572E+00
    3    0.8266666667E+01    0.6966836119E+00    0.5805696766E+00   -0.3731568979E+00    0.0000000000E+00    0.0000000000E+00    0.0000000000E+00    0.0000000000E+00    0.0000000000E+00    0.0000000000E+00    0.1190078452E-15    0.1190078474E-15    0.9999999816E+00
    1    0.8525000000E+01    0.6966836119E+00   -0.2322278706E+00    0.8292599222E-01    0.0000000000E+00    0.0000000000E+00    0.0000000000E+00    0.0000000000E+00    0.0000000000E+00    0.0000000000E+00    0.2227592317E-10    0.2227592317E-10    0.1000000000E+01
    2    0.8525000000E+01   -0.1161139353E+00    0.5805696766E+00    0.4103899738E+00    0.0000000000E+00    0.0000000000E+00    0.0000000000E+00    0.0000000000E+00    0.0000000000E+00    0.0000000000E+00    0.5959701848E-15    0.5959701849E-15    0.1000000000E+01
    3    0.8525000000E+01   -0.1161139353E+00   -0.2322278706E+00    0.5626915917E+00    0.0000000000E+00    0.0000000000E+00    0.0000000000E+00    0.0000000000E+00    0.0000000000E+00    0.0000000000E+00    0.2092988289E-14    0.2092988289E-14    0.1000000000E+01
    4    0.8525000000E+01    0.6966836119E+00   -0.2322278706E+00   -0.4443309230E+00    0.0000000000E+00    0.0000000000E+00    0.0000000000E+00    0.0000000000E+00    0.0000000000E+00    0.0000000000E+00    0.3592689071E-12    0.3592689071E-12    0.1000000000E+01
    5    0.8525000000E+01    0.6966836119E+00    0.5805696766E+00   -0.4352276232E+00    0.0000000000E+00    0.0000000000E+00    0.0000000000E+00    0.0000000000E+00    0.0000000000E+00    0.0000000000E+00    0.2165736521E-15    0.2165736521E-15    0.1000000000E+01
    1    0.8783333333E+01   -0.1161139353E+00    0.5805696766E+00    0.3595224051E+00    0.0000000000E+00    0.0000000000E+00    0.0000000000E+00    0.0000000000E+00    0.0000000000E+00    0.0000000000E+00    0.6557913950E-15    0.6557913950E-15    0.1000000000E+01
    2    0.8783333333E+01   -0.1161139353E+00   -0.2322278706E+00    0.4918884354E+00    0.0000000000E+00    0.0000000000E+00    0.0000000000E+00    0.0000000000E+00    0.0000000000E+00    0.0000000000E+00    0.6535000458E-15    0.6535000458E-15    0.9999999999E+00
    3    0.8783333333E+01    0.6966836119E+00   -0.2322278706E+00   -0.5204175919E+00    0.0000000000E+00    0.0000000000E+00    0.0000000000E+00    0.0000000000E+00    0.0000000000E+00    0.0000000000E+00    0.1081483743E-14    0.1081483743E-14    0.9999999998E+00
    4    0.8783333333E+01    0.6966836119E+00    0.5805696766E+00   -0.4955024669E+00    0.0000000000E+00    0.0000000000E+00    0.0000000000E+00    0.0000000000E+00    0.0000000000E+00    0.0000000000E+00    0.5369377053E-15    0.5369377054E-15    0.9999999999E+00
    1    0.9041666667E+01   -0.1161139353E+00    0.5805696766E+00    0.3085336832E+00    0.0000000000E+00    0.0000000000E+00    0.0000000000E+00    0.0000000000E+00    0.0000000000E+00    0.0000000000E+00    0.5540602426E-14    0.5540602426E-14    0.1000000000E+01
    2    0.9041666667E+01   -0.1161139353E+00   -0.2322278706E+00    0.4090746543E+00    0.0000000000E+00    0.0000000000E+00    0.0000000000E+00    0.0000000000E+00    0.0000000000E+00    0.0000000000E+00    0.1424757725E-17    0.1424757727E-17    0.9999999982E+00
    3    0.9041666667E+01    0.6966836119E+00   -0.2322278706E+00    0.5626854443E+00    0.0000000000E+00    0.0000000000E+00    0.0000000000E+00    0.0000000000E+00    0.0000000000E+00    0.0000000000E+00    0.2970517404E-13    0.2970517404E-13    0.1000000000E+01
    4    0.9041666667E+01    0.6966836119E+00    0.5805696766E+00   -0.5591164359E+00    0.0000000000E+00    0.0000000000E+00    0.0000000000E+00    0.0000000000E+00    0.0000000000E+00    0.0000000000E+00    0.3481440188E-13    0.3481440188E-13    0.1000000000E+01
    1    0.9300000000E+01   -0.1161139353E+00   -0.2322278706E+00    0.3145563679E+00    0.0000000000E+00    0.0000000000E+00    0.0000000000E+00    0.0000000000E+00    0.0000000000E+00    0.0000000000E+00    0.4295195353E-14    0.4295196896E-14    0.9999996407E+00
    2    0.9300000000E+01   -0.1161139353E+00    0.5805696766E+00    0.2576272322E+00    0.0000000000E+00    0.0000000000E+00    0.0000000000E+00    0.0000000000E+00    0.0000000000E+00    0.0000000000E+00    0.6531998312E-14    0.6531998432E-14    0.9999999817E+00
    3    0.9300000000E+01    0.6966836119E+00   -0.2322278706E+00    0.4958776737E+00    0.0000000000E+00    0.0000000000E+00    0.0000000000E+00    0.0000000000E+00    0.0000000000E+00    0.0000000000E+00    0.4036175285E-14    0.4036175288E-14    0.9999999994E+00
    4    0.9300000000E+01    0.6966836119E+00    0.5805696766E+00    0.5168418802E+00    0.0000000000E+00    0.0000000000E+00    0.0000000000E+00    0.0000000000E+00    0.0000000000E+00    0.0000000000E+00    0.6626769220E-14    0.6626769231E-14    0.9999999984E+00
    1    0.9558333333E+01   -0.1161139353E+00   -0.2322278706E+00    0.2161154107E+00    0.0000000000E+00    0.0000000000E+00    0.0000000000E+00    0.0000000000E+00    0.0000000000E+00    0.0000000000E+00    0.8257248221E-14    0.8257248221E-14    0.1000000000E+01
    2    0.9558333333E+01   -0.1161139353E+00    0.5805696766E+00    0.2068686175E+00    0.0000000000E+00    0.0000000000E+00    0.0000000000E+00    0.0000000000E+00    0.0000000000E+00    0.0000000000E+00    0.7065170989E-15    0.7065170993E-15    0.9999999994E+00
    3    0.9558333333E+01    0.6966836119E+00   -0.2322278706E+00    0.4215750052E+00    0.0000000000E+00    0.0000000000E+00    0.0000000000E+00    0.0000000000E+00    0.0000000000E+00    0.0000000000E+00    0.1889529365E-14    0.1889529365E-14    0.9999999999E+00
    4    0.9558333333E+01    0.6966836119E+00    0.5805696766E+00    0.4106088666E+00    0.0000000000E+00    0.0000000000E+00    0.0000000000E+00    0.0000000000E+00    0.0000000000E+00    0.0000000000E+00    0.1045563547E-13    0.1045563547E-13    0.1000000000E+01
    1    0.9816666667E+01    0.6966836119E+00   -0.2322278706E+00    0.3249350255E+00    0.0000000000E+00    0.0000000000E+00    0.0000000000E+00    0.0000000000E+00    0.0000000000E+00    0.0000000000E+00    0.1497800007E-14    0.1497800007E-14    0.1000000000E+01
    2    0.9816666667E+01   -0.1161139353E+00   -0.2322278706E+00    0.1199036635E+00    0.0000000000E+00    0.0000000000E+00    0.0000000000E+00    0.0000000000E+00    0.0000000000E+00    0.0000000000E+00    0.4938193158E-12    0.4938193158E-12    0.1000000000E+01
    3    0.9816666667E+01   -0.1161139353E+00    0.5805696766E+00    0.1561464919E+00    0.0000000000E+00    0.0000000000E+00    0.0000000000E+00    0.0000000000E+00    0.0000000000E+00    0.0000000000E+00    0.5361560038E-14    0.5361560038E-14    0.1000000000E+01
    1    0.1007500000E+02    0.6966836119E+00   -0.2322278706E+00    0.1216585084E+00    0.0000000000E+00    0.0000000000E+00    0.0000000000E+00    0.0000000000E+00    0.0000000000E+00    0.0000000000E+00    0.2478383204E-10    0.2478383204E-10    0.1000000000E+01
    2    0.1007500000E+02   -0.1161139353E+00    0.5805696766E+00    0.1051344717E+00    0.0000000000E+00    0.0000000000E+00    0.0000000000E+00    0.0000000000E+00    0.0000000000E+00    0.0000000000E+00    0.3905379622E-13    0.3905379622E-13    0.1000000000E+01
    1    0.1033333333E+02   -0.1161139353E+00    0.5805696766E+00    0.5302189187E-01    0.0000000000E+00    0.0000000000E+00    0.0000000000E+00    0.0000000000E+00    0.0000000000E+00    0.0000000000E+00    0.1777452964E-12    0.1777452964E-12    0.1000000000E+01
    1    0.1085000000E+02   -0.1161139353E+00   -0.2322278706E+00   -0.1163631105E+00    0.0000000000E+00    0.0000000000E+00    0.0000000000E+00    0.0000000000E+00    0.0000000000E+00    0.0000000000E+00    0.4912728120E-12    0.4912728125E-12    0.9999999990E+00
    2    0.1085000000E+02   -0.1161139353E+00    0.5805696766E+00   -0.4924840096E-01    0.0000000000E+00    0.0000000000E+00    0.0000000000E+00    0.0000000000E+00    0.0000000000E+00    0.0000000000E+00    0.2478972750E-12    0.2478972750E-12    0.1000000000E+01
    1    0.1110833333E+02    0.6966836119E+00   -0.2322278706E+00   -0.4510082707E+00    0.0000000000E+00    0.0000000000E+00    0.0000000000E+00    0.0000000000E+00    0.0000000000E+00    0.0000000000E+00    0.1042720934E-13    0.1042720934E-13    0.9999999999E+00
    2    0.1110833333E+02    0.6966836119E+00    0.5805696766E+00   -0.3064387744E+00   -0.9289114825E+00    0.5805696766E+00   -0.3064387744E+00    0.4829056075E+01   -0.2007785282E+01    0.2841759804E+01    0.4403788797E-14    0.4403788797E-14    0.9999999999E+00
    3    0.1110833333E+02   -0.1161139353E+00   -0.2322278706E+00   -0.1907523069E+00    0.0000000000E+00    0.0000000000E+00    0.0000000000E+00    0.0000000000E+00    0.0000000000E+00    0.0000000000E+00    0.1607332172E-16    0.1607332248E-16    0.9999999527E+00
    4    0.1110833333E+02   -0.1161139353E+00    0.5805696766E+00   -0.1063263551E+00    0.0000000000E+00    0.0000000000E+00    0.0000000000E+00    0.0000000000E+00    0.0000000000E+00    0.0000000000E+00    0.5051911143E-13    0.5051911146E-13    0.9999999994E+00
    1    0.1136666667E+02   -0.1161139353E+00    0.5805696766E+00   -0.1656451567E+00    0.0000000000E+00    0.0000000000E+00    0.0000000000E+00    0.0000000000E+00    0.0000000000E+00    0.0000000000E+00    0.3781343801E-14    0.3781343801E-14    0.9999999998E+00
    2    0.1136666667E+02   -0.1161139353E+00   -0.2322278706E+00   -0.2611957979E+00    0.0000000000E+00    0.0000000000E+00    0.0000000000E+00    0.0000000000E+00    0.0000000000E+00    0.0000000000E+00    0.2262984828E-13    0.2262984829E-13    0.9999999996E+00
    3    0.1136666667E+02    0.6966836119E+00   -0.2322278706E+00   -0.5336922161E+00    0.0000000000E+00    0.0000000000E+00    0.0000000000E+00    0.0000000000E+00    0.0000000000E+00    0.0000000000E+00    0.2552996519E-14    0.2552996520E-14    0.9999999998E+00
    4    0.1136666667E+02    0.6966836119E+00    0.5805696766E+00   -0.4280709490E+00    0.0000000000E+00    0.0000000000E+00    0.0000000000E+00    0.0000000000E+00    0.0000000000E+00    0.0000000000E+00    0.6533252751E-14    0.6533252752E-14    0.9999999999E+00
    1    0.1162500000E+02   -0.1161139353E+00    0.5805696766E+00   -0.2283619683E+00    0.0000000000E+00    0.0000000000E+00    0.0000000000E+00    0.0000000000E+00    0.0000000000E+00    0.0000000000E+00    0.4325659821E-14    0.4325659821E-14    0.1000000000E+01
    2    0.1162500000E+02   -0.1161139353E+00   -0.2322278706E+00   -0.3304966380E+00    0.0000000000E+00    0.0000000000E+00    0.0000000000E+00    0.0000000000E+00    0.0000000000E+00    0.0000000000E+00    0.5941463372E-14    0.5941463372E-14    0.1000000000E+01
    3    0.1162500000E+02    0.6966836119E+00   -0.2322278706E+00    0.5494038711E+00    0.0000000000E+00    0.0000000000E+00    0.0000000000E+00    0.0000000000E+00    0.0000000000E+00    0.0000000000E+00    0.4302698853E-14    0.4302698853E-14    0.9999999999E+00
    4    0.1162500000E+02    0.6966836119E+00    0.5805696766E+00   -0.5089806985E+00    0.0000000000E+00    0.0000000000E+00    0.0000000000E+00    0.0000000000E+00    0.0000000000E+00    0.0000000000E+00    0.4984003845E-14    0.4984003845E-14    0.1000000000E+01
    1    0.1188333333E+02   -0.1161139353E+00    0.5805696766E+00   -0.2948023374E+00    0.0000000000E+00    0.0000000000E+00    0.0000000000E+00    0.0000000000E+00    0.0000000000E+00    0.0000000000E+00    0.8061594600E-14    0.8061594600E-14    0.1000000000E+01
    2    0.1188333333E+02   -0.1161139353E+00   -0.2322278706E+00   -0.3989527416E+00    0.0000000000E+00    0.0000000000E+00    0.0000000000E+00    0.0000000000E+00    0.0000000000E+00    0.0000000000E+00    0.2377525199E-15    0.2377525199E-15    0.9999999997E+00
    3    0.1188333333E+02    0.6966836119E+00    0.5805696766E+00    0.5722183500E+00    0.0000000000E+00    0.0000000000E+00    0.0000000000E+00    0.0000000000E+00    0.0000000000E+00    0.0000000000E+00    0.1279152114E-11    0.1279152114E-11    0.1000000000E+01
    4    0.1188333333E+02    0.6966836119E+00   -0.2322278706E+00    0.4891283878E+00    0.0000000000E+00    0.0000000000E+00    0.0000000000E+00    0.0000000000E+00    0.0000000000E+00    0.0000000000E+00    0.1089474358E-14    0.1089474359E-14    0.9999999987E+00
    1    0.1214166667E+02    0.6966836119E+00   -0.2322278706E+00    0.4309730522E+00    0.0000000000E+00    0.0000000000E+00    0.0000000000E+00    0.0000000000E+00    0.0000000000E+00    0.0000000000E+00    0.4187841079E-15    0.4187841079E-15    0.1000000000E+01
    2    0.1214166667E+02    0.6966836119E+00    0.5805696766E+00    0.5080128732E+00    0.0000000000E+00    0.0000000000E+00    0.0000000000E+00    0.0000000000E+00    0.0000000000E+00    0.0000000000E+00    0.1455471261E-14    0.1455471262E-14    0.9999999989E+00
    3    0.1214166667E+02   -0.1161139353E+00   -0.2322278706E+00   -0.4663226201E+00    0.0000000000E+00    0.0000000000E+00    0.0000000000E+00    0.0000000000E+00    0.0000000000E+00    0.0000000000E+00    0.7329295455E-15    0.7329295470E-15    0.9999999979E+00
    4    0.1214166667E+02   -0.1161139353E+00    0.5805696766E+00   -0.3643592722E+00    0.0000000000E+00    0.0000000000E+00    0.0000000000E+00    0.0000000000E+00    0.0000000000E+00    0.0000000000E+00    0.3557695957E-15    0.3557696485E-15    0.9999998516E+00
    1    0.1240000000E+02   -0.1161139353E+00    0.5805696766E+00   -0.4353593180E+00    0.0000000000E+00    0.0000000000E+00    0.0000000000E+00    0.0000000000E+00    0.0000000000E+00    0.0000000000E+00    0.4493691855E-15    0.4493691855E-15    0.9999999999E+00
    2    0.1240000000E+02   -0.1161139353E+00   -0.2322278706E+00   -0.5326324281E+00    0.0000000000E+00    0.0000000000E+00    0.0000000000E+00    0.0000000000E+00    0.0000000000E+00    0.0000000000E+00    0.3167520276E-15    0.3167520287E-15    0.9999999964E+00
    3    0.1240000000E+02    0.6966836119E+00    0.5805696766E+00    0.4450532709E+00    0.0000000000E+00    0.0000000000E+00    0.0000000000E+00    0.0000000000E+00    0.0000000000E+00    0.0000000000E+00    0.9054539743E-15    0.9054539744E-15    0.9999999999E+00
    4    0.1240000000E+02    0.6966836119E+00   -0.2322278706E+00    0.3723645441E+00    0.0000000000E+00    0.0000000000E+00    0.0000000000E+00    0.0000000000E+00    0.0000000000E+00    0.0000000000E+00    0.3184247977E-16    0.3184247982E-16    0.9999999985E+00
    1    0.1265833333E+02    0.6966836119E+00   -0.2322278706E+00    0.3108685064E+00    0.6966836119E+00   -0.2322278706E+00    0.3108685064E+00   -0.4423019799E+01    0.9830419290E+00   -0.2102043093E+01    0.2089751468E-14    0.2089754935E-14    0.9999983413E+00
    2    0.1265833333E+02    0.6966836119E+00    0.5805696766E+00    0.3801993535E+00    0.0000000000E+00    0.0000000000E+00    0.0000000000E+00    0.0000000000E+00    0.0000000000E+00    0.0000000000E+00    0.1885399784E-17    0.1885446132E-17    0.9999754179E+00
    3    0.1265833333E+02   -0.1161139353E+00    0.5805696766E+00   -0.5058624515E+00    0.0000000000E+00    0.0000000000E+00    0.0000000000E+00    0.0000000000E+00    0.0000000000E+00    0.0000000000E+00    0.4562004750E-15    0.4562004914E-15    0.9999999640E+00
    4    0.1265833333E+02   -0.1161139353E+00   -0.2322278706E+00    0.5509554390E+00    0.0000000000E+00    0.0000000000E+00    0.0000000000E+00    0.0000000000E+00    0.0000000000E+00    0.0000000000E+00    0.2527738671E-14    0.2527738687E-14    0.9999999937E+00
    1    0.1291666667E+02   -0.1161139353E+00    0.5805696766E+00    0.5747346539E+00   -0.1161139353E+00    0.5805696766E+00    0.5747346539E+00    0.0000000000E+00    0.0000000000E+00    0.0000000000E+00    0.2592165524E-20    0.2592165524E-20    0.1000000000E+01
    2    0.1291666667E+02   -0.1161139353E+00   -0.2322278706E+00    0.4841288132E+00    0.0000000000E+00    0.0000000000E+00    0.0000000000E+00    0.0000000000E+00    0.0000000000E+00    0.0000000000E+00    0.9128689196E-15    0.9128689196E-15    0.1000000000E+01
    3    0.1291666667E+02    0.6966836119E+00    0.5805696766E+00    0.3099617670E+00    0.0000000000E+00    0.0000000000E+00    0.0000000000E+00    0.0000000000E+00    0.0000000000E+00    0.0000000000E+00    0.2540416154E-15    0.2540416155E-15    0.9999999999E+00
    4    0.1291666667E+02    0.6966836119E+00   -0.2322278706E+00    0.2430918165E+00    0.0000000000E+00    0.0000000000E+00    0.0000000000E+00    0.0000000000E+00    0.0000000000E+00    0.0000000000E+00    0.5988607770E-14    0.5988607770E-14    0.1000000000E+01
    1    0.1317500000E+02   -0.1161139353E+00    0.5805696766E+00    0.5063762729E+00    0.0000000000E+00    0.0000000000E+00    0.0000000000E+00    0.0000000000E+00    0.0000000000E+00    0.0000000000E+00    0.4059491800E-14    0.4059491807E-14    0.9999999984E+00
    2    0.1317500000E+02   -0.1161139353E+00   -0.2322278706E+00    0.4140946363E+00    0.0000000000E+00    0.0000000000E+00    0.0000000000E+00    0.0000000000E+00    0.0000000000E+00    0.0000000000E+00    0.3274819440E-15    0.3274819969E-15    0.9999998385E+00
    3    0.1317500000E+02    0.6966836119E+00    0.5805696766E+00    0.2268485591E+00    0.0000000000E+00    0.0000000000E+00    0.0000000000E+00    0.0000000000E+00    0.0000000000E+00    0.0000000000E+00    0.1247864779E-14    0.1247864888E-14    0.9999999128E+00
    4    0.1317500000E+02    0.6966836119E+00   -0.2322278706E+00    0.1616425721E+00    0.0000000000E+00    0.0000000000E+00    0.0000000000E+00    0.0000000000E+00    0.0000000000E+00    0.0000000000E+00    0.1884687992E-13    0.1884687992E-13    0.1000000000E+01
    1    0.1343333333E+02    0.6966836119E+00   -0.2322278706E+00   -0.3646376845E+00    0.0000000000E+00    0.0000000000E+00    0.0000000000E+00    0.0000000000E+00    0.0000000000E+00    0.0000000000E+00    0.4052668340E-10    0.4052668340E-10    0.1000000000E+01
    2    0.1343333333E+02   -0.1161139353E+00    0.5805696766E+00    0.4371594549E+00    0.0000000000E+00    0.0000000000E+00    0.0000000000E+00    0.0000000000E+00    0.0000000000E+00    0.0000000000E+00    0.8966398890E-13    0.8966398895E-13    0.9999999994E+00
    3    0.1343333333E+02   -0.1161139353E+00   -0.2322278706E+00    0.3366097489E+00    0.0000000000E+00    0.0000000000E+00    0.0000000000E+00    0.0000000000E+00    0.0000000000E+00    0.0000000000E+00    0.5119753940E-13    0.5119753943E-13    0.9999999994E+00
    4    0.1343333333E+02    0.6966836119E+00   -0.2322278706E+00    0.9592460019E-01    0.0000000000E+00    0.0000000000E+00    0.0000000000E+00    0.0000000000E+00    0.0000000000E+00    0.0000000000E+00    0.4687320457E-10    0.4687320458E-10    0.9999999999E+00
    5    0.1343333333E+02   -0.1161139353E+00    0.5805696766E+00   -0.1146699208E+00    0.0000000000E+00    0.0000000000E+00    0.0000000000E+00    0.0000000000E+00    0.0000000000E+00    0.0000000000E+00    0.8868736802E-10    0.8868736802E-10    0.1000000000E+01
    6    0.1343333333E+02   -0.1161139353E+00   -0.2322278706E+00   -0.1159801769E+00    0.0000000000E+00    0.0000000000E+00    0.0000000000E+00    0.0000000000E+00    0.0000000000E+00    0.0000000000E+00    0.5843746103E-10    0.5843746103E-10    0.1000000000E+01
    1    0.1369166667E+02    0.6966836119E+00   -0.2322278706E+00    0.4687050870E+00    0.0000000000E+00    0.0000000000E+00    0.0000000000E+00    0.0000000000E+00    0.0000000000E+00    0.0000000000E+00    0.2634370616E-10    0.2634370616E-10    0.1000000000E+01
    2    0.1369166667E+02   -0.1161139353E+00    0.5805696766E+00    0.3636197581E+00    0.0000000000E+00    0.0000000000E+00    0.0000000000E+00    0.0000000000E+00    0.0000000000E+00    0.0000000000E+00    0.2452299143E-11    0.2452299143E-11    0.1000000000E+01
    3    0.1369166667E+02   -0.1161139353E+00   -0.2322278706E+00    0.2396874678E+00    0.0000000000E+00    0.0000000000E+00    0.0000000000E+00    0.0000000000E+00    0.0000000000E+00    0.0000000000E+00    0.4090345671E-12    0.4090345671E-12    0.9999999999E+00
    4    0.1369166667E+02    0.6966836119E+00    0.5805696766E+00   -0.5030450685E+00    0.0000000000E+00    0.0000000000E+00    0.0000000000E+00    0.0000000000E+00    0.0000000000E+00    0.0000000000E+00    0.2028974835E-10    0.2028974835E-10    0.1000000000E+01
    5    0.1369166667E+02    0.6966836119E+00    0.5805696766E+00    0.5521268923E-01    0.0000000000E+00    0.0000000000E+00    0.0000000000E+00    0.0000000000E+00    0.0000000000E+00    0.0000000000E+00    0.6929595714E-09    0.6929595714E-09    0.1000000000E+01
    6    0.1369166667E+02    0.6966836119E+00    0.5805696766E+00   -0.9572841419E-01    0.0000000000E+00    0.0000000000E+00    0.0000000000E+00    0.0000000000E+00    0.0000000000E+00    0.0000000000E+00    0.1048290175E-09    0.1048290175E-09    0.1000000000E+01
    7    0.1369166667E+02    0.6966836119E+00   -0.2322278706E+00   -0.1584019879E+00    0.0000000000E+00    0.0000000000E+00    0.0000000000E+00    0.0000000000E+00    0.0000000000E+00    0.0000000000E+00    0.7056211802E-12    0.7056211802E-12    0.1000000000E+01
    8    0.1369166667E+02    0.6966836119E+00    0.5805696766E+00   -0.1852756765E+00    0.0000000000E+00    0.0000000000E+00    0.0000000000E+00    0.0000000000E+00    0.0000000000E+00    0.0000000000E+00    0.2316391043E-09    0.2316391043E-09    0.1000000000E+01
    9    0.1369166667E+02   -0.1161139353E+00    0.5805696766E+00   -0.2334879376E+00    0.0000000000E+00    0.0000000000E+00    0.0000000000E+00    0.0000000000E+00    0.0000000000E+00    0.0000000000E+00    0.3736845700E-11    0.3736845700E-11    0.1000000000E+01
   10    0.1369166667E+02    0.6966836119E+00   -0.2322278706E+00   -0.2892655316E+00    0.0000000000E+00    0.0000000000E+00    0.0000000000E+00    0.0000000000E+00    0.0000000000E+00    0.0000000000E+00    0.2676424970E-10    0.2676424970E-10    0.1000000000E+01
   11    0.1369166667E+02   -0.1161139353E+00   -0.2322278706E+00   -0.3798791756E+00    0.0000000000E+00    0.0000000000E+00    0.0000000000E+00    0.0000000000E+00    0.0000000000E+00    0.0000000000E+00    0.4024069429E-12    0.4024069429E-12    0.1000000000E+01
   12    0.1369166667E+02   -0.1161139353E+00    0.5805696766E+00   -0.3812341355E+00    0.0000000000E+00    0.0000000000E+00    0.0000000000E+00    0.0000000000E+00    0.0000000000E+00    0.0000000000E+00    0.2406629052E-11    0.2406629052E-11    0.1000000000E+01
    1    0.1395000000E+02   -0.1161139353E+00    0.5805696766E+00    0.2762374063E+00    0.0000000000E+00    0.0000000000E+00    0.0000000000E+00    0.0000000000E+00    0.0000000000E+00    0.0000000000E+00    0.5829146170E-12    0.5829146170E-12    0.1000000000E+01
    2    0.1395000000E+02   -0.1161139353E+00   -0.2322278706E+00    0.5560020009E+00    0.0000000000E+00    0.0000000000E+00    0.0000000000E+00    0.0000000000E+00    0.0000000000E+00    0.0000000000E+00    0.6929833744E-11    0.6929833744E-11    0.1000000000E+01
    3    0.1395000000E+02   -0.1161139353E+00    0.5805696766E+00   -0.5663539849E+00    0.0000000000E+00    0.0000000000E+00    0.0000000000E+00    0.0000000000E+00    0.0000000000E+00    0.0000000000E+00    0.1643377633E-10    0.1643377633E-10    0.1000000000E+01
    4    0.1395000000E+02    0.6966836119E+00   -0.2322278706E+00   -0.4746512299E+00    0.0000000000E+00    0.0000000000E+00    0.0000000000E+00    0.0000000000E+00    0.0000000000E+00    0.0000000000E+00    0.2950755877E-10    0.2950755877E-10    0.1000000000E+01
    5    0.1395000000E+02   -0.1161139353E+00    0.5805696766E+00   -0.4621341692E+00    0.0000000000E+00    0.0000000000E+00    0.0000000000E+00    0.0000000000E+00    0.0000000000E+00    0.0000000000E+00    0.1149544046E-11    0.1149544046E-11    0.1000000000E+01
    6    0.1395000000E+02    0.6966836119E+00    0.5805696766E+00   -0.3485037530E+00    0.0000000000E+00    0.0000000000E+00    0.0000000000E+00    0.0000000000E+00    0.0000000000E+00    0.0000000000E+00    0.4793858889E-13    0.4793858889E-13    0.1000000000E+01
    7    0.1395000000E+02    0.6966836119E+00   -0.2322278706E+00   -0.3942403304E+00    0.6966836119E+00   -0.2322278706E+00   -0.3942403304E+00   -0.5113894159E+00    0.1544719828E+01   -0.8067931222E+00    0.1949110830E-10    0.1949110830E-10    0.1000000000E+01
    8    0.1395000000E+02   -0.1161139353E+00   -0.2322278706E+00   -0.3792707612E+00    0.0000000000E+00    0.0000000000E+00    0.0000000000E+00    0.0000000000E+00    0.0000000000E+00    0.0000000000E+00    0.5306813558E-12    0.5306813558E-12    0.1000000000E+01
    1    0.1420833333E+02   -0.1161139353E+00   -0.2322278706E+00    0.3258482816E+00    0.0000000000E+00    0.0000000000E+00    0.0000000000E+00    0.0000000000E+00    0.0000000000E+00    0.0000000000E+00    0.3550496637E-12    0.3550496637E-12    0.1000000000E+01
    2    0.1420833333E+02   -0.1161139353E+00    0.5805696766E+00    0.3642707223E+00   -0.1161139353E+00    0.5805696766E+00    0.3642707223E+00    0.4711282943E+00   -0.3259540898E+00   -0.3263064766E+00    0.3052637474E-11    0.3052637474E-11    0.1000000000E+01
    3    0.1420833333E+02   -0.1161139353E+00    0.5805696766E+00    0.4020506184E+00    0.0000000000E+00    0.0000000000E+00    0.0000000000E+00    0.0000000000E+00    0.0000000000E+00    0.0000000000E+00    0.5694638130E-13    0.5694638130E-13    0.1000000000E+01
    1    0.1446666667E+02   -0.1161139353E+00    0.5805696766E+00    0.1826939393E+00    0.0000000000E+00    0.0000000000E+00    0.0000000000E+00    0.0000000000E+00    0.0000000000E+00    0.0000000000E+00    0.9294808205E-13    0.9294808205E-13    0.1000000000E+01
