    1    0.1808333333E+01    0.0000000000E+00    0.5805696766E+00   -0.6985160501E-01    0.0000000000E+00    0.0000000000E+00    0.0000000000E+00    0.0000000000E+00    0.0000000000E+00    0.0000000000E+00    0.9575609235E-12    0.9575609235E-12    0.1000000000E+01
    1    0.2066666667E+01    0.0000000000E+00    0.5805696766E+00   -0.2015459857E+00    0.0000000000E+00    0.0000000000E+00    0.0000000000E+00    0.0000000000E+00    0.0000000000E+00    0.0000000000E+00    0.7202210888E-15    0.7202210888E-15    0.1000000000E+01
    1    0.2325000000E+01    0.0000000000E+00    0.5805696766E+00   -0.2887357586E+00    0.0000000000E+00    0.0000000000E+00    0.0000000000E+00    0.0000000000E+00    0.0000000000E+00    0.0000000000E+00    0.9773125547E-14    0.9773125547E-14    0.1000000000E+01
    2    0.2325000000E+01    0.0000000000E+00    0.5805696766E+00   -0.2757621280E+00    0.0000000000E+00    0.0000000000E+00    0.0000000000E+00    0.0000000000E+00    0.0000000000E+00    0.0000000000E+00    0.2827832138E-12    0.2827832138E-12    0.1000000000E+01
    3    0.2325000000E+01    0.0000000000E+00    0.5805696766E+00    0.1564621459E+00    0.0000000000E+00    0.0000000000E+00    0.0000000000E+00    0.0000000000E+00    0.0000000000E+00    0.0000000000E+00    0.2759885083E-12    0.2759885083E-12    0.1000000000E+01
    1    0.2583333333E+01    0.0000000000E+00   -0.2322278706E+00   -0.2618195716E+00    0.0000000000E+00    0.0000000000E+00    0.0000000000E+00    0.0000000000E+00    0.0000000000E+00    0.0000000000E+00    0.6455908215E-13    0.6455908215E-13    0.1000000000E+01
    2    0.2583333333E+01    0.0000000000E+00    0.5805696766E+00   -0.3665408540E+00    0.0000000000E+00    0.0000000000E+00    0.0000000000E+00    0.0000000000E+00    0.0000000000E+00    0.0000000000E+00    0.3921194962E-15    0.3921194962E-15    0.1000000000E+01
    3    0.2583333333E+01    0.0000000000E+00    0.5805696766E+00    0.8261979125E-01    0.0000000000E+00    0.0000000000E+00    0.0000000000E+00    0.0000000000E+00    0.0000000000E+00    0.0000000000E+00    0.1111815339E-12    0.1111815339E-12    0.1000000000E+01
    4    0.2583333333E+01    0.0000000000E+00    0.5805696766E+00   -0.3368390861E+00    0.0000000000E+00    0.0000000000E+00    0.0000000000E+00    0.0000000000E+00    0.0000000000E+00    0.0000000000E+00    0.1706965287E-13    0.1706965287E-13    0.1000000000E+01
    1    0.2841666667E+01    0.0000000000E+00    0.5805696766E+00   -0.4419404228E+00    0.0000000000E+00    0.0000000000E+00    0.0000000000E+00    0.0000000000E+00    0.0000000000E+00    0.0000000000E+00    0.2776116343E-14    0.2776116343E-14    0.1000000000E+01
    2    0.2841666667E+01    0.0000000000E+00   -0.2322278706E+00   -0.4117919685E+00    0.0000000000E+00    0.0000000000E+00    0.0000000000E+00    0.0000000000E+00    0.0000000000E+00    0.0000000000E+00    0.2171209163E-14    0.2171209163E-14    0.1000000000E+01
    3    0.2841666667E+01    0.0000000000E+00   -0.2322278706E+00    0.2263630020E+00    0.0000000000E+00    0.0000000000E+00    0.0000000000E+00    0.0000000000E+00    0.0000000000E+00    0.0000000000E+00    0.2778751615E-12    0.2778751615E-12    0.1000000000E+01
    4    0.2841666667E+01    0.0000000000E+00   -0.2322278706E+00   -0.3718691427E+00    0.0000000000E+00    0.0000000000E+00    0.0000000000E+00    0.0000000000E+00    0.0000000000E+00    0.0000000000E+00    0.2835741866E-12    0.2835741866E-12    0.1000000000E+01
    5    0.2841666667E+01    0.0000000000E+00    0.5805696766E+00   -0.3798127156E+00    0.0000000000E+00    0.0000000000E+00    0.0000000000E+00    0.0000000000E+00    0.0000000000E+00    0.0000000000E+00    0.1277783835E-21    0.1277842697E-21    0.9999539362E+00
    1    0.3100000000E+01    0.0000000000E+00   -0.2322278706E+00   -0.5280398227E+00    0.0000000000E+00    0.0000000000E+00    0.0000000000E+00    0.0000000000E+00    0.0000000000E+00    0.0000000000E+00    0.7498192192E-14    0.7498192192E-14    0.1000000000E+01
    2    0.3100000000E+01    0.0000000000E+00    0.5805696766E+00   -0.5185847469E+00    0.0000000000E+00    0.0000000000E+00    0.0000000000E+00    0.0000000000E+00    0.0000000000E+00    0.0000000000E+00    0.1091192580E-13    0.1091192580E-13    0.1000000000E+01
    3    0.3100000000E+01    0.0000000000E+00   -0.2322278706E+00    0.1628311005E+00    0.0000000000E+00    0.0000000000E+00    0.0000000000E+00    0.0000000000E+00    0.0000000000E+00    0.0000000000E+00    0.2997196511E-13    0.2997196511E-13    0.1000000000E+01
    4    0.3100000000E+01    0.0000000000E+00   -0.2322278706E+00   -0.4330805824E+00    0.0000000000E+00    0.0000000000E+00    0.0000000000E+00    0.0000000000E+00    0.0000000000E+00    0.0000000000E+00    0.2575952980E-13    0.2575952980E-13    0.1000000000E+01
    5    0.3100000000E+01    0.0000000000E+00    0.5805696766E+00   -0.4172144527E+00    0.0000000000E+00    0.0000000000E+00    0.0000000000E+00    0.0000000000E+00    0.0000000000E+00    0.0000000000E+00    0.4610948591E-17    0.4610963866E-17    0.9999966873E+00
    1    0.3358333333E+01    0.0000000000E+00   -0.2322278706E+00    0.5190633558E+00    0.0000000000E+00    0.0000000000E+00    0.0000000000E+00    0.0000000000E+00    0.0000000000E+00    0.0000000000E+00    0.1840408163E-14    0.1840408163E-14    0.1000000000E+01
    2    0.3358333333E+01    0.0000000000E+00    0.5805696766E+00    0.5524864895E+00    0.0000000000E+00    0.0000000000E+00    0.0000000000E+00    0.0000000000E+00    0.0000000000E+00    0.0000000000E+00    0.7363652192E-13    0.7363652192E-13    0.1000000000E+01
    3    0.3358333333E+01    0.0000000000E+00   -0.2322278706E+00    0.1123636992E+00    0.0000000000E+00    0.0000000000E+00    0.0000000000E+00    0.0000000000E+00    0.0000000000E+00    0.0000000000E+00    0.2747969307E-13    0.2747969307E-13    0.1000000000E+01
    4    0.3358333333E+01    0.0000000000E+00   -0.2322278706E+00   -0.4783777455E+00    0.0000000000E+00    0.0000000000E+00    0.0000000000E+00    0.0000000000E+00    0.0000000000E+00    0.0000000000E+00    0.6986742123E-16    0.6986742123E-16    0.1000000000E+01
    5    0.3358333333E+01    0.0000000000E+00    0.5805696766E+00   -0.4521255326E+00    0.0000000000E+00    0.0000000000E+00    0.0000000000E+00    0.0000000000E+00    0.0000000000E+00    0.0000000000E+00    0.5307386257E-16    0.5307386257E-16    0.1000000000E+01
    1    0.3616666667E+01    0.0000000000E+00   -0.2322278706E+00    0.4210106413E+00    0.0000000000E+00    0.0000000000E+00    0.0000000000E+00    0.0000000000E+00    0.0000000000E+00    0.0000000000E+00    0.8695192874E-15    0.8695192874E-15    0.1000000000E+01
    2    0.3616666667E+01    0.0000000000E+00    0.5805696766E+00    0.4640099582E+00    0.0000000000E+00    0.0000000000E+00    0.0000000000E+00    0.0000000000E+00    0.0000000000E+00    0.0000000000E+00    0.6426346218E-18    0.6426346231E-18    0.9999999980E+00
    3    0.3616666667E+01    0.0000000000E+00   -0.2322278706E+00    0.5800612984E-01    0.0000000000E+00    0.0000000000E+00    0.0000000000E+00    0.0000000000E+00    0.0000000000E+00    0.0000000000E+00    0.2437503105E-12    0.2437503105E-12    0.1000000000E+01
    4    0.3616666667E+01    0.0000000000E+00   -0.2322278706E+00   -0.5182933039E+00    0.0000000000E+00    0.0000000000E+00    0.0000000000E+00    0.0000000000E+00    0.0000000000E+00    0.0000000000E+00    0.1834511637E-13    0.1834511637E-13    0.1000000000E+01
    5    0.3616666667E+01    0.0000000000E+00    0.5805696766E+00   -0.4859577851E+00    0.0000000000E+00    0.0000000000E+00    0.0000000000E+00    0.0000000000E+00    0.0000000000E+00    0.0000000000E+00    0.1775151301E-15    0.1775151301E-15    0.1000000000E+01
    1    0.3875000000E+01    0.0000000000E+00   -0.2322278706E+00    0.3193727441E+00    0.0000000000E+00    0.0000000000E+00    0.0000000000E+00    0.0000000000E+00    0.0000000000E+00    0.0000000000E+00    0.1577650543E-13    0.1577650543E-13    0.1000000000E+01
    2    0.3875000000E+01    0.0000000000E+00    0.5805696766E+00    0.3630507091E+00    0.0000000000E+00    0.0000000000E+00    0.0000000000E+00    0.0000000000E+00    0.0000000000E+00    0.0000000000E+00    0.1175717939E-14    0.1175717939E-14    0.9999999999E+00
    3    0.3875000000E+01    0.0000000000E+00    0.5805696766E+00   -0.5196002189E+00    0.0000000000E+00    0.0000000000E+00    0.0000000000E+00    0.0000000000E+00    0.0000000000E+00    0.0000000000E+00    0.3543152423E-15    0.3543152423E-15    0.1000000000E+01
    4    0.3875000000E+01    0.0000000000E+00   -0.2322278706E+00   -0.5558769294E+00    0.0000000000E+00    0.0000000000E+00    0.0000000000E+00    0.0000000000E+00    0.0000000000E+00    0.0000000000E+00    0.3982412600E-14    0.3982412600E-14    0.1000000000E+01
    1    0.4133333333E+01    0.8127975472E+00    0.5805696766E+00   -0.5048047637E+00    0.8127975472E+00    0.5805696766E+00   -0.5048047637E+00    0.0000000000E+00    0.0000000000E+00    0.0000000000E+00    0.1834041007E-11    0.1834041007E-11    0.1000000000E+01
    2    0.4133333333E+01    0.0000000000E+00   -0.2322278706E+00    0.1973102428E+00    0.0000000000E+00    0.0000000000E+00    0.0000000000E+00    0.0000000000E+00    0.0000000000E+00    0.0000000000E+00    0.1899004535E-14    0.1899004535E-14    0.9999999999E+00
    3    0.4133333333E+01    0.0000000000E+00    0.5805696766E+00    0.2315044880E+00    0.0000000000E+00    0.0000000000E+00    0.0000000000E+00    0.0000000000E+00    0.0000000000E+00    0.0000000000E+00    0.6397273126E-13    0.6397273126E-13    0.1000000000E+01
    4    0.4133333333E+01    0.8127975472E+00    0.5805696766E+00    0.2170599095E+00    0.8127975472E+00    0.5805696766E+00    0.2170599095E+00    0.0000000000E+00    0.0000000000E+00    0.0000000000E+00    0.3524068922E-12    0.3524068922E-12    0.1000000000E+01
    5    0.4133333333E+01    0.8127975472E+00    0.5805696766E+00   -0.5335221695E+00    0.8127975472E+00    0.5805696766E+00   -0.5335221695E+00    0.0000000000E+00    0.0000000000E+00    0.0000000000E+00    0.6536622257E-11    0.6536622257E-11    0.1000000000E+01
    6    0.4133333333E+01    0.0000000000E+00    0.5805696766E+00   -0.5537943718E+00    0.0000000000E+00    0.0000000000E+00    0.0000000000E+00    0.0000000000E+00    0.0000000000E+00    0.0000000000E+00    0.9800525861E-15    0.9800525863E-15    0.9999999997E+00
    7    0.4133333333E+01    0.0000000000E+00   -0.2322278706E+00    0.5576401886E+00    0.0000000000E+00    0.0000000000E+00    0.0000000000E+00    0.0000000000E+00    0.0000000000E+00    0.0000000000E+00    0.5493577442E-14    0.5493577442E-14    0.1000000000E+01
    8    0.4133333333E+01    0.8127975472E+00    0.5805696766E+00    0.2079714687E+00    0.8127975472E+00    0.5805696766E+00    0.2079714687E+00    0.0000000000E+00    0.0000000000E+00    0.0000000000E+00    0.8095347540E-13    0.8095347540E-13    0.1000000000E+01
    1    0.4391666667E+01    0.8127975472E+00   -0.2322278706E+00   -0.3891114574E+00    0.8127975472E+00   -0.2322278706E+00   -0.3891114574E+00    0.0000000000E+00    0.0000000000E+00    0.0000000000E+00    0.3143505196E-12    0.3143505196E-12    0.1000000000E+01
    2    0.4391666667E+01    0.8127975472E+00    0.5805696766E+00    0.1357135800E+00    0.8127975472E+00    0.5805696766E+00    0.1357135800E+00    0.0000000000E+00    0.0000000000E+00    0.0000000000E+00    0.6669903179E-14    0.6669903180E-14    0.9999999999E+00
    3    0.4391666667E+01    0.8127975472E+00   -0.2322278706E+00    0.1283626596E+00    0.8127975472E+00   -0.2322278706E+00    0.1283626596E+00    0.0000000000E+00    0.0000000000E+00    0.0000000000E+00    0.3121899052E-12    0.3121899052E-12    0.1000000000E+01
    4    0.4391666667E+01    0.8127975472E+00   -0.2322278706E+00   -0.4013097569E+00    0.8127975472E+00   -0.2322278706E+00   -0.4013097569E+00    0.0000000000E+00    0.0000000000E+00    0.0000000000E+00    0.1929569255E-12    0.1929569255E-12    0.1000000000E+01
    5    0.4391666667E+01    0.0000000000E+00    0.5805696766E+00   -0.5363675252E-01    0.0000000000E+00    0.0000000000E+00    0.0000000000E+00    0.0000000000E+00    0.0000000000E+00    0.0000000000E+00    0.3020929593E-12    0.3020929593E-12    0.1000000000E+01
    6    0.4391666667E+01    0.0000000000E+00    0.5805696766E+00    0.5603073710E+00    0.0000000000E+00    0.0000000000E+00    0.0000000000E+00    0.0000000000E+00    0.0000000000E+00    0.0000000000E+00    0.3141889883E-13    0.3141889884E-13    0.1000000000E+01
    7    0.4391666667E+01    0.0000000000E+00   -0.2322278706E+00    0.5211660489E+00    0.0000000000E+00    0.0000000000E+00    0.0000000000E+00    0.0000000000E+00    0.0000000000E+00    0.0000000000E+00    0.1083133455E-14    0.1083133456E-14    0.9999999991E+00
    8    0.4391666667E+01    0.8127975472E+00   -0.2322278706E+00    0.1189640387E+00    0.8127975472E+00   -0.2322278706E+00    0.1189640387E+00    0.0000000000E+00    0.0000000000E+00    0.0000000000E+00    0.1721927976E-12    0.1721927976E-12    0.1000000000E+01
    9    0.4391666667E+01    0.8127975472E+00    0.5805696766E+00    0.1303380306E+00    0.8127975472E+00    0.5805696766E+00    0.1303380306E+00    0.0000000000E+00    0.0000000000E+00    0.0000000000E+00    0.7410257313E-14    0.7410257313E-14    0.1000000000E+01
    1    0.4650000000E+01    0.8127975472E+00   -0.2322278706E+00   -0.4923068228E+00    0.8127975472E+00   -0.2322278706E+00   -0.4923068228E+00    0.0000000000E+00    0.0000000000E+00    0.0000000000E+00    0.6848442913E-12    0.6848442913E-12    0.1000000000E+01
    2    0.4650000000E+01    0.8127975472E+00    0.5805696766E+00    0.6920491247E-01    0.8127975472E+00    0.5805696766E+00    0.6920491247E-01    0.0000000000E+00    0.0000000000E+00    0.0000000000E+00    0.9639323402E-13    0.9639323402E-13    0.1000000000E+01
    3    0.4650000000E+01    0.8127975472E+00   -0.2322278706E+00    0.4359838422E-01    0.8127975472E+00   -0.2322278706E+00    0.4359838422E-01    0.0000000000E+00    0.0000000000E+00    0.0000000000E+00    0.7081023500E-13    0.7081023500E-13    0.1000000000E+01
    4    0.4650000000E+01    0.8127975472E+00   -0.2322278706E+00   -0.5054769934E+00    0.8127975472E+00   -0.2322278706E+00   -0.5054769934E+00    0.0000000000E+00    0.0000000000E+00    0.0000000000E+00    0.1180417301E-11    0.1180417301E-11    0.1000000000E+01
    5    0.4650000000E+01    0.0000000000E+00    0.5805696766E+00    0.5225253258E+00    0.0000000000E+00    0.0000000000E+00    0.0000000000E+00    0.0000000000E+00    0.0000000000E+00    0.0000000000E+00    0.6294271466E-14    0.6294271466E-14    0.9999999999E+00
    6    0.4650000000E+01    0.0000000000E+00   -0.2322278706E+00    0.4841447092E+00    0.0000000000E+00    0.0000000000E+00    0.0000000000E+00    0.0000000000E+00    0.0000000000E+00    0.0000000000E+00    0.1050448308E-14    0.1050448308E-14    0.1000000000E+01
    7    0.4650000000E+01    0.0000000000E+00    0.5805696766E+00   -0.1007072781E+00    0.0000000000E+00    0.0000000000E+00    0.0000000000E+00    0.0000000000E+00    0.0000000000E+00    0.0000000000E+00    0.4338959406E-13    0.4338959406E-13    0.1000000000E+01
    8    0.4650000000E+01    0.8127975472E+00    0.5805696766E+00    0.6519059310E-01    0.8127975472E+00    0.5805696766E+00    0.6519059310E-01    0.0000000000E+00    0.0000000000E+00    0.0000000000E+00    0.9990936262E-13    0.9990936262E-13    0.1000000000E+01
    9    0.4650000000E+01    0.8127975472E+00   -0.2322278706E+00    0.3785606573E-01    0.8127975472E+00   -0.2322278706E+00    0.3785606573E-01    0.0000000000E+00    0.0000000000E+00    0.0000000000E+00    0.9466090600E-13    0.9466090600E-13    0.1000000000E+01
    1    0.4908333333E+01    0.8127975472E+00   -0.2322278706E+00   -0.2252736826E-01    0.8127975472E+00   -0.2322278706E+00   -0.2252736826E-01    0.0000000000E+00    0.0000000000E+00    0.0000000000E+00    0.3663367055E-14    0.3663367055E-14    0.9999999998E+00
    2    0.4908333333E+01    0.0000000000E+00    0.5805696766E+00   -0.1389072725E+00    0.0000000000E+00    0.0000000000E+00    0.0000000000E+00    0.0000000000E+00    0.0000000000E+00    0.0000000000E+00    0.8803667392E-14    0.8803667433E-14    0.9999999954E+00
    3    0.4908333333E+01    0.0000000000E+00   -0.2322278706E+00    0.4456210367E+00    0.0000000000E+00    0.0000000000E+00    0.0000000000E+00    0.0000000000E+00    0.0000000000E+00    0.0000000000E+00    0.1062640690E-14    0.1062640788E-14    0.9999999072E+00
    4    0.4908333333E+01    0.0000000000E+00    0.5805696766E+00    0.4809494928E+00    0.0000000000E+00    0.0000000000E+00    0.0000000000E+00    0.0000000000E+00    0.0000000000E+00    0.0000000000E+00    0.5197586180E-14    0.5197586189E-14    0.9999999983E+00
    5    0.4908333333E+01    0.8127975472E+00   -0.2322278706E+00   -0.2691014686E-01    0.8127975472E+00   -0.2322278706E+00   -0.2691014686E-01    0.0000000000E+00    0.0000000000E+00    0.0000000000E+00    0.4177474713E-14    0.4177474731E-14    0.9999999959E+00
    1    0.5166666667E+01    0.8127975472E+00    0.5805696766E+00    0.4893534971E+00    0.8127975472E+00    0.5805696766E+00    0.4893534971E+00    0.0000000000E+00    0.0000000000E+00    0.0000000000E+00    0.6848992632E-12    0.6848992632E-12    0.1000000000E+01
    2    0.5166666667E+01    0.8127975472E+00    0.5805696766E+00   -0.2268137992E-01    0.8127975472E+00    0.5805696766E+00   -0.2268137992E-01    0.0000000000E+00    0.0000000000E+00    0.0000000000E+00    0.1683410523E-11    0.1683410523E-11    0.1000000000E+01
    3    0.5166666667E+01    0.8127975472E+00   -0.2322278706E+00   -0.8327606999E-01    0.8127975472E+00   -0.2322278706E+00   -0.8327606999E-01    0.0000000000E+00    0.0000000000E+00    0.0000000000E+00    0.1134864108E-14    0.1134864111E-14    0.9999999980E+00
    4    0.5166666667E+01    0.8127975472E+00    0.5805696766E+00    0.4877810432E+00    0.8127975472E+00    0.5805696766E+00    0.4877810432E+00    0.0000000000E+00    0.0000000000E+00    0.0000000000E+00    0.6860720383E-12    0.6860720384E-12    0.1000000000E+01
    5    0.5166666667E+01    0.0000000000E+00    0.5805696766E+00    0.4325857914E+00    0.0000000000E+00    0.0000000000E+00    0.0000000000E+00    0.0000000000E+00    0.0000000000E+00    0.0000000000E+00    0.1291748335E-13    0.1291748335E-13    0.1000000000E+01
    6    0.5166666667E+01    0.0000000000E+00   -0.2322278706E+00    0.4044570387E+00    0.0000000000E+00    0.0000000000E+00    0.0000000000E+00    0.0000000000E+00    0.0000000000E+00    0.0000000000E+00    0.3240081377E-15    0.3240081417E-15    0.9999999878E+00
    7    0.5166666667E+01    0.0000000000E+00    0.5805696766E+00   -0.1745284648E+00    0.0000000000E+00    0.0000000000E+00    0.0000000000E+00    0.0000000000E+00    0.0000000000E+00    0.0000000000E+00    0.7927602803E-14    0.7927602803E-14    0.9999999999E+00
    8    0.5166666667E+01    0.8127975472E+00   -0.2322278706E+00   -0.8701418616E-01    0.8127975472E+00   -0.2322278706E+00   -0.8701418616E-01    0.0000000000E+00    0.0000000000E+00    0.0000000000E+00    0.1136732249E-14    0.1136732252E-14    0.9999999973E+00
    9    0.5166666667E+01    0.8127975472E+00    0.5805696766E+00   -0.2993018509E-01    0.8127975472E+00    0.5805696766E+00   -0.2993018509E-01    0.0000000000E+00    0.0000000000E+00    0.0000000000E+00    0.8494554010E-12    0.8494554010E-12    0.1000000000E+01
    1    0.5425000000E+01    0.8127975472E+00    0.5805696766E+00    0.4018058645E+00    0.8127975472E+00    0.5805696766E+00    0.4018058645E+00    0.0000000000E+00    0.0000000000E+00    0.0000000000E+00    0.1063469756E-12    0.1063469756E-12    0.1000000000E+01
    2    0.5425000000E+01    0.8127975472E+00   -0.2322278706E+00   -0.1444522422E+00    0.8127975472E+00   -0.2322278706E+00   -0.1444522422E+00    0.0000000000E+00    0.0000000000E+00    0.0000000000E+00    0.7350325037E-15    0.7350325038E-15    0.9999999998E+00
    3    0.5425000000E+01    0.8127975472E+00    0.5805696766E+00   -0.1017050922E+00    0.8127975472E+00    0.5805696766E+00   -0.1017050922E+00    0.0000000000E+00    0.0000000000E+00    0.0000000000E+00    0.1522843872E-12    0.1522843872E-12    0.1000000000E+01
    4    0.5425000000E+01    0.8127975472E+00    0.5805696766E+00    0.3993969878E+00    0.8127975472E+00    0.5805696766E+00    0.3993969878E+00    0.0000000000E+00    0.0000000000E+00    0.0000000000E+00    0.1243600040E-12    0.1243600040E-12    0.1000000000E+01
    5    0.5425000000E+01    0.0000000000E+00   -0.2322278706E+00    0.3588172979E+00    0.0000000000E+00    0.0000000000E+00    0.0000000000E+00    0.0000000000E+00    0.0000000000E+00    0.0000000000E+00    0.9781097443E-15    0.9781097451E-15    0.9999999992E+00
    6    0.5425000000E+01    0.0000000000E+00    0.5805696766E+00    0.3698895296E+00    0.0000000000E+00    0.0000000000E+00    0.0000000000E+00    0.0000000000E+00    0.0000000000E+00    0.0000000000E+00    0.1562765807E-13    0.1562765807E-13    0.1000000000E+01
    7    0.5425000000E+01    0.0000000000E+00    0.5805696766E+00   -0.2092945463E+00    0.0000000000E+00    0.0000000000E+00    0.0000000000E+00    0.0000000000E+00    0.0000000000E+00    0.0000000000E+00    0.1519349921E-13    0.1519349921E-13    0.1000000000E+01
    8    0.5425000000E+01    0.8127975472E+00   -0.2322278706E+00   -0.1478881617E+00    0.8127975472E+00   -0.2322278706E+00   -0.1478881617E+00    0.0000000000E+00    0.0000000000E+00    0.0000000000E+00    0.7138306241E-15    0.7138306250E-15    0.9999999987E+00
    9    0.5425000000E+01    0.8127975472E+00    0.5805696766E+00   -0.1059228443E+00    0.8127975472E+00    0.5805696766E+00   -0.1059228443E+00    0.0000000000E+00    0.0000000000E+00    0.0000000000E+00    0.1651282448E-12    0.1651282448E-12    0.1000000000E+01
    1    0.5683333333E+01    0.8127975472E+00   -0.2322278706E+00    0.5372926336E+00    0.8127975472E+00   -0.2322278706E+00    0.5372926336E+00    0.0000000000E+00    0.0000000000E+00    0.0000000000E+00    0.9492937243E-11    0.9492938230E-11    0.9999998959E+00
    2    0.5683333333E+01    0.8127975472E+00   -0.2322278706E+00   -0.2140412638E+00    0.8127975472E+00   -0.2322278706E+00   -0.2140412638E+00    0.0000000000E+00    0.0000000000E+00    0.0000000000E+00    0.1050558249E-11    0.1050559769E-11    0.9999985530E+00
    3    0.5683333333E+01    0.8127975472E+00    0.5805696766E+00   -0.2385433597E+00    0.8127975472E+00    0.5805696766E+00   -0.2385433597E+00    0.0000000000E+00    0.0000000000E+00    0.0000000000E+00    0.3147280460E-09    0.3147280477E-09    0.9999999946E+00
    4    0.5683333333E+01    0.8127975472E+00    0.5805696766E+00    0.2569997170E+00    0.8127975472E+00    0.5805696766E+00    0.2569997170E+00    0.0000000000E+00    0.0000000000E+00    0.0000000000E+00    0.3029881110E-09    0.3029881224E-09    0.9999999624E+00
    5    0.5683333333E+01    0.0000000000E+00   -0.2322278706E+00   -0.7883583246E-01    0.0000000000E+00    0.0000000000E+00    0.0000000000E+00    0.0000000000E+00    0.0000000000E+00    0.0000000000E+00    0.2048145251E-12    0.2048162666E-12    0.9999914977E+00
    6    0.5683333333E+01    0.8127975472E+00   -0.2322278706E+00    0.5343624736E+00    0.8127975472E+00   -0.2322278706E+00    0.5343624736E+00    0.0000000000E+00    0.0000000000E+00    0.0000000000E+00    0.9324670622E-11    0.9324697074E-11    0.9999971632E+00
    7    0.5683333333E+01    0.0000000000E+00   -0.2322278706E+00    0.3050243151E+00    0.0000000000E+00    0.0000000000E+00    0.0000000000E+00    0.0000000000E+00    0.0000000000E+00    0.0000000000E+00    0.3343534612E-13    0.3343557415E-13    0.9999931800E+00
    8    0.5683333333E+01    0.0000000000E+00    0.5805696766E+00    0.2521886661E+00    0.0000000000E+00    0.0000000000E+00    0.0000000000E+00    0.0000000000E+00    0.0000000000E+00    0.0000000000E+00    0.6540862205E-12    0.6542313842E-12    0.9997781157E+00
    9    0.5683333333E+01    0.8127975472E+00   -0.2322278706E+00   -0.2176702356E+00    0.8127975472E+00   -0.2322278706E+00   -0.2176702356E+00    0.0000000000E+00    0.0000000000E+00    0.0000000000E+00    0.2434570321E-12    0.2434887681E-12    0.9998696615E+00
   10    0.5683333333E+01    0.0000000000E+00    0.5805696766E+00   -0.2440760342E+00    0.0000000000E+00    0.0000000000E+00    0.0000000000E+00    0.0000000000E+00    0.0000000000E+00    0.0000000000E+00    0.1602651808E-12    0.1602700731E-12    0.9999694749E+00
    1    0.5941666667E+01    0.0000000000E+00   -0.2322278706E+00    0.2329478711E+00    0.0000000000E+00    0.0000000000E+00    0.0000000000E+00    0.0000000000E+00    0.0000000000E+00    0.0000000000E+00    0.5459398765E-13    0.5459398765E-13    0.1000000000E+01
    2    0.5941666667E+01    0.0000000000E+00   -0.2322278706E+00   -0.1202107087E+00    0.0000000000E+00    0.0000000000E+00    0.0000000000E+00    0.0000000000E+00    0.0000000000E+00    0.0000000000E+00    0.4864164349E-13    0.4864164349E-13    0.1000000000E+01
    3    0.5941666667E+01    0.0000000000E+00    0.5805696766E+00   -0.2792108375E+00    0.0000000000E+00    0.0000000000E+00    0.0000000000E+00    0.0000000000E+00    0.0000000000E+00    0.0000000000E+00    0.1021110176E-14    0.1021110176E-14    0.1000000000E+01
    1    0.6200000000E+01    0.0000000000E+00   -0.2322278706E+00    0.6440041197E-01    0.0000000000E+00    0.0000000000E+00    0.0000000000E+00    0.0000000000E+00    0.0000000000E+00    0.0000000000E+00    0.5618015976E-10    0.5618015976E-10    0.1000000000E+01
    2    0.6200000000E+01    0.0000000000E+00    0.5805696766E+00   -0.3152908017E+00    0.0000000000E+00    0.0000000000E+00    0.0000000000E+00    0.0000000000E+00    0.0000000000E+00    0.0000000000E+00    0.5467579696E-15    0.5467579696E-15    0.9999999999E+00
    3    0.6200000000E+01    0.0000000000E+00   -0.2322278706E+00   -0.1569820474E+00    0.0000000000E+00    0.0000000000E+00    0.0000000000E+00    0.0000000000E+00    0.0000000000E+00    0.0000000000E+00    0.1044227532E-12    0.1044227532E-12    0.1000000000E+01
    1    0.6458333333E+01    0.0000000000E+00   -0.2322278706E+00   -0.1923764016E+00    0.0000000000E+00    0.0000000000E+00    0.0000000000E+00    0.0000000000E+00    0.0000000000E+00    0.0000000000E+00    0.1648125608E-17    0.1648125707E-17    0.9999999399E+00
    2    0.6458333333E+01    0.0000000000E+00    0.5805696766E+00   -0.3526285031E+00    0.0000000000E+00    0.0000000000E+00    0.0000000000E+00    0.0000000000E+00    0.0000000000E+00    0.0000000000E+00    0.1014312527E-15    0.1014312529E-15    0.9999999982E+00
    1    0.6716666667E+01    0.0000000000E+00   -0.2322278706E+00   -0.2275721467E+00    0.0000000000E+00    0.0000000000E+00    0.0000000000E+00    0.0000000000E+00    0.0000000000E+00    0.0000000000E+00    0.1837572004E-14    0.1837572004E-14    0.1000000000E+01
    2    0.6716666667E+01    0.0000000000E+00    0.5805696766E+00   -0.3916083003E+00    0.0000000000E+00    0.0000000000E+00    0.0000000000E+00    0.0000000000E+00    0.0000000000E+00    0.0000000000E+00    0.5297557600E-17    0.5297558482E-17    0.9999998334E+00
    1    0.6975000000E+01    0.0000000000E+00   -0.2322278706E+00   -0.2633169667E+00    0.0000000000E+00    0.0000000000E+00    0.0000000000E+00    0.0000000000E+00    0.0000000000E+00    0.0000000000E+00    0.3518016207E-14    0.3518016209E-14    0.9999999997E+00
    2    0.6975000000E+01    0.0000000000E+00    0.5805696766E+00   -0.4326375809E+00    0.0000000000E+00    0.0000000000E+00    0.0000000000E+00    0.0000000000E+00    0.0000000000E+00    0.0000000000E+00    0.8530604802E-16    0.8530606238E-16    0.9999998317E+00
    1    0.7233333333E+01    0.0000000000E+00   -0.2322278706E+00   -0.3002054341E+00    0.0000000000E+00    0.0000000000E+00    0.0000000000E+00    0.0000000000E+00    0.0000000000E+00    0.0000000000E+00    0.3024369309E-14    0.3024369309E-14    0.1000000000E+01
    2    0.7233333333E+01    0.0000000000E+00    0.5805696766E+00   -0.4761337485E+00    0.0000000000E+00    0.0000000000E+00    0.0000000000E+00    0.0000000000E+00    0.0000000000E+00    0.0000000000E+00    0.8256926572E-16    0.8256926574E-16    0.9999999998E+00
    1    0.7491666667E+01    0.0000000000E+00   -0.2322278706E+00   -0.3388438758E+00    0.0000000000E+00    0.0000000000E+00    0.0000000000E+00    0.0000000000E+00    0.0000000000E+00    0.0000000000E+00    0.1167563037E-14    0.1167563037E-14    0.1000000000E+01
    2    0.7491666667E+01    0.0000000000E+00    0.5805696766E+00   -0.5224512273E+00    0.0000000000E+00    0.0000000000E+00    0.0000000000E+00    0.0000000000E+00    0.0000000000E+00    0.0000000000E+00    0.3861883604E-16    0.3861883605E-16    0.9999999998E+00
    1    0.7750000000E+01    0.0000000000E+00    0.5805696766E+00   -0.5717036928E+00    0.0000000000E+00    0.0000000000E+00    0.0000000000E+00    0.0000000000E+00    0.0000000000E+00    0.0000000000E+00    0.9766377759E-14    0.9766377759E-14    0.1000000000E+01
    2    0.7750000000E+01    0.0000000000E+00   -0.2322278706E+00   -0.3799678254E+00    0.0000000000E+00    0.0000000000E+00    0.0000000000E+00    0.0000000000E+00    0.0000000000E+00    0.0000000000E+00    0.6604310993E-17    0.6604311257E-17    0.9999999599E+00
    1    0.8008333333E+01    0.0000000000E+00   -0.2322278706E+00   -0.4245921486E+00    0.0000000000E+00    0.0000000000E+00    0.0000000000E+00    0.0000000000E+00    0.0000000000E+00    0.0000000000E+00    0.9697413837E-15    0.9697413844E-15    0.9999999993E+00
    2    0.8008333333E+01    0.0000000000E+00    0.5805696766E+00    0.5260856322E+00    0.0000000000E+00    0.0000000000E+00    0.0000000000E+00    0.0000000000E+00    0.0000000000E+00    0.0000000000E+00    0.1810536689E-16    0.1810537882E-16    0.9999993410E+00
    1    0.8266666667E+01    0.0000000000E+00   -0.2322278706E+00   -0.4742777890E+00    0.0000000000E+00    0.0000000000E+00    0.0000000000E+00    0.0000000000E+00    0.0000000000E+00    0.0000000000E+00    0.2898920311E-14    0.2898920311E-14    0.1000000000E+01
    2    0.8266666667E+01    0.0000000000E+00    0.5805696766E+00    0.4732384133E+00    0.0000000000E+00    0.0000000000E+00    0.0000000000E+00    0.0000000000E+00    0.0000000000E+00    0.0000000000E+00    0.5296929192E-15    0.5296929193E-15    0.9999999998E+00
    1    0.8525000000E+01    0.0000000000E+00   -0.2322278706E+00   -0.5317022198E+00    0.0000000000E+00    0.0000000000E+00    0.0000000000E+00    0.0000000000E+00    0.0000000000E+00    0.0000000000E+00    0.2709408262E-14    0.2709408262E-14    0.1000000000E+01
    2    0.8525000000E+01    0.0000000000E+00    0.5805696766E+00    0.4210224301E+00    0.0000000000E+00    0.0000000000E+00    0.0000000000E+00    0.0000000000E+00    0.0000000000E+00    0.0000000000E+00    0.4193693448E-15    0.4193693452E-15    0.9999999989E+00
    1    0.8783333333E+01    0.0000000000E+00   -0.2322278706E+00    0.5474644399E+00    0.0000000000E+00    0.0000000000E+00    0.0000000000E+00    0.0000000000E+00    0.0000000000E+00    0.0000000000E+00    0.3945952802E-14    0.3945952802E-14    0.1000000000E+01
    2    0.8783333333E+01    0.0000000000E+00    0.5805696766E+00    0.3708052745E+00    0.0000000000E+00    0.0000000000E+00    0.0000000000E+00    0.0000000000E+00    0.0000000000E+00    0.0000000000E+00    0.8274333327E-16    0.8274333546E-16    0.9999999736E+00
    1    0.9041666667E+01    0.8127975472E+00    0.5805696766E+00   -0.2366661815E+00    0.8127975472E+00    0.5805696766E+00   -0.2366661815E+00    0.0000000000E+00    0.0000000000E+00    0.0000000000E+00    0.1224539217E-12    0.1224539217E-12    0.1000000000E+01
    2    0.9041666667E+01    0.8127975472E+00    0.5805696766E+00   -0.2416257676E+00    0.8127975472E+00    0.5805696766E+00   -0.2416257676E+00    0.0000000000E+00    0.0000000000E+00    0.0000000000E+00    0.1235405030E-12    0.1235405030E-12    0.1000000000E+01
    3    0.9041666667E+01    0.0000000000E+00   -0.2322278706E+00    0.4541233001E+00    0.0000000000E+00    0.0000000000E+00    0.0000000000E+00    0.0000000000E+00    0.0000000000E+00    0.0000000000E+00    0.4950426544E-14    0.4950426545E-14    0.9999999999E+00
    4    0.9041666667E+01    0.0000000000E+00    0.5805696766E+00    0.3230023823E+00    0.0000000000E+00    0.0000000000E+00    0.0000000000E+00    0.0000000000E+00    0.0000000000E+00    0.0000000000E+00    0.1992296940E-14    0.1992296941E-14    0.1000000000E+01
    1    0.9300000000E+01    0.8127975472E+00    0.5805696766E+00   -0.3288000243E+00    0.8127975472E+00    0.5805696766E+00   -0.3288000243E+00    0.0000000000E+00    0.0000000000E+00    0.0000000000E+00    0.2449506048E-13    0.2449506048E-13    0.1000000000E+01
    2    0.9300000000E+01    0.8127975472E+00    0.5805696766E+00   -0.3318163642E+00    0.8127975472E+00    0.5805696766E+00   -0.3318163642E+00    0.0000000000E+00    0.0000000000E+00    0.0000000000E+00    0.2264905937E-13    0.2264905937E-13    0.1000000000E+01
    3    0.9300000000E+01    0.0000000000E+00    0.5805696766E+00    0.2772984091E+00    0.0000000000E+00    0.0000000000E+00    0.0000000000E+00    0.0000000000E+00    0.0000000000E+00    0.0000000000E+00    0.3626229713E-14    0.3626229717E-14    0.9999999989E+00
    4    0.9300000000E+01    0.0000000000E+00   -0.2322278706E+00    0.3348655166E+00    0.0000000000E+00    0.0000000000E+00    0.0000000000E+00    0.0000000000E+00    0.0000000000E+00    0.0000000000E+00    0.3257341997E-16    0.3257343353E-16    0.9999995836E+00
    1    0.9558333333E+01    0.8127975472E+00   -0.2322278706E+00   -0.4819819078E+00    0.8127975472E+00   -0.2322278706E+00   -0.4819819078E+00    0.0000000000E+00    0.0000000000E+00    0.0000000000E+00    0.7177447889E-11    0.7177447945E-11    0.9999999922E+00
    2    0.9558333333E+01    0.8127975472E+00    0.5805696766E+00   -0.4028600757E+00    0.8127975472E+00    0.5805696766E+00   -0.4028600757E+00    0.0000000000E+00    0.0000000000E+00    0.0000000000E+00    0.1330112453E-13    0.1330112456E-13    0.9999999979E+00
    3    0.9558333333E+01    0.8127975472E+00   -0.2322278706E+00    0.9264804575E-01    0.8127975472E+00   -0.2322278706E+00    0.9264804575E-01    0.0000000000E+00    0.0000000000E+00    0.0000000000E+00    0.2425422089E-10    0.2425422089E-10    0.9999999999E+00
    4    0.9558333333E+01    0.8127975472E+00    0.5805696766E+00   -0.4054874070E+00    0.8127975472E+00    0.5805696766E+00   -0.4054874070E+00    0.0000000000E+00    0.0000000000E+00    0.0000000000E+00    0.1831794856E-13    0.1831794857E-13    0.9999999992E+00
    5    0.9558333333E+01    0.8127975472E+00   -0.2322278706E+00   -0.4871303210E+00    0.8127975472E+00   -0.2322278706E+00   -0.4871303210E+00    0.0000000000E+00    0.0000000000E+00    0.0000000000E+00    0.9438575832E-11    0.9438575832E-11    0.1000000000E+01
    6    0.9558333333E+01    0.8127975472E+00   -0.2322278706E+00    0.8399111395E-01    0.8127975472E+00   -0.2322278706E+00    0.8399111395E-01    0.0000000000E+00    0.0000000000E+00    0.0000000000E+00    0.3303193313E-10    0.3303193313E-10    0.1000000000E+01
    7    0.9558333333E+01    0.0000000000E+00   -0.2322278706E+00    0.2305422996E+00    0.0000000000E+00    0.0000000000E+00    0.0000000000E+00    0.0000000000E+00    0.0000000000E+00    0.0000000000E+00    0.4492930856E-14    0.4492931639E-14    0.9999998257E+00
    8    0.9558333333E+01    0.0000000000E+00    0.5805696766E+00    0.2330777165E+00    0.0000000000E+00    0.0000000000E+00    0.0000000000E+00    0.0000000000E+00    0.0000000000E+00    0.0000000000E+00    0.1903787415E-14    0.1903787834E-14    0.9999997796E+00
    1    0.9816666667E+01    0.8127975472E+00    0.5805696766E+00   -0.4838040297E+00    0.8127975472E+00    0.5805696766E+00   -0.4838040297E+00    0.0000000000E+00    0.0000000000E+00    0.0000000000E+00    0.2194818883E-11    0.2194818883E-11    0.1000000000E+01
    2    0.9816666667E+01    0.8127975472E+00    0.5805696766E+00   -0.4872193624E+00    0.8127975472E+00    0.5805696766E+00   -0.4872193624E+00    0.0000000000E+00    0.0000000000E+00    0.0000000000E+00    0.2555209887E-11    0.2555209887E-11    0.1000000000E+01
    3    0.9816666667E+01    0.0000000000E+00    0.5805696766E+00    0.1896803475E+00    0.0000000000E+00    0.0000000000E+00    0.0000000000E+00    0.0000000000E+00    0.0000000000E+00    0.0000000000E+00    0.6354678711E-17    0.6354678724E-17    0.9999999979E+00
    4    0.9816666667E+01    0.0000000000E+00   -0.2322278706E+00    0.1499476409E+00    0.0000000000E+00    0.0000000000E+00    0.0000000000E+00    0.0000000000E+00    0.0000000000E+00    0.0000000000E+00    0.3331611756E-13    0.3331611756E-13    0.1000000000E+01
    1    0.1007500000E+02    0.0000000000E+00    0.5805696766E+00    0.1464816669E+00    0.0000000000E+00    0.0000000000E+00    0.0000000000E+00    0.0000000000E+00    0.0000000000E+00    0.0000000000E+00    0.4755031549E-14    0.4755031549E-14    0.1000000000E+01
    2    0.1007500000E+02    0.0000000000E+00   -0.2322278706E+00    0.7704257625E-01    0.0000000000E+00    0.0000000000E+00    0.0000000000E+00    0.0000000000E+00    0.0000000000E+00    0.0000000000E+00    0.9781086431E-12    0.9781086431E-12    0.1000000000E+01
    1    0.1033333333E+02    0.0000000000E+00    0.5805696766E+00    0.1028681867E+00    0.0000000000E+00    0.0000000000E+00    0.0000000000E+00    0.0000000000E+00    0.0000000000E+00    0.0000000000E+00    0.2386238556E-13    0.2386238556E-13    0.1000000000E+01
    1    0.1059166667E+02    0.0000000000E+00    0.5805696766E+00    0.5804383065E-01    0.0000000000E+00    0.0000000000E+00    0.0000000000E+00    0.0000000000E+00    0.0000000000E+00    0.0000000000E+00    0.9805642520E-13    0.9805642520E-13    0.1000000000E+01
    1    0.1085000000E+02    0.0000000000E+00   -0.2322278706E+00   -0.4593166894E-01    0.0000000000E+00    0.0000000000E+00    0.0000000000E+00    0.0000000000E+00    0.0000000000E+00    0.0000000000E+00    0.3887124355E-11    0.3887124355E-11    0.1000000000E+01
    2    0.1085000000E+02    0.0000000000E+00    0.5805696766E+00    0.4355871335E-02    0.0000000000E+00    0.0000000000E+00    0.0000000000E+00    0.0000000000E+00    0.0000000000E+00    0.0000000000E+00    0.1949199873E-10    0.1949199873E-10    0.1000000000E+01
    1    0.1110833333E+02    0.0000000000E+00   -0.2322278706E+00   -0.1162056940E+00    0.0000000000E+00    0.0000000000E+00    0.0000000000E+00    0.0000000000E+00    0.0000000000E+00    0.0000000000E+00    0.1983612427E-12    0.1983612427E-12    0.1000000000E+01
    2    0.1110833333E+02    0.0000000000E+00    0.5805696766E+00   -0.3048943572E-01    0.0000000000E+00    0.0000000000E+00    0.0000000000E+00    0.0000000000E+00    0.0000000000E+00    0.0000000000E+00    0.4541338491E-12    0.4541338491E-12    0.1000000000E+01
    1    0.1136666667E+02    0.8127975472E+00   -0.2322278706E+00    0.4590951590E+00    0.8127975472E+00   -0.2322278706E+00    0.4590951590E+00    0.0000000000E+00    0.0000000000E+00    0.0000000000E+00    0.1170446140E-11    0.1170446140E-11    0.1000000000E+01
    2    0.1136666667E+02    0.0000000000E+00    0.5805696766E+00   -0.8204485491E-01    0.0000000000E+00    0.0000000000E+00    0.0000000000E+00    0.0000000000E+00    0.0000000000E+00    0.0000000000E+00    0.6047691876E-13    0.6047691876E-13    0.1000000000E+01
    3    0.1136666667E+02    0.0000000000E+00   -0.2322278706E+00   -0.1779280026E+00    0.0000000000E+00    0.0000000000E+00    0.0000000000E+00    0.0000000000E+00    0.0000000000E+00    0.0000000000E+00    0.2111979709E-14    0.2111979746E-14    0.9999999822E+00
    4    0.1136666667E+02    0.8127975472E+00   -0.2322278706E+00    0.4629655671E+00    0.8127975472E+00   -0.2322278706E+00    0.4629655671E+00    0.0000000000E+00    0.0000000000E+00    0.0000000000E+00    0.1409803706E-11    0.1409803706E-11    0.1000000000E+01
    1    0.1162500000E+02    0.8127975472E+00    0.5805696766E+00    0.4641312002E+00    0.8127975472E+00    0.5805696766E+00    0.4641312002E+00    0.0000000000E+00    0.0000000000E+00    0.0000000000E+00    0.2237480655E-11    0.2237480655E-11    0.1000000000E+01
    2    0.1162500000E+02    0.8127975472E+00   -0.2322278706E+00    0.3774892801E+00    0.8127975472E+00   -0.2322278706E+00    0.3774892801E+00    0.0000000000E+00    0.0000000000E+00    0.0000000000E+00    0.1035240488E-14    0.1035240488E-14    0.1000000000E+01
    3    0.1162500000E+02    0.0000000000E+00    0.5805696766E+00   -0.1354226706E+00    0.0000000000E+00    0.0000000000E+00    0.0000000000E+00    0.0000000000E+00    0.0000000000E+00    0.0000000000E+00    0.9824300642E-14    0.9824300642E-14    0.1000000000E+01
    4    0.1162500000E+02    0.0000000000E+00   -0.2322278706E+00   -0.2392313495E+00    0.0000000000E+00    0.0000000000E+00    0.0000000000E+00    0.0000000000E+00    0.0000000000E+00    0.0000000000E+00    0.6068737154E-14    0.6068737154E-14    0.1000000000E+01
    5    0.1162500000E+02    0.8127975472E+00    0.5805696766E+00    0.4701668829E+00    0.8127975472E+00    0.5805696766E+00    0.4701668829E+00    0.0000000000E+00    0.0000000000E+00    0.0000000000E+00    0.2952212853E-11    0.2952212853E-11    0.1000000000E+01
    6    0.1162500000E+02    0.8127975472E+00   -0.2322278706E+00    0.3809376615E+00    0.8127975472E+00   -0.2322278706E+00    0.3809376615E+00    0.0000000000E+00    0.0000000000E+00    0.0000000000E+00    0.1750846102E-15    0.1750846102E-15    0.9999999999E+00
    1    0.1188333333E+02    0.8127975472E+00    0.5805696766E+00    0.3590987736E+00    0.8127975472E+00    0.5805696766E+00    0.3590987736E+00    0.0000000000E+00    0.0000000000E+00    0.0000000000E+00    0.1651299800E-13    0.1651299800E-13    0.1000000000E+01
    2    0.1188333333E+02    0.8127975472E+00   -0.2322278706E+00    0.2996297193E+00    0.8127975472E+00   -0.2322278706E+00    0.2996297193E+00    0.0000000000E+00    0.0000000000E+00    0.0000000000E+00    0.5090904603E-13    0.5090904604E-13    0.9999999998E+00
    3    0.1188333333E+02    0.0000000000E+00   -0.2322278706E+00   -0.3014746368E+00    0.0000000000E+00    0.0000000000E+00    0.0000000000E+00    0.0000000000E+00    0.0000000000E+00    0.0000000000E+00    0.3216014925E-14    0.3216014943E-14    0.9999999945E+00
    4    0.1188333333E+02    0.0000000000E+00    0.5805696766E+00   -0.1923592963E+00    0.0000000000E+00    0.0000000000E+00    0.0000000000E+00    0.0000000000E+00    0.0000000000E+00    0.0000000000E+00    0.9557003650E-18    0.9557225615E-18    0.9999767753E+00
    5    0.1188333333E+02    0.8127975472E+00    0.5805696766E+00    0.3649184682E+00    0.8127975472E+00    0.5805696766E+00    0.3649184682E+00    0.0000000000E+00    0.0000000000E+00    0.0000000000E+00    0.1110108306E-13    0.1110108306E-13    0.9999999997E+00
    6    0.1188333333E+02    0.8127975472E+00   -0.2322278706E+00    0.3036886200E+00    0.8127975472E+00   -0.2322278706E+00    0.3036886200E+00    0.0000000000E+00    0.0000000000E+00    0.0000000000E+00    0.4730936990E-13    0.4730936990E-13    0.1000000000E+01
    1    0.1214166667E+02    0.8127975472E+00    0.5805696766E+00    0.2398172514E+00    0.8127975472E+00    0.5805696766E+00    0.2398172514E+00    0.0000000000E+00    0.0000000000E+00    0.0000000000E+00    0.3148161900E-12    0.3148161900E-12    0.1000000000E+01
    2    0.1214166667E+02    0.8127975472E+00   -0.2322278706E+00    0.2098724202E+00    0.8127975472E+00   -0.2322278706E+00    0.2098724202E+00    0.0000000000E+00    0.0000000000E+00    0.0000000000E+00    0.3620747605E-13    0.3620747605E-13    0.9999999999E+00
    3    0.1214166667E+02    0.0000000000E+00    0.5805696766E+00   -0.2535389691E+00    0.0000000000E+00    0.0000000000E+00    0.0000000000E+00    0.0000000000E+00    0.0000000000E+00    0.0000000000E+00    0.1290063303E-14    0.1290063303E-14    0.9999999998E+00
    4    0.1214166667E+02    0.0000000000E+00   -0.2322278706E+00   -0.3649293509E+00    0.0000000000E+00    0.0000000000E+00    0.0000000000E+00    0.0000000000E+00    0.0000000000E+00    0.0000000000E+00    0.4457303416E-16    0.4457303505E-16    0.9999999800E+00
    5    0.1214166667E+02    0.8127975472E+00    0.5805696766E+00    0.2495013700E+00    0.8127975472E+00    0.5805696766E+00    0.2495013700E+00    0.0000000000E+00    0.0000000000E+00    0.0000000000E+00    0.3012691152E-12    0.3012691152E-12    0.9999999999E+00
    6    0.1214166667E+02    0.8127975472E+00   -0.2322278706E+00    0.2158939382E+00    0.8127975472E+00   -0.2322278706E+00    0.2158939382E+00    0.0000000000E+00    0.0000000000E+00    0.0000000000E+00    0.5152361631E-13    0.5152361634E-13    0.9999999993E+00
    1    0.1240000000E+02    0.8127975472E+00   -0.2322278706E+00    0.3275134752E-01    0.8127975472E+00   -0.2322278706E+00    0.3275134752E-01    0.0000000000E+00    0.0000000000E+00    0.0000000000E+00    0.5036013217E-09    0.5036013217E-09    0.1000000000E+01
    2    0.1240000000E+02    0.0000000000E+00   -0.2322278706E+00   -0.4296649062E+00    0.0000000000E+00    0.0000000000E+00    0.0000000000E+00    0.0000000000E+00    0.0000000000E+00    0.0000000000E+00    0.1491339512E-16    0.1491339512E-16    0.1000000000E+01
    3    0.1240000000E+02    0.0000000000E+00    0.5805696766E+00   -0.3191269354E+00    0.0000000000E+00    0.0000000000E+00    0.0000000000E+00    0.0000000000E+00    0.0000000000E+00    0.0000000000E+00    0.5159281395E-16    0.5159281396E-16    0.9999999999E+00
    4    0.1240000000E+02    0.8127975472E+00   -0.2322278706E+00    0.6508361640E-01    0.8127975472E+00   -0.2322278706E+00    0.6508361640E-01    0.0000000000E+00    0.0000000000E+00    0.0000000000E+00    0.8347309631E-10    0.8347309631E-10    0.1000000000E+01
    1    0.1265833333E+02    0.0000000000E+00    0.5805696766E+00   -0.3885770618E+00    0.0000000000E+00    0.0000000000E+00    0.0000000000E+00    0.0000000000E+00    0.0000000000E+00    0.0000000000E+00    0.6613681654E-17    0.6613681663E-17    0.9999999987E+00
    2    0.1265833333E+02    0.0000000000E+00   -0.2322278706E+00   -0.4960658406E+00    0.0000000000E+00    0.0000000000E+00    0.0000000000E+00    0.0000000000E+00    0.0000000000E+00    0.0000000000E+00    0.1071796571E-14    0.1071796571E-14    0.1000000000E+01
    1    0.1291666667E+02    0.0000000000E+00    0.5805696766E+00   -0.4608429966E+00    0.0000000000E+00    0.0000000000E+00    0.0000000000E+00    0.0000000000E+00    0.0000000000E+00    0.0000000000E+00    0.4445419172E-14    0.4445419172E-14    0.1000000000E+01
    2    0.1291666667E+02    0.0000000000E+00   -0.2322278706E+00   -0.5652275008E+00    0.0000000000E+00    0.0000000000E+00    0.0000000000E+00    0.0000000000E+00    0.0000000000E+00    0.0000000000E+00    0.5885525565E-14    0.5885525566E-14    0.9999999998E+00
    1    0.1317500000E+02    0.0000000000E+00   -0.2322278706E+00    0.5101082215E+00    0.0000000000E+00    0.0000000000E+00    0.0000000000E+00    0.0000000000E+00    0.0000000000E+00    0.0000000000E+00    0.8468389295E-14    0.8468389295E-14    0.1000000000E+01
    2    0.1317500000E+02    0.0000000000E+00    0.5805696766E+00   -0.5352408548E+00    0.0000000000E+00    0.0000000000E+00    0.0000000000E+00    0.0000000000E+00    0.0000000000E+00    0.0000000000E+00    0.7013725402E-14    0.7013725402E-14    0.1000000000E+01
    1    0.1343333333E+02    0.8127975472E+00   -0.2322278706E+00    0.8473701659E-01    0.8127975472E+00   -0.2322278706E+00    0.8473701659E-01    0.0000000000E+00    0.0000000000E+00    0.0000000000E+00    0.1174611033E-09    0.1174611033E-09    0.1000000000E+01
    2    0.1343333333E+02    0.0000000000E+00   -0.2322278706E+00   -0.1862083456E+00    0.0000000000E+00    0.0000000000E+00    0.0000000000E+00    0.0000000000E+00    0.0000000000E+00    0.0000000000E+00    0.5369295900E-13    0.5369295903E-13    0.9999999995E+00
    3    0.1343333333E+02    0.8127975472E+00   -0.2322278706E+00   -0.2677092869E+00    0.8127975472E+00   -0.2322278706E+00   -0.2677092869E+00    0.0000000000E+00    0.0000000000E+00    0.0000000000E+00    0.1166994401E-09    0.1166994401E-09    0.1000000000E+01
    4    0.1343333333E+02    0.0000000000E+00    0.5805696766E+00   -0.2644065671E+00    0.0000000000E+00    0.0000000000E+00    0.0000000000E+00    0.0000000000E+00    0.0000000000E+00    0.0000000000E+00    0.2280667703E-11    0.2280667703E-11    0.1000000000E+01
    5    0.1343333333E+02    0.0000000000E+00    0.5805696766E+00    0.5371003974E+00    0.0000000000E+00    0.0000000000E+00    0.0000000000E+00    0.0000000000E+00    0.0000000000E+00    0.0000000000E+00    0.1247132191E-13    0.1247132199E-13    0.9999999941E+00
    6    0.1343333333E+02    0.0000000000E+00   -0.2322278706E+00    0.4266438545E+00    0.0000000000E+00    0.0000000000E+00    0.0000000000E+00    0.0000000000E+00    0.0000000000E+00    0.0000000000E+00    0.1409422967E-13    0.1409422992E-13    0.9999999820E+00
    7    0.1343333333E+02    0.8127975472E+00   -0.2322278706E+00    0.9925311029E-01    0.8127975472E+00   -0.2322278706E+00    0.9925311029E-01    0.0000000000E+00    0.0000000000E+00    0.0000000000E+00    0.2157825835E-09    0.2157825835E-09    0.1000000000E+01
    8    0.1343333333E+02    0.8127975472E+00   -0.2322278706E+00   -0.2471503842E+00    0.8127975472E+00   -0.2322278706E+00   -0.2471503842E+00    0.0000000000E+00    0.0000000000E+00    0.0000000000E+00    0.2022083210E-09    0.2022083210E-09    0.1000000000E+01
    1    0.1369166667E+02    0.8127975472E+00    0.5805696766E+00   -0.2420099631E-01    0.8127975472E+00    0.5805696766E+00   -0.2420099631E-01    0.0000000000E+00    0.0000000000E+00    0.0000000000E+00    0.4497639850E-10    0.4497639850E-10    0.1000000000E+01
    2    0.1369166667E+02    0.8127975472E+00   -0.2322278706E+00   -0.1371047694E+00    0.8127975472E+00   -0.2322278706E+00   -0.1371047694E+00    0.0000000000E+00    0.0000000000E+00    0.0000000000E+00    0.1548667230E-11    0.1548667230E-11    0.1000000000E+01
    3    0.1369166667E+02    0.0000000000E+00    0.5805696766E+00   -0.4544530245E+00    0.0000000000E+00    0.0000000000E+00    0.0000000000E+00    0.0000000000E+00    0.0000000000E+00    0.0000000000E+00    0.2204632039E-13    0.2204632039E-13    0.1000000000E+01
    4    0.1369166667E+02    0.8127975472E+00    0.5805696766E+00   -0.3916296443E+00    0.8127975472E+00    0.5805696766E+00   -0.3916296443E+00    0.0000000000E+00    0.0000000000E+00    0.0000000000E+00    0.3251156590E-11    0.3251156590E-11    0.1000000000E+01
    5    0.1369166667E+02    0.0000000000E+00   -0.2322278706E+00   -0.3737252018E+00    0.0000000000E+00    0.0000000000E+00    0.0000000000E+00    0.0000000000E+00    0.0000000000E+00    0.0000000000E+00    0.6693352752E-14    0.6693352753E-14    0.9999999998E+00
    6    0.1369166667E+02    0.0000000000E+00   -0.2322278706E+00    0.3235403904E+00    0.0000000000E+00    0.0000000000E+00    0.0000000000E+00    0.0000000000E+00    0.0000000000E+00    0.0000000000E+00    0.1409085616E-12    0.1409085616E-12    0.1000000000E+01
    7    0.1369166667E+02    0.0000000000E+00    0.5805696766E+00    0.4547153123E+00    0.0000000000E+00    0.0000000000E+00    0.0000000000E+00    0.0000000000E+00    0.0000000000E+00    0.0000000000E+00    0.4540665990E-13    0.4540665990E-13    0.9999999999E+00
    8    0.1369166667E+02    0.8127975472E+00   -0.2322278706E+00   -0.1324497586E+00    0.8127975472E+00   -0.2322278706E+00   -0.1324497586E+00    0.0000000000E+00    0.0000000000E+00    0.0000000000E+00    0.1422921757E-11    0.1422921757E-11    0.1000000000E+01
    9    0.1369166667E+02    0.8127975472E+00    0.5805696766E+00   -0.5619165011E-02    0.8127975472E+00    0.5805696766E+00   -0.5619165011E-02    0.0000000000E+00    0.0000000000E+00    0.0000000000E+00    0.1777145586E-08    0.1777145586E-08    0.1000000000E+01
   10    0.1369166667E+02    0.8127975472E+00    0.5805696766E+00   -0.3790006126E+00    0.8127975472E+00    0.5805696766E+00   -0.3790006126E+00    0.0000000000E+00    0.0000000000E+00    0.0000000000E+00    0.4867969261E-10    0.4867969261E-10    0.1000000000E+01
    1    0.1395000000E+02    0.0000000000E+00    0.5805696766E+00    0.5465555957E+00    0.0000000000E+00    0.0000000000E+00    0.0000000000E+00    0.0000000000E+00    0.0000000000E+00    0.0000000000E+00    0.7954338606E-12    0.7954338606E-12    0.1000000000E+01
    2    0.1395000000E+02    0.0000000000E+00   -0.2322278706E+00   -0.5418815065E+00    0.0000000000E+00    0.0000000000E+00    0.0000000000E+00    0.0000000000E+00    0.0000000000E+00    0.0000000000E+00    0.4074410777E-12    0.4074410777E-12    0.1000000000E+01
    3    0.1395000000E+02    0.8127975472E+00    0.5805696766E+00   -0.3061014437E+00    0.8127975472E+00    0.5805696766E+00   -0.3061014437E+00    0.0000000000E+00    0.0000000000E+00    0.0000000000E+00    0.5886953814E-11    0.5886953814E-11    0.1000000000E+01
    4    0.1395000000E+02    0.0000000000E+00   -0.2322278706E+00    0.1542122742E+00    0.0000000000E+00    0.0000000000E+00    0.0000000000E+00    0.0000000000E+00    0.0000000000E+00    0.0000000000E+00    0.1838137466E-10    0.1838137466E-10    0.1000000000E+01
    5    0.1395000000E+02    0.0000000000E+00   -0.2322278706E+00   -0.1946210616E+00    0.0000000000E+00    0.0000000000E+00    0.0000000000E+00    0.0000000000E+00    0.0000000000E+00    0.0000000000E+00    0.1647971461E-10    0.1647971461E-10    0.1000000000E+01
    6    0.1395000000E+02    0.8127975472E+00    0.5805696766E+00   -0.2962143684E+00    0.8127975472E+00    0.5805696766E+00   -0.2962143684E+00    0.0000000000E+00    0.0000000000E+00    0.0000000000E+00    0.4566892148E-11    0.4566892148E-11    0.1000000000E+01
    1    0.1420833333E+02    0.0000000000E+00    0.5805696766E+00    0.4018479847E+00    0.0000000000E+00    0.0000000000E+00    0.0000000000E+00    0.0000000000E+00    0.0000000000E+00    0.0000000000E+00    0.4067615443E-13    0.4067615443E-13    0.1000000000E+01
    2    0.1420833333E+02    0.0000000000E+00   -0.2322278706E+00    0.3961508490E+00    0.0000000000E+00    0.0000000000E+00    0.0000000000E+00    0.0000000000E+00    0.0000000000E+00    0.0000000000E+00    0.5789977837E-13    0.5789977837E-13    0.1000000000E+01
    3    0.1420833333E+02    0.0000000000E+00    0.5805696766E+00    0.2416869876E+00    0.0000000000E+00    0.0000000000E+00    0.0000000000E+00    0.0000000000E+00    0.0000000000E+00    0.0000000000E+00    0.1021905998E-11    0.1021905998E-11    0.1000000000E+01
    4    0.1420833333E+02    0.0000000000E+00    0.5805696766E+00    0.5639102309E+00    0.0000000000E+00    0.5805696766E+00    0.5639102309E+00    0.1497041277E-10    0.2078799692E+00    0.2519529863E+00    0.7062333530E-11    0.7062333530E-11    0.1000000000E+01
    5    0.1420833333E+02    0.0000000000E+00   -0.2322278706E+00    0.5509025710E+00    0.0000000000E+00   -0.2322278706E+00   -0.5985667440E+00    0.3572205084E-10    0.5854213972E+00    0.1873284630E+01    0.4322629077E-10    0.4322629077E-10    0.1000000000E+01
    1    0.1446666667E+02    0.0000000000E+00    0.5805696766E+00    0.2276284132E+00    0.0000000000E+00    0.0000000000E+00    0.0000000000E+00    0.0000000000E+00    0.0000000000E+00    0.0000000000E+00    0.1524463837E-11    0.1524463837E-11    0.1000000000E+01
    2    0.1446666667E+02    0.0000000000E+00    0.5805696766E+00    0.3092379658E+00    0.0000000000E+00    0.0000000000E+00    0.0000000000E+00    0.0000000000E+00    0.0000000000E+00    0.0000000000E+00    0.1808815874E-11    0.1808815874E-11    0.1000000000E+01
