    1    0.2066666667E+01    0.5805696766E+00    0.4644557413E+00   -0.1625833402E-01    0.0000000000E+00    0.0000000000E+00    0.0000000000E+00    0.0000000000E+00    0.0000000000E+00    0.0000000000E+00    0.2660301634E-10    0.2660301634E-10    0.1000000000E+01
    1    0.2325000000E+01    0.5805696766E+00    0.4644557413E+00   -0.1717839126E+00    0.0000000000E+00    0.0000000000E+00    0.0000000000E+00    0.0000000000E+00    0.0000000000E+00    0.0000000000E+00    0.2433203421E-14    0.2433203421E-14    0.1000000000E+01
    1    0.2583333333E+01    0.5805696766E+00    0.4644557413E+00    0.1367987177E+00    0.0000000000E+00    0.0000000000E+00    0.0000000000E+00    0.0000000000E+00    0.0000000000E+00    0.0000000000E+00    0.2840838405E-12    0.2840838405E-12    0.1000000000E+01
    2    0.2583333333E+01    0.5805696766E+00    0.4644557413E+00   -0.2392946348E+00    0.0000000000E+00    0.0000000000E+00    0.0000000000E+00    0.0000000000E+00    0.0000000000E+00    0.0000000000E+00    0.5997049366E-13    0.5997049366E-13    0.1000000000E+01
    3    0.2583333333E+01    0.5805696766E+00    0.4644557413E+00   -0.3357731079E+00    0.0000000000E+00    0.0000000000E+00    0.0000000000E+00    0.0000000000E+00    0.0000000000E+00    0.0000000000E+00    0.2302520760E-12    0.2302520760E-12    0.1000000000E+01
    1    0.2841666667E+01    0.5805696766E+00    0.4644557413E+00   -0.4196889494E+00    0.0000000000E+00    0.0000000000E+00    0.0000000000E+00    0.0000000000E+00    0.0000000000E+00    0.0000000000E+00    0.1290489108E-14    0.1290489108E-14    0.1000000000E+01
    2    0.2841666667E+01   -0.2322278706E+00    0.4644557413E+00   -0.2769922743E+00    0.0000000000E+00    0.0000000000E+00    0.0000000000E+00    0.0000000000E+00    0.0000000000E+00    0.0000000000E+00    0.1887685998E-14    0.1887686001E-14    0.9999999981E+00
    3    0.2841666667E+01    0.5805696766E+00    0.4644557413E+00   -0.2991419172E+00    0.0000000000E+00    0.0000000000E+00    0.0000000000E+00    0.0000000000E+00    0.0000000000E+00    0.0000000000E+00    0.6496662218E-14    0.6496662218E-14    0.1000000000E+01
    1    0.3100000000E+01   -0.2322278706E+00    0.4644557413E+00    0.2405451282E+00    0.0000000000E+00    0.0000000000E+00    0.0000000000E+00    0.0000000000E+00    0.0000000000E+00    0.0000000000E+00    0.6128573637E-12    0.6128573637E-12    0.1000000000E+01
    2    0.3100000000E+01    0.5805696766E+00    0.4644557413E+00   -0.4876987635E+00    0.0000000000E+00    0.0000000000E+00    0.0000000000E+00    0.0000000000E+00    0.0000000000E+00    0.0000000000E+00    0.5926592262E-14    0.5926592262E-14    0.1000000000E+01
    3    0.3100000000E+01   -0.2322278706E+00    0.4644557413E+00   -0.4612275858E+00    0.0000000000E+00    0.0000000000E+00    0.0000000000E+00    0.0000000000E+00    0.0000000000E+00    0.0000000000E+00    0.5335151642E-12    0.5335151642E-12    0.1000000000E+01
    4    0.3100000000E+01   -0.2322278706E+00    0.4644557413E+00   -0.3454189562E+00    0.0000000000E+00    0.0000000000E+00    0.0000000000E+00    0.0000000000E+00    0.0000000000E+00    0.0000000000E+00    0.1363738640E-12    0.1363738640E-12    0.1000000000E+01
    5    0.3100000000E+01    0.5805696766E+00    0.4644557413E+00   -0.3501116603E+00    0.0000000000E+00    0.0000000000E+00    0.0000000000E+00    0.0000000000E+00    0.0000000000E+00    0.0000000000E+00    0.1675034496E-14    0.1675034496E-14    0.1000000000E+01
    1    0.3358333333E+01   -0.2322278706E+00    0.4644557413E+00    0.1476092602E+00    0.0000000000E+00    0.0000000000E+00    0.0000000000E+00    0.0000000000E+00    0.0000000000E+00    0.0000000000E+00    0.1424908823E-13    0.1424908823E-13    0.1000000000E+01
    2    0.3358333333E+01   -0.2322278706E+00    0.4644557413E+00   -0.5676831378E+00    0.0000000000E+00    0.0000000000E+00    0.0000000000E+00    0.0000000000E+00    0.0000000000E+00    0.0000000000E+00    0.9171925770E-13    0.9171925770E-13    0.1000000000E+01
    3    0.3358333333E+01    0.5805696766E+00    0.4644557413E+00   -0.5531854642E+00    0.0000000000E+00    0.0000000000E+00    0.0000000000E+00    0.0000000000E+00    0.0000000000E+00    0.0000000000E+00    0.4706265376E-14    0.4706265376E-14    0.1000000000E+01
    4    0.3358333333E+01   -0.2322278706E+00    0.4644557413E+00   -0.4184175211E+00   -0.2322278706E+00    0.4644557413E+00   -0.4184175211E+00   -0.3594731320E+01    0.2268883871E+01   -0.9112881387E+00    0.7947152040E-14    0.7947152040E-14    0.1000000000E+01
    5    0.3358333333E+01    0.5805696766E+00    0.4644557413E+00   -0.3966917586E+00    0.0000000000E+00    0.0000000000E+00    0.0000000000E+00    0.0000000000E+00    0.0000000000E+00    0.0000000000E+00    0.4403447087E-14    0.4403447088E-14    0.1000000000E+01
    1    0.3616666667E+01   -0.2322278706E+00    0.4644557413E+00    0.6901851009E-01    0.0000000000E+00    0.0000000000E+00    0.0000000000E+00    0.0000000000E+00    0.0000000000E+00    0.0000000000E+00    0.4242050434E-12    0.4242050434E-12    0.1000000000E+01
    2    0.3616666667E+01   -0.2322278706E+00    0.4644557413E+00    0.4929533249E+00    0.0000000000E+00    0.0000000000E+00    0.0000000000E+00    0.0000000000E+00    0.0000000000E+00    0.0000000000E+00    0.3984603560E-13    0.3984603560E-13    0.1000000000E+01
    3    0.3616666667E+01    0.5805696766E+00    0.4644557413E+00    0.5280136710E+00    0.0000000000E+00    0.0000000000E+00    0.0000000000E+00    0.0000000000E+00    0.0000000000E+00    0.0000000000E+00    0.7310846051E-14    0.7310846051E-14    0.9999999999E+00
    4    0.3616666667E+01   -0.2322278706E+00    0.4644557413E+00   -0.4727787753E+00    0.0000000000E+00    0.0000000000E+00    0.0000000000E+00    0.0000000000E+00    0.0000000000E+00    0.0000000000E+00    0.1786130405E-13    0.1786130405E-13    0.1000000000E+01
    5    0.3616666667E+01    0.5805696766E+00    0.4644557413E+00   -0.4407351325E+00    0.0000000000E+00    0.0000000000E+00    0.0000000000E+00    0.0000000000E+00    0.0000000000E+00    0.0000000000E+00    0.2363342680E-14    0.2363342680E-14    0.1000000000E+01
    1    0.3875000000E+01    0.5805696766E+00   -0.3483418059E+00   -0.3121098395E+00    0.0000000000E+00    0.0000000000E+00    0.0000000000E+00    0.0000000000E+00    0.0000000000E+00    0.0000000000E+00    0.8257727931E-11    0.8257727931E-11    0.1000000000E+01
    2    0.3875000000E+01    0.5805696766E+00    0.4644557413E+00   -0.4834174784E+00    0.0000000000E+00    0.0000000000E+00    0.0000000000E+00    0.0000000000E+00    0.0000000000E+00    0.0000000000E+00    0.1708482660E-14    0.1708482662E-14    0.9999999991E+00
    3    0.3875000000E+01   -0.2322278706E+00    0.4644557413E+00   -0.5205216033E+00    0.0000000000E+00    0.0000000000E+00    0.0000000000E+00    0.0000000000E+00    0.0000000000E+00    0.0000000000E+00    0.4015160555E-14    0.4015160555E-14    0.9999999998E+00
    4    0.3875000000E+01    0.5805696766E+00   -0.3483418059E+00    0.2206931544E+00    0.0000000000E+00    0.0000000000E+00    0.0000000000E+00    0.0000000000E+00    0.0000000000E+00    0.0000000000E+00    0.8270982288E-11    0.8270982289E-11    0.9999999999E+00
    5    0.3875000000E+01   -0.2322278706E+00    0.4644557413E+00    0.4054833573E+00    0.0000000000E+00    0.0000000000E+00    0.0000000000E+00    0.0000000000E+00    0.0000000000E+00    0.0000000000E+00    0.5476791627E-14    0.5476791628E-14    0.9999999999E+00
    6    0.3875000000E+01    0.5805696766E+00    0.4644557413E+00    0.4519019815E+00    0.0000000000E+00    0.0000000000E+00    0.0000000000E+00    0.0000000000E+00    0.0000000000E+00    0.0000000000E+00    0.1967685537E-13    0.1967685537E-13    0.1000000000E+01
    1    0.4133333333E+01    0.5805696766E+00   -0.3483418059E+00    0.9799255410E-01    0.0000000000E+00    0.0000000000E+00    0.0000000000E+00    0.0000000000E+00    0.0000000000E+00    0.0000000000E+00    0.5694039385E-13    0.5694039385E-13    0.1000000000E+01
    2    0.4133333333E+01   -0.2322278706E+00    0.4644557413E+00    0.3101745512E+00    0.0000000000E+00    0.0000000000E+00    0.0000000000E+00    0.0000000000E+00    0.0000000000E+00    0.0000000000E+00    0.6623166867E-13    0.6623166867E-13    0.1000000000E+01
    3    0.4133333333E+01    0.5805696766E+00    0.4644557413E+00    0.3595660183E+00    0.0000000000E+00    0.0000000000E+00    0.0000000000E+00    0.0000000000E+00    0.0000000000E+00    0.0000000000E+00    0.1016046313E-13    0.1016046313E-13    0.1000000000E+01
    4    0.4133333333E+01    0.5805696766E+00   -0.3483418059E+00    0.3377297242E+00    0.0000000000E+00    0.0000000000E+00    0.0000000000E+00    0.0000000000E+00    0.0000000000E+00    0.0000000000E+00    0.2087152544E-12    0.2087152544E-12    0.1000000000E+01
    5    0.4133333333E+01    0.5805696766E+00   -0.3483418059E+00   -0.4722516933E+00    0.0000000000E+00    0.0000000000E+00    0.0000000000E+00    0.0000000000E+00    0.0000000000E+00    0.0000000000E+00    0.5756691639E-12    0.5756691639E-12    0.1000000000E+01
    6    0.4133333333E+01    0.5805696766E+00    0.4644557413E+00   -0.5258356546E+00    0.0000000000E+00    0.0000000000E+00    0.0000000000E+00    0.0000000000E+00    0.0000000000E+00    0.0000000000E+00    0.5832107627E-14    0.5832107628E-14    0.9999999998E+00
    7    0.4133333333E+01   -0.2322278706E+00    0.4644557413E+00   -0.5654065419E+00    0.0000000000E+00    0.0000000000E+00    0.0000000000E+00    0.0000000000E+00    0.0000000000E+00    0.0000000000E+00    0.1679195268E-13    0.1679195268E-13    0.1000000000E+01
    1    0.4391666667E+01   -0.2322278706E+00   -0.3483418059E+00   -0.3445022410E+00    0.0000000000E+00    0.0000000000E+00    0.0000000000E+00    0.0000000000E+00    0.0000000000E+00    0.0000000000E+00    0.1115429437E-12    0.1115429438E-12    0.9999999994E+00
    2    0.4391666667E+01   -0.2322278706E+00   -0.3483418059E+00   -0.4316897757E+00    0.0000000000E+00    0.0000000000E+00    0.0000000000E+00    0.0000000000E+00    0.0000000000E+00    0.0000000000E+00    0.1865709809E-11    0.1865709809E-11    0.1000000000E+01
    3    0.4391666667E+01    0.5805696766E+00    0.4644557413E+00   -0.5692389115E+00    0.0000000000E+00    0.0000000000E+00    0.0000000000E+00    0.0000000000E+00    0.0000000000E+00    0.0000000000E+00    0.4741090909E-13    0.4741090917E-13    0.9999999982E+00
    4    0.4391666667E+01   -0.2322278706E+00    0.4644557413E+00    0.5411779606E+00    0.0000000000E+00    0.0000000000E+00    0.0000000000E+00    0.0000000000E+00    0.0000000000E+00    0.0000000000E+00    0.1456748522E-14    0.1456748548E-14    0.9999999820E+00
    5    0.4391666667E+01   -0.2322278706E+00    0.4644557413E+00    0.1893735957E+00    0.0000000000E+00    0.0000000000E+00    0.0000000000E+00    0.0000000000E+00    0.0000000000E+00    0.0000000000E+00    0.1182752579E-14    0.1182752593E-14    0.9999999886E+00
    6    0.4391666667E+01   -0.2322278706E+00   -0.3483418059E+00    0.2463443703E+00    0.0000000000E+00    0.0000000000E+00    0.0000000000E+00    0.0000000000E+00    0.0000000000E+00    0.0000000000E+00    0.1801433916E-11    0.1801433917E-11    0.9999999995E+00
    7    0.4391666667E+01    0.5805696766E+00    0.4644557413E+00    0.2293312599E+00    0.0000000000E+00    0.0000000000E+00    0.0000000000E+00    0.0000000000E+00    0.0000000000E+00    0.0000000000E+00    0.1223235011E-12    0.1223235026E-12    0.9999999880E+00
    8    0.4391666667E+01    0.5805696766E+00   -0.3483418059E+00    0.2376426270E+00    0.0000000000E+00    0.0000000000E+00    0.0000000000E+00    0.0000000000E+00    0.0000000000E+00    0.0000000000E+00    0.5314974016E-15    0.5315065521E-15    0.9999827838E+00
    9    0.4391666667E+01   -0.2322278706E+00   -0.3483418059E+00    0.1090751738E-01    0.0000000000E+00    0.0000000000E+00    0.0000000000E+00    0.0000000000E+00    0.0000000000E+00    0.0000000000E+00    0.2349599479E-11    0.2349599479E-11    0.1000000000E+01
    1    0.4650000000E+01   -0.2322278706E+00   -0.3483418059E+00   -0.4442343897E+00    0.0000000000E+00    0.0000000000E+00    0.0000000000E+00    0.0000000000E+00    0.0000000000E+00    0.0000000000E+00    0.1064078239E-11    0.1064078239E-11    0.1000000000E+01
    2    0.4650000000E+01   -0.2322278706E+00   -0.3483418059E+00   -0.5687668614E+00    0.0000000000E+00    0.0000000000E+00    0.0000000000E+00    0.0000000000E+00    0.0000000000E+00    0.0000000000E+00    0.1753924620E-10    0.1753924620E-10    0.1000000000E+01
    3    0.4650000000E+01   -0.2322278706E+00    0.4644557413E+00    0.4981594293E+00    0.0000000000E+00    0.0000000000E+00    0.0000000000E+00    0.0000000000E+00    0.0000000000E+00    0.0000000000E+00    0.2375703439E-15    0.2375703449E-15    0.9999999958E+00
    4    0.4650000000E+01    0.5805696766E+00    0.4644557413E+00    0.5357526247E+00    0.0000000000E+00    0.0000000000E+00    0.0000000000E+00    0.0000000000E+00    0.0000000000E+00    0.0000000000E+00    0.1273531256E-13    0.1273531281E-13    0.9999999803E+00
    5    0.4650000000E+01    0.5805696766E+00   -0.3483418059E+00    0.1660084873E+00    0.0000000000E+00    0.0000000000E+00    0.0000000000E+00    0.0000000000E+00    0.0000000000E+00    0.0000000000E+00    0.7105313408E-15    0.7105463801E-15    0.9999788341E+00
    6    0.4650000000E+01   -0.2322278706E+00   -0.3483418059E+00    0.1393516909E+00    0.0000000000E+00    0.0000000000E+00    0.0000000000E+00    0.0000000000E+00    0.0000000000E+00    0.0000000000E+00    0.1203562053E-12    0.1203562053E-12    0.9999999998E+00
    7    0.4650000000E+01    0.5805696766E+00    0.4644557413E+00   -0.7704802909E-01    0.0000000000E+00    0.0000000000E+00    0.0000000000E+00    0.0000000000E+00    0.0000000000E+00    0.0000000000E+00    0.2269540783E-12    0.2269540860E-12    0.9999999657E+00
    8    0.4650000000E+01   -0.2322278706E+00   -0.3483418059E+00   -0.5127627862E-01    0.0000000000E+00    0.0000000000E+00    0.0000000000E+00    0.0000000000E+00    0.0000000000E+00    0.0000000000E+00    0.1468541048E-12    0.1468541048E-12    0.9999999998E+00
    1    0.4908333333E+01    0.5805696766E+00   -0.3483418059E+00    0.1007395867E+00    0.0000000000E+00    0.0000000000E+00    0.0000000000E+00    0.0000000000E+00    0.0000000000E+00    0.0000000000E+00    0.5483617956E-13    0.5483617956E-13    0.1000000000E+01
    2    0.4908333333E+01   -0.2322278706E+00   -0.3483418059E+00    0.6498990166E-01    0.0000000000E+00    0.0000000000E+00    0.0000000000E+00    0.0000000000E+00    0.0000000000E+00    0.0000000000E+00    0.7384582082E-14    0.7384582082E-14    0.1000000000E+01
    3    0.4908333333E+01    0.5805696766E+00   -0.3483418059E+00   -0.7139289511E-01    0.0000000000E+00    0.0000000000E+00    0.0000000000E+00    0.0000000000E+00    0.0000000000E+00    0.0000000000E+00    0.1671383318E-12    0.1671383318E-12    0.1000000000E+01
    4    0.4908333333E+01   -0.2322278706E+00   -0.3483418059E+00   -0.1151361901E+00    0.0000000000E+00    0.0000000000E+00    0.0000000000E+00    0.0000000000E+00    0.0000000000E+00    0.0000000000E+00    0.1136779965E-13    0.1136779965E-13    0.9999999999E+00
    5    0.4908333333E+01    0.5805696766E+00    0.4644557413E+00   -0.1269763307E+00    0.0000000000E+00    0.0000000000E+00    0.0000000000E+00    0.0000000000E+00    0.0000000000E+00    0.0000000000E+00    0.2494383901E-13    0.2494383901E-13    0.1000000000E+01
    6    0.4908333333E+01   -0.2322278706E+00    0.4644557413E+00    0.4542733113E+00    0.0000000000E+00    0.0000000000E+00    0.0000000000E+00    0.0000000000E+00    0.0000000000E+00    0.0000000000E+00    0.3065143273E-15    0.3065143277E-15    0.9999999986E+00
    7    0.4908333333E+01    0.5805696766E+00    0.4644557413E+00    0.4870296618E+00    0.0000000000E+00    0.0000000000E+00    0.0000000000E+00    0.0000000000E+00    0.0000000000E+00    0.0000000000E+00    0.9415823634E-15    0.9415823636E-15    0.9999999999E+00
    1    0.5166666667E+01    0.5805696766E+00   -0.3483418059E+00    0.2804824932E-01    0.0000000000E+00    0.0000000000E+00    0.0000000000E+00    0.0000000000E+00    0.0000000000E+00    0.0000000000E+00    0.1428934066E-11    0.1428934066E-11    0.1000000000E+01
    2    0.5166666667E+01    0.5805696766E+00   -0.3483418059E+00   -0.1504308171E+00    0.0000000000E+00    0.0000000000E+00    0.0000000000E+00    0.0000000000E+00    0.0000000000E+00    0.0000000000E+00    0.5488067569E-12    0.5488067569E-12    0.1000000000E+01
    3    0.5166666667E+01   -0.2322278706E+00   -0.3483418059E+00   -0.1782903769E+00    0.0000000000E+00    0.0000000000E+00    0.0000000000E+00    0.0000000000E+00    0.0000000000E+00    0.0000000000E+00    0.5033049977E-16    0.5033050092E-16    0.9999999772E+00
    4    0.5166666667E+01    0.5805696766E+00    0.4644557413E+00   -0.1685780607E+00    0.0000000000E+00    0.0000000000E+00    0.0000000000E+00    0.0000000000E+00    0.0000000000E+00    0.0000000000E+00    0.4708998637E-14    0.4708998637E-14    0.1000000000E+01
    5    0.5166666667E+01    0.5805696766E+00   -0.3483418059E+00    0.5555594352E+00    0.0000000000E+00    0.0000000000E+00    0.0000000000E+00    0.0000000000E+00    0.0000000000E+00    0.0000000000E+00    0.4275516952E-12    0.4275516952E-12    0.1000000000E+01
    6    0.5166666667E+01    0.5805696766E+00    0.4644557413E+00    0.4310887781E+00    0.0000000000E+00    0.0000000000E+00    0.0000000000E+00    0.0000000000E+00    0.0000000000E+00    0.0000000000E+00    0.2620926468E-14    0.2620926468E-14    0.9999999999E+00
    7    0.5166666667E+01    0.5805696766E+00   -0.3483418059E+00    0.3929191586E+00    0.0000000000E+00    0.0000000000E+00    0.0000000000E+00    0.0000000000E+00    0.0000000000E+00    0.0000000000E+00    0.1030368454E-11    0.1030368454E-11    0.1000000000E+01
    8    0.5166666667E+01   -0.2322278706E+00    0.4644557413E+00    0.4081308622E+00    0.0000000000E+00    0.0000000000E+00    0.0000000000E+00    0.0000000000E+00    0.0000000000E+00    0.0000000000E+00    0.1612361050E-15    0.1612361056E-15    0.9999999963E+00
    1    0.5425000000E+01   -0.2322278706E+00   -0.3483418059E+00   -0.6494062380E-01    0.0000000000E+00    0.0000000000E+00    0.0000000000E+00    0.0000000000E+00    0.0000000000E+00    0.0000000000E+00    0.2095260634E-14    0.2095260634E-14    0.9999999998E+00
    2    0.5425000000E+01   -0.2322278706E+00   -0.3483418059E+00   -0.2528228162E+00    0.0000000000E+00    0.0000000000E+00    0.0000000000E+00    0.0000000000E+00    0.0000000000E+00    0.0000000000E+00    0.1682034423E-14    0.1682034423E-14    0.9999999999E+00
    3    0.5425000000E+01    0.5805696766E+00    0.4644557413E+00   -0.2072573862E+00    0.0000000000E+00    0.0000000000E+00    0.0000000000E+00    0.0000000000E+00    0.0000000000E+00    0.0000000000E+00    0.1132106775E-14    0.1132106775E-14    0.1000000000E+01
    4    0.5425000000E+01    0.5805696766E+00   -0.3483418059E+00    0.4724322466E+00    0.0000000000E+00    0.0000000000E+00    0.0000000000E+00    0.0000000000E+00    0.0000000000E+00    0.0000000000E+00    0.2406926899E-15    0.2406926900E-15    0.9999999997E+00
    5    0.5425000000E+01   -0.2322278706E+00    0.4644557413E+00    0.3576180639E+00    0.0000000000E+00    0.0000000000E+00    0.0000000000E+00    0.0000000000E+00    0.0000000000E+00    0.0000000000E+00    0.5302699338E-15    0.5302699338E-15    0.1000000000E+01
    6    0.5425000000E+01    0.5805696766E+00    0.4644557413E+00    0.3589148956E+00    0.0000000000E+00    0.0000000000E+00    0.0000000000E+00    0.0000000000E+00    0.0000000000E+00    0.0000000000E+00    0.3191900368E-14    0.3191900369E-14    0.9999999999E+00
    1    0.5683333333E+01   -0.2322278706E+00   -0.3483418059E+00   -0.5504641525E+00    0.0000000000E+00    0.0000000000E+00    0.0000000000E+00    0.0000000000E+00    0.0000000000E+00    0.0000000000E+00    0.4627321998E-13    0.4627321998E-13    0.9999999999E+00
    2    0.5683333333E+01    0.5805696766E+00   -0.3483418059E+00    0.3866824137E+00    0.0000000000E+00    0.0000000000E+00    0.0000000000E+00    0.0000000000E+00    0.0000000000E+00    0.0000000000E+00    0.1375314919E-12    0.1375314919E-12    0.1000000000E+01
    3    0.5683333333E+01   -0.2322278706E+00    0.4644557413E+00    0.2985408811E+00    0.0000000000E+00    0.0000000000E+00    0.0000000000E+00    0.0000000000E+00    0.0000000000E+00    0.0000000000E+00    0.3414865621E-13    0.3414865621E-13    0.1000000000E+01
    4    0.5683333333E+01    0.5805696766E+00    0.4644557413E+00    0.2161341874E+00    0.0000000000E+00    0.0000000000E+00    0.0000000000E+00    0.0000000000E+00    0.0000000000E+00    0.0000000000E+00    0.6758192819E-12    0.6758192819E-12    0.1000000000E+01
    5    0.5683333333E+01    0.5805696766E+00    0.4644557413E+00   -0.2441655930E+00    0.0000000000E+00    0.0000000000E+00    0.0000000000E+00    0.0000000000E+00    0.0000000000E+00    0.0000000000E+00    0.5536215193E-12    0.5536215193E-12    0.1000000000E+01
    6    0.5683333333E+01   -0.2322278706E+00   -0.3483418059E+00   -0.1319422502E+00    0.0000000000E+00    0.0000000000E+00    0.0000000000E+00    0.0000000000E+00    0.0000000000E+00    0.0000000000E+00    0.3646774971E-13    0.3646774984E-13    0.9999999964E+00
    7    0.5683333333E+01    0.5805696766E+00   -0.3483418059E+00   -0.8807280321E-01    0.0000000000E+00    0.0000000000E+00    0.0000000000E+00    0.0000000000E+00    0.0000000000E+00    0.0000000000E+00    0.2736619129E-12    0.2736619129E-12    0.9999999999E+00
    8    0.5683333333E+01   -0.2322278706E+00    0.4644557413E+00   -0.5189429126E-01    0.0000000000E+00    0.0000000000E+00    0.0000000000E+00    0.0000000000E+00    0.0000000000E+00    0.0000000000E+00    0.1126294050E-11    0.1126294050E-11    0.1000000000E+01
    1    0.5941666667E+01   -0.2322278706E+00   -0.3483418059E+00    0.4934684853E+00    0.0000000000E+00    0.0000000000E+00    0.0000000000E+00    0.0000000000E+00    0.0000000000E+00    0.0000000000E+00    0.2334278024E-12    0.2334278024E-12    0.1000000000E+01
    2    0.5941666667E+01   -0.2322278706E+00    0.4644557413E+00    0.2189518024E+00    0.0000000000E+00    0.0000000000E+00    0.0000000000E+00    0.0000000000E+00    0.0000000000E+00    0.0000000000E+00    0.2172604714E-13    0.2172604714E-13    0.9999999998E+00
    3    0.5941666667E+01   -0.2322278706E+00    0.4644557413E+00   -0.1100866816E+00    0.0000000000E+00    0.0000000000E+00    0.0000000000E+00    0.0000000000E+00    0.0000000000E+00    0.0000000000E+00    0.9811113347E-13    0.9811113347E-13    0.1000000000E+01
    4    0.5941666667E+01    0.5805696766E+00    0.4644557413E+00   -0.2818324538E+00    0.0000000000E+00    0.0000000000E+00    0.0000000000E+00    0.0000000000E+00    0.0000000000E+00    0.0000000000E+00    0.5843279643E-15    0.5843287477E-15    0.9999986593E+00
    5    0.5941666667E+01   -0.2322278706E+00   -0.3483418059E+00   -0.2118199243E+00    0.0000000000E+00    0.0000000000E+00    0.0000000000E+00    0.0000000000E+00    0.0000000000E+00    0.0000000000E+00    0.2327231158E-12    0.2327231158E-12    0.1000000000E+01
    1    0.6200000000E+01   -0.2322278706E+00    0.4644557413E+00   -0.1535438996E+00    0.0000000000E+00    0.0000000000E+00    0.0000000000E+00    0.0000000000E+00    0.0000000000E+00    0.0000000000E+00    0.1040026307E-13    0.1040026522E-13    0.9999997939E+00
    2    0.6200000000E+01    0.5805696766E+00    0.4644557413E+00   -0.3193658887E+00    0.0000000000E+00    0.0000000000E+00    0.0000000000E+00    0.0000000000E+00    0.0000000000E+00    0.0000000000E+00    0.6163951176E-16    0.6163951284E-16    0.9999999824E+00
    1    0.6458333333E+01    0.5805696766E+00    0.4644557413E+00   -0.3576766462E+00    0.0000000000E+00    0.0000000000E+00    0.0000000000E+00    0.0000000000E+00    0.0000000000E+00    0.0000000000E+00    0.9376675567E-18    0.9376675572E-18    0.9999999994E+00
    2    0.6458333333E+01   -0.2322278706E+00    0.4644557413E+00   -0.1933589185E+00    0.0000000000E+00    0.0000000000E+00    0.0000000000E+00    0.0000000000E+00    0.0000000000E+00    0.0000000000E+00    0.1018596583E-16    0.1018596583E-16    0.1000000000E+01
    1    0.6716666667E+01   -0.2322278706E+00    0.4644557413E+00   -0.2316960046E+00    0.0000000000E+00    0.0000000000E+00    0.0000000000E+00    0.0000000000E+00    0.0000000000E+00    0.0000000000E+00    0.2142908351E-14    0.2142908351E-14    0.9999999999E+00
    2    0.6716666667E+01    0.5805696766E+00    0.4644557413E+00   -0.3972105001E+00    0.0000000000E+00    0.0000000000E+00    0.0000000000E+00    0.0000000000E+00    0.0000000000E+00    0.0000000000E+00    0.1071814665E-16    0.1071817419E-16    0.9999974303E+00
    1    0.6975000000E+01   -0.2322278706E+00    0.4644557413E+00   -0.2698312128E+00    0.0000000000E+00    0.0000000000E+00    0.0000000000E+00    0.0000000000E+00    0.0000000000E+00    0.0000000000E+00    0.2678325960E-14    0.2678325960E-14    0.1000000000E+01
    2    0.6975000000E+01    0.5805696766E+00    0.4644557413E+00   -0.4384008512E+00    0.0000000000E+00    0.0000000000E+00    0.0000000000E+00    0.0000000000E+00    0.0000000000E+00    0.0000000000E+00    0.4346508613E-15    0.4346508613E-15    0.1000000000E+01
    1    0.7233333333E+01   -0.2322278706E+00    0.4644557413E+00   -0.3085819974E+00    0.0000000000E+00    0.0000000000E+00    0.0000000000E+00    0.0000000000E+00    0.0000000000E+00    0.0000000000E+00    0.1256005354E-14    0.1256005392E-14    0.9999999696E+00
    2    0.7233333333E+01    0.5805696766E+00    0.4644557413E+00   -0.4816768467E+00    0.0000000000E+00    0.0000000000E+00    0.0000000000E+00    0.0000000000E+00    0.0000000000E+00    0.0000000000E+00    0.1395244689E-14    0.1395244711E-14    0.9999999841E+00
    1    0.7491666667E+01   -0.2322278706E+00    0.4644557413E+00   -0.3486707070E+00    0.0000000000E+00    0.0000000000E+00    0.0000000000E+00    0.0000000000E+00    0.0000000000E+00    0.0000000000E+00    0.1631181618E-15    0.1631181618E-15    0.1000000000E+01
    2    0.7491666667E+01    0.5805696766E+00    0.4644557413E+00   -0.5274214986E+00    0.0000000000E+00    0.0000000000E+00    0.0000000000E+00    0.0000000000E+00    0.0000000000E+00    0.0000000000E+00    0.6168788028E-15    0.6168788028E-15    0.1000000000E+01
    1    0.7750000000E+01   -0.2322278706E+00    0.4644557413E+00   -0.3908953984E+00    0.0000000000E+00    0.0000000000E+00    0.0000000000E+00    0.0000000000E+00    0.0000000000E+00    0.0000000000E+00    0.1839511963E-17    0.1839511963E-17    0.1000000000E+01
    1    0.8008333333E+01   -0.2322278706E+00    0.4644557413E+00   -0.4362985467E+00    0.0000000000E+00    0.0000000000E+00    0.0000000000E+00    0.0000000000E+00    0.0000000000E+00    0.0000000000E+00    0.2395052045E-16    0.2395052045E-16    0.1000000000E+01
    2    0.8008333333E+01    0.5805696766E+00    0.4644557413E+00    0.5229712569E+00    0.0000000000E+00    0.0000000000E+00    0.0000000000E+00    0.0000000000E+00    0.0000000000E+00    0.0000000000E+00    0.3136850276E-14    0.3136850276E-14    0.1000000000E+01
    1    0.8266666667E+01   -0.2322278706E+00    0.4644557413E+00   -0.4864363858E+00    0.0000000000E+00    0.0000000000E+00    0.0000000000E+00    0.0000000000E+00    0.0000000000E+00    0.0000000000E+00    0.4345154491E-15    0.4345154491E-15    0.1000000000E+01
    2    0.8266666667E+01    0.5805696766E+00    0.4644557413E+00    0.4706800070E+00    0.0000000000E+00    0.0000000000E+00    0.0000000000E+00    0.0000000000E+00    0.0000000000E+00    0.0000000000E+00    0.1449302103E-13    0.1449302104E-13    0.9999999999E+00
    1    0.8525000000E+01    0.5805696766E+00   -0.3483418059E+00   -0.2420982877E+00    0.0000000000E+00    0.0000000000E+00    0.0000000000E+00    0.0000000000E+00    0.0000000000E+00    0.0000000000E+00    0.1266668510E-12    0.1266668510E-12    0.1000000000E+01
    2    0.8525000000E+01   -0.2322278706E+00    0.4644557413E+00   -0.5439649387E+00    0.0000000000E+00    0.0000000000E+00    0.0000000000E+00    0.0000000000E+00    0.0000000000E+00    0.0000000000E+00    0.1021058924E-13    0.1021058925E-13    0.9999999991E+00
    3    0.8525000000E+01    0.5805696766E+00    0.4644557413E+00    0.4183269254E+00    0.0000000000E+00    0.0000000000E+00    0.0000000000E+00    0.0000000000E+00    0.0000000000E+00    0.0000000000E+00    0.5893629784E-14    0.5893629786E-14    0.9999999997E+00
    1    0.8783333333E+01    0.5805696766E+00   -0.3483418059E+00   -0.3296954546E+00    0.0000000000E+00    0.0000000000E+00    0.0000000000E+00    0.0000000000E+00    0.0000000000E+00    0.0000000000E+00    0.1643740266E-13    0.1643740266E-13    0.1000000000E+01
    2    0.8783333333E+01   -0.2322278706E+00    0.4644557413E+00    0.5360226862E+00    0.0000000000E+00    0.0000000000E+00    0.0000000000E+00    0.0000000000E+00    0.0000000000E+00    0.0000000000E+00    0.6239991423E-14    0.6239991423E-14    0.1000000000E+01
    3    0.8783333333E+01    0.5805696766E+00    0.4644557413E+00    0.3672407856E+00    0.0000000000E+00    0.0000000000E+00    0.0000000000E+00    0.0000000000E+00    0.0000000000E+00    0.0000000000E+00    0.1460024687E-14    0.1460024687E-14    0.1000000000E+01
    1    0.9041666667E+01   -0.2322278706E+00   -0.3483418059E+00    0.1556658266E+00    0.0000000000E+00    0.0000000000E+00    0.0000000000E+00    0.0000000000E+00    0.0000000000E+00    0.0000000000E+00    0.2374161876E-11    0.2374161876E-11    0.1000000000E+01
    2    0.9041666667E+01    0.5805696766E+00    0.4644557413E+00    0.3180853758E+00    0.0000000000E+00    0.0000000000E+00    0.0000000000E+00    0.0000000000E+00    0.0000000000E+00    0.0000000000E+00    0.1677663078E-13    0.1677663078E-13    0.1000000000E+01
    3    0.9041666667E+01   -0.2322278706E+00    0.4644557413E+00    0.4446402304E+00    0.0000000000E+00    0.0000000000E+00    0.0000000000E+00    0.0000000000E+00    0.0000000000E+00    0.0000000000E+00    0.4953454037E-13    0.4953454037E-13    0.1000000000E+01
    4    0.9041666667E+01    0.5805696766E+00   -0.3483418059E+00   -0.3967933756E+00    0.0000000000E+00    0.0000000000E+00    0.0000000000E+00    0.0000000000E+00    0.0000000000E+00    0.0000000000E+00    0.4552527244E-15    0.4552527244E-15    0.1000000000E+01
    5    0.9041666667E+01   -0.2322278706E+00   -0.3483418059E+00   -0.4314080798E+00    0.0000000000E+00    0.0000000000E+00    0.0000000000E+00    0.0000000000E+00    0.0000000000E+00    0.0000000000E+00    0.1053554622E-11    0.1053554622E-11    0.1000000000E+01
    1    0.9300000000E+01    0.5805696766E+00   -0.3483418059E+00   -0.1219195800E+00    0.0000000000E+00    0.0000000000E+00    0.0000000000E+00    0.0000000000E+00    0.0000000000E+00    0.0000000000E+00    0.1264350544E-10    0.1264350544E-10    0.1000000000E+01
    2    0.9300000000E+01    0.5805696766E+00   -0.3483418059E+00   -0.4604483300E+00    0.0000000000E+00    0.0000000000E+00    0.0000000000E+00    0.0000000000E+00    0.0000000000E+00    0.0000000000E+00    0.6232860103E-12    0.6232860103E-12    0.1000000000E+01
    3    0.9300000000E+01   -0.2322278706E+00   -0.3483418059E+00   -0.5248995436E+00    0.0000000000E+00    0.0000000000E+00    0.0000000000E+00    0.0000000000E+00    0.0000000000E+00    0.0000000000E+00    0.2647076482E-15    0.2647076931E-15    0.9999998304E+00
    4    0.9300000000E+01   -0.2322278706E+00    0.4644557413E+00    0.3283610336E+00    0.0000000000E+00    0.0000000000E+00    0.0000000000E+00    0.0000000000E+00    0.0000000000E+00    0.0000000000E+00    0.9396260802E-13    0.9396260802E-13    0.1000000000E+01
    5    0.9300000000E+01    0.5805696766E+00    0.4644557413E+00    0.2708239184E+00    0.0000000000E+00    0.0000000000E+00    0.0000000000E+00    0.0000000000E+00    0.0000000000E+00    0.0000000000E+00    0.1909840536E-13    0.1909840536E-13    0.9999999999E+00
    1    0.9558333333E+01    0.5805696766E+00   -0.3483418059E+00   -0.2909110632E+00    0.0000000000E+00    0.0000000000E+00    0.0000000000E+00    0.0000000000E+00    0.0000000000E+00    0.0000000000E+00    0.3106873033E-12    0.3106873074E-12    0.9999999869E+00
    2    0.9558333333E+01   -0.2322278706E+00   -0.3483418059E+00    0.5264100779E+00    0.0000000000E+00    0.0000000000E+00    0.0000000000E+00    0.0000000000E+00    0.0000000000E+00    0.0000000000E+00    0.5781458223E-14    0.5781460880E-14    0.9999995404E+00
    3    0.9558333333E+01    0.5805696766E+00   -0.3483418059E+00   -0.5299727790E+00    0.0000000000E+00    0.0000000000E+00    0.0000000000E+00    0.0000000000E+00    0.0000000000E+00    0.0000000000E+00    0.1392198360E-12    0.1392198374E-12    0.9999999900E+00
    4    0.9558333333E+01   -0.2322278706E+00    0.4644557413E+00    0.2234966018E+00    0.0000000000E+00    0.0000000000E+00    0.0000000000E+00    0.0000000000E+00    0.0000000000E+00    0.0000000000E+00    0.1660509963E-13    0.1660510024E-13    0.9999999636E+00
    5    0.9558333333E+01    0.5805696766E+00    0.4644557413E+00    0.2250172189E+00    0.0000000000E+00    0.0000000000E+00    0.0000000000E+00    0.0000000000E+00    0.0000000000E+00    0.0000000000E+00    0.5014598024E-14    0.5014598029E-14    0.9999999990E+00
    1    0.9816666667E+01    0.5805696766E+00   -0.3483418059E+00   -0.4330154770E+00    0.0000000000E+00    0.0000000000E+00    0.0000000000E+00    0.0000000000E+00    0.0000000000E+00    0.0000000000E+00    0.5248227969E-10    0.5248227969E-10    0.1000000000E+01
    2    0.9816666667E+01    0.5805696766E+00   -0.3483418059E+00    0.5061362932E+00    0.0000000000E+00    0.0000000000E+00    0.0000000000E+00    0.0000000000E+00    0.0000000000E+00    0.0000000000E+00    0.5248597830E-10    0.5248597830E-10    0.1000000000E+01
    3    0.9816666667E+01    0.5805696766E+00    0.4644557413E+00    0.1800818025E+00    0.0000000000E+00    0.0000000000E+00    0.0000000000E+00    0.0000000000E+00    0.0000000000E+00    0.0000000000E+00    0.5464114841E-15    0.5464114863E-15    0.9999999959E+00
    4    0.9816666667E+01   -0.2322278706E+00   -0.3483418059E+00    0.1614282704E+00    0.0000000000E+00    0.0000000000E+00    0.0000000000E+00    0.0000000000E+00    0.0000000000E+00    0.0000000000E+00    0.1933132555E-11    0.1933132555E-11    0.1000000000E+01
    5    0.9816666667E+01   -0.2322278706E+00    0.4644557413E+00    0.1409811550E+00    0.0000000000E+00    0.0000000000E+00    0.0000000000E+00    0.0000000000E+00    0.0000000000E+00    0.0000000000E+00    0.5112534514E-17    0.5112596199E-17    0.9999879346E+00
    1    0.1007500000E+02    0.5805696766E+00    0.4644557413E+00    0.1354048785E+00   -0.1045025418E+01    0.4644557413E+00    0.1354048785E+00   -0.1506090067E+01    0.5071903941E+01   -0.6600099395E+00    0.6642695562E-14    0.6642695562E-14    0.1000000000E+01
    2    0.1007500000E+02   -0.2322278706E+00    0.4644557413E+00    0.6442196775E-01    0.0000000000E+00    0.0000000000E+00    0.0000000000E+00    0.0000000000E+00    0.0000000000E+00    0.0000000000E+00    0.1126898305E-11    0.1126898305E-11    0.1000000000E+01
    1    0.1033333333E+02    0.5805696766E+00    0.4644557413E+00    0.9033921089E-01    0.0000000000E+00    0.0000000000E+00    0.0000000000E+00    0.0000000000E+00    0.0000000000E+00    0.0000000000E+00    0.1398343313E-14    0.1398343313E-14    0.1000000000E+01
    1    0.1059166667E+02    0.5805696766E+00    0.4644557413E+00    0.4391763207E-01    0.0000000000E+00    0.0000000000E+00    0.0000000000E+00    0.0000000000E+00    0.0000000000E+00    0.0000000000E+00    0.5625003159E-13    0.5625003159E-13    0.1000000000E+01
    1    0.1085000000E+02   -0.2322278706E+00    0.4644557413E+00   -0.6607218458E-01    0.0000000000E+00    0.0000000000E+00    0.0000000000E+00    0.0000000000E+00    0.0000000000E+00    0.0000000000E+00    0.1091802986E-11    0.1091802986E-11    0.1000000000E+01
    1    0.1110833333E+02   -0.2322278706E+00    0.4644557413E+00   -0.1340511206E+00    0.0000000000E+00    0.0000000000E+00    0.0000000000E+00    0.0000000000E+00    0.0000000000E+00    0.0000000000E+00    0.7891101315E-14    0.7891101315E-14    0.1000000000E+01
    2    0.1110833333E+02    0.5805696766E+00    0.4644557413E+00   -0.4940585469E-01    0.0000000000E+00    0.0000000000E+00    0.0000000000E+00    0.0000000000E+00    0.0000000000E+00    0.0000000000E+00    0.4619201651E-13    0.4619201651E-13    0.1000000000E+01
    1    0.1136666667E+02    0.5805696766E+00    0.4644557413E+00   -0.1020466125E+00    0.0000000000E+00    0.0000000000E+00    0.0000000000E+00    0.0000000000E+00    0.0000000000E+00    0.0000000000E+00    0.3577684687E-14    0.3577684687E-14    0.1000000000E+01
    2    0.1136666667E+02   -0.2322278706E+00    0.4644557413E+00   -0.1977832766E+00    0.0000000000E+00    0.0000000000E+00    0.0000000000E+00    0.0000000000E+00    0.0000000000E+00    0.0000000000E+00    0.6120627840E-16    0.6120627845E-16    0.9999999991E+00
    3    0.1136666667E+02   -0.2322278706E+00   -0.3483418059E+00    0.2810426797E+00    0.0000000000E+00    0.0000000000E+00    0.0000000000E+00    0.0000000000E+00    0.0000000000E+00    0.0000000000E+00    0.8066563737E-12    0.8066563737E-12    0.1000000000E+01
    4    0.1136666667E+02   -0.2322278706E+00   -0.3483418059E+00    0.5498359299E+00    0.0000000000E+00    0.0000000000E+00    0.0000000000E+00    0.0000000000E+00    0.0000000000E+00    0.0000000000E+00    0.3409548765E-12    0.3409548765E-12    0.1000000000E+01
    1    0.1162500000E+02    0.5805696766E+00   -0.3483418059E+00    0.5715612683E+00    0.0000000000E+00    0.0000000000E+00    0.0000000000E+00    0.0000000000E+00    0.0000000000E+00    0.0000000000E+00    0.3560064077E-11    0.3560064077E-11    0.1000000000E+01
    2    0.1162500000E+02   -0.2322278706E+00   -0.3483418059E+00    0.4783901372E+00    0.0000000000E+00    0.0000000000E+00    0.0000000000E+00    0.0000000000E+00    0.0000000000E+00    0.0000000000E+00    0.4089531389E-13    0.4089531389E-13    0.1000000000E+01
    3    0.1162500000E+02   -0.2322278706E+00    0.4644557413E+00   -0.2621065571E+00    0.0000000000E+00    0.0000000000E+00    0.0000000000E+00    0.0000000000E+00    0.0000000000E+00    0.0000000000E+00    0.1654227035E-13    0.1654227035E-13    0.1000000000E+01
    4    0.1162500000E+02    0.5805696766E+00    0.4644557413E+00   -0.1578622334E+00    0.0000000000E+00    0.0000000000E+00    0.0000000000E+00    0.0000000000E+00    0.0000000000E+00    0.0000000000E+00    0.4956187867E-14    0.4956187867E-14    0.1000000000E+01
    5    0.1162500000E+02    0.5805696766E+00   -0.3483418059E+00    0.9376695023E-01    0.0000000000E+00    0.0000000000E+00    0.0000000000E+00    0.0000000000E+00    0.0000000000E+00    0.0000000000E+00    0.2106970316E-09    0.2106970316E-09    0.1000000000E+01
    6    0.1162500000E+02   -0.2322278706E+00   -0.3483418059E+00    0.1208524972E+00    0.0000000000E+00    0.0000000000E+00    0.0000000000E+00    0.0000000000E+00    0.0000000000E+00    0.0000000000E+00    0.1346325768E-10    0.1346325768E-10    0.1000000000E+01
    1    0.1188333333E+02   -0.2322278706E+00   -0.3483418059E+00    0.4148695067E+00    0.0000000000E+00    0.0000000000E+00    0.0000000000E+00    0.0000000000E+00    0.0000000000E+00    0.0000000000E+00    0.6035109455E-15    0.6035109468E-15    0.9999999977E+00
    2    0.1188333333E+02    0.5805696766E+00   -0.3483418059E+00    0.4919251710E+00    0.0000000000E+00    0.0000000000E+00    0.0000000000E+00    0.0000000000E+00    0.0000000000E+00    0.0000000000E+00    0.4971518069E-15    0.4971761320E-15    0.9999510734E+00
    3    0.1188333333E+02   -0.2322278706E+00    0.4644557413E+00   -0.3277411648E+00    0.0000000000E+00    0.0000000000E+00    0.0000000000E+00    0.0000000000E+00    0.0000000000E+00    0.0000000000E+00    0.1553031775E-13    0.1553032669E-13    0.9999994242E+00
    4    0.1188333333E+02    0.5805696766E+00    0.4644557413E+00   -0.2180283903E+00    0.0000000000E+00    0.0000000000E+00    0.0000000000E+00    0.0000000000E+00    0.0000000000E+00    0.0000000000E+00    0.4755141454E-14    0.4755155856E-14    0.9999969714E+00
    1    0.1214166667E+02    0.5805696766E+00    0.4644557413E+00   -0.2831437091E+00    0.0000000000E+00    0.0000000000E+00    0.0000000000E+00    0.0000000000E+00    0.0000000000E+00    0.0000000000E+00    0.2989367276E-13    0.2989367276E-13    0.1000000000E+01
    2    0.1214166667E+02   -0.2322278706E+00    0.4644557413E+00   -0.3943100924E+00    0.0000000000E+00    0.0000000000E+00    0.0000000000E+00    0.0000000000E+00    0.0000000000E+00    0.0000000000E+00    0.7245866532E-15    0.7245866539E-15    0.9999999990E+00
    3    0.1214166667E+02   -0.2322278706E+00   -0.3483418059E+00    0.3523477768E+00    0.0000000000E+00    0.0000000000E+00    0.0000000000E+00    0.0000000000E+00    0.0000000000E+00    0.0000000000E+00    0.1810838873E-14    0.1810838873E-14    0.9999999999E+00
    4    0.1214166667E+02    0.5805696766E+00   -0.3483418059E+00    0.4190936913E+00    0.0000000000E+00    0.0000000000E+00    0.0000000000E+00    0.0000000000E+00    0.0000000000E+00    0.0000000000E+00    0.2160822487E-14    0.2160822487E-14    0.1000000000E+01
    1    0.1240000000E+02    0.5805696766E+00    0.4644557413E+00   -0.3528762008E+00    0.0000000000E+00    0.0000000000E+00    0.0000000000E+00    0.0000000000E+00    0.0000000000E+00    0.0000000000E+00    0.5823197847E-14    0.5823197847E-14    0.1000000000E+01
    2    0.1240000000E+02   -0.2322278706E+00    0.4644557413E+00   -0.4612833754E+00    0.0000000000E+00    0.0000000000E+00    0.0000000000E+00    0.0000000000E+00    0.0000000000E+00    0.0000000000E+00    0.1240650040E-13    0.1240650040E-13    0.1000000000E+01
    3    0.1240000000E+02   -0.2322278706E+00   -0.3483418059E+00    0.2869149433E+00    0.0000000000E+00    0.0000000000E+00    0.0000000000E+00    0.0000000000E+00    0.0000000000E+00    0.0000000000E+00    0.2420610799E-13    0.2420610799E-13    0.1000000000E+01
    4    0.1240000000E+02    0.5805696766E+00   -0.3483418059E+00    0.3435859180E+00    0.0000000000E+00    0.0000000000E+00    0.0000000000E+00    0.0000000000E+00    0.0000000000E+00    0.0000000000E+00    0.1104767630E-13    0.1104767630E-13    0.1000000000E+01
    1    0.1265833333E+02    0.5805696766E+00    0.4644557413E+00   -0.4256069183E+00    0.0000000000E+00    0.0000000000E+00    0.0000000000E+00    0.0000000000E+00    0.0000000000E+00    0.0000000000E+00    0.5947268981E-14    0.5947268981E-14    0.1000000000E+01
    2    0.1265833333E+02   -0.2322278706E+00    0.4644557413E+00   -0.5287016129E+00    0.0000000000E+00    0.0000000000E+00    0.0000000000E+00    0.0000000000E+00    0.0000000000E+00    0.0000000000E+00    0.1662579827E-14    0.1662579827E-14    0.1000000000E+01
    3    0.1265833333E+02    0.5805696766E+00   -0.3483418059E+00    0.2561852990E+00    0.0000000000E+00    0.0000000000E+00    0.0000000000E+00    0.0000000000E+00    0.0000000000E+00    0.0000000000E+00    0.1483653310E-12    0.1483653310E-12    0.1000000000E+01
    4    0.1265833333E+02   -0.2322278706E+00   -0.3483418059E+00    0.2133890496E+00    0.0000000000E+00    0.0000000000E+00    0.0000000000E+00    0.0000000000E+00    0.0000000000E+00    0.0000000000E+00    0.1460158744E-13    0.1460158744E-13    0.1000000000E+01
    1    0.1291666667E+02   -0.2322278706E+00    0.4644557413E+00    0.5520844361E+00    0.0000000000E+00    0.0000000000E+00    0.0000000000E+00    0.0000000000E+00    0.0000000000E+00    0.0000000000E+00    0.2588152314E-13    0.2588152314E-13    0.1000000000E+01
    2    0.1291666667E+02    0.5805696766E+00    0.4644557413E+00   -0.4992158198E+00    0.0000000000E+00    0.0000000000E+00    0.0000000000E+00    0.0000000000E+00    0.0000000000E+00    0.0000000000E+00    0.1125385785E-14    0.1125385785E-14    0.1000000000E+01
    3    0.1291666667E+02    0.5805696766E+00   -0.3483418059E+00    0.1097509740E+00    0.0000000000E+00    0.0000000000E+00    0.0000000000E+00    0.0000000000E+00    0.0000000000E+00    0.0000000000E+00    0.2663019652E-10    0.2663019652E-10    0.1000000000E+01
    4    0.1291666667E+02   -0.2322278706E+00   -0.3483418059E+00    0.1129991173E+00    0.0000000000E+00    0.0000000000E+00    0.0000000000E+00    0.0000000000E+00    0.0000000000E+00    0.0000000000E+00    0.3693064156E-11    0.3693064156E-11    0.1000000000E+01
    1    0.1317500000E+02   -0.2322278706E+00    0.4644557413E+00    0.4798702231E+00    0.0000000000E+00    0.0000000000E+00    0.0000000000E+00    0.0000000000E+00    0.0000000000E+00    0.0000000000E+00    0.2783913060E-15    0.2783913078E-15    0.9999999937E+00
    2    0.1317500000E+02    0.5805696766E+00    0.4644557413E+00   -0.5735972655E+00    0.0000000000E+00    0.0000000000E+00    0.0000000000E+00    0.0000000000E+00    0.0000000000E+00    0.0000000000E+00    0.1942478996E-10    0.1942478996E-10    0.1000000000E+01
    1    0.1343333333E+02    0.5805696766E+00    0.4644557413E+00    0.5029690922E+00    0.0000000000E+00    0.0000000000E+00    0.0000000000E+00    0.0000000000E+00    0.0000000000E+00    0.0000000000E+00    0.1547433480E-12    0.1547433480E-12    0.1000000000E+01
    2    0.1343333333E+02   -0.2322278706E+00    0.4644557413E+00    0.4004199892E+00    0.0000000000E+00    0.0000000000E+00    0.0000000000E+00    0.0000000000E+00    0.0000000000E+00    0.0000000000E+00    0.1970020593E-13    0.1970020595E-13    0.9999999990E+00
    3    0.1343333333E+02   -0.2322278706E+00   -0.3483418059E+00   -0.3448532710E+00    0.0000000000E+00    0.0000000000E+00    0.0000000000E+00    0.0000000000E+00    0.0000000000E+00    0.0000000000E+00    0.6767268874E-10    0.6767268874E-10    0.1000000000E+01
    4    0.1343333333E+02   -0.2322278706E+00   -0.3483418059E+00    0.9611839242E-01    0.0000000000E+00    0.0000000000E+00    0.0000000000E+00    0.0000000000E+00    0.0000000000E+00    0.0000000000E+00    0.1689448728E-09    0.1689448728E-09    0.1000000000E+01
    5    0.1343333333E+02   -0.2322278706E+00   -0.3483418059E+00    0.6421316719E-01    0.0000000000E+00    0.0000000000E+00    0.0000000000E+00    0.0000000000E+00    0.0000000000E+00    0.0000000000E+00    0.5495753081E-09    0.5495753081E-09    0.1000000000E+01
    6    0.1343333333E+02    0.5805696766E+00    0.4644557413E+00   -0.2266216807E+00    0.0000000000E+00    0.0000000000E+00    0.0000000000E+00    0.0000000000E+00    0.0000000000E+00    0.0000000000E+00    0.2285474957E-11    0.2285474957E-11    0.1000000000E+01
    7    0.1343333333E+02   -0.2322278706E+00    0.4644557413E+00   -0.1689893727E+00    0.0000000000E+00    0.0000000000E+00    0.0000000000E+00    0.0000000000E+00    0.0000000000E+00    0.0000000000E+00    0.1874124875E-11    0.1874124875E-11    0.1000000000E+01
    8    0.1343333333E+02   -0.2322278706E+00   -0.3483418059E+00   -0.1530006722E+00    0.0000000000E+00    0.0000000000E+00    0.0000000000E+00    0.0000000000E+00    0.0000000000E+00    0.0000000000E+00    0.6333343115E-09    0.6333343115E-09    0.1000000000E+01
    1    0.1369166667E+02   -0.2322278706E+00    0.4644557413E+00    0.3041447376E+00    0.0000000000E+00    0.0000000000E+00    0.0000000000E+00    0.0000000000E+00    0.0000000000E+00    0.0000000000E+00    0.7971813287E-13    0.7971813296E-13    0.9999999989E+00
    2    0.1369166667E+02    0.5805696766E+00    0.4644557413E+00    0.4258575997E+00    0.0000000000E+00    0.0000000000E+00    0.0000000000E+00    0.0000000000E+00    0.0000000000E+00    0.0000000000E+00    0.1248675880E-11    0.1248675880E-11    0.1000000000E+01
    3    0.1369166667E+02    0.5805696766E+00   -0.3483418059E+00   -0.4626634772E+00    0.0000000000E+00    0.0000000000E+00    0.0000000000E+00    0.0000000000E+00    0.0000000000E+00    0.0000000000E+00    0.1553501353E-08    0.1553501353E-08    0.1000000000E+01
    4    0.1369166667E+02    0.5805696766E+00    0.4644557413E+00   -0.4214815731E+00    0.0000000000E+00    0.0000000000E+00    0.0000000000E+00    0.0000000000E+00    0.0000000000E+00    0.0000000000E+00    0.1755403798E-11    0.1755403798E-11    0.1000000000E+01
    5    0.1369166667E+02   -0.2322278706E+00    0.4644557413E+00   -0.3651545595E+00    0.0000000000E+00    0.0000000000E+00    0.0000000000E+00    0.0000000000E+00    0.0000000000E+00    0.0000000000E+00    0.1391882799E-12    0.1391882799E-12    0.1000000000E+01
    6    0.1369166667E+02    0.5805696766E+00   -0.3483418059E+00   -0.3043418333E+00    0.0000000000E+00    0.0000000000E+00    0.0000000000E+00    0.0000000000E+00    0.0000000000E+00    0.0000000000E+00    0.2955580366E-10    0.2955580366E-10    0.1000000000E+01
    7    0.1369166667E+02   -0.2322278706E+00   -0.3483418059E+00   -0.1456139704E+00    0.0000000000E+00    0.0000000000E+00    0.0000000000E+00    0.0000000000E+00    0.0000000000E+00    0.0000000000E+00    0.4565190892E-12    0.4565190892E-12    0.1000000000E+01
    8    0.1369166667E+02   -0.2322278706E+00   -0.3483418059E+00   -0.8619714321E-01    0.0000000000E+00    0.0000000000E+00    0.0000000000E+00    0.0000000000E+00    0.0000000000E+00    0.0000000000E+00    0.2136356037E-10    0.2136356037E-10    0.1000000000E+01
    9    0.1369166667E+02    0.5805696766E+00   -0.3483418059E+00   -0.8955601337E-02    0.0000000000E+00    0.0000000000E+00    0.0000000000E+00    0.0000000000E+00    0.0000000000E+00    0.0000000000E+00    0.1695239127E-07    0.1695239127E-07    0.1000000000E+01
    1    0.1395000000E+02   -0.2322278706E+00    0.4644557413E+00    0.1145665436E+00    0.0000000000E+00    0.0000000000E+00    0.0000000000E+00    0.0000000000E+00    0.0000000000E+00    0.0000000000E+00    0.9074709705E-10    0.9074709705E-10    0.1000000000E+01
    2    0.1395000000E+02    0.5805696766E+00    0.4644557413E+00    0.3401236076E+00    0.0000000000E+00    0.0000000000E+00    0.0000000000E+00    0.0000000000E+00    0.0000000000E+00    0.0000000000E+00    0.1140888119E-12    0.1140888119E-12    0.1000000000E+01
    3    0.1395000000E+02    0.5805696766E+00   -0.3483418059E+00   -0.2199117083E+00    0.0000000000E+00    0.0000000000E+00    0.0000000000E+00    0.0000000000E+00    0.0000000000E+00    0.0000000000E+00    0.1289710741E-11    0.1289710741E-11    0.1000000000E+01
    4    0.1395000000E+02   -0.2322278706E+00    0.4644557413E+00   -0.2825249339E+00    0.0000000000E+00    0.0000000000E+00    0.0000000000E+00    0.0000000000E+00    0.0000000000E+00    0.0000000000E+00    0.6948253904E-11    0.6948253904E-11    0.1000000000E+01
    5    0.1395000000E+02    0.5805696766E+00   -0.3483418059E+00   -0.3198572595E+00    0.0000000000E+00    0.0000000000E+00    0.0000000000E+00    0.0000000000E+00    0.0000000000E+00    0.0000000000E+00    0.9212263006E-12    0.9212263011E-12    0.9999999995E+00
    6    0.1395000000E+02    0.5805696766E+00    0.4644557413E+00   -0.4022050880E+00    0.5805696766E+00    0.4644557413E+00    0.7472642271E+00   -0.2926887159E+00   -0.5019368081E+00   -0.6793294446E+00    0.1484004556E-12    0.1484004557E-12    0.9999999991E+00
    7    0.1395000000E+02   -0.2322278706E+00    0.4644557413E+00   -0.5369617089E+00    0.0000000000E+00    0.0000000000E+00    0.0000000000E+00    0.0000000000E+00    0.0000000000E+00    0.0000000000E+00    0.1502229884E-11    0.1502229884E-11    0.1000000000E+01
    1    0.1420833333E+02    0.5805696766E+00    0.4644557413E+00    0.2248909123E+00    0.0000000000E+00    0.0000000000E+00    0.0000000000E+00    0.0000000000E+00    0.0000000000E+00    0.0000000000E+00    0.3862355406E-12    0.3862355406E-12    0.1000000000E+01
    2    0.1420833333E+02    0.5805696766E+00    0.4644557413E+00    0.5180031768E+00    0.0000000000E+00    0.0000000000E+00    0.0000000000E+00    0.0000000000E+00    0.0000000000E+00    0.0000000000E+00    0.6571482110E-12    0.6571482110E-12    0.1000000000E+01
    3    0.1420833333E+02   -0.2322278706E+00    0.4644557413E+00    0.3581054318E+00    0.0000000000E+00    0.0000000000E+00    0.0000000000E+00    0.0000000000E+00    0.0000000000E+00    0.0000000000E+00    0.5204634036E-11    0.5204634036E-11    0.1000000000E+01
    4    0.1420833333E+02   -0.2322278706E+00    0.4644557413E+00    0.4516501300E+00    0.0000000000E+00    0.0000000000E+00    0.0000000000E+00    0.0000000000E+00    0.0000000000E+00    0.0000000000E+00    0.2491647670E-11    0.2491647670E-11    0.1000000000E+01
    5    0.1420833333E+02    0.5805696766E+00    0.4644557413E+00    0.4055310289E+00    0.0000000000E+00    0.0000000000E+00    0.0000000000E+00    0.0000000000E+00    0.0000000000E+00    0.0000000000E+00    0.4479454396E-12    0.4479454396E-12    0.1000000000E+01
    1    0.1446666667E+02    0.5805696766E+00    0.4644557413E+00    0.1327683332E+00    0.0000000000E+00    0.0000000000E+00    0.0000000000E+00    0.0000000000E+00    0.0000000000E+00    0.0000000000E+00    0.7922366841E-11    0.7922366841E-11    0.1000000000E+01
    2    0.1446666667E+02    0.5805696766E+00    0.4644557413E+00    0.2563635185E+00    0.0000000000E+00    0.0000000000E+00    0.0000000000E+00    0.0000000000E+00    0.0000000000E+00    0.0000000000E+00    0.4986493935E-12    0.4986493935E-12    0.1000000000E+01
