    1    0.2066666667E+01    0.1161139353E+00    0.1161139353E+00   -0.5677792645E-01    0.0000000000E+00    0.0000000000E+00    0.0000000000E+00    0.0000000000E+00    0.0000000000E+00    0.0000000000E+00    0.2810611346E-12    0.2810611346E-12    0.1000000000E+01
    1    0.2325000000E+01    0.1161139353E+00    0.1161139353E+00    0.9290267675E-01    0.0000000000E+00    0.0000000000E+00    0.0000000000E+00    0.0000000000E+00    0.0000000000E+00    0.0000000000E+00    0.3363864245E-11    0.3363864245E-11    0.1000000000E+01
    2    0.2325000000E+01    0.1161139353E+00    0.1161139353E+00   -0.2501475686E+00    0.0000000000E+00    0.0000000000E+00    0.0000000000E+00    0.0000000000E+00    0.0000000000E+00    0.0000000000E+00    0.1460665024E-11    0.1460665024E-11    0.1000000000E+01
    3    0.2325000000E+01    0.1161139353E+00    0.1161139353E+00   -0.1245323153E+00    0.0000000000E+00    0.0000000000E+00    0.0000000000E+00    0.0000000000E+00    0.0000000000E+00    0.0000000000E+00    0.1322884209E-12    0.1322884209E-12    0.1000000000E+01
    1    0.2583333333E+01    0.1161139353E+00    0.1161139353E+00   -0.3540079615E+00    0.0000000000E+00    0.0000000000E+00    0.0000000000E+00    0.0000000000E+00    0.0000000000E+00    0.0000000000E+00    0.8498638934E-16    0.8498638934E-16    0.1000000000E+01
    2    0.2583333333E+01    0.1161139353E+00    0.1161139353E+00   -0.1740650174E+00    0.0000000000E+00    0.0000000000E+00    0.0000000000E+00    0.0000000000E+00    0.0000000000E+00    0.0000000000E+00    0.1171684306E-14    0.1171684306E-14    0.1000000000E+01
    1    0.2841666667E+01    0.1161139353E+00    0.1161139353E+00   -0.4165067728E+00    0.0000000000E+00    0.0000000000E+00    0.0000000000E+00    0.0000000000E+00    0.0000000000E+00    0.0000000000E+00    0.1575451439E-15    0.1575451439E-15    0.1000000000E+01
    2    0.2841666667E+01    0.1161139353E+00    0.1161139353E+00   -0.2174651451E+00    0.0000000000E+00    0.0000000000E+00    0.0000000000E+00    0.0000000000E+00    0.0000000000E+00    0.0000000000E+00    0.1647695253E-14    0.1647695253E-14    0.1000000000E+01
    1    0.3100000000E+01    0.1161139353E+00    0.1161139353E+00   -0.4687547896E+00    0.0000000000E+00    0.0000000000E+00    0.0000000000E+00    0.0000000000E+00    0.0000000000E+00    0.0000000000E+00    0.7478922036E-15    0.7478922036E-15    0.1000000000E+01
    2    0.3100000000E+01    0.1161139353E+00    0.1161139353E+00   -0.2590053633E+00    0.0000000000E+00    0.0000000000E+00    0.0000000000E+00    0.0000000000E+00    0.0000000000E+00    0.0000000000E+00    0.6054998506E-14    0.6054998506E-14    0.1000000000E+01
    1    0.3358333333E+01    0.1161139353E+00   -0.6966836119E+00    0.2078116864E+00    0.0000000000E+00    0.0000000000E+00    0.0000000000E+00    0.0000000000E+00    0.0000000000E+00    0.0000000000E+00    0.1320699200E-10    0.1320699201E-10    0.9999999999E+00
    2    0.3358333333E+01    0.1161139353E+00    0.1161139353E+00   -0.5167446598E+00    0.0000000000E+00    0.0000000000E+00    0.0000000000E+00    0.0000000000E+00    0.0000000000E+00    0.0000000000E+00    0.1638507011E-14    0.1638507011E-14    0.9999999999E+00
    3    0.3358333333E+01    0.1161139353E+00    0.1161139353E+00   -0.3004557589E+00    0.0000000000E+00    0.0000000000E+00    0.0000000000E+00    0.0000000000E+00    0.0000000000E+00    0.0000000000E+00    0.6497145619E-14    0.6497145619E-14    0.1000000000E+01
    4    0.3358333333E+01    0.1161139353E+00   -0.6966836119E+00   -0.2836602702E+00    0.0000000000E+00    0.0000000000E+00    0.0000000000E+00    0.0000000000E+00    0.0000000000E+00    0.0000000000E+00    0.1312942813E-10    0.1312942814E-10    0.9999999996E+00
    1    0.3616666667E+01    0.1161139353E+00    0.1161139353E+00   -0.3431416233E+00    0.0000000000E+00    0.0000000000E+00    0.0000000000E+00    0.0000000000E+00    0.0000000000E+00    0.0000000000E+00    0.2672293971E-14    0.2672293972E-14    0.9999999997E+00
    2    0.3616666667E+01    0.1161139353E+00   -0.6966836119E+00   -0.5545612033E+00    0.0000000000E+00    0.0000000000E+00    0.0000000000E+00    0.0000000000E+00    0.0000000000E+00    0.0000000000E+00    0.1534670675E-10    0.1534670675E-10    0.1000000000E+01
    3    0.3616666667E+01   -0.6966836119E+00    0.1161139353E+00   -0.5574963636E+00   -0.6966836119E+00    0.1161139353E+00    0.5919729514E+00    0.2007103223E+01    0.4833372865E+01    0.3407372653E+01    0.2370993181E-10    0.2370993181E-10    0.1000000000E+01
    4    0.3616666667E+01    0.1161139353E+00    0.1161139353E+00   -0.5634643957E+00    0.0000000000E+00    0.0000000000E+00    0.0000000000E+00    0.0000000000E+00    0.0000000000E+00    0.0000000000E+00    0.2136667505E-13    0.2136667505E-13    0.1000000000E+01
    1    0.3875000000E+01    0.1161139353E+00    0.1161139353E+00   -0.3884683479E+00    0.0000000000E+00    0.0000000000E+00    0.0000000000E+00    0.0000000000E+00    0.0000000000E+00    0.0000000000E+00    0.3638134528E-15    0.3638134528E-15    0.1000000000E+01
    2    0.3875000000E+01    0.1161139353E+00    0.1161139353E+00    0.5401351979E+00    0.0000000000E+00    0.0000000000E+00    0.0000000000E+00    0.0000000000E+00    0.0000000000E+00    0.0000000000E+00    0.4237911280E-14    0.4237911280E-14    0.1000000000E+01
    3    0.3875000000E+01   -0.6966836119E+00    0.1161139353E+00    0.4491982156E+00    0.0000000000E+00    0.0000000000E+00    0.0000000000E+00    0.0000000000E+00    0.0000000000E+00    0.0000000000E+00    0.5030157960E-14    0.5030157960E-14    0.1000000000E+01
    4    0.3875000000E+01    0.1161139353E+00   -0.6966836119E+00    0.4536518859E+00    0.0000000000E+00    0.0000000000E+00    0.0000000000E+00    0.0000000000E+00    0.0000000000E+00    0.0000000000E+00    0.1692571387E-14    0.1692571387E-14    0.1000000000E+01
    1    0.4133333333E+01    0.1161139353E+00    0.1161139353E+00   -0.5145892187E-01    0.0000000000E+00    0.0000000000E+00    0.0000000000E+00    0.0000000000E+00    0.0000000000E+00    0.0000000000E+00    0.1566199874E-11    0.1566199874E-11    0.1000000000E+01
    2    0.4133333333E+01    0.1161139353E+00    0.1161139353E+00   -0.4384230426E+00    0.0000000000E+00    0.0000000000E+00    0.0000000000E+00    0.0000000000E+00    0.0000000000E+00    0.0000000000E+00    0.5375982739E-14    0.5375982742E-14    0.9999999996E+00
    3    0.4133333333E+01    0.1161139353E+00   -0.6966836119E+00   -0.4097064878E+00    0.0000000000E+00    0.0000000000E+00    0.0000000000E+00    0.0000000000E+00    0.0000000000E+00    0.0000000000E+00    0.2476240866E-09    0.2476240866E-09    0.1000000000E+01
    4    0.4133333333E+01    0.1161139353E+00    0.1161139353E+00    0.4916447468E+00    0.0000000000E+00    0.0000000000E+00    0.0000000000E+00    0.0000000000E+00    0.0000000000E+00    0.0000000000E+00    0.6899074925E-13    0.6899074925E-13    0.1000000000E+01
    5    0.4133333333E+01    0.1161139353E+00   -0.6966836119E+00    0.3962874769E+00    0.0000000000E+00    0.0000000000E+00    0.0000000000E+00    0.0000000000E+00    0.0000000000E+00    0.0000000000E+00    0.2440824341E-09    0.2440824341E-09    0.1000000000E+01
    6    0.4133333333E+01   -0.6966836119E+00    0.1161139353E+00    0.3644893006E+00    0.0000000000E+00    0.0000000000E+00    0.0000000000E+00    0.0000000000E+00    0.0000000000E+00    0.0000000000E+00    0.2543254922E-14    0.2543254924E-14    0.9999999990E+00
    7    0.4133333333E+01    0.1161139353E+00   -0.6966836119E+00    0.3684685459E+00    0.0000000000E+00    0.0000000000E+00    0.0000000000E+00    0.0000000000E+00    0.0000000000E+00    0.0000000000E+00    0.4306378845E-11    0.4306378845E-11    0.1000000000E+01
    1    0.4391666667E+01    0.1161139353E+00    0.1161139353E+00    0.4391325348E+00    0.0000000000E+00    0.0000000000E+00    0.0000000000E+00    0.0000000000E+00    0.0000000000E+00    0.0000000000E+00    0.7269750447E-14    0.7271552748E-14    0.9997521435E+00
    2    0.4391666667E+01    0.1161139353E+00    0.1161139353E+00   -0.4965532761E+00    0.0000000000E+00    0.0000000000E+00    0.0000000000E+00    0.0000000000E+00    0.0000000000E+00    0.0000000000E+00    0.1195327872E-13    0.1195344995E-13    0.9999856756E+00
    3    0.4391666667E+01   -0.6966836119E+00    0.1161139353E+00   -0.5370877485E+00    0.0000000000E+00    0.0000000000E+00    0.0000000000E+00    0.0000000000E+00    0.0000000000E+00    0.0000000000E+00    0.2356745101E-13    0.2356755786E-13    0.9999954664E+00
    4    0.4391666667E+01    0.1161139353E+00   -0.6966836119E+00   -0.5358639000E+00    0.0000000000E+00    0.0000000000E+00    0.0000000000E+00    0.0000000000E+00    0.0000000000E+00    0.0000000000E+00    0.5992006515E-14    0.6000401215E-14    0.9986009769E+00
    5    0.4391666667E+01   -0.6966836119E+00   -0.6966836119E+00   -0.1588158586E+00   -0.6966836119E+00    0.9289114825E+00   -0.1588158586E+00    0.2814475097E+00    0.2790578927E+00   -0.1527733424E+00    0.5164043938E-13    0.5170228224E-13    0.9988038660E+00
    6    0.4391666667E+01    0.1161139353E+00    0.1161139353E+00   -0.1315351450E+00    0.0000000000E+00    0.0000000000E+00    0.0000000000E+00    0.0000000000E+00    0.0000000000E+00    0.0000000000E+00    0.3398109002E-13    0.3398223553E-13    0.9999662909E+00
    7    0.4391666667E+01   -0.6966836119E+00   -0.6966836119E+00   -0.1132586868E+00    0.0000000000E+00    0.0000000000E+00    0.0000000000E+00    0.0000000000E+00    0.0000000000E+00    0.0000000000E+00    0.5069011026E-12    0.5069016928E-12    0.9999988357E+00
    8    0.4391666667E+01   -0.6966836119E+00    0.1161139353E+00    0.2927900662E+00    0.0000000000E+00    0.0000000000E+00    0.0000000000E+00    0.0000000000E+00    0.0000000000E+00    0.0000000000E+00    0.9410299163E-13    0.9410300709E-13    0.9999998358E+00
    9    0.4391666667E+01    0.1161139353E+00   -0.6966836119E+00    0.2952589772E+00    0.0000000000E+00    0.0000000000E+00    0.0000000000E+00    0.0000000000E+00    0.0000000000E+00    0.0000000000E+00    0.4011332171E-13    0.4011705388E-13    0.9999069679E+00
   10    0.4391666667E+01   -0.6966836119E+00    0.1161139353E+00    0.1905722912E+00    0.0000000000E+00    0.0000000000E+00    0.0000000000E+00    0.0000000000E+00    0.0000000000E+00    0.0000000000E+00    0.6000015769E-13    0.6000016630E-13    0.9999998566E+00
   11    0.4391666667E+01    0.1161139353E+00   -0.6966836119E+00    0.1885973383E+00    0.0000000000E+00    0.0000000000E+00    0.0000000000E+00    0.0000000000E+00    0.0000000000E+00    0.0000000000E+00    0.3550406023E-13    0.3550431528E-13    0.9999928165E+00
    1    0.4650000000E+01   -0.6966836119E+00   -0.6966836119E+00   -0.2356724339E+00    0.0000000000E+00    0.0000000000E+00    0.0000000000E+00    0.0000000000E+00    0.0000000000E+00    0.0000000000E+00    0.5234555478E-13    0.5234555478E-13    0.1000000000E+01
    2    0.4650000000E+01   -0.6966836119E+00   -0.6966836119E+00   -0.2026927431E+00    0.0000000000E+00    0.0000000000E+00    0.0000000000E+00    0.0000000000E+00    0.0000000000E+00    0.0000000000E+00    0.1199139905E-12    0.1199139905E-12    0.9999999996E+00
    3    0.4650000000E+01    0.1161139353E+00    0.1161139353E+00   -0.1850456779E+00    0.0000000000E+00    0.0000000000E+00    0.0000000000E+00    0.0000000000E+00    0.0000000000E+00    0.0000000000E+00    0.1041548298E-13    0.1041548298E-13    0.9999999999E+00
    4    0.4650000000E+01   -0.6966836119E+00   -0.6966836119E+00   -0.4876435235E+00    0.0000000000E+00    0.0000000000E+00    0.0000000000E+00    0.0000000000E+00    0.0000000000E+00    0.0000000000E+00    0.1047173488E-12    0.1047173488E-12    0.1000000000E+01
    5    0.4650000000E+01    0.1161139353E+00    0.1161139353E+00    0.3784164954E+00    0.0000000000E+00    0.0000000000E+00    0.0000000000E+00    0.0000000000E+00    0.0000000000E+00    0.0000000000E+00    0.1375528972E-13    0.1375528972E-13    0.9999999996E+00
    6    0.4650000000E+01    0.1161139353E+00    0.1161139353E+00   -0.5726717157E+00    0.0000000000E+00    0.0000000000E+00    0.0000000000E+00    0.0000000000E+00    0.0000000000E+00    0.0000000000E+00    0.1530214953E-11    0.1530214953E-11    0.1000000000E+01
    7    0.4650000000E+01   -0.6966836119E+00    0.1161139353E+00    0.5439360427E+00    0.0000000000E+00    0.0000000000E+00    0.0000000000E+00    0.0000000000E+00    0.0000000000E+00    0.0000000000E+00    0.3105368763E-14    0.3105368774E-14    0.9999999964E+00
    8    0.4650000000E+01    0.1161139353E+00   -0.6966836119E+00    0.5451223374E+00    0.0000000000E+00    0.0000000000E+00    0.0000000000E+00    0.0000000000E+00    0.0000000000E+00    0.0000000000E+00    0.1776801941E-14    0.1776801950E-14    0.9999999947E+00
    9    0.4650000000E+01   -0.6966836119E+00   -0.6966836119E+00    0.1728619014E+00   -0.6966836119E+00   -0.6966836119E+00    0.1728619014E+00   -0.3236152378E-01   -0.1753205859E-01    0.3392519533E+01    0.2076622800E-12    0.2076622800E-12    0.1000000000E+01
   10    0.4650000000E+01   -0.6966836119E+00    0.1161139353E+00    0.2173201910E+00    0.0000000000E+00    0.0000000000E+00    0.0000000000E+00    0.0000000000E+00    0.0000000000E+00    0.0000000000E+00    0.1012957409E-13    0.1012957410E-13    0.9999999991E+00
   11    0.4650000000E+01    0.1161139353E+00   -0.6966836119E+00    0.2191494497E+00    0.0000000000E+00    0.0000000000E+00    0.0000000000E+00    0.0000000000E+00    0.0000000000E+00    0.0000000000E+00    0.6662389061E-14    0.6662389063E-14    0.9999999998E+00
    1    0.4908333333E+01    0.1161139353E+00    0.1161139353E+00   -0.2311161482E+00    0.0000000000E+00    0.0000000000E+00    0.0000000000E+00    0.0000000000E+00    0.0000000000E+00    0.0000000000E+00    0.1016162247E-13    0.1016162248E-13    0.9999999989E+00
    2    0.4908333333E+01   -0.6966836119E+00   -0.6966836119E+00   -0.2863203666E+00    0.0000000000E+00    0.0000000000E+00    0.0000000000E+00    0.0000000000E+00    0.0000000000E+00    0.0000000000E+00    0.2403650564E-12    0.2403650564E-12    0.1000000000E+01
    3    0.4908333333E+01   -0.6966836119E+00   -0.6966836119E+00   -0.2993813841E+00    0.0000000000E+00    0.0000000000E+00    0.0000000000E+00    0.0000000000E+00    0.0000000000E+00    0.0000000000E+00    0.3644819041E-13    0.3644819041E-13    0.1000000000E+01
    4    0.4908333333E+01   -0.6966836119E+00   -0.6966836119E+00    0.5603926386E+00    0.0000000000E+00    0.0000000000E+00    0.0000000000E+00    0.0000000000E+00    0.0000000000E+00    0.0000000000E+00    0.9010638118E-12    0.9010638118E-12    0.1000000000E+01
    5    0.4908333333E+01    0.1161139353E+00    0.1161139353E+00    0.2987077236E+00    0.0000000000E+00    0.0000000000E+00    0.0000000000E+00    0.0000000000E+00    0.0000000000E+00    0.0000000000E+00    0.8129188940E-14    0.8129189012E-14    0.9999999912E+00
    6    0.4908333333E+01    0.1161139353E+00    0.1161139353E+00    0.4385049269E+00    0.0000000000E+00    0.0000000000E+00    0.0000000000E+00    0.0000000000E+00    0.0000000000E+00    0.0000000000E+00    0.5399575911E-13    0.5399575912E-13    0.9999999998E+00
    7    0.4908333333E+01   -0.6966836119E+00    0.1161139353E+00    0.4796405650E+00    0.0000000000E+00    0.0000000000E+00    0.0000000000E+00    0.0000000000E+00    0.0000000000E+00    0.0000000000E+00    0.1827938558E-13    0.1827938558E-13    0.9999999998E+00
    8    0.4908333333E+01    0.1161139353E+00   -0.6966836119E+00    0.4807491348E+00    0.0000000000E+00    0.0000000000E+00    0.0000000000E+00    0.0000000000E+00    0.0000000000E+00    0.0000000000E+00    0.4424773702E-13    0.4424773702E-13    0.9999999999E+00
    9    0.4908333333E+01   -0.6966836119E+00   -0.6966836119E+00    0.8366762785E-01    0.0000000000E+00    0.0000000000E+00    0.0000000000E+00    0.0000000000E+00    0.0000000000E+00    0.0000000000E+00    0.5428243366E-13    0.5428243367E-13    0.1000000000E+01
   10    0.4908333333E+01   -0.6966836119E+00    0.1161139353E+00    0.1214285407E+00    0.0000000000E+00    0.0000000000E+00    0.0000000000E+00    0.0000000000E+00    0.0000000000E+00    0.0000000000E+00    0.6267883701E-12    0.6267883701E-12    0.1000000000E+01
   11    0.4908333333E+01    0.1161139353E+00   -0.6966836119E+00    0.1224580473E+00    0.0000000000E+00    0.0000000000E+00    0.0000000000E+00    0.0000000000E+00    0.0000000000E+00    0.0000000000E+00    0.4571380339E-12    0.4571380339E-12    0.9999999999E+00
    1    0.5166666667E+01   -0.6966836119E+00   -0.6966836119E+00   -0.3577509739E+00    0.0000000000E+00    0.0000000000E+00    0.0000000000E+00    0.0000000000E+00    0.0000000000E+00    0.0000000000E+00    0.3893020490E-14    0.3893020490E-14    0.1000000000E+01
    2    0.5166666667E+01    0.1161139353E+00    0.1161139353E+00   -0.2733266025E+00    0.0000000000E+00    0.0000000000E+00    0.0000000000E+00    0.0000000000E+00    0.0000000000E+00    0.0000000000E+00    0.1152734236E-15    0.1152734354E-15    0.9999998975E+00
    3    0.5166666667E+01   -0.6966836119E+00   -0.6966836119E+00    0.1039292477E-01    0.0000000000E+00    0.0000000000E+00    0.0000000000E+00    0.0000000000E+00    0.0000000000E+00    0.0000000000E+00    0.2123088295E-13    0.2123088295E-13    0.1000000000E+01
    4    0.5166666667E+01   -0.6966836119E+00    0.1161139353E+00    0.4142231282E+00    0.0000000000E+00    0.0000000000E+00    0.0000000000E+00    0.0000000000E+00    0.0000000000E+00    0.0000000000E+00    0.1872404072E-15    0.1872404109E-15    0.9999999803E+00
    5    0.5166666667E+01    0.1161139353E+00   -0.6966836119E+00    0.4148174700E+00    0.0000000000E+00    0.0000000000E+00    0.0000000000E+00    0.0000000000E+00    0.0000000000E+00    0.0000000000E+00    0.1466708015E-15    0.1466708544E-15    0.9999996395E+00
    1    0.5425000000E+01   -0.6966836119E+00   -0.6966836119E+00   -0.4148985236E+00    0.0000000000E+00    0.0000000000E+00    0.0000000000E+00    0.0000000000E+00    0.0000000000E+00    0.0000000000E+00    0.1073854601E-13    0.1073854708E-13    0.9999999003E+00
    2    0.5425000000E+01    0.1161139353E+00    0.1161139353E+00   -0.3134468950E+00    0.0000000000E+00    0.0000000000E+00    0.0000000000E+00    0.0000000000E+00    0.0000000000E+00    0.0000000000E+00    0.4897895257E-16    0.4897895369E-16    0.9999999773E+00
    3    0.5425000000E+01   -0.6966836119E+00   -0.6966836119E+00   -0.5786071979E-01    0.0000000000E+00    0.0000000000E+00    0.0000000000E+00    0.0000000000E+00    0.0000000000E+00    0.0000000000E+00    0.7141179905E-14    0.7141179939E-14    0.9999999952E+00
    4    0.5425000000E+01   -0.6966836119E+00    0.1161139353E+00    0.3437136104E+00    0.0000000000E+00    0.0000000000E+00    0.0000000000E+00    0.0000000000E+00    0.0000000000E+00    0.0000000000E+00    0.2129771809E-16    0.2129772356E-16    0.9999997432E+00
    5    0.5425000000E+01    0.1161139353E+00   -0.6966836119E+00    0.3433822364E+00    0.0000000000E+00    0.0000000000E+00    0.0000000000E+00    0.0000000000E+00    0.0000000000E+00    0.0000000000E+00    0.9898137923E-15    0.9898157124E-15    0.9999980601E+00
    1    0.5683333333E+01   -0.6966836119E+00   -0.6966836119E+00   -0.4739596267E+00    0.0000000000E+00    0.0000000000E+00    0.0000000000E+00    0.0000000000E+00    0.0000000000E+00    0.0000000000E+00    0.4437096458E-13    0.4437096458E-13    0.1000000000E+01
    2    0.5683333333E+01    0.1161139353E+00    0.1161139353E+00   -0.3521449684E+00    0.0000000000E+00    0.0000000000E+00    0.0000000000E+00    0.0000000000E+00    0.0000000000E+00    0.0000000000E+00    0.9379787122E-16    0.9379787138E-16    0.9999999983E+00
    3    0.5683333333E+01   -0.6966836119E+00   -0.6966836119E+00   -0.1264227146E+00    0.0000000000E+00    0.0000000000E+00    0.0000000000E+00    0.0000000000E+00    0.0000000000E+00    0.0000000000E+00    0.3176869311E-13    0.3176869311E-13    0.1000000000E+01
    4    0.5683333333E+01   -0.6966836119E+00    0.1161139353E+00    0.2622661742E+00    0.0000000000E+00    0.0000000000E+00    0.0000000000E+00    0.0000000000E+00    0.0000000000E+00    0.0000000000E+00    0.1005294738E-13    0.1005294738E-13    0.9999999999E+00
    5    0.5683333333E+01    0.1161139353E+00   -0.6966836119E+00    0.2607262718E+00    0.0000000000E+00    0.0000000000E+00    0.0000000000E+00    0.0000000000E+00    0.0000000000E+00    0.0000000000E+00    0.1828985085E-13    0.1828985085E-13    0.1000000000E+01
    1    0.5941666667E+01   -0.6966836119E+00   -0.6966836119E+00   -0.5397139365E+00    0.0000000000E+00    0.0000000000E+00    0.0000000000E+00    0.0000000000E+00    0.0000000000E+00    0.0000000000E+00    0.5627549831E-14    0.5627549848E-14    0.9999999969E+00
    2    0.5941666667E+01    0.1161139353E+00    0.1161139353E+00   -0.3899217470E+00    0.0000000000E+00    0.0000000000E+00    0.0000000000E+00    0.0000000000E+00    0.0000000000E+00    0.0000000000E+00    0.1035753421E-16    0.1035756782E-16    0.9999967547E+00
    3    0.5941666667E+01   -0.6966836119E+00   -0.6966836119E+00   -0.2005373783E+00    0.0000000000E+00    0.0000000000E+00    0.0000000000E+00    0.0000000000E+00    0.0000000000E+00    0.0000000000E+00    0.4940014742E-14    0.4940014757E-14    0.9999999970E+00
    4    0.5941666667E+01   -0.6966836119E+00    0.1161139353E+00    0.1523602540E+00    0.0000000000E+00    0.0000000000E+00    0.0000000000E+00    0.0000000000E+00    0.0000000000E+00    0.0000000000E+00    0.1734683810E-12    0.1734683810E-12    0.1000000000E+01
    5    0.5941666667E+01    0.1161139353E+00   -0.6966836119E+00    0.1500354037E+00    0.0000000000E+00    0.0000000000E+00    0.0000000000E+00    0.0000000000E+00    0.0000000000E+00    0.0000000000E+00    0.2171758121E-12    0.2171758121E-12    0.9999999998E+00
    1    0.6200000000E+01   -0.6966836119E+00   -0.6966836119E+00    0.5228395217E+00    0.0000000000E+00    0.0000000000E+00    0.0000000000E+00    0.0000000000E+00    0.0000000000E+00    0.0000000000E+00    0.1013967835E-11    0.1013967835E-11    0.1000000000E+01
    2    0.6200000000E+01    0.1161139353E+00    0.1161139353E+00   -0.4271055889E+00    0.0000000000E+00    0.0000000000E+00    0.0000000000E+00    0.0000000000E+00    0.0000000000E+00    0.0000000000E+00    0.5767865896E-15    0.5767865896E-15    0.1000000000E+01
    3    0.6200000000E+01   -0.6966836119E+00   -0.6966836119E+00   -0.2949636925E+00    0.0000000000E+00    0.0000000000E+00    0.0000000000E+00    0.0000000000E+00    0.0000000000E+00    0.0000000000E+00    0.1015729841E-11    0.1015729841E-11    0.1000000000E+01
    1    0.6458333333E+01    0.1161139353E+00    0.1161139353E+00   -0.4639300154E+00    0.0000000000E+00    0.0000000000E+00    0.0000000000E+00    0.0000000000E+00    0.0000000000E+00    0.0000000000E+00    0.1682271979E-14    0.1682271979E-14    0.1000000000E+01
    1    0.6716666667E+01    0.1161139353E+00    0.1161139353E+00   -0.5005679883E+00    0.0000000000E+00    0.0000000000E+00    0.0000000000E+00    0.0000000000E+00    0.0000000000E+00    0.0000000000E+00    0.1906403464E-14    0.1906403464E-14    0.1000000000E+01
    1    0.6975000000E+01    0.1161139353E+00    0.1161139353E+00   -0.5371505714E+00    0.0000000000E+00    0.0000000000E+00    0.0000000000E+00    0.0000000000E+00    0.0000000000E+00    0.0000000000E+00    0.5766413213E-15    0.5766413213E-15    0.1000000000E+01
    1    0.7233333333E+01    0.1161139353E+00    0.1161139353E+00   -0.5739377493E+00    0.0000000000E+00    0.0000000000E+00    0.0000000000E+00    0.0000000000E+00    0.0000000000E+00    0.0000000000E+00    0.2702879786E-12    0.2702879786E-12    0.1000000000E+01
    2    0.7233333333E+01    0.1161139353E+00   -0.6966836119E+00   -0.1282278796E+00    0.0000000000E+00    0.0000000000E+00    0.0000000000E+00    0.0000000000E+00    0.0000000000E+00    0.0000000000E+00    0.2666405147E-12    0.2666405147E-12    0.1000000000E+01
    3    0.7233333333E+01   -0.6966836119E+00    0.1161139353E+00   -0.1304169430E+00    0.0000000000E+00    0.0000000000E+00    0.0000000000E+00    0.0000000000E+00    0.0000000000E+00    0.0000000000E+00    0.2419551382E-12    0.2419551382E-12    0.1000000000E+01
    1    0.7491666667E+01    0.1161139353E+00    0.1161139353E+00    0.5389699270E+00    0.0000000000E+00    0.0000000000E+00    0.0000000000E+00    0.0000000000E+00    0.0000000000E+00    0.0000000000E+00    0.7329563088E-15    0.7329563088E-15    0.1000000000E+01
    2    0.7491666667E+01    0.1161139353E+00   -0.6966836119E+00   -0.1918863569E+00    0.0000000000E+00    0.0000000000E+00    0.0000000000E+00    0.0000000000E+00    0.0000000000E+00    0.0000000000E+00    0.1593774624E-17    0.1593774625E-17    0.9999999999E+00
    3    0.7491666667E+01   -0.6966836119E+00    0.1161139353E+00   -0.1940940109E+00    0.0000000000E+00    0.0000000000E+00    0.0000000000E+00    0.0000000000E+00    0.0000000000E+00    0.0000000000E+00    0.9532212960E-16    0.9532212960E-16    0.1000000000E+01
    1    0.7750000000E+01    0.1161139353E+00    0.1161139353E+00    0.5020668480E+00    0.0000000000E+00    0.0000000000E+00    0.0000000000E+00    0.0000000000E+00    0.0000000000E+00    0.0000000000E+00    0.3702091201E-14    0.3702091201E-14    0.1000000000E+01
    2    0.7750000000E+01    0.1161139353E+00   -0.6966836119E+00   -0.2443662689E+00    0.0000000000E+00    0.0000000000E+00    0.0000000000E+00    0.0000000000E+00    0.0000000000E+00    0.0000000000E+00    0.1304139351E-13    0.1304139351E-13    0.1000000000E+01
    3    0.7750000000E+01   -0.6966836119E+00    0.1161139353E+00   -0.2464427814E+00    0.0000000000E+00    0.0000000000E+00    0.0000000000E+00    0.0000000000E+00    0.0000000000E+00    0.0000000000E+00    0.1083227069E-13    0.1083227069E-13    0.1000000000E+01
    1    0.8008333333E+01    0.1161139353E+00    0.1161139353E+00    0.4649615762E+00    0.0000000000E+00    0.0000000000E+00    0.0000000000E+00    0.0000000000E+00    0.0000000000E+00    0.0000000000E+00    0.4940595979E-14    0.4940595979E-14    0.1000000000E+01
    2    0.8008333333E+01   -0.6966836119E+00    0.1161139353E+00   -0.2946468439E+00    0.0000000000E+00    0.0000000000E+00    0.0000000000E+00    0.0000000000E+00    0.0000000000E+00    0.0000000000E+00    0.6758062646E-14    0.6758062646E-14    0.1000000000E+01
    3    0.8008333333E+01    0.1161139353E+00   -0.6966836119E+00   -0.2928462756E+00    0.0000000000E+00    0.0000000000E+00    0.0000000000E+00    0.0000000000E+00    0.0000000000E+00    0.0000000000E+00    0.1110628312E-13    0.1110628312E-13    0.1000000000E+01
    1    0.8266666667E+01    0.1161139353E+00    0.1161139353E+00    0.4276230905E+00    0.0000000000E+00    0.0000000000E+00    0.0000000000E+00    0.0000000000E+00    0.0000000000E+00    0.0000000000E+00    0.2635873629E-14    0.2635873629E-14    0.1000000000E+01
    2    0.8266666667E+01   -0.6966836119E+00    0.1161139353E+00   -0.3416130735E+00    0.0000000000E+00    0.0000000000E+00    0.0000000000E+00    0.0000000000E+00    0.0000000000E+00    0.0000000000E+00    0.1067012092E-14    0.1067012092E-14    0.1000000000E+01
    3    0.8266666667E+01    0.1161139353E+00   -0.6966836119E+00   -0.3402363766E+00    0.0000000000E+00    0.0000000000E+00    0.0000000000E+00    0.0000000000E+00    0.0000000000E+00    0.0000000000E+00    0.2873739213E-14    0.2873739213E-14    0.1000000000E+01
    1    0.8525000000E+01    0.1161139353E+00    0.1161139353E+00    0.3900215503E+00    0.0000000000E+00    0.0000000000E+00    0.0000000000E+00    0.0000000000E+00    0.0000000000E+00    0.0000000000E+00    0.8321690123E-16    0.8321690168E-16    0.9999999946E+00
    2    0.8525000000E+01    0.1161139353E+00   -0.6966836119E+00   -0.3884156606E+00    0.0000000000E+00    0.0000000000E+00    0.0000000000E+00    0.0000000000E+00    0.0000000000E+00    0.0000000000E+00    0.3689728085E-16    0.3689728086E-16    0.9999999998E+00
    3    0.8525000000E+01   -0.6966836119E+00    0.1161139353E+00   -0.3891988941E+00    0.0000000000E+00    0.0000000000E+00    0.0000000000E+00    0.0000000000E+00    0.0000000000E+00    0.0000000000E+00    0.8143490209E-17    0.8143490334E-17    0.9999999847E+00
    1    0.8783333333E+01   -0.6966836119E+00   -0.6966836119E+00    0.3561736955E+00    0.0000000000E+00    0.0000000000E+00    0.0000000000E+00    0.0000000000E+00    0.0000000000E+00    0.0000000000E+00    0.6585631980E-10    0.6585631980E-10    0.1000000000E+01
    2    0.8783333333E+01    0.1161139353E+00    0.1161139353E+00    0.3521192367E+00    0.0000000000E+00    0.0000000000E+00    0.0000000000E+00    0.0000000000E+00    0.0000000000E+00    0.0000000000E+00    0.1711469366E-14    0.1711469366E-14    0.1000000000E+01
    3    0.8783333333E+01   -0.6966836119E+00   -0.6966836119E+00   -0.4184063553E+00    0.0000000000E+00    0.0000000000E+00    0.0000000000E+00    0.0000000000E+00    0.0000000000E+00    0.0000000000E+00    0.6600838238E-10    0.6600838238E-10    0.1000000000E+01
    4    0.8783333333E+01    0.1161139353E+00   -0.6966836119E+00   -0.4391655549E+00    0.0000000000E+00    0.0000000000E+00    0.0000000000E+00    0.0000000000E+00    0.0000000000E+00    0.0000000000E+00    0.2654903889E-14    0.2654903889E-14    0.1000000000E+01
    5    0.8783333333E+01   -0.6966836119E+00    0.1161139353E+00   -0.4391420130E+00    0.0000000000E+00    0.0000000000E+00    0.0000000000E+00    0.0000000000E+00    0.0000000000E+00    0.0000000000E+00    0.7708749235E-16    0.7708749527E-16    0.9999999621E+00
    1    0.9041666667E+01   -0.6966836119E+00   -0.6966836119E+00    0.2155351201E+00    0.0000000000E+00    0.0000000000E+00    0.0000000000E+00    0.0000000000E+00    0.0000000000E+00    0.0000000000E+00    0.2072089077E-12    0.2072089077E-12    0.1000000000E+01
    2    0.9041666667E+01    0.1161139353E+00    0.1161139353E+00    0.3138621178E+00    0.0000000000E+00    0.0000000000E+00    0.0000000000E+00    0.0000000000E+00    0.0000000000E+00    0.0000000000E+00    0.6415526622E-14    0.6415526622E-14    0.1000000000E+01
    3    0.9041666667E+01   -0.6966836119E+00   -0.6966836119E+00   -0.5378124814E+00    0.0000000000E+00    0.0000000000E+00    0.0000000000E+00    0.0000000000E+00    0.0000000000E+00    0.0000000000E+00    0.1362383243E-12    0.1362383243E-12    0.1000000000E+01
    4    0.9041666667E+01    0.1161139353E+00   -0.6966836119E+00   -0.4948784736E+00    0.0000000000E+00    0.0000000000E+00    0.0000000000E+00    0.0000000000E+00    0.0000000000E+00    0.0000000000E+00    0.4140554355E-14    0.4140554355E-14    0.1000000000E+01
    5    0.9041666667E+01   -0.6966836119E+00    0.1161139353E+00   -0.4937573550E+00    0.0000000000E+00    0.0000000000E+00    0.0000000000E+00    0.0000000000E+00    0.0000000000E+00    0.0000000000E+00    0.6235006218E-15    0.6235006219E-15    0.9999999999E+00
    1    0.9300000000E+01   -0.6966836119E+00   -0.6966836119E+00    0.9223621267E-01    0.0000000000E+00    0.0000000000E+00    0.0000000000E+00    0.0000000000E+00    0.0000000000E+00    0.0000000000E+00    0.8878987129E-11    0.8878987129E-11    0.1000000000E+01
    2    0.9300000000E+01    0.1161139353E+00    0.1161139353E+00    0.2751721926E+00    0.0000000000E+00    0.0000000000E+00    0.0000000000E+00    0.0000000000E+00    0.0000000000E+00    0.0000000000E+00    0.8046461637E-14    0.8046461638E-14    0.9999999999E+00
    3    0.9300000000E+01   -0.6966836119E+00   -0.6966836119E+00    0.5425623918E+00    0.0000000000E+00    0.0000000000E+00    0.0000000000E+00    0.0000000000E+00    0.0000000000E+00    0.0000000000E+00    0.3129552470E-12    0.3129552470E-12    0.1000000000E+01
    4    0.9300000000E+01    0.1161139353E+00   -0.6966836119E+00   -0.5600273784E+00    0.0000000000E+00    0.0000000000E+00    0.0000000000E+00    0.0000000000E+00    0.0000000000E+00    0.0000000000E+00    0.3320491853E-14    0.3320491856E-14    0.9999999993E+00
    5    0.9300000000E+01   -0.6966836119E+00    0.1161139353E+00   -0.5574405575E+00    0.0000000000E+00    0.0000000000E+00    0.0000000000E+00    0.0000000000E+00    0.0000000000E+00    0.0000000000E+00    0.5003654287E-13    0.5003654287E-13    0.9999999999E+00
    1    0.9558333333E+01    0.1161139353E+00   -0.6966836119E+00   -0.1186795215E+00    0.0000000000E+00    0.0000000000E+00    0.0000000000E+00    0.0000000000E+00    0.0000000000E+00    0.0000000000E+00    0.1007052396E-10    0.1007052396E-10    0.1000000000E+01
    2    0.9558333333E+01   -0.6966836119E+00    0.1161139353E+00   -0.1110284701E+00    0.0000000000E+00    0.0000000000E+00    0.0000000000E+00    0.0000000000E+00    0.0000000000E+00    0.0000000000E+00    0.1397892215E-10    0.1397892216E-10    0.9999999999E+00
    3    0.9558333333E+01    0.1161139353E+00    0.1161139353E+00    0.2359408299E+00    0.0000000000E+00    0.0000000000E+00    0.0000000000E+00    0.0000000000E+00    0.0000000000E+00    0.0000000000E+00    0.3969019429E-14    0.3969019435E-14    0.9999999986E+00
    4    0.9558333333E+01   -0.6966836119E+00   -0.6966836119E+00    0.4808830794E+00    0.0000000000E+00    0.0000000000E+00    0.0000000000E+00    0.0000000000E+00    0.0000000000E+00    0.0000000000E+00    0.2576785966E-14    0.2576785974E-14    0.9999999967E+00
    5    0.9558333333E+01    0.1161139353E+00   -0.6966836119E+00    0.5016600876E+00    0.0000000000E+00    0.0000000000E+00    0.0000000000E+00    0.0000000000E+00    0.0000000000E+00    0.0000000000E+00    0.8883004667E-13    0.8883004670E-13    0.9999999997E+00
    6    0.9558333333E+01   -0.6966836119E+00    0.1161139353E+00    0.5068916699E+00    0.0000000000E+00    0.0000000000E+00    0.0000000000E+00    0.0000000000E+00    0.0000000000E+00    0.0000000000E+00    0.4448645195E-13    0.4448645212E-13    0.9999999963E+00
    1    0.9816666667E+01   -0.6966836119E+00   -0.6966836119E+00    0.4199711916E+00    0.0000000000E+00    0.0000000000E+00    0.0000000000E+00    0.0000000000E+00    0.0000000000E+00    0.0000000000E+00    0.1374543633E-14    0.1374543633E-14    0.1000000000E+01
    2    0.9816666667E+01    0.1161139353E+00    0.1161139353E+00    0.1960227068E+00    0.0000000000E+00    0.0000000000E+00    0.0000000000E+00    0.0000000000E+00    0.0000000000E+00    0.0000000000E+00    0.5106187251E-16    0.5106187252E-16    0.9999999998E+00
    1    0.1007500000E+02   -0.6966836119E+00   -0.6966836119E+00    0.3558783252E+00    0.0000000000E+00    0.0000000000E+00    0.0000000000E+00    0.0000000000E+00    0.0000000000E+00    0.0000000000E+00    0.1338891094E-14    0.1338891094E-14    0.1000000000E+01
    2    0.1007500000E+02    0.1161139353E+00    0.1161139353E+00    0.1552292632E+00    0.0000000000E+00    0.0000000000E+00    0.0000000000E+00    0.0000000000E+00    0.0000000000E+00    0.0000000000E+00    0.3284537889E-14    0.3284537889E-14    0.1000000000E+01
    1    0.1033333333E+02   -0.6966836119E+00   -0.6966836119E+00    0.2839485746E+00    0.0000000000E+00    0.0000000000E+00    0.0000000000E+00    0.0000000000E+00    0.0000000000E+00    0.0000000000E+00    0.1303572412E-13    0.1303572412E-13    0.9999999999E+00
    2    0.1033333333E+02    0.1161139353E+00    0.1161139353E+00    0.1133199701E+00    0.0000000000E+00    0.0000000000E+00    0.0000000000E+00    0.0000000000E+00    0.0000000000E+00    0.0000000000E+00    0.1063431121E-13    0.1063431121E-13    0.9999999999E+00
    1    0.1059166667E+02   -0.6966836119E+00   -0.6966836119E+00    0.1943269990E+00    0.0000000000E+00    0.0000000000E+00    0.0000000000E+00    0.0000000000E+00    0.0000000000E+00    0.0000000000E+00    0.6234412741E-16    0.6234412742E-16    0.9999999999E+00
    2    0.1059166667E+02    0.1161139353E+00    0.1161139353E+00    0.6998897422E-01    0.0000000000E+00    0.0000000000E+00    0.0000000000E+00    0.0000000000E+00    0.0000000000E+00    0.0000000000E+00    0.1174465672E-13    0.1174465672E-13    0.1000000000E+01
    1    0.1085000000E+02   -0.6966836119E+00   -0.6966836119E+00   -0.4522218577E+00    0.0000000000E+00    0.0000000000E+00    0.0000000000E+00    0.0000000000E+00    0.0000000000E+00    0.0000000000E+00    0.7431723298E-11    0.7431723298E-11    0.1000000000E+01
    2    0.1085000000E+02   -0.6966836119E+00   -0.6966836119E+00    0.1153879111E+00    0.0000000000E+00    0.0000000000E+00    0.0000000000E+00    0.0000000000E+00    0.0000000000E+00    0.0000000000E+00    0.1115640065E-09    0.1115640065E-09    0.1000000000E+01
    3    0.1085000000E+02   -0.6966836119E+00   -0.6966836119E+00    0.2660386849E-01    0.0000000000E+00    0.0000000000E+00    0.0000000000E+00    0.0000000000E+00    0.0000000000E+00    0.0000000000E+00    0.1097568955E-09    0.1097568955E-09    0.1000000000E+01
    4    0.1085000000E+02    0.1161139353E+00    0.1161139353E+00    0.2484111547E-01    0.0000000000E+00    0.0000000000E+00    0.0000000000E+00    0.0000000000E+00    0.0000000000E+00    0.0000000000E+00    0.7083602999E-14    0.7083603486E-14    0.9999999313E+00
    1    0.1110833333E+02   -0.6966836119E+00   -0.6966836119E+00   -0.5474187456E+00    0.0000000000E+00    0.0000000000E+00    0.0000000000E+00    0.0000000000E+00    0.0000000000E+00    0.0000000000E+00    0.4054159216E-14    0.4054159216E-14    0.1000000000E+01
    2    0.1110833333E+02    0.1161139353E+00   -0.6966836119E+00   -0.1970745904E+00    0.0000000000E+00    0.0000000000E+00    0.0000000000E+00    0.0000000000E+00    0.0000000000E+00    0.0000000000E+00    0.1365122095E-13    0.1365122095E-13    0.1000000000E+01
    3    0.1110833333E+02   -0.6966836119E+00    0.1161139353E+00   -0.1959524099E+00    0.0000000000E+00    0.0000000000E+00    0.0000000000E+00    0.0000000000E+00    0.0000000000E+00    0.0000000000E+00    0.2520733885E-14    0.2520733885E-14    0.1000000000E+01
    4    0.1110833333E+02    0.1161139353E+00    0.1161139353E+00   -0.2259763912E-01    0.0000000000E+00    0.0000000000E+00    0.0000000000E+00    0.0000000000E+00    0.0000000000E+00    0.0000000000E+00    0.8068646914E-14    0.8068646914E-14    0.1000000000E+01
    1    0.1136666667E+02   -0.6966836119E+00   -0.6966836119E+00    0.5345214738E+00    0.0000000000E+00    0.0000000000E+00    0.0000000000E+00    0.0000000000E+00    0.0000000000E+00    0.0000000000E+00    0.1312664565E-14    0.1312664565E-14    0.1000000000E+01
    2    0.1136666667E+02    0.1161139353E+00    0.1161139353E+00   -0.7305652315E-01    0.0000000000E+00    0.0000000000E+00    0.0000000000E+00    0.0000000000E+00    0.0000000000E+00    0.0000000000E+00    0.1551938069E-13    0.1551938069E-13    0.1000000000E+01
    3    0.1136666667E+02    0.1161139353E+00   -0.6966836119E+00   -0.3221766691E+00    0.0000000000E+00    0.0000000000E+00    0.0000000000E+00    0.0000000000E+00    0.0000000000E+00    0.0000000000E+00    0.6739821493E-13    0.6739821493E-13    0.1000000000E+01
    4    0.1136666667E+02   -0.6966836119E+00    0.1161139353E+00   -0.3213084683E+00    0.0000000000E+00    0.0000000000E+00    0.0000000000E+00    0.0000000000E+00    0.0000000000E+00    0.0000000000E+00    0.3960833088E-14    0.3960833089E-14    0.9999999999E+00
    1    0.1162500000E+02   -0.6966836119E+00   -0.6966836119E+00    0.4755812380E+00    0.0000000000E+00    0.0000000000E+00    0.0000000000E+00    0.0000000000E+00    0.0000000000E+00    0.0000000000E+00    0.1841195545E-15    0.1841195547E-15    0.9999999991E+00
    2    0.1162500000E+02    0.1161139353E+00    0.1161139353E+00   -0.1273955463E+00    0.0000000000E+00    0.0000000000E+00    0.0000000000E+00    0.0000000000E+00    0.0000000000E+00    0.0000000000E+00    0.1247901043E-13    0.1247901043E-13    0.1000000000E+01
    3    0.1162500000E+02    0.1161139353E+00   -0.6966836119E+00   -0.4104709909E+00    0.0000000000E+00    0.0000000000E+00    0.0000000000E+00    0.0000000000E+00    0.0000000000E+00    0.0000000000E+00    0.2447662124E-14    0.2447662125E-14    0.9999999996E+00
    4    0.1162500000E+02   -0.6966836119E+00    0.1161139353E+00   -0.4118334540E+00    0.0000000000E+00    0.0000000000E+00    0.0000000000E+00    0.0000000000E+00    0.0000000000E+00    0.0000000000E+00    0.3822595668E-14    0.3822595668E-14    0.1000000000E+01
    1    0.1188333333E+02   -0.6966836119E+00   -0.6966836119E+00    0.4199106200E+00    0.0000000000E+00    0.0000000000E+00    0.0000000000E+00    0.0000000000E+00    0.0000000000E+00    0.0000000000E+00    0.3508418895E-17    0.3508418906E-17    0.9999999968E+00
    2    0.1188333333E+02    0.1161139353E+00    0.1161139353E+00   -0.1867843282E+00    0.0000000000E+00    0.0000000000E+00    0.0000000000E+00    0.0000000000E+00    0.0000000000E+00    0.0000000000E+00    0.9910461084E-16    0.9910461102E-16    0.9999999982E+00
    3    0.1188333333E+02   -0.6966836119E+00    0.1161139353E+00   -0.4875811947E+00    0.0000000000E+00    0.0000000000E+00    0.0000000000E+00    0.0000000000E+00    0.0000000000E+00    0.0000000000E+00    0.1081627973E-13    0.1081627973E-13    0.1000000000E+01
    4    0.1188333333E+02    0.1161139353E+00   -0.6966836119E+00   -0.4853045762E+00    0.0000000000E+00    0.0000000000E+00    0.0000000000E+00    0.0000000000E+00    0.0000000000E+00    0.0000000000E+00    0.1657790693E-14    0.1657790693E-14    0.9999999999E+00
    1    0.1214166667E+02   -0.6966836119E+00   -0.6966836119E+00    0.3647529456E+00    0.0000000000E+00    0.0000000000E+00    0.0000000000E+00    0.0000000000E+00    0.0000000000E+00    0.0000000000E+00    0.2536889702E-17    0.2536889730E-17    0.9999999888E+00
    2    0.1214166667E+02    0.1161139353E+00    0.1161139353E+00   -0.2525326406E+00    0.0000000000E+00    0.0000000000E+00    0.0000000000E+00    0.0000000000E+00    0.0000000000E+00    0.0000000000E+00    0.9866136619E-14    0.9866136619E-14    0.1000000000E+01
    3    0.1214166667E+02   -0.6966836119E+00    0.1161139353E+00   -0.5570107668E+00    0.0000000000E+00    0.0000000000E+00    0.0000000000E+00    0.0000000000E+00    0.0000000000E+00    0.0000000000E+00    0.3634246691E-13    0.3634246691E-13    0.1000000000E+01
    4    0.1214166667E+02    0.1161139353E+00   -0.6966836119E+00   -0.5547361059E+00    0.0000000000E+00    0.0000000000E+00    0.0000000000E+00    0.0000000000E+00    0.0000000000E+00    0.0000000000E+00    0.2625863200E-15    0.2625863200E-15    0.9999999999E+00
    1    0.1240000000E+02    0.1161139353E+00    0.1161139353E+00   -0.3253566579E+00    0.0000000000E+00    0.0000000000E+00    0.0000000000E+00    0.0000000000E+00    0.0000000000E+00    0.0000000000E+00    0.5634925803E-14    0.5634925803E-14    0.1000000000E+01
    2    0.1240000000E+02   -0.6966836119E+00   -0.6966836119E+00    0.3079970126E+00    0.0000000000E+00    0.0000000000E+00    0.0000000000E+00    0.0000000000E+00    0.0000000000E+00    0.0000000000E+00    0.1384850192E-16    0.1384850216E-16    0.9999999828E+00
    3    0.1240000000E+02   -0.6966836119E+00    0.1161139353E+00    0.5249155971E+00    0.0000000000E+00    0.0000000000E+00    0.0000000000E+00    0.0000000000E+00    0.0000000000E+00    0.0000000000E+00    0.2601092085E-14    0.2601092086E-14    0.1000000000E+01
    4    0.1240000000E+02    0.1161139353E+00   -0.6966836119E+00    0.5264473562E+00    0.0000000000E+00    0.0000000000E+00    0.0000000000E+00    0.0000000000E+00    0.0000000000E+00    0.0000000000E+00    0.5240345996E-15    0.5240345997E-15    0.9999999999E+00
    1    0.1265833333E+02    0.1161139353E+00    0.1161139353E+00   -0.4036632888E+00    0.0000000000E+00    0.0000000000E+00    0.0000000000E+00    0.0000000000E+00    0.0000000000E+00    0.0000000000E+00    0.1920239310E-15    0.1920239310E-15    0.1000000000E+01
    2    0.1265833333E+02   -0.6966836119E+00   -0.6966836119E+00    0.2473473548E+00    0.0000000000E+00    0.0000000000E+00    0.0000000000E+00    0.0000000000E+00    0.0000000000E+00    0.0000000000E+00    0.1230169620E-15    0.1230169620E-15    0.1000000000E+01
    3    0.1265833333E+02   -0.6966836119E+00    0.1161139353E+00    0.4555224133E+00    0.0000000000E+00    0.0000000000E+00    0.0000000000E+00    0.0000000000E+00    0.0000000000E+00    0.0000000000E+00    0.5101998094E-15    0.5101998094E-15    0.1000000000E+01
    4    0.1265833333E+02    0.1161139353E+00   -0.6966836119E+00    0.4560098841E+00    0.0000000000E+00    0.0000000000E+00    0.0000000000E+00    0.0000000000E+00    0.0000000000E+00    0.0000000000E+00    0.2865821865E-14    0.2865821865E-14    0.1000000000E+01
    1    0.1291666667E+02    0.1161139353E+00    0.1161139353E+00   -0.4830150022E+00    0.0000000000E+00    0.0000000000E+00    0.0000000000E+00    0.0000000000E+00    0.0000000000E+00    0.0000000000E+00    0.1430876635E-14    0.1430876635E-14    0.1000000000E+01
    2    0.1291666667E+02   -0.6966836119E+00   -0.6966836119E+00    0.1793759383E+00    0.0000000000E+00    0.0000000000E+00    0.0000000000E+00    0.0000000000E+00    0.0000000000E+00    0.0000000000E+00    0.3483752987E-15    0.3483752987E-15    0.1000000000E+01
    3    0.1291666667E+02   -0.6966836119E+00    0.1161139353E+00    0.3803474198E+00    0.0000000000E+00    0.0000000000E+00    0.0000000000E+00    0.0000000000E+00    0.0000000000E+00    0.0000000000E+00    0.1518048086E-17    0.1518048087E-17    0.9999999990E+00
    4    0.1291666667E+02    0.1161139353E+00   -0.6966836119E+00    0.3794054529E+00    0.0000000000E+00    0.0000000000E+00    0.0000000000E+00    0.0000000000E+00    0.0000000000E+00    0.0000000000E+00    0.5320497677E-16    0.5320497677E-16    0.1000000000E+01
    1    0.1317500000E+02    0.1161139353E+00    0.1161139353E+00   -0.5596595737E+00    0.0000000000E+00    0.0000000000E+00    0.0000000000E+00    0.0000000000E+00    0.0000000000E+00    0.0000000000E+00    0.9419097778E-13    0.9419097778E-13    0.1000000000E+01
    2    0.1317500000E+02   -0.6966836119E+00   -0.6966836119E+00    0.9659383373E-01    0.0000000000E+00    0.0000000000E+00    0.0000000000E+00    0.0000000000E+00    0.0000000000E+00    0.0000000000E+00    0.4961852930E-12    0.4961852930E-12    0.1000000000E+01
    3    0.1317500000E+02   -0.6966836119E+00    0.1161139353E+00    0.2908762574E+00    0.0000000000E+00    0.0000000000E+00    0.0000000000E+00    0.0000000000E+00    0.0000000000E+00    0.0000000000E+00    0.3976590522E-13    0.3976590522E-13    0.1000000000E+01
    4    0.1317500000E+02    0.1161139353E+00   -0.6966836119E+00    0.2879798894E+00    0.0000000000E+00    0.0000000000E+00    0.0000000000E+00    0.0000000000E+00    0.0000000000E+00    0.0000000000E+00    0.1074012379E-12    0.1074012379E-12    0.1000000000E+01
    1    0.1343333333E+02   -0.6966836119E+00   -0.6966836119E+00   -0.4849421089E+00    0.0000000000E+00    0.0000000000E+00    0.0000000000E+00    0.0000000000E+00    0.0000000000E+00    0.0000000000E+00    0.3468468274E-11    0.3468468274E-11    0.1000000000E+01
    2    0.1343333333E+02    0.1161139353E+00    0.1161139353E+00    0.5165384190E+00    0.0000000000E+00    0.0000000000E+00    0.0000000000E+00    0.0000000000E+00    0.0000000000E+00    0.0000000000E+00    0.2159682351E-13    0.2159682367E-13    0.9999999925E+00
    3    0.1343333333E+02   -0.6966836119E+00   -0.6966836119E+00   -0.9066459054E-01    0.0000000000E+00    0.0000000000E+00    0.0000000000E+00    0.0000000000E+00    0.0000000000E+00    0.0000000000E+00    0.1111620988E-09    0.1111620988E-09    0.1000000000E+01
    4    0.1343333333E+02   -0.6966836119E+00    0.1161139353E+00    0.1003717705E+00    0.0000000000E+00    0.0000000000E+00    0.0000000000E+00    0.0000000000E+00    0.0000000000E+00    0.0000000000E+00    0.3149224089E-09    0.3149224089E-09    0.1000000000E+01
    5    0.1343333333E+02    0.1161139353E+00   -0.6966836119E+00    0.9582766282E-01    0.0000000000E+00    0.0000000000E+00    0.0000000000E+00    0.0000000000E+00    0.0000000000E+00    0.0000000000E+00    0.3198165417E-09    0.3198165417E-09    0.1000000000E+01
    6    0.1343333333E+02   -0.6966836119E+00   -0.6966836119E+00    0.3853710470E-01    0.0000000000E+00    0.0000000000E+00    0.0000000000E+00    0.0000000000E+00    0.0000000000E+00    0.0000000000E+00    0.3379142294E-11    0.3379142294E-11    0.1000000000E+01
    1    0.1369166667E+02    0.1161139353E+00    0.1161139353E+00    0.4442713416E+00    0.0000000000E+00    0.0000000000E+00    0.0000000000E+00    0.0000000000E+00    0.0000000000E+00    0.0000000000E+00    0.2514502857E-12    0.2514502857E-12    0.1000000000E+01
    2    0.1369166667E+02   -0.6966836119E+00   -0.6966836119E+00   -0.1790561012E+00    0.0000000000E+00    0.0000000000E+00    0.0000000000E+00    0.0000000000E+00    0.0000000000E+00    0.0000000000E+00    0.1840462119E-11    0.1840462119E-11    0.1000000000E+01
    3    0.1369166667E+02    0.1161139353E+00    0.1161139353E+00   -0.3681327227E+00    0.0000000000E+00    0.0000000000E+00    0.0000000000E+00    0.0000000000E+00    0.0000000000E+00    0.0000000000E+00    0.2898505629E-12    0.2898505629E-12    0.1000000000E+01
    4    0.1369166667E+02   -0.6966836119E+00    0.1161139353E+00   -0.3310379753E+00    0.0000000000E+00    0.0000000000E+00    0.0000000000E+00    0.0000000000E+00    0.0000000000E+00    0.0000000000E+00    0.7482124204E-12    0.7482124204E-12    0.1000000000E+01
    5    0.1369166667E+02    0.1161139353E+00   -0.6966836119E+00   -0.3332088639E+00    0.0000000000E+00    0.0000000000E+00    0.0000000000E+00    0.0000000000E+00    0.0000000000E+00    0.0000000000E+00    0.2384905758E-12    0.2384905758E-12    0.1000000000E+01
    6    0.1369166667E+02   -0.6966836119E+00   -0.6966836119E+00   -0.3334201512E+00    0.0000000000E+00    0.0000000000E+00    0.0000000000E+00    0.0000000000E+00    0.0000000000E+00    0.0000000000E+00    0.2861576924E-11    0.2861576924E-11    0.1000000000E+01
    7    0.1369166667E+02    0.1161139353E+00    0.1161139353E+00   -0.3334663489E+00    0.1161139353E+00    0.1161139353E+00    0.8160029661E+00    0.1911643610E+00    0.1980329562E+00   -0.2336019321E+01    0.4945943462E-12    0.4945943462E-12    0.1000000000E+01
    1    0.1395000000E+02   -0.6966836119E+00    0.1161139353E+00    0.6876517010E-01    0.0000000000E+00    0.0000000000E+00    0.0000000000E+00    0.0000000000E+00    0.0000000000E+00    0.0000000000E+00    0.2341841721E-09    0.2341841721E-09    0.1000000000E+01
    2    0.1395000000E+02    0.1161139353E+00   -0.6966836119E+00    0.6600698220E-01    0.0000000000E+00    0.0000000000E+00    0.0000000000E+00    0.0000000000E+00    0.0000000000E+00    0.0000000000E+00    0.2511775001E-09    0.2511775001E-09    0.1000000000E+01
    3    0.1395000000E+02    0.1161139353E+00    0.1161139353E+00    0.3696680106E+00    0.0000000000E+00    0.0000000000E+00    0.0000000000E+00    0.0000000000E+00    0.0000000000E+00    0.0000000000E+00    0.3380392036E-12    0.3380392036E-12    0.1000000000E+01
    4    0.1395000000E+02    0.1161139353E+00    0.1161139353E+00   -0.5000476170E+00    0.0000000000E+00    0.0000000000E+00    0.0000000000E+00    0.0000000000E+00    0.0000000000E+00    0.0000000000E+00    0.4682864195E-12    0.4682864195E-12    0.1000000000E+01
    5    0.1395000000E+02    0.1161139353E+00    0.1161139353E+00   -0.5445406003E+00    0.0000000000E+00    0.0000000000E+00    0.0000000000E+00    0.0000000000E+00    0.0000000000E+00    0.0000000000E+00    0.7749549138E-12    0.7749549138E-12    0.1000000000E+01
    6    0.1395000000E+02    0.1161139353E+00   -0.6966836119E+00    0.5707443523E+00    0.0000000000E+00    0.0000000000E+00    0.0000000000E+00    0.0000000000E+00    0.0000000000E+00    0.0000000000E+00    0.5008950206E-09    0.5008950206E-09    0.1000000000E+01
    7    0.1395000000E+02   -0.6966836119E+00    0.1161139353E+00    0.5725375604E+00    0.0000000000E+00    0.0000000000E+00    0.0000000000E+00    0.0000000000E+00    0.0000000000E+00    0.0000000000E+00    0.1583872473E-08    0.1583872473E-08    0.1000000000E+01
    8    0.1395000000E+02    0.1161139353E+00   -0.6966836119E+00   -0.2795164578E+00    0.0000000000E+00    0.0000000000E+00    0.0000000000E+00    0.0000000000E+00    0.0000000000E+00    0.0000000000E+00    0.4525415307E-10    0.4525415307E-10    0.1000000000E+01
    9    0.1395000000E+02   -0.6966836119E+00    0.1161139353E+00   -0.2838056853E+00    0.0000000000E+00    0.0000000000E+00    0.0000000000E+00    0.0000000000E+00    0.0000000000E+00    0.0000000000E+00    0.8124849070E-10    0.8124849070E-10    0.1000000000E+01
   10    0.1395000000E+02   -0.6966836119E+00    0.1161139353E+00   -0.2965144067E+00    0.0000000000E+00    0.0000000000E+00    0.0000000000E+00    0.0000000000E+00    0.0000000000E+00    0.0000000000E+00    0.4017103085E-10    0.4017103085E-10    0.1000000000E+01
   11    0.1395000000E+02    0.1161139353E+00   -0.6966836119E+00   -0.2941076753E+00    0.0000000000E+00    0.0000000000E+00    0.0000000000E+00    0.0000000000E+00    0.0000000000E+00    0.0000000000E+00    0.2627214972E-10    0.2627214972E-10    0.1000000000E+01
    1    0.1420833333E+02    0.1161139353E+00    0.1161139353E+00    0.2854557251E+00    0.0000000000E+00    0.0000000000E+00    0.0000000000E+00    0.0000000000E+00    0.0000000000E+00    0.0000000000E+00    0.3415504271E-13    0.3415504271E-13    0.1000000000E+01
    2    0.1420833333E+02    0.1161139353E+00    0.1161139353E+00    0.4152593056E+00    0.1161139353E+00    0.1161139353E+00    0.4152593056E+00    0.9742316906E-01    0.7598563848E-01   -0.2353694374E+01    0.5174557870E-12    0.5174557870E-12    0.1000000000E+01
    3    0.1420833333E+02    0.1161139353E+00    0.1161139353E+00    0.4896921352E+00    0.0000000000E+00    0.0000000000E+00    0.0000000000E+00    0.0000000000E+00    0.0000000000E+00    0.0000000000E+00    0.1546038416E-12    0.1546038416E-12    0.1000000000E+01
    1    0.1446666667E+02    0.1161139353E+00    0.1161139353E+00    0.2975112373E+00    0.1161139353E+00    0.1161139353E+00    0.2975112373E+00   -0.3760938796E+00   -0.4600793134E+00   -0.2041854598E+01    0.1685802844E-11    0.1685802844E-11    0.1000000000E+01
    2    0.1446666667E+02    0.1161139353E+00    0.1161139353E+00    0.1597752435E+00    0.0000000000E+00    0.0000000000E+00    0.0000000000E+00    0.0000000000E+00    0.0000000000E+00    0.0000000000E+00    0.2935079719E-11    0.2935079719E-11    0.1000000000E+01
    1    0.1472500000E+02    0.1161139353E+00    0.1161139353E+00    0.3680619825E-01    0.0000000000E+00    0.0000000000E+00    0.0000000000E+00    0.0000000000E+00    0.0000000000E+00    0.0000000000E+00    0.8145578170E-09    0.8145578170E-09    0.1000000000E+01
