    1    0.2583333333E+01    0.5805696766E+00   -0.1161139353E+00   -0.6806566485E-01    0.0000000000E+00    0.0000000000E+00    0.0000000000E+00    0.0000000000E+00    0.0000000000E+00    0.0000000000E+00    0.5925245501E-12    0.5925245501E-12    0.1000000000E+01
    1    0.2841666667E+01    0.5805696766E+00   -0.1161139353E+00   -0.2079131989E+00    0.0000000000E+00    0.0000000000E+00    0.0000000000E+00    0.0000000000E+00    0.0000000000E+00    0.0000000000E+00    0.3066947955E-13    0.3066947955E-13    0.1000000000E+01
    1    0.3100000000E+01    0.5805696766E+00   -0.1161139353E+00   -0.4236432594E+00    0.0000000000E+00    0.0000000000E+00    0.0000000000E+00    0.0000000000E+00    0.0000000000E+00    0.0000000000E+00    0.1047598776E-14    0.1047598776E-14    0.1000000000E+01
    2    0.3100000000E+01   -0.2322278706E+00   -0.1161139353E+00   -0.1671340776E+00    0.0000000000E+00    0.0000000000E+00    0.0000000000E+00    0.0000000000E+00    0.0000000000E+00    0.0000000000E+00    0.1671184221E-13    0.1671184221E-13    0.1000000000E+01
    3    0.3100000000E+01    0.5805696766E+00   -0.1161139353E+00   -0.1854449456E+00    0.0000000000E+00    0.0000000000E+00    0.0000000000E+00    0.0000000000E+00    0.0000000000E+00    0.0000000000E+00    0.6986176026E-15    0.6986176026E-15    0.1000000000E+01
    1    0.3358333333E+01    0.5805696766E+00   -0.1161139353E+00   -0.2458835138E+00    0.0000000000E+00    0.0000000000E+00    0.0000000000E+00    0.0000000000E+00    0.0000000000E+00    0.0000000000E+00    0.1075906141E-13    0.1075906141E-13    0.1000000000E+01
    2    0.3358333333E+01   -0.2322278706E+00   -0.1161139353E+00   -0.4118419998E+00    0.0000000000E+00    0.0000000000E+00    0.0000000000E+00    0.0000000000E+00    0.0000000000E+00    0.0000000000E+00    0.1244309515E-14    0.1244309515E-14    0.1000000000E+01
    3    0.3358333333E+01    0.5805696766E+00   -0.1161139353E+00   -0.5004488900E+00    0.0000000000E+00    0.0000000000E+00    0.0000000000E+00    0.0000000000E+00    0.0000000000E+00    0.0000000000E+00    0.2112583020E-14    0.2112583020E-14    0.1000000000E+01
    1    0.3616666667E+01    0.5805696766E+00   -0.1161139353E+00   -0.2962497244E+00    0.0000000000E+00    0.0000000000E+00    0.0000000000E+00    0.0000000000E+00    0.0000000000E+00    0.0000000000E+00    0.1476608729E-13    0.1476608729E-13    0.1000000000E+01
    2    0.3616666667E+01    0.5805696766E+00   -0.1161139353E+00   -0.5618422886E+00    0.0000000000E+00    0.0000000000E+00    0.0000000000E+00    0.0000000000E+00    0.0000000000E+00    0.0000000000E+00    0.2939716401E-13    0.2939716401E-13    0.1000000000E+01
    3    0.3616666667E+01   -0.2322278706E+00   -0.1161139353E+00   -0.5640565785E+00    0.0000000000E+00    0.0000000000E+00    0.0000000000E+00    0.0000000000E+00    0.0000000000E+00    0.0000000000E+00    0.3735017473E-12    0.3735017473E-12    0.1000000000E+01
    1    0.3875000000E+01    0.5805696766E+00    0.6966836119E+00    0.2388631527E-01    0.0000000000E+00    0.0000000000E+00    0.0000000000E+00    0.0000000000E+00    0.0000000000E+00    0.0000000000E+00    0.6947600792E-11    0.6947600792E-11    0.1000000000E+01
    2    0.3875000000E+01   -0.2322278706E+00   -0.1161139353E+00    0.5049961155E+00    0.0000000000E+00    0.0000000000E+00    0.0000000000E+00    0.0000000000E+00    0.0000000000E+00    0.0000000000E+00    0.7300096226E-14    0.7300096226E-14    0.1000000000E+01
    3    0.3875000000E+01    0.5805696766E+00   -0.1161139353E+00    0.5327136633E+00    0.0000000000E+00    0.0000000000E+00    0.0000000000E+00    0.0000000000E+00    0.0000000000E+00    0.0000000000E+00    0.6224150484E-14    0.6224150484E-14    0.1000000000E+01
    4    0.3875000000E+01    0.5805696766E+00   -0.1161139353E+00   -0.3447511238E+00    0.0000000000E+00    0.0000000000E+00    0.0000000000E+00    0.0000000000E+00    0.0000000000E+00    0.0000000000E+00    0.8273708714E-14    0.8273708714E-14    0.1000000000E+01
    5    0.3875000000E+01    0.5805696766E+00    0.6966836119E+00   -0.3102104745E+00    0.0000000000E+00    0.0000000000E+00    0.0000000000E+00    0.0000000000E+00    0.0000000000E+00    0.0000000000E+00    0.8144594227E-12    0.8144594227E-12    0.1000000000E+01
    6    0.3875000000E+01   -0.2322278706E+00   -0.1161139353E+00   -0.3256460347E+00    0.0000000000E+00    0.0000000000E+00    0.0000000000E+00    0.0000000000E+00    0.0000000000E+00    0.0000000000E+00    0.7678611849E-13    0.7678611849E-13    0.1000000000E+01
    1    0.4133333333E+01   -0.2322278706E+00    0.6966836119E+00   -0.1928935117E+00    0.0000000000E+00    0.0000000000E+00    0.0000000000E+00    0.0000000000E+00    0.0000000000E+00    0.0000000000E+00    0.3001134608E-17    0.3001135100E-17    0.9999998359E+00
    2    0.4133333333E+01    0.5805696766E+00   -0.1161139353E+00   -0.3938870891E+00    0.0000000000E+00    0.0000000000E+00    0.0000000000E+00    0.0000000000E+00    0.0000000000E+00    0.0000000000E+00    0.2433611180E-14    0.2433611180E-14    0.1000000000E+01
    3    0.4133333333E+01   -0.2322278706E+00   -0.1161139353E+00   -0.4098860404E+00    0.0000000000E+00    0.0000000000E+00    0.0000000000E+00    0.0000000000E+00    0.0000000000E+00    0.0000000000E+00    0.2777002712E-13    0.2777002712E-13    0.1000000000E+01
    4    0.4133333333E+01    0.5805696766E+00   -0.1161139353E+00    0.4779307120E+00    0.0000000000E+00    0.0000000000E+00    0.0000000000E+00    0.0000000000E+00    0.0000000000E+00    0.0000000000E+00    0.8404793647E-14    0.8404793647E-14    0.1000000000E+01
    5    0.4133333333E+01   -0.2322278706E+00   -0.1161139353E+00    0.4347580533E+00    0.0000000000E+00    0.0000000000E+00    0.0000000000E+00    0.0000000000E+00    0.0000000000E+00    0.0000000000E+00    0.3232777975E-13    0.3232777975E-13    0.1000000000E+01
    6    0.4133333333E+01    0.5805696766E+00    0.6966836119E+00    0.4432155292E+00    0.0000000000E+00    0.0000000000E+00    0.0000000000E+00    0.0000000000E+00    0.0000000000E+00    0.0000000000E+00    0.1310970421E-12    0.1310970421E-12    0.1000000000E+01
    1    0.4391666667E+01    0.5805696766E+00    0.6966836119E+00   -0.6344019922E-01    0.0000000000E+00    0.0000000000E+00    0.0000000000E+00    0.0000000000E+00    0.0000000000E+00    0.0000000000E+00    0.3885916432E-12    0.3885916435E-12    0.9999999992E+00
    2    0.4391666667E+01   -0.2322278706E+00    0.6966836119E+00   -0.8899885515E-01    0.0000000000E+00    0.0000000000E+00    0.0000000000E+00    0.0000000000E+00    0.0000000000E+00    0.0000000000E+00    0.1974923261E-12    0.1974923261E-12    0.9999999997E+00
    3    0.4391666667E+01   -0.2322278706E+00    0.6966836119E+00   -0.2941923119E+00    0.0000000000E+00    0.0000000000E+00    0.0000000000E+00    0.0000000000E+00    0.0000000000E+00    0.0000000000E+00    0.3850029961E-12    0.3850029962E-12    0.9999999998E+00
    4    0.4391666667E+01    0.5805696766E+00   -0.1161139353E+00   -0.4455302368E+00    0.0000000000E+00    0.0000000000E+00    0.0000000000E+00    0.0000000000E+00    0.0000000000E+00    0.0000000000E+00    0.1385488145E-13    0.1385488146E-13    0.9999999995E+00
    5    0.4391666667E+01   -0.2322278706E+00   -0.1161139353E+00   -0.4747471993E+00    0.0000000000E+00    0.0000000000E+00    0.0000000000E+00    0.0000000000E+00    0.0000000000E+00    0.0000000000E+00    0.2451388015E-13    0.2451388018E-13    0.9999999988E+00
    6    0.4391666667E+01   -0.2322278706E+00    0.6966836119E+00   -0.5192080918E+00    0.0000000000E+00    0.0000000000E+00    0.0000000000E+00    0.0000000000E+00    0.0000000000E+00    0.0000000000E+00    0.4370156635E-11    0.4370156636E-11    0.9999999997E+00
    7    0.4391666667E+01    0.5805696766E+00   -0.1161139353E+00    0.4201818100E+00    0.0000000000E+00    0.0000000000E+00    0.0000000000E+00    0.0000000000E+00    0.0000000000E+00    0.0000000000E+00    0.9711500802E-14    0.9711500803E-14    0.9999999999E+00
    8    0.4391666667E+01    0.5805696766E+00    0.6966836119E+00    0.3368183823E+00    0.0000000000E+00    0.0000000000E+00    0.0000000000E+00    0.0000000000E+00    0.0000000000E+00    0.0000000000E+00    0.3696479226E-15    0.3696479448E-15    0.9999999400E+00
    9    0.4391666667E+01   -0.2322278706E+00   -0.1161139353E+00    0.3665329399E+00    0.0000000000E+00    0.0000000000E+00    0.0000000000E+00    0.0000000000E+00    0.0000000000E+00    0.0000000000E+00    0.7988714362E-14    0.7988714667E-14    0.9999999619E+00
   10    0.4391666667E+01   -0.2322278706E+00    0.6966836119E+00    0.3601629906E+00    0.0000000000E+00    0.0000000000E+00    0.0000000000E+00    0.0000000000E+00    0.0000000000E+00    0.0000000000E+00    0.3769734802E-11    0.3769734803E-11    0.9999999998E+00
    1    0.4650000000E+01   -0.2322278706E+00    0.6966836119E+00   -0.1649320497E+00    0.0000000000E+00    0.0000000000E+00    0.0000000000E+00    0.0000000000E+00    0.0000000000E+00    0.0000000000E+00    0.1080784316E-13    0.1080795468E-13    0.9999896815E+00
    2    0.4650000000E+01    0.5805696766E+00    0.6966836119E+00   -0.1505130009E+00    0.0000000000E+00    0.0000000000E+00    0.0000000000E+00    0.0000000000E+00    0.0000000000E+00    0.0000000000E+00    0.8363867349E-14    0.8363889979E-14    0.9999972943E+00
    3    0.4650000000E+01    0.5805696766E+00   -0.1161139353E+00   -0.5024817286E+00    0.0000000000E+00    0.0000000000E+00    0.0000000000E+00    0.0000000000E+00    0.0000000000E+00    0.0000000000E+00    0.2419749377E-13    0.2419755388E-13    0.9999975156E+00
    4    0.4650000000E+01   -0.2322278706E+00   -0.1161139353E+00   -0.5367660060E+00    0.0000000000E+00    0.0000000000E+00    0.0000000000E+00    0.0000000000E+00    0.0000000000E+00    0.0000000000E+00    0.2978297419E-13    0.2978297430E-13    0.9999999964E+00
    5    0.4650000000E+01    0.5805696766E+00   -0.1161139353E+00    0.3526241819E+00    0.0000000000E+00    0.0000000000E+00    0.0000000000E+00    0.0000000000E+00    0.0000000000E+00    0.0000000000E+00    0.1191102067E-13    0.1191119916E-13    0.9999850147E+00
    6    0.4650000000E+01   -0.2322278706E+00    0.6966836119E+00    0.2408956390E+00    0.0000000000E+00    0.0000000000E+00    0.0000000000E+00    0.0000000000E+00    0.0000000000E+00    0.0000000000E+00    0.9248745376E-14    0.9249398360E-14    0.9999294025E+00
    7    0.4650000000E+01    0.5805696766E+00    0.6966836119E+00    0.2626860619E+00    0.0000000000E+00    0.0000000000E+00    0.0000000000E+00    0.0000000000E+00    0.0000000000E+00    0.0000000000E+00    0.5011996968E-14    0.5012102048E-14    0.9999790348E+00
    8    0.4650000000E+01   -0.2322278706E+00   -0.1161139353E+00    0.2916016099E+00    0.0000000000E+00    0.0000000000E+00    0.0000000000E+00    0.0000000000E+00    0.0000000000E+00    0.0000000000E+00    0.4452779994E-13    0.4452779996E-13    0.9999999996E+00
    1    0.4908333333E+01   -0.2322278706E+00    0.6966836119E+00   -0.2389462192E+00    0.0000000000E+00    0.0000000000E+00    0.0000000000E+00    0.0000000000E+00    0.0000000000E+00    0.0000000000E+00    0.9179343575E-14    0.9179471804E-14    0.9999860309E+00
    2    0.4908333333E+01    0.5805696766E+00    0.6966836119E+00   -0.3760378775E+00    0.0000000000E+00    0.0000000000E+00    0.0000000000E+00    0.0000000000E+00    0.0000000000E+00    0.0000000000E+00    0.3924204469E-13    0.3924238402E-13    0.9999913531E+00
    3    0.4908333333E+01    0.5805696766E+00   -0.1161139353E+00   -0.5691172549E+00    0.0000000000E+00    0.0000000000E+00    0.0000000000E+00    0.0000000000E+00    0.0000000000E+00    0.0000000000E+00    0.7115142389E-13    0.7115142406E-13    0.9999999976E+00
    4    0.4908333333E+01   -0.2322278706E+00   -0.1161139353E+00    0.5492579414E+00    0.0000000000E+00    0.0000000000E+00    0.0000000000E+00    0.0000000000E+00    0.0000000000E+00    0.0000000000E+00    0.4896627637E-14    0.4896627877E-14    0.9999999509E+00
    5    0.4908333333E+01    0.5805696766E+00   -0.1161139353E+00    0.2558051053E+00    0.0000000000E+00    0.0000000000E+00    0.0000000000E+00    0.0000000000E+00    0.0000000000E+00    0.0000000000E+00    0.1357821042E-12    0.1357821044E-12    0.9999999988E+00
    6    0.4908333333E+01   -0.2322278706E+00    0.6966836119E+00    0.1617197139E+00    0.0000000000E+00    0.0000000000E+00    0.0000000000E+00    0.0000000000E+00    0.0000000000E+00    0.0000000000E+00    0.8953987393E-14    0.8953997407E-14    0.9999988817E+00
    7    0.4908333333E+01   -0.2322278706E+00   -0.1161139353E+00    0.1956436627E+00    0.0000000000E+00    0.0000000000E+00    0.0000000000E+00    0.0000000000E+00    0.0000000000E+00    0.0000000000E+00    0.1276621691E-14    0.1276622334E-14    0.9999994963E+00
    8    0.4908333333E+01    0.5805696766E+00    0.6966836119E+00    0.1956023277E+00    0.0000000000E+00    0.0000000000E+00    0.0000000000E+00    0.0000000000E+00    0.0000000000E+00    0.0000000000E+00    0.2953202301E-13    0.2953202925E-13    0.9999997886E+00
    1    0.5166666667E+01   -0.2322278706E+00    0.6966836119E+00   -0.3301288637E+00    0.0000000000E+00    0.0000000000E+00    0.0000000000E+00    0.0000000000E+00    0.0000000000E+00    0.0000000000E+00    0.1357686011E-13    0.1357686043E-13    0.9999999762E+00
    2    0.5166666667E+01    0.5805696766E+00    0.6966836119E+00   -0.5213368698E+00    0.0000000000E+00    0.0000000000E+00    0.0000000000E+00    0.0000000000E+00    0.0000000000E+00    0.0000000000E+00    0.3016545151E-14    0.3016545991E-14    0.9999997214E+00
    3    0.5166666667E+01    0.5805696766E+00   -0.1161139353E+00    0.4939474304E+00    0.0000000000E+00    0.0000000000E+00    0.0000000000E+00    0.0000000000E+00    0.0000000000E+00    0.0000000000E+00    0.1251215152E-13    0.1251215153E-13    0.9999999999E+00
    4    0.5166666667E+01   -0.2322278706E+00   -0.1161139353E+00    0.4805020957E+00    0.0000000000E+00    0.0000000000E+00    0.0000000000E+00    0.0000000000E+00    0.0000000000E+00    0.0000000000E+00    0.1369709089E-14    0.1369709426E-14    0.9999997543E+00
    5    0.5166666667E+01    0.5805696766E+00   -0.1161139353E+00   -0.5817389038E-01    0.0000000000E+00    0.0000000000E+00    0.0000000000E+00    0.0000000000E+00    0.0000000000E+00    0.0000000000E+00    0.3847158687E-11    0.3847158687E-11    0.1000000000E+01
    6    0.5166666667E+01   -0.2322278706E+00    0.6966836119E+00    0.9105986920E-01    0.0000000000E+00    0.0000000000E+00    0.0000000000E+00    0.0000000000E+00    0.0000000000E+00    0.0000000000E+00    0.6414347129E-14    0.6414347547E-14    0.9999999348E+00
    7    0.5166666667E+01    0.5805696766E+00    0.6966836119E+00    0.1269801110E+00    0.0000000000E+00    0.0000000000E+00    0.0000000000E+00    0.0000000000E+00    0.0000000000E+00    0.0000000000E+00    0.2971954786E-13    0.2971954800E-13    0.9999999955E+00
    1    0.5425000000E+01   -0.2322278706E+00    0.6966836119E+00   -0.4301441133E+00    0.0000000000E+00    0.0000000000E+00    0.0000000000E+00    0.0000000000E+00    0.0000000000E+00    0.0000000000E+00    0.8925834984E-14    0.8925834986E-14    0.9999999998E+00
    2    0.5425000000E+01    0.5805696766E+00    0.6966836119E+00    0.5470843564E+00    0.0000000000E+00    0.0000000000E+00    0.0000000000E+00    0.0000000000E+00    0.0000000000E+00    0.0000000000E+00    0.4306674952E-14    0.4306674956E-14    0.9999999992E+00
    3    0.5425000000E+01   -0.2322278706E+00   -0.1161139353E+00    0.4028175035E+00    0.0000000000E+00    0.0000000000E+00    0.0000000000E+00    0.0000000000E+00    0.0000000000E+00    0.0000000000E+00    0.2684547565E-17    0.2684617724E-17    0.9999738663E+00
    4    0.5425000000E+01    0.5805696766E+00   -0.1161139353E+00    0.3612413218E+00    0.0000000000E+00    0.0000000000E+00    0.0000000000E+00    0.0000000000E+00    0.0000000000E+00    0.0000000000E+00    0.1687570646E-14    0.1687570650E-14    0.9999999977E+00
    5    0.5425000000E+01    0.5805696766E+00   -0.1161139353E+00   -0.1534279554E+00    0.0000000000E+00    0.0000000000E+00    0.0000000000E+00    0.0000000000E+00    0.0000000000E+00    0.0000000000E+00    0.2819158375E-13    0.2819158375E-13    0.1000000000E+01
    6    0.5425000000E+01   -0.2322278706E+00    0.6966836119E+00    0.2177836219E-01    0.0000000000E+00    0.0000000000E+00    0.0000000000E+00    0.0000000000E+00    0.0000000000E+00    0.0000000000E+00    0.3128231385E-13    0.3128231385E-13    0.9999999999E+00
    7    0.5425000000E+01    0.5805696766E+00    0.6966836119E+00    0.4091640442E-01    0.0000000000E+00    0.0000000000E+00    0.0000000000E+00    0.0000000000E+00    0.0000000000E+00    0.0000000000E+00    0.2300029947E-11    0.2300029947E-11    0.1000000000E+01
    1    0.5683333333E+01   -0.2322278706E+00    0.6966836119E+00   -0.5101158199E+00    0.0000000000E+00    0.0000000000E+00    0.0000000000E+00    0.0000000000E+00    0.0000000000E+00    0.0000000000E+00    0.3574813073E-13    0.3574813073E-13    0.9999999998E+00
    2    0.5683333333E+01    0.5805696766E+00   -0.1161139353E+00   -0.2139684045E+00    0.0000000000E+00    0.0000000000E+00    0.0000000000E+00    0.0000000000E+00    0.0000000000E+00    0.0000000000E+00    0.1629765251E-12    0.1629765259E-12    0.9999999951E+00
    3    0.5683333333E+01    0.5805696766E+00    0.6966836119E+00    0.4614746560E+00    0.0000000000E+00    0.0000000000E+00    0.0000000000E+00    0.0000000000E+00    0.0000000000E+00    0.0000000000E+00    0.7936942336E-15    0.7936942776E-15    0.9999999445E+00
    4    0.5683333333E+01   -0.2322278706E+00   -0.1161139353E+00    0.3103655886E+00    0.0000000000E+00    0.0000000000E+00    0.0000000000E+00    0.0000000000E+00    0.0000000000E+00    0.0000000000E+00    0.1109622244E-13    0.1109622265E-13    0.9999999807E+00
    5    0.5683333333E+01   -0.2322278706E+00    0.6966836119E+00   -0.5012684413E-01    0.0000000000E+00    0.0000000000E+00    0.0000000000E+00    0.0000000000E+00    0.0000000000E+00    0.0000000000E+00    0.3654785697E-13    0.3654785703E-13    0.9999999983E+00
    6    0.5683333333E+01    0.5805696766E+00   -0.1161139353E+00    0.1412571148E+00    0.0000000000E+00    0.0000000000E+00    0.0000000000E+00    0.0000000000E+00    0.0000000000E+00    0.0000000000E+00    0.3705890106E-11    0.3705890106E-11    0.1000000000E+01
    1    0.5941666667E+01   -0.2322278706E+00    0.6966836119E+00    0.5594008008E+00    0.0000000000E+00    0.0000000000E+00    0.0000000000E+00    0.0000000000E+00    0.0000000000E+00    0.0000000000E+00    0.2893503133E-13    0.2893503133E-13    0.9999999999E+00
    2    0.5941666667E+01    0.5805696766E+00    0.6966836119E+00    0.3389233384E+00    0.0000000000E+00    0.0000000000E+00    0.0000000000E+00    0.0000000000E+00    0.0000000000E+00    0.0000000000E+00    0.2522871144E-11    0.2522871144E-11    0.1000000000E+01
    3    0.5941666667E+01   -0.2322278706E+00   -0.1161139353E+00    0.1864713565E+00    0.0000000000E+00    0.0000000000E+00    0.0000000000E+00    0.0000000000E+00    0.0000000000E+00    0.0000000000E+00    0.3078338511E-14    0.3078338512E-14    0.9999999998E+00
    4    0.5941666667E+01    0.5805696766E+00   -0.1161139353E+00   -0.2657878135E+00    0.0000000000E+00    0.0000000000E+00    0.0000000000E+00    0.0000000000E+00    0.0000000000E+00    0.0000000000E+00    0.2782642280E-14    0.2782642281E-14    0.1000000000E+01
    5    0.5941666667E+01   -0.2322278706E+00    0.6966836119E+00   -0.1326663507E+00    0.0000000000E+00    0.0000000000E+00    0.0000000000E+00    0.0000000000E+00    0.0000000000E+00    0.0000000000E+00    0.1572507821E-13    0.1572507821E-13    0.1000000000E+01
    6    0.5941666667E+01    0.5805696766E+00    0.6966836119E+00   -0.1103687873E+00    0.0000000000E+00    0.0000000000E+00    0.0000000000E+00    0.0000000000E+00    0.0000000000E+00    0.0000000000E+00    0.2777419065E-11    0.2777419065E-11    0.1000000000E+01
    1    0.6200000000E+01   -0.2322278706E+00    0.6966836119E+00    0.4482009607E+00    0.0000000000E+00    0.0000000000E+00    0.0000000000E+00    0.0000000000E+00    0.0000000000E+00    0.0000000000E+00    0.3079438685E-11    0.3079438685E-11    0.1000000000E+01
    2    0.6200000000E+01   -0.2322278706E+00   -0.1161139353E+00   -0.7507998791E-01    0.0000000000E+00    0.0000000000E+00    0.0000000000E+00    0.0000000000E+00    0.0000000000E+00    0.0000000000E+00    0.2851395547E-11    0.2851395547E-11    0.1000000000E+01
    3    0.6200000000E+01   -0.2322278706E+00    0.6966836119E+00   -0.2500822811E+00    0.0000000000E+00    0.0000000000E+00    0.0000000000E+00    0.0000000000E+00    0.0000000000E+00    0.0000000000E+00    0.3082817801E-11    0.3082817801E-11    0.1000000000E+01
    4    0.6200000000E+01    0.5805696766E+00   -0.1161139353E+00   -0.3133189570E+00    0.0000000000E+00    0.0000000000E+00    0.0000000000E+00    0.0000000000E+00    0.0000000000E+00    0.0000000000E+00    0.4117374697E-15    0.4117374698E-15    0.9999999999E+00
    1    0.6458333333E+01    0.5805696766E+00   -0.1161139353E+00   -0.3588600002E+00    0.0000000000E+00    0.0000000000E+00    0.0000000000E+00    0.0000000000E+00    0.0000000000E+00    0.0000000000E+00    0.5421497653E-19    0.5421498852E-19    0.9999997788E+00
    2    0.6458333333E+01   -0.2322278706E+00   -0.1161139353E+00   -0.1627583949E+00    0.0000000000E+00    0.0000000000E+00    0.0000000000E+00    0.0000000000E+00    0.0000000000E+00    0.0000000000E+00    0.2169005857E-13    0.2169005857E-13    0.1000000000E+01
    1    0.6716666667E+01    0.5805696766E+00   -0.1161139353E+00   -0.4036257124E+00    0.0000000000E+00    0.0000000000E+00    0.0000000000E+00    0.0000000000E+00    0.0000000000E+00    0.0000000000E+00    0.2942263991E-16    0.2942815803E-16    0.9998124886E+00
    2    0.6716666667E+01   -0.2322278706E+00   -0.1161139353E+00   -0.2222012124E+00    0.0000000000E+00    0.0000000000E+00    0.0000000000E+00    0.0000000000E+00    0.0000000000E+00    0.0000000000E+00    0.5179249810E-14    0.5179249815E-14    0.9999999990E+00
    1    0.6975000000E+01    0.5805696766E+00   -0.1161139353E+00   -0.4484134141E+00    0.0000000000E+00    0.0000000000E+00    0.0000000000E+00    0.0000000000E+00    0.0000000000E+00    0.0000000000E+00    0.6978425040E-15    0.6978425040E-15    0.1000000000E+01
    2    0.6975000000E+01   -0.2322278706E+00   -0.1161139353E+00   -0.2736523263E+00    0.0000000000E+00    0.0000000000E+00    0.0000000000E+00    0.0000000000E+00    0.0000000000E+00    0.0000000000E+00    0.6552866611E-14    0.6552866611E-14    0.1000000000E+01
    1    0.7233333333E+01    0.5805696766E+00   -0.1161139353E+00   -0.4937937743E+00    0.0000000000E+00    0.0000000000E+00    0.0000000000E+00    0.0000000000E+00    0.0000000000E+00    0.0000000000E+00    0.1449036070E-14    0.1449036070E-14    0.1000000000E+01
    2    0.7233333333E+01   -0.2322278706E+00   -0.1161139353E+00   -0.3219631474E+00    0.0000000000E+00    0.0000000000E+00    0.0000000000E+00    0.0000000000E+00    0.0000000000E+00    0.0000000000E+00    0.1566549279E-14    0.1566549279E-14    0.1000000000E+01
    1    0.7491666667E+01    0.5805696766E+00   -0.1161139353E+00   -0.5401833621E+00    0.0000000000E+00    0.0000000000E+00    0.0000000000E+00    0.0000000000E+00    0.0000000000E+00    0.0000000000E+00    0.5747634604E-15    0.5747634604E-15    0.1000000000E+01
    2    0.7491666667E+01   -0.2322278706E+00   -0.1161139353E+00   -0.3694540708E+00    0.0000000000E+00    0.0000000000E+00    0.0000000000E+00    0.0000000000E+00    0.0000000000E+00    0.0000000000E+00    0.2513050858E-16    0.2513050871E-16    0.9999999947E+00
    1    0.7750000000E+01    0.5805696766E+00    0.6966836119E+00   -0.1586284548E+00    0.0000000000E+00    0.0000000000E+00    0.0000000000E+00    0.0000000000E+00    0.0000000000E+00    0.0000000000E+00    0.1718483237E-11    0.1718483237E-11    0.1000000000E+01
    2    0.7750000000E+01   -0.2322278706E+00   -0.1161139353E+00   -0.4177146237E+00    0.0000000000E+00    0.0000000000E+00    0.0000000000E+00    0.0000000000E+00    0.0000000000E+00    0.0000000000E+00    0.6160729894E-17    0.6160738672E-17    0.9999985752E+00
    3    0.7750000000E+01    0.5805696766E+00   -0.1161139353E+00    0.5617924339E+00    0.0000000000E+00    0.0000000000E+00    0.0000000000E+00    0.0000000000E+00    0.0000000000E+00    0.0000000000E+00    0.1225690351E-13    0.1225690351E-13    0.1000000000E+01
    1    0.8008333333E+01    0.5805696766E+00    0.6966836119E+00   -0.2990886555E+00    0.0000000000E+00    0.0000000000E+00    0.0000000000E+00    0.0000000000E+00    0.0000000000E+00    0.0000000000E+00    0.4798085081E-13    0.4798085081E-13    0.1000000000E+01
    2    0.8008333333E+01   -0.2322278706E+00   -0.1161139353E+00   -0.4682029130E+00    0.0000000000E+00    0.0000000000E+00    0.0000000000E+00    0.0000000000E+00    0.0000000000E+00    0.0000000000E+00    0.2678301942E-15    0.2678301942E-15    0.1000000000E+01
    3    0.8008333333E+01    0.5805696766E+00   -0.1161139353E+00    0.5127909355E+00    0.0000000000E+00    0.0000000000E+00    0.0000000000E+00    0.0000000000E+00    0.0000000000E+00    0.0000000000E+00    0.4178635167E-14    0.4178635167E-14    0.1000000000E+01
    1    0.8266666667E+01    0.5805696766E+00    0.6966836119E+00   -0.3726101676E+00    0.0000000000E+00    0.0000000000E+00    0.0000000000E+00    0.0000000000E+00    0.0000000000E+00    0.0000000000E+00    0.3330468494E-15    0.3330468494E-15    0.1000000000E+01
    2    0.8266666667E+01   -0.2322278706E+00   -0.1161139353E+00   -0.5226158479E+00    0.0000000000E+00    0.0000000000E+00    0.0000000000E+00    0.0000000000E+00    0.0000000000E+00    0.0000000000E+00    0.1125367292E-14    0.1125367292E-14    0.1000000000E+01
    3    0.8266666667E+01    0.5805696766E+00   -0.1161139353E+00    0.4626553178E+00    0.0000000000E+00    0.0000000000E+00    0.0000000000E+00    0.0000000000E+00    0.0000000000E+00    0.0000000000E+00    0.1016110264E-13    0.1016110264E-13    0.1000000000E+01
    1    0.8525000000E+01   -0.2322278706E+00    0.6966836119E+00    0.8545507632E-01    0.0000000000E+00    0.0000000000E+00    0.0000000000E+00    0.0000000000E+00    0.0000000000E+00    0.0000000000E+00    0.1951143749E-10    0.1951143752E-10    0.9999999985E+00
    2    0.8525000000E+01   -0.2322278706E+00    0.6966836119E+00   -0.4449799638E+00    0.0000000000E+00    0.0000000000E+00    0.0000000000E+00    0.0000000000E+00    0.0000000000E+00    0.0000000000E+00    0.8251182654E-12    0.8251182660E-12    0.9999999993E+00
    3    0.8525000000E+01    0.5805696766E+00    0.6966836119E+00   -0.4354786261E+00    0.0000000000E+00    0.0000000000E+00    0.0000000000E+00    0.0000000000E+00    0.0000000000E+00    0.0000000000E+00    0.2620707358E-14    0.2620707408E-14    0.9999999810E+00
    4    0.8525000000E+01   -0.2322278706E+00   -0.1161139353E+00    0.5666101871E+00    0.0000000000E+00    0.0000000000E+00    0.0000000000E+00    0.0000000000E+00    0.0000000000E+00    0.0000000000E+00    0.1740203214E-12    0.1740203214E-12    0.9999999997E+00
    5    0.8525000000E+01    0.5805696766E+00   -0.1161139353E+00    0.4116328588E+00    0.0000000000E+00    0.0000000000E+00    0.0000000000E+00    0.0000000000E+00    0.0000000000E+00    0.0000000000E+00    0.2942138705E-14    0.2942138726E-14    0.9999999931E+00
    1    0.8783333333E+01    0.5805696766E+00    0.6966836119E+00   -0.4965851805E+00    0.0000000000E+00    0.0000000000E+00    0.0000000000E+00    0.0000000000E+00    0.0000000000E+00    0.0000000000E+00    0.2235740286E-14    0.2235740286E-14    0.1000000000E+01
    2    0.8783333333E+01   -0.2322278706E+00    0.6966836119E+00   -0.5214407190E+00    0.0000000000E+00    0.0000000000E+00    0.0000000000E+00    0.0000000000E+00    0.0000000000E+00    0.0000000000E+00    0.4298579134E-15    0.4298579134E-15    0.1000000000E+01
    3    0.8783333333E+01   -0.2322278706E+00   -0.1161139353E+00    0.4962606029E+00    0.0000000000E+00    0.0000000000E+00    0.0000000000E+00    0.0000000000E+00    0.0000000000E+00    0.0000000000E+00    0.1397382070E-13    0.1397382070E-13    0.1000000000E+01
    4    0.8783333333E+01    0.5805696766E+00   -0.1161139353E+00    0.3601413718E+00    0.0000000000E+00    0.0000000000E+00    0.0000000000E+00    0.0000000000E+00    0.0000000000E+00    0.0000000000E+00    0.2320716495E-14    0.2320716495E-14    0.1000000000E+01
    1    0.9041666667E+01    0.5805696766E+00    0.6966836119E+00   -0.5610207837E+00    0.0000000000E+00    0.0000000000E+00    0.0000000000E+00    0.0000000000E+00    0.0000000000E+00    0.0000000000E+00    0.9958497573E-15    0.9958497575E-15    0.9999999997E+00
    2    0.9041666667E+01   -0.2322278706E+00    0.6966836119E+00    0.5613710883E+00    0.0000000000E+00    0.0000000000E+00    0.0000000000E+00    0.0000000000E+00    0.0000000000E+00    0.0000000000E+00    0.4140663409E-14    0.4140663414E-14    0.9999999988E+00
    3    0.9041666667E+01   -0.2322278706E+00   -0.1161139353E+00    0.4125616646E+00    0.0000000000E+00    0.0000000000E+00    0.0000000000E+00    0.0000000000E+00    0.0000000000E+00    0.0000000000E+00    0.1089006996E-13    0.1089006996E-13    0.9999999999E+00
    4    0.9041666667E+01    0.5805696766E+00   -0.1161139353E+00    0.3086073982E+00    0.0000000000E+00    0.0000000000E+00    0.0000000000E+00    0.0000000000E+00    0.0000000000E+00    0.0000000000E+00    0.1630335722E-13    0.1630335722E-13    0.1000000000E+01
    1    0.9300000000E+01    0.5805696766E+00    0.6966836119E+00    0.5139918807E+00    0.0000000000E+00    0.0000000000E+00    0.0000000000E+00    0.0000000000E+00    0.0000000000E+00    0.0000000000E+00    0.2497544673E-15    0.2497544673E-15    0.1000000000E+01
    2    0.9300000000E+01   -0.2322278706E+00    0.6966836119E+00    0.4946245031E+00    0.0000000000E+00    0.0000000000E+00    0.0000000000E+00    0.0000000000E+00    0.0000000000E+00    0.0000000000E+00    0.1336708541E-14    0.1336708542E-14    0.1000000000E+01
    3    0.9300000000E+01   -0.2322278706E+00   -0.1161139353E+00    0.3149745375E+00    0.0000000000E+00    0.0000000000E+00    0.0000000000E+00    0.0000000000E+00    0.0000000000E+00    0.0000000000E+00    0.6434199509E-13    0.6434199509E-13    0.1000000000E+01
    4    0.9300000000E+01    0.5805696766E+00   -0.1161139353E+00    0.2573416420E+00    0.0000000000E+00    0.0000000000E+00    0.0000000000E+00    0.0000000000E+00    0.0000000000E+00    0.0000000000E+00    0.1430900219E-13    0.1430900219E-13    0.9999999998E+00
    1    0.9558333333E+01    0.5805696766E+00    0.6966836119E+00    0.4084447793E+00    0.0000000000E+00    0.0000000000E+00    0.0000000000E+00    0.0000000000E+00    0.0000000000E+00    0.0000000000E+00    0.1574867612E-14    0.1574867612E-14    0.1000000000E+01
    2    0.9558333333E+01   -0.2322278706E+00    0.6966836119E+00    0.4208748806E+00    0.0000000000E+00    0.0000000000E+00    0.0000000000E+00    0.0000000000E+00    0.0000000000E+00    0.0000000000E+00    0.2958043470E-14    0.2958043470E-14    0.1000000000E+01
    3    0.9558333333E+01    0.5805696766E+00   -0.1161139353E+00    0.2064533949E+00    0.0000000000E+00    0.0000000000E+00    0.0000000000E+00    0.0000000000E+00    0.0000000000E+00    0.0000000000E+00    0.9770881693E-15    0.9770881693E-15    0.1000000000E+01
    4    0.9558333333E+01   -0.2322278706E+00   -0.1161139353E+00    0.2145835060E+00    0.0000000000E+00    0.0000000000E+00    0.0000000000E+00    0.0000000000E+00    0.0000000000E+00    0.0000000000E+00    0.4350205211E-14    0.4350205211E-14    0.1000000000E+01
    1    0.9816666667E+01   -0.2322278706E+00    0.6966836119E+00    0.3262193314E+00    0.0000000000E+00    0.0000000000E+00    0.0000000000E+00    0.0000000000E+00    0.0000000000E+00    0.0000000000E+00    0.6256318820E-13    0.6256318820E-13    0.1000000000E+01
    2    0.9816666667E+01   -0.2322278706E+00   -0.1161139353E+00    0.1201964414E+00    0.0000000000E+00    0.0000000000E+00    0.0000000000E+00    0.0000000000E+00    0.0000000000E+00    0.0000000000E+00    0.8051669990E-13    0.8051669990E-13    0.1000000000E+01
    3    0.9816666667E+01    0.5805696766E+00   -0.1161139353E+00    0.1558234077E+00    0.0000000000E+00    0.0000000000E+00    0.0000000000E+00    0.0000000000E+00    0.0000000000E+00    0.0000000000E+00    0.3841150494E-14    0.3841150494E-14    0.1000000000E+01
    1    0.1007500000E+02   -0.2322278706E+00    0.6966836119E+00    0.1246394233E+00    0.0000000000E+00    0.0000000000E+00    0.0000000000E+00    0.0000000000E+00    0.0000000000E+00    0.0000000000E+00    0.2759448602E-10    0.2759448602E-10    0.1000000000E+01
    2    0.1007500000E+02    0.5805696766E+00   -0.1161139353E+00    0.1051033883E+00    0.0000000000E+00    0.0000000000E+00    0.0000000000E+00    0.0000000000E+00    0.0000000000E+00    0.0000000000E+00    0.3546734786E-14    0.3546734786E-14    0.1000000000E+01
    1    0.1033333333E+02    0.5805696766E+00   -0.1161139353E+00    0.5356138513E-01    0.0000000000E+00    0.0000000000E+00    0.0000000000E+00    0.0000000000E+00    0.0000000000E+00    0.0000000000E+00    0.2890931327E-13    0.2890931327E-13    0.1000000000E+01
    1    0.1085000000E+02   -0.2322278706E+00   -0.1161139353E+00   -0.1163573868E+00    0.0000000000E+00    0.0000000000E+00    0.0000000000E+00    0.0000000000E+00    0.0000000000E+00    0.0000000000E+00    0.1300077165E-12    0.1300077165E-12    0.1000000000E+01
    2    0.1085000000E+02    0.5805696766E+00   -0.1161139353E+00   -0.4921577150E-01    0.0000000000E+00    0.0000000000E+00    0.0000000000E+00    0.0000000000E+00    0.0000000000E+00    0.0000000000E+00    0.5928473199E-13    0.5928473199E-13    0.1000000000E+01
    1    0.1110833333E+02   -0.2322278706E+00    0.6966836119E+00   -0.4500161425E+00    0.0000000000E+00    0.0000000000E+00    0.0000000000E+00    0.0000000000E+00    0.0000000000E+00    0.0000000000E+00    0.2115920396E-13    0.2115920396E-13    0.1000000000E+01
    2    0.1110833333E+02    0.5805696766E+00    0.6966836119E+00   -0.3089868968E+00    0.5805696766E+00   -0.9289114825E+00   -0.3089868968E+00   -0.2028278044E+01    0.4793029081E+01    0.2846387244E+01    0.4027813390E-12    0.4027813390E-12    0.1000000000E+01
    3    0.1110833333E+02   -0.2322278706E+00   -0.1161139353E+00   -0.1898135581E+00    0.0000000000E+00    0.0000000000E+00    0.0000000000E+00    0.0000000000E+00    0.0000000000E+00    0.0000000000E+00    0.9309169448E-19    0.9309170884E-19    0.9999998458E+00
    4    0.1110833333E+02    0.5805696766E+00   -0.1161139353E+00   -0.1057896026E+00    0.0000000000E+00    0.0000000000E+00    0.0000000000E+00    0.0000000000E+00    0.0000000000E+00    0.0000000000E+00    0.2248872046E-14    0.2248872046E-14    0.1000000000E+01
    1    0.1136666667E+02   -0.2322278706E+00    0.6966836119E+00   -0.5326390526E+00    0.0000000000E+00    0.0000000000E+00    0.0000000000E+00    0.0000000000E+00    0.0000000000E+00    0.0000000000E+00    0.4561469411E-14    0.4561533066E-14    0.9999860453E+00
    2    0.1136666667E+02    0.5805696766E+00    0.6966836119E+00   -0.4269099484E+00    0.0000000000E+00    0.0000000000E+00    0.0000000000E+00    0.0000000000E+00    0.0000000000E+00    0.0000000000E+00    0.1042199942E-13    0.1042206717E-13    0.9999934993E+00
    3    0.1136666667E+02   -0.2322278706E+00   -0.1161139353E+00   -0.2605987967E+00    0.0000000000E+00    0.0000000000E+00    0.0000000000E+00    0.0000000000E+00    0.0000000000E+00    0.0000000000E+00    0.9831008294E-14    0.9831050674E-14    0.9999956891E+00
    4    0.1136666667E+02    0.5805696766E+00   -0.1161139353E+00   -0.1649954133E+00    0.0000000000E+00    0.0000000000E+00    0.0000000000E+00    0.0000000000E+00    0.0000000000E+00    0.0000000000E+00    0.2340405918E-14    0.2340826092E-14    0.9998205018E+00
    1    0.1162500000E+02   -0.2322278706E+00    0.6966836119E+00    0.5501876495E+00    0.0000000000E+00    0.0000000000E+00    0.0000000000E+00    0.0000000000E+00    0.0000000000E+00    0.0000000000E+00    0.1052767177E-14    0.1052767177E-14    0.9999999999E+00
    2    0.1162500000E+02    0.5805696766E+00    0.6966836119E+00   -0.5072263040E+00    0.0000000000E+00    0.0000000000E+00    0.0000000000E+00    0.0000000000E+00    0.0000000000E+00    0.0000000000E+00    0.2929173713E-14    0.2929173713E-14    0.1000000000E+01
    3    0.1162500000E+02   -0.2322278706E+00   -0.1161139353E+00   -0.3308572218E+00    0.0000000000E+00    0.0000000000E+00    0.0000000000E+00    0.0000000000E+00    0.0000000000E+00    0.0000000000E+00    0.1023453165E-13    0.1023453165E-13    0.1000000000E+01
    4    0.1162500000E+02    0.5805696766E+00   -0.1161139353E+00   -0.2279058332E+00    0.0000000000E+00    0.0000000000E+00    0.0000000000E+00    0.0000000000E+00    0.0000000000E+00    0.0000000000E+00    0.5748159275E-14    0.5748159275E-14    0.1000000000E+01
    1    0.1188333333E+02   -0.2322278706E+00    0.6966836119E+00    0.4896339170E+00    0.0000000000E+00    0.0000000000E+00    0.0000000000E+00    0.0000000000E+00    0.0000000000E+00    0.0000000000E+00    0.3034545419E-15    0.3034545419E-15    0.1000000000E+01
    2    0.1188333333E+02    0.5805696766E+00    0.6966836119E+00    0.5734435966E+00    0.0000000000E+00    0.0000000000E+00    0.0000000000E+00    0.0000000000E+00    0.0000000000E+00    0.0000000000E+00    0.9468975250E-13    0.9468975250E-13    0.1000000000E+01
    3    0.1188333333E+02   -0.2322278706E+00   -0.1161139353E+00   -0.4003173174E+00    0.0000000000E+00    0.0000000000E+00    0.0000000000E+00    0.0000000000E+00    0.0000000000E+00    0.0000000000E+00    0.1177912814E-14    0.1177912814E-14    0.1000000000E+01
    4    0.1188333333E+02    0.5805696766E+00   -0.1161139353E+00   -0.2948359790E+00    0.0000000000E+00    0.0000000000E+00    0.0000000000E+00    0.0000000000E+00    0.0000000000E+00    0.0000000000E+00    0.1795902897E-13    0.1795902897E-13    0.1000000000E+01
    1    0.1214166667E+02    0.5805696766E+00   -0.1161139353E+00   -0.3650379878E+00    0.0000000000E+00    0.0000000000E+00    0.0000000000E+00    0.0000000000E+00    0.0000000000E+00    0.0000000000E+00    0.1158205352E-14    0.1158215798E-14    0.9999909815E+00
    2    0.1214166667E+02   -0.2322278706E+00   -0.1161139353E+00   -0.4683038674E+00    0.0000000000E+00    0.0000000000E+00    0.0000000000E+00    0.0000000000E+00    0.0000000000E+00    0.0000000000E+00    0.8257081671E-14    0.8257081691E-14    0.9999999976E+00
    3    0.1214166667E+02   -0.2322278706E+00    0.6966836119E+00    0.4311874119E+00    0.0000000000E+00    0.0000000000E+00    0.0000000000E+00    0.0000000000E+00    0.0000000000E+00    0.0000000000E+00    0.3976958926E-16    0.3976961088E-16    0.9999994563E+00
    4    0.1214166667E+02    0.5805696766E+00    0.6966836119E+00    0.5090198026E+00    0.0000000000E+00    0.0000000000E+00    0.0000000000E+00    0.0000000000E+00    0.0000000000E+00    0.0000000000E+00    0.2712941667E-16    0.2712944846E-16    0.9999988283E+00
    1    0.1240000000E+02    0.5805696766E+00   -0.1161139353E+00   -0.4365579749E+00    0.0000000000E+00    0.0000000000E+00    0.0000000000E+00    0.0000000000E+00    0.0000000000E+00    0.0000000000E+00    0.3704424021E-14    0.3704424021E-14    0.1000000000E+01
    2    0.1240000000E+02   -0.2322278706E+00   -0.1161139353E+00   -0.5347158287E+00    0.0000000000E+00    0.0000000000E+00    0.0000000000E+00    0.0000000000E+00    0.0000000000E+00    0.0000000000E+00    0.1724737502E-14    0.1724737502E-14    0.1000000000E+01
    3    0.1240000000E+02   -0.2322278706E+00    0.6966836119E+00    0.3722819406E+00    0.0000000000E+00    0.0000000000E+00    0.0000000000E+00    0.0000000000E+00    0.0000000000E+00    0.0000000000E+00    0.2237001225E-17    0.2237001324E-17    0.9999999557E+00
    4    0.1240000000E+02    0.5805696766E+00    0.6966836119E+00    0.4454331737E+00    0.0000000000E+00    0.0000000000E+00    0.0000000000E+00    0.0000000000E+00    0.0000000000E+00    0.0000000000E+00    0.7930207112E-16    0.7930207115E-16    0.9999999996E+00
    1    0.1265833333E+02    0.5805696766E+00   -0.1161139353E+00   -0.5072506235E+00    0.0000000000E+00    0.0000000000E+00    0.0000000000E+00    0.0000000000E+00    0.0000000000E+00    0.0000000000E+00    0.1275047368E-15    0.1275047368E-15    0.1000000000E+01
    2    0.1265833333E+02   -0.2322278706E+00   -0.1161139353E+00    0.5492848569E+00    0.0000000000E+00    0.0000000000E+00    0.0000000000E+00    0.0000000000E+00    0.0000000000E+00    0.0000000000E+00    0.1151448919E-13    0.1151448919E-13    0.1000000000E+01
    3    0.1265833333E+02   -0.2322278706E+00    0.6966836119E+00    0.3104774061E+00   -0.2322278706E+00    0.6966836119E+00    0.3104774061E+00    0.9852346451E+00   -0.4420733877E+01   -0.2110986617E+01    0.3760864779E-15    0.3760864779E-15    0.1000000000E+01
    4    0.1265833333E+02    0.5805696766E+00    0.6966836119E+00    0.3798542105E+00    0.0000000000E+00    0.0000000000E+00    0.0000000000E+00    0.0000000000E+00    0.0000000000E+00    0.0000000000E+00    0.1738061202E-17    0.1738061203E-17    0.9999999996E+00
    1    0.1291666667E+02    0.5805696766E+00   -0.1161139353E+00    0.5746882870E+00    0.0000000000E+00    0.0000000000E+00    0.0000000000E+00    0.0000000000E+00    0.0000000000E+00    0.0000000000E+00    0.5947535162E-08    0.5947535162E-08    0.1000000000E+01
    2    0.1291666667E+02   -0.2322278706E+00   -0.1161139353E+00    0.4831206136E+00    0.0000000000E+00    0.0000000000E+00    0.0000000000E+00    0.0000000000E+00    0.0000000000E+00    0.0000000000E+00    0.4729831872E-15    0.4729831876E-15    0.9999999992E+00
    3    0.1291666667E+02    0.5805696766E+00    0.6966836119E+00    0.3087823834E+00    0.0000000000E+00    0.0000000000E+00    0.0000000000E+00    0.0000000000E+00    0.0000000000E+00    0.0000000000E+00    0.1990312689E-14    0.1990312689E-14    0.1000000000E+01
    4    0.1291666667E+02   -0.2322278706E+00    0.6966836119E+00    0.2423772892E+00    0.0000000000E+00    0.0000000000E+00    0.0000000000E+00    0.0000000000E+00    0.0000000000E+00    0.0000000000E+00    0.2452887881E-14    0.2452887888E-14    0.9999999970E+00
    1    0.1317500000E+02    0.5805696766E+00   -0.1161139353E+00    0.5055042733E+00    0.0000000000E+00    0.0000000000E+00    0.0000000000E+00    0.0000000000E+00    0.0000000000E+00    0.0000000000E+00    0.2054569912E-14    0.2054569912E-14    0.1000000000E+01
    2    0.1317500000E+02   -0.2322278706E+00   -0.1161139353E+00    0.4140527244E+00    0.0000000000E+00    0.0000000000E+00    0.0000000000E+00    0.0000000000E+00    0.0000000000E+00    0.0000000000E+00    0.8779022745E-16    0.8779022814E-16    0.9999999921E+00
    3    0.1317500000E+02   -0.2322278706E+00    0.6966836119E+00    0.1606090644E+00    0.0000000000E+00    0.0000000000E+00    0.0000000000E+00    0.0000000000E+00    0.0000000000E+00    0.0000000000E+00    0.1327789126E-13    0.1327789126E-13    0.1000000000E+01
    4    0.1317500000E+02    0.5805696766E+00    0.6966836119E+00    0.2246514031E+00    0.0000000000E+00    0.0000000000E+00    0.0000000000E+00    0.0000000000E+00    0.0000000000E+00    0.0000000000E+00    0.6898782078E-14    0.6898782078E-14    0.1000000000E+01
    1    0.1343333333E+02   -0.2322278706E+00    0.6966836119E+00   -0.3682723196E+00    0.0000000000E+00    0.0000000000E+00    0.0000000000E+00    0.0000000000E+00    0.0000000000E+00    0.0000000000E+00    0.3450143473E-10    0.3450143473E-10    0.9999999999E+00
    2    0.1343333333E+02    0.5805696766E+00   -0.1161139353E+00    0.4368023720E+00    0.0000000000E+00    0.0000000000E+00    0.0000000000E+00    0.0000000000E+00    0.0000000000E+00    0.0000000000E+00    0.2129104227E-11    0.2129104227E-11    0.9999999999E+00
    3    0.1343333333E+02   -0.2322278706E+00   -0.1161139353E+00    0.3379406435E+00    0.0000000000E+00    0.0000000000E+00    0.0000000000E+00    0.0000000000E+00    0.0000000000E+00    0.0000000000E+00    0.4908912930E-12    0.4908912930E-12    0.1000000000E+01
    4    0.1343333333E+02   -0.2322278706E+00    0.6966836119E+00    0.9460255598E-01    0.0000000000E+00    0.0000000000E+00    0.0000000000E+00    0.0000000000E+00    0.0000000000E+00    0.0000000000E+00    0.4101982371E-10    0.4101982412E-10    0.9999999899E+00
    5    0.1343333333E+02    0.5805696766E+00   -0.1161139353E+00   -0.1180643435E+00    0.0000000000E+00    0.0000000000E+00    0.0000000000E+00    0.0000000000E+00    0.0000000000E+00    0.0000000000E+00    0.7954753616E-10    0.7954753617E-10    0.1000000000E+01
    6    0.1343333333E+02   -0.2322278706E+00   -0.1161139353E+00   -0.1164901311E+00    0.0000000000E+00    0.0000000000E+00    0.0000000000E+00    0.0000000000E+00    0.0000000000E+00    0.0000000000E+00    0.6199100862E-10    0.6199100862E-10    0.1000000000E+01
    1    0.1369166667E+02    0.5805696766E+00   -0.1161139353E+00    0.3637570235E+00    0.0000000000E+00    0.0000000000E+00    0.0000000000E+00    0.0000000000E+00    0.0000000000E+00    0.0000000000E+00    0.5477082474E-12    0.5477082474E-12    0.1000000000E+01
    2    0.1369166667E+02   -0.2322278706E+00    0.6966836119E+00    0.4697086277E+00    0.0000000000E+00    0.0000000000E+00    0.0000000000E+00    0.0000000000E+00    0.0000000000E+00    0.0000000000E+00    0.2618699864E-10    0.2618699864E-10    0.1000000000E+01
    3    0.1369166667E+02   -0.2322278706E+00   -0.1161139353E+00    0.2434913723E+00    0.0000000000E+00    0.0000000000E+00    0.0000000000E+00    0.0000000000E+00    0.0000000000E+00    0.0000000000E+00    0.1164989811E-12    0.1164989811E-12    0.1000000000E+01
    4    0.1369166667E+02    0.5805696766E+00    0.6966836119E+00   -0.5055422147E+00    0.0000000000E+00    0.0000000000E+00    0.0000000000E+00    0.0000000000E+00    0.0000000000E+00    0.0000000000E+00    0.1543220668E-10    0.1543220668E-10    0.1000000000E+01
    5    0.1369166667E+02    0.5805696766E+00    0.6966836119E+00    0.5518346365E-01    0.0000000000E+00    0.0000000000E+00    0.0000000000E+00    0.0000000000E+00    0.0000000000E+00    0.0000000000E+00    0.1339023603E-08    0.1339023603E-08    0.1000000000E+01
    6    0.1369166667E+02   -0.2322278706E+00   -0.1161139353E+00   -0.3787188093E+00    0.0000000000E+00    0.0000000000E+00    0.0000000000E+00    0.0000000000E+00    0.0000000000E+00    0.0000000000E+00    0.1186907161E-12    0.1186907161E-12    0.9999999999E+00
    7    0.1369166667E+02    0.5805696766E+00   -0.1161139353E+00   -0.3818249033E+00    0.0000000000E+00    0.0000000000E+00    0.0000000000E+00    0.0000000000E+00    0.0000000000E+00    0.0000000000E+00    0.1430373174E-11    0.1430373174E-11    0.1000000000E+01
    8    0.1369166667E+02   -0.2322278706E+00    0.6966836119E+00   -0.2900725724E+00    0.0000000000E+00    0.0000000000E+00    0.0000000000E+00    0.0000000000E+00    0.0000000000E+00    0.0000000000E+00    0.2816545465E-10    0.2816545465E-10    0.1000000000E+01
    9    0.1369166667E+02    0.5805696766E+00    0.6966836119E+00   -0.9154680998E-01    0.0000000000E+00    0.0000000000E+00    0.0000000000E+00    0.0000000000E+00    0.0000000000E+00    0.0000000000E+00    0.2243055182E-09    0.2243055182E-09    0.1000000000E+01
   10    0.1369166667E+02    0.5805696766E+00   -0.1161139353E+00   -0.2320524600E+00    0.0000000000E+00    0.0000000000E+00    0.0000000000E+00    0.0000000000E+00    0.0000000000E+00    0.0000000000E+00    0.2911527779E-11    0.2911527779E-11    0.9999999999E+00
   11    0.1369166667E+02   -0.2322278706E+00    0.6966836119E+00   -0.1573314539E+00    0.0000000000E+00    0.0000000000E+00    0.0000000000E+00    0.0000000000E+00    0.0000000000E+00    0.0000000000E+00    0.9499787278E-12    0.9499787278E-12    0.1000000000E+01
   12    0.1369166667E+02    0.5805696766E+00    0.6966836119E+00   -0.1816422012E+00    0.0000000000E+00    0.0000000000E+00    0.0000000000E+00    0.0000000000E+00    0.0000000000E+00    0.0000000000E+00    0.1177469721E-09    0.1177469721E-09    0.1000000000E+01
    1    0.1395000000E+02    0.5805696766E+00   -0.1161139353E+00    0.2780229018E+00    0.0000000000E+00    0.0000000000E+00    0.0000000000E+00    0.0000000000E+00    0.0000000000E+00    0.0000000000E+00    0.7297654823E-12    0.7297654823E-12    0.1000000000E+01
    2    0.1395000000E+02   -0.2322278706E+00   -0.1161139353E+00    0.5561480047E+00    0.0000000000E+00    0.0000000000E+00    0.0000000000E+00    0.0000000000E+00    0.0000000000E+00    0.0000000000E+00    0.7515531167E-11    0.7515531167E-11    0.1000000000E+01
    3    0.1395000000E+02    0.5805696766E+00   -0.1161139353E+00   -0.5654568807E+00    0.0000000000E+00    0.0000000000E+00    0.0000000000E+00    0.0000000000E+00    0.0000000000E+00    0.0000000000E+00    0.6883871986E-11    0.6883871986E-11    0.1000000000E+01
    4    0.1395000000E+02   -0.2322278706E+00    0.6966836119E+00   -0.4759634510E+00    0.0000000000E+00    0.0000000000E+00    0.0000000000E+00    0.0000000000E+00    0.0000000000E+00    0.0000000000E+00    0.2473309010E-10    0.2473309010E-10    0.1000000000E+01
    5    0.1395000000E+02    0.5805696766E+00   -0.1161139353E+00   -0.4597010523E+00    0.0000000000E+00    0.0000000000E+00    0.0000000000E+00    0.0000000000E+00    0.0000000000E+00    0.0000000000E+00    0.4375220774E-12    0.4375220774E-12    0.1000000000E+01
    6    0.1395000000E+02    0.5805696766E+00    0.6966836119E+00   -0.3461602678E+00    0.0000000000E+00    0.0000000000E+00    0.0000000000E+00    0.0000000000E+00    0.0000000000E+00    0.0000000000E+00    0.6436094198E-13    0.6436094198E-13    0.1000000000E+01
    7    0.1395000000E+02   -0.2322278706E+00   -0.1161139353E+00   -0.3777127389E+00    0.0000000000E+00    0.0000000000E+00    0.0000000000E+00    0.0000000000E+00    0.0000000000E+00    0.0000000000E+00    0.4367682771E-12    0.4367682771E-12    0.1000000000E+01
    8    0.1395000000E+02   -0.2322278706E+00    0.6966836119E+00   -0.3925104657E+00   -0.2322278706E+00    0.6966836119E+00   -0.3925104657E+00    0.1537261480E+01   -0.5227291975E+00   -0.8208582670E+00    0.1963432355E-10    0.1963432355E-10    0.1000000000E+01
    1    0.1420833333E+02   -0.2322278706E+00   -0.1161139353E+00    0.3252043470E+00    0.0000000000E+00    0.0000000000E+00    0.0000000000E+00    0.0000000000E+00    0.0000000000E+00    0.0000000000E+00    0.1428521717E-11    0.1428521717E-11    0.1000000000E+01
    2    0.1420833333E+02    0.5805696766E+00   -0.1161139353E+00    0.3592815675E+00    0.5805696766E+00   -0.1161139353E+00    0.3592815675E+00   -0.3504183184E+00    0.4421171526E+00   -0.3166927935E+00    0.7146553186E-11    0.7146553186E-11    0.1000000000E+01
    3    0.1420833333E+02    0.5805696766E+00   -0.1161139353E+00    0.3992543487E+00    0.0000000000E+00    0.0000000000E+00    0.0000000000E+00    0.0000000000E+00    0.0000000000E+00    0.0000000000E+00    0.3019237240E-13    0.3019237240E-13    0.1000000000E+01
    1    0.1446666667E+02    0.5805696766E+00   -0.1161139353E+00    0.1814378607E+00    0.0000000000E+00    0.0000000000E+00    0.0000000000E+00    0.0000000000E+00    0.0000000000E+00    0.0000000000E+00    0.1410834677E-12    0.1410834677E-12    0.1000000000E+01
