    1    0.1550000000E+01    0.4644557413E+00    0.1161139353E+00   -0.7228068099E-01    0.0000000000E+00    0.0000000000E+00    0.0000000000E+00    0.0000000000E+00    0.0000000000E+00    0.0000000000E+00    0.1043186045E-12    0.1043186045E-12    0.1000000000E+01
    1    0.1808333333E+01    0.4644557413E+00    0.1161139353E+00    0.1113457446E+00    0.0000000000E+00    0.0000000000E+00    0.0000000000E+00    0.0000000000E+00    0.0000000000E+00    0.0000000000E+00    0.8813202229E-12    0.8813202229E-12    0.1000000000E+01
    2    0.1808333333E+01    0.4644557413E+00    0.1161139353E+00   -0.2006512950E+00    0.0000000000E+00    0.0000000000E+00    0.0000000000E+00    0.0000000000E+00    0.0000000000E+00    0.0000000000E+00    0.8261280082E-12    0.8261280082E-12    0.1000000000E+01
    3    0.1808333333E+01    0.4644557413E+00    0.1161139353E+00   -0.1394387511E+00    0.0000000000E+00    0.0000000000E+00    0.0000000000E+00    0.0000000000E+00    0.0000000000E+00    0.0000000000E+00    0.2771344935E-13    0.2771344935E-13    0.1000000000E+01
    1    0.2066666667E+01    0.4644557413E+00    0.1161139353E+00   -0.2885979022E+00    0.0000000000E+00    0.0000000000E+00    0.0000000000E+00    0.0000000000E+00    0.0000000000E+00    0.0000000000E+00    0.5964498635E-15    0.5964498635E-15    0.1000000000E+01
    2    0.2066666667E+01    0.4644557413E+00    0.1161139353E+00   -0.1906457200E+00    0.0000000000E+00    0.0000000000E+00    0.0000000000E+00    0.0000000000E+00    0.0000000000E+00    0.0000000000E+00    0.2950107669E-15    0.2950107669E-15    0.1000000000E+01
    1    0.2325000000E+01    0.4644557413E+00    0.1161139353E+00   -0.3441762071E+00    0.0000000000E+00    0.0000000000E+00    0.0000000000E+00    0.0000000000E+00    0.0000000000E+00    0.0000000000E+00    0.7023043283E-15    0.7023043283E-15    0.1000000000E+01
    2    0.2325000000E+01    0.4644557413E+00    0.1161139353E+00   -0.2359017925E+00    0.0000000000E+00    0.0000000000E+00    0.0000000000E+00    0.0000000000E+00    0.0000000000E+00    0.0000000000E+00    0.2307598131E-14    0.2307598131E-14    0.1000000000E+01
    1    0.2583333333E+01    0.4644557413E+00    0.1161139353E+00   -0.3931438959E+00    0.0000000000E+00    0.0000000000E+00    0.0000000000E+00    0.0000000000E+00    0.0000000000E+00    0.0000000000E+00    0.2779164446E-15    0.2779164446E-15    0.1000000000E+01
    2    0.2583333333E+01    0.4644557413E+00    0.1161139353E+00   -0.2787146341E+00    0.0000000000E+00    0.0000000000E+00    0.0000000000E+00    0.0000000000E+00    0.0000000000E+00    0.0000000000E+00    0.3281450627E-14    0.3281450627E-14    0.1000000000E+01
    1    0.2841666667E+01    0.4644557413E+00    0.1161139353E+00   -0.4402790376E+00    0.0000000000E+00    0.0000000000E+00    0.0000000000E+00    0.0000000000E+00    0.0000000000E+00    0.0000000000E+00    0.6391656659E-15    0.6391656659E-15    0.1000000000E+01
    2    0.2841666667E+01    0.4644557413E+00    0.1161139353E+00   -0.3205304149E+00    0.0000000000E+00    0.0000000000E+00    0.0000000000E+00    0.0000000000E+00    0.0000000000E+00    0.0000000000E+00    0.1978378478E-14    0.1978378478E-14    0.1000000000E+01
    1    0.3100000000E+01    0.4644557413E+00   -0.6966836119E+00    0.1717146758E+00    0.0000000000E+00    0.0000000000E+00    0.0000000000E+00    0.0000000000E+00    0.0000000000E+00    0.0000000000E+00    0.1157356072E-11    0.1157356072E-11    0.1000000000E+01
    2    0.3100000000E+01    0.4644557413E+00    0.1161139353E+00   -0.4880097633E+00    0.0000000000E+00    0.0000000000E+00    0.0000000000E+00    0.0000000000E+00    0.0000000000E+00    0.0000000000E+00    0.2056254064E-14    0.2056254064E-14    0.1000000000E+01
    3    0.3100000000E+01    0.4644557413E+00   -0.6966836119E+00   -0.3771886422E+00    0.0000000000E+00    0.0000000000E+00    0.0000000000E+00    0.0000000000E+00    0.0000000000E+00    0.0000000000E+00    0.1131358256E-11    0.1131358256E-11    0.1000000000E+01
    4    0.3100000000E+01    0.4644557413E+00    0.1161139353E+00   -0.3622858073E+00    0.0000000000E+00    0.0000000000E+00    0.0000000000E+00    0.0000000000E+00    0.0000000000E+00    0.0000000000E+00    0.4098205668E-15    0.4098205668E-15    0.1000000000E+01
    1    0.3358333333E+01    0.4644557413E+00    0.1161139353E+00   -0.5307808898E-01    0.0000000000E+00    0.0000000000E+00    0.0000000000E+00    0.0000000000E+00    0.0000000000E+00    0.0000000000E+00    0.2397424009E-12    0.2397424009E-12    0.1000000000E+01
    2    0.3358333333E+01    0.4644557413E+00   -0.6966836119E+00    0.3711381371E+00    0.0000000000E+00    0.0000000000E+00    0.0000000000E+00    0.0000000000E+00    0.0000000000E+00    0.0000000000E+00    0.2808395815E-11    0.2808395815E-11    0.1000000000E+01
    3    0.3358333333E+01    0.4644557413E+00    0.1161139353E+00   -0.4047771377E+00    0.0000000000E+00    0.0000000000E+00    0.0000000000E+00    0.0000000000E+00    0.0000000000E+00    0.0000000000E+00    0.2277769310E-14    0.2277769310E-14    0.1000000000E+01
    4    0.3358333333E+01    0.4644557413E+00   -0.6966836119E+00   -0.4437741417E+00    0.0000000000E+00    0.0000000000E+00    0.0000000000E+00    0.0000000000E+00    0.0000000000E+00    0.0000000000E+00    0.2699038729E-11    0.2699038729E-11    0.1000000000E+01
    5    0.3358333333E+01    0.4644557413E+00   -0.6966836119E+00    0.5610616899E+00    0.0000000000E+00    0.0000000000E+00    0.0000000000E+00    0.0000000000E+00    0.0000000000E+00    0.0000000000E+00    0.4845838793E-12    0.4845838793E-12    0.1000000000E+01
    6    0.3358333333E+01    0.4644557413E+00    0.1161139353E+00   -0.5385773204E+00    0.0000000000E+00    0.0000000000E+00    0.0000000000E+00    0.0000000000E+00    0.0000000000E+00    0.0000000000E+00    0.4714123748E-13    0.4714123748E-13    0.1000000000E+01
    1    0.3616666667E+01    0.4644557413E+00    0.1161139353E+00   -0.1060605828E+00    0.0000000000E+00    0.0000000000E+00    0.0000000000E+00    0.0000000000E+00    0.0000000000E+00    0.0000000000E+00    0.3002703896E-13    0.3002703950E-13    0.9999999821E+00
    2    0.3616666667E+01   -0.3483418059E+00    0.1161139353E+00    0.2303996881E+00    0.0000000000E+00    0.0000000000E+00    0.0000000000E+00    0.0000000000E+00    0.0000000000E+00    0.0000000000E+00    0.3583368996E-12    0.3583369020E-12    0.9999999933E+00
    3    0.3616666667E+01    0.4644557413E+00   -0.6966836119E+00    0.2607972821E+00    0.0000000000E+00    0.0000000000E+00    0.0000000000E+00    0.0000000000E+00    0.0000000000E+00    0.0000000000E+00    0.1320321878E-13    0.1320321881E-13    0.9999999976E+00
    4    0.3616666667E+01    0.4644557413E+00   -0.6966836119E+00    0.4434588201E+00    0.0000000000E+00    0.0000000000E+00    0.0000000000E+00    0.0000000000E+00    0.0000000000E+00    0.0000000000E+00    0.1619295978E-13    0.1619295983E-13    0.9999999974E+00
    5    0.3616666667E+01    0.4644557413E+00    0.1161139353E+00   -0.4488645005E+00    0.0000000000E+00    0.0000000000E+00    0.0000000000E+00    0.0000000000E+00    0.0000000000E+00    0.0000000000E+00    0.4544728386E-14    0.4544728406E-14    0.9999999956E+00
    6    0.3616666667E+01   -0.3483418059E+00    0.1161139353E+00   -0.4994638986E+00    0.0000000000E+00    0.0000000000E+00    0.0000000000E+00    0.0000000000E+00    0.0000000000E+00    0.0000000000E+00    0.1314245448E-10    0.1314245448E-10    0.1000000000E+01
    7    0.3616666667E+01    0.4644557413E+00   -0.6966836119E+00   -0.5252555854E+00    0.0000000000E+00    0.0000000000E+00    0.0000000000E+00    0.0000000000E+00    0.0000000000E+00    0.0000000000E+00    0.1384466636E-13    0.1384466757E-13    0.9999999124E+00
    8    0.3616666667E+01    0.4644557413E+00    0.1161139353E+00    0.5574001440E+00    0.0000000000E+00    0.0000000000E+00    0.0000000000E+00    0.0000000000E+00    0.0000000000E+00    0.0000000000E+00    0.5565192983E-13    0.5565192988E-13    0.9999999991E+00
    1    0.3875000000E+01    0.4644557413E+00    0.1161139353E+00   -0.1468818117E+00    0.0000000000E+00    0.0000000000E+00    0.0000000000E+00    0.0000000000E+00    0.0000000000E+00    0.0000000000E+00    0.2126120826E-14    0.2126120830E-14    0.9999999980E+00
    2    0.3875000000E+01   -0.3483418059E+00    0.1161139353E+00    0.1292993438E+00    0.0000000000E+00    0.0000000000E+00    0.0000000000E+00    0.0000000000E+00    0.0000000000E+00    0.0000000000E+00    0.6898334965E-13    0.6898335045E-13    0.9999999884E+00
    3    0.3875000000E+01    0.4644557413E+00   -0.6966836119E+00    0.1947841734E+00    0.0000000000E+00    0.0000000000E+00    0.0000000000E+00    0.0000000000E+00    0.0000000000E+00    0.0000000000E+00    0.1216586276E-13    0.1216586277E-13    0.9999999994E+00
    4    0.3875000000E+01    0.4644557413E+00   -0.6966836119E+00    0.5701052554E+00    0.0000000000E+00    0.0000000000E+00    0.0000000000E+00    0.0000000000E+00    0.0000000000E+00    0.0000000000E+00    0.1739175656E-12    0.1739175656E-12    0.9999999999E+00
    5    0.3875000000E+01   -0.3483418059E+00    0.1161139353E+00    0.3583347896E+00    0.0000000000E+00    0.0000000000E+00    0.0000000000E+00    0.0000000000E+00    0.0000000000E+00    0.0000000000E+00    0.5574313009E-14    0.5574313292E-14    0.9999999492E+00
    6    0.3875000000E+01    0.4644557413E+00   -0.6966836119E+00    0.3491239842E+00    0.0000000000E+00    0.0000000000E+00    0.0000000000E+00    0.0000000000E+00    0.0000000000E+00    0.0000000000E+00    0.1392765831E-13    0.1392765834E-13    0.9999999977E+00
    1    0.4133333333E+01    0.4644557413E+00    0.1161139353E+00   -0.1838116922E+00    0.0000000000E+00    0.0000000000E+00    0.0000000000E+00    0.0000000000E+00    0.0000000000E+00    0.0000000000E+00    0.1288820856E-14    0.1306561977E-14    0.9864215233E+00
    2    0.4133333333E+01    0.4644557413E+00   -0.6966836119E+00    0.1377994479E+00    0.0000000000E+00    0.0000000000E+00    0.0000000000E+00    0.0000000000E+00    0.0000000000E+00    0.0000000000E+00    0.2335152157E-13    0.2337858604E-13    0.9988423394E+00
    3    0.4133333333E+01   -0.3483418059E+00    0.1161139353E+00    0.2758051355E+00    0.0000000000E+00    0.0000000000E+00    0.0000000000E+00    0.0000000000E+00    0.0000000000E+00    0.0000000000E+00    0.9577777907E-14    0.9577778565E-14    0.9999999312E+00
    4    0.4133333333E+01    0.4644557413E+00   -0.6966836119E+00    0.2537245426E+00    0.0000000000E+00    0.0000000000E+00    0.0000000000E+00    0.0000000000E+00    0.0000000000E+00    0.0000000000E+00    0.3352945773E-13    0.3353370550E-13    0.9998733284E+00
    5    0.4133333333E+01    0.4644557413E+00    0.1161139353E+00    0.4061089958E+00    0.0000000000E+00    0.0000000000E+00    0.0000000000E+00    0.0000000000E+00    0.0000000000E+00    0.0000000000E+00    0.1009852491E-14    0.1099489878E-14    0.9184736582E+00
    6    0.4133333333E+01    0.4644557413E+00    0.1161139353E+00   -0.5465311523E+00    0.0000000000E+00    0.0000000000E+00    0.0000000000E+00    0.0000000000E+00    0.0000000000E+00    0.0000000000E+00    0.2275142715E-14    0.2279345924E-14    0.9981559584E+00
    7    0.4133333333E+01    0.4644557413E+00   -0.6966836119E+00    0.5200115420E+00    0.0000000000E+00    0.0000000000E+00    0.0000000000E+00    0.0000000000E+00    0.0000000000E+00    0.0000000000E+00    0.6217206996E-14    0.6225175935E-14    0.9987198853E+00
    1    0.4391666667E+01   -0.3483418059E+00    0.1161139353E+00    0.5431769795E+00    0.0000000000E+00    0.0000000000E+00    0.0000000000E+00    0.0000000000E+00    0.0000000000E+00    0.0000000000E+00    0.1220312701E-12    0.1220312701E-12    0.9999999999E+00
    2    0.4391666667E+01    0.4644557413E+00    0.1161139353E+00    0.5447817110E+00    0.0000000000E+00    0.0000000000E+00    0.0000000000E+00    0.0000000000E+00    0.0000000000E+00    0.0000000000E+00    0.1272990491E-13    0.1272990491E-13    0.1000000000E+01
    3    0.4391666667E+01    0.4644557413E+00   -0.6966836119E+00    0.4736467914E+00    0.0000000000E+00    0.0000000000E+00    0.0000000000E+00    0.0000000000E+00    0.0000000000E+00    0.0000000000E+00    0.5530453713E-13    0.5530453713E-13    0.1000000000E+01
    4    0.4391666667E+01   -0.3483418059E+00    0.1161139353E+00    0.3960177278E+00    0.0000000000E+00    0.0000000000E+00    0.0000000000E+00    0.0000000000E+00    0.0000000000E+00    0.0000000000E+00    0.2172329604E-12    0.2172329604E-12    0.1000000000E+01
    5    0.4391666667E+01    0.4644557413E+00    0.1161139353E+00   -0.2189265301E+00    0.0000000000E+00    0.0000000000E+00    0.0000000000E+00    0.0000000000E+00    0.0000000000E+00    0.0000000000E+00    0.3170349982E-13    0.3170349982E-13    0.9999999999E+00
    6    0.4391666667E+01   -0.3483418059E+00   -0.6966836119E+00   -0.1975310465E+00    0.0000000000E+00    0.0000000000E+00    0.0000000000E+00    0.0000000000E+00    0.0000000000E+00    0.0000000000E+00    0.7782976997E-12    0.7782976997E-12    0.1000000000E+01
    7    0.4391666667E+01   -0.3483418059E+00   -0.6966836119E+00   -0.2022020322E-01    0.0000000000E+00    0.0000000000E+00    0.0000000000E+00    0.0000000000E+00    0.0000000000E+00    0.0000000000E+00    0.1060821636E-11    0.1060821636E-11    0.1000000000E+01
    8    0.4391666667E+01    0.4644557413E+00   -0.6966836119E+00    0.7713614854E-01    0.0000000000E+00    0.0000000000E+00    0.0000000000E+00    0.0000000000E+00    0.0000000000E+00    0.0000000000E+00    0.2863747486E-12    0.2863747486E-12    0.1000000000E+01
    9    0.4391666667E+01    0.4644557413E+00   -0.6966836119E+00    0.1299509879E+00    0.0000000000E+00    0.0000000000E+00    0.0000000000E+00    0.0000000000E+00    0.0000000000E+00    0.0000000000E+00    0.5930281792E-12    0.5930281792E-12    0.1000000000E+01
   10    0.4391666667E+01   -0.3483418059E+00    0.1161139353E+00    0.2035827661E+00    0.0000000000E+00    0.0000000000E+00    0.0000000000E+00    0.0000000000E+00    0.0000000000E+00    0.0000000000E+00    0.9482052698E-13    0.9482052698E-13    0.1000000000E+01
   11    0.4391666667E+01    0.4644557413E+00    0.1161139353E+00    0.2574197587E+00    0.0000000000E+00    0.0000000000E+00    0.0000000000E+00    0.0000000000E+00    0.0000000000E+00    0.0000000000E+00    0.2206046586E-12    0.2206046586E-12    0.1000000000E+01
    1    0.4650000000E+01   -0.3483418059E+00   -0.6966836119E+00   -0.4030749108E+00    0.0000000000E+00    0.0000000000E+00    0.0000000000E+00    0.0000000000E+00    0.0000000000E+00    0.0000000000E+00    0.6481494813E-13    0.6481494813E-13    0.1000000000E+01
    2    0.4650000000E+01   -0.3483418059E+00   -0.6966836119E+00   -0.2902669525E+00    0.0000000000E+00    0.0000000000E+00    0.0000000000E+00    0.0000000000E+00    0.0000000000E+00    0.0000000000E+00    0.2788870142E-13    0.2788870142E-13    0.1000000000E+01
    3    0.4650000000E+01    0.4644557413E+00    0.1161139353E+00   -0.2528712864E+00    0.0000000000E+00    0.0000000000E+00    0.0000000000E+00    0.0000000000E+00    0.0000000000E+00    0.0000000000E+00    0.1446667335E-13    0.1446667335E-13    0.1000000000E+01
    4    0.4650000000E+01   -0.3483418059E+00    0.1161139353E+00    0.3077439920E+00    0.0000000000E+00    0.0000000000E+00    0.0000000000E+00    0.0000000000E+00    0.0000000000E+00    0.0000000000E+00    0.1979938366E-13    0.1979938366E-13    0.1000000000E+01
    5    0.4650000000E+01    0.4644557413E+00   -0.6966836119E+00    0.4283986513E+00    0.0000000000E+00    0.0000000000E+00    0.0000000000E+00    0.0000000000E+00    0.0000000000E+00    0.0000000000E+00    0.3753833113E-15    0.3753833114E-15    0.9999999998E+00
    6    0.4650000000E+01    0.4644557413E+00    0.1161139353E+00    0.4734976669E+00    0.0000000000E+00    0.0000000000E+00    0.0000000000E+00    0.0000000000E+00    0.0000000000E+00    0.0000000000E+00    0.2526488067E-13    0.2526488067E-13    0.1000000000E+01
    7    0.4650000000E+01   -0.3483418059E+00    0.1161139353E+00    0.4726049661E+00    0.0000000000E+00    0.0000000000E+00    0.0000000000E+00    0.0000000000E+00    0.0000000000E+00    0.0000000000E+00    0.9027997947E-13    0.9027997947E-13    0.1000000000E+01
    8    0.4650000000E+01   -0.3483418059E+00   -0.6966836119E+00   -0.1119165733E+00    0.0000000000E+00    0.0000000000E+00    0.0000000000E+00    0.0000000000E+00    0.0000000000E+00    0.0000000000E+00    0.6975573528E-13    0.6975573528E-13    0.1000000000E+01
    9    0.4650000000E+01   -0.3483418059E+00    0.1161139353E+00    0.1251613358E+00    0.0000000000E+00    0.0000000000E+00    0.0000000000E+00    0.0000000000E+00    0.0000000000E+00    0.0000000000E+00    0.1594743727E-12    0.1594743727E-12    0.1000000000E+01
   10    0.4650000000E+01   -0.3483418059E+00   -0.6966836119E+00    0.7152132278E-01    0.0000000000E+00    0.0000000000E+00    0.0000000000E+00    0.0000000000E+00    0.0000000000E+00    0.0000000000E+00    0.1025155131E-12    0.1025155131E-12    0.1000000000E+01
    1    0.4908333333E+01   -0.3483418059E+00   -0.6966836119E+00   -0.4894618739E+00    0.0000000000E+00    0.0000000000E+00    0.0000000000E+00    0.0000000000E+00    0.0000000000E+00    0.0000000000E+00    0.1124889488E-12    0.1124889488E-12    0.1000000000E+01
    2    0.4908333333E+01   -0.3483418059E+00    0.1161139353E+00    0.2002081671E+00    0.0000000000E+00    0.0000000000E+00    0.0000000000E+00    0.0000000000E+00    0.0000000000E+00    0.0000000000E+00    0.1027321619E-14    0.1027321619E-14    0.9999999998E+00
    3    0.4908333333E+01   -0.3483418059E+00    0.1161139353E+00    0.4081938128E+00    0.0000000000E+00    0.0000000000E+00    0.0000000000E+00    0.0000000000E+00    0.0000000000E+00    0.0000000000E+00    0.1242629725E-14    0.1242629726E-14    0.1000000000E+01
    4    0.4908333333E+01    0.4644557413E+00    0.1161139353E+00    0.3703552239E+00    0.0000000000E+00    0.0000000000E+00    0.0000000000E+00    0.0000000000E+00    0.0000000000E+00    0.0000000000E+00    0.1507801751E-13    0.1507801751E-13    0.1000000000E+01
    5    0.4908333333E+01    0.4644557413E+00   -0.6966836119E+00    0.3830955325E+00    0.0000000000E+00    0.0000000000E+00    0.0000000000E+00    0.0000000000E+00    0.0000000000E+00    0.0000000000E+00    0.1471269018E-20    0.1471458268E-20    0.9998713858E+00
    6    0.4908333333E+01   -0.3483418059E+00   -0.6966836119E+00   -0.3645040925E+00    0.0000000000E+00    0.0000000000E+00    0.0000000000E+00    0.0000000000E+00    0.0000000000E+00    0.0000000000E+00    0.7620512657E-13    0.7620512657E-13    0.1000000000E+01
    7    0.4908333333E+01    0.4644557413E+00    0.1161139353E+00   -0.2863311348E+00    0.0000000000E+00    0.0000000000E+00    0.0000000000E+00    0.0000000000E+00    0.0000000000E+00    0.0000000000E+00    0.1066988753E-13    0.1066988753E-13    0.1000000000E+01
    8    0.4908333333E+01   -0.3483418059E+00   -0.6966836119E+00   -0.1810062281E+00    0.0000000000E+00    0.0000000000E+00    0.0000000000E+00    0.0000000000E+00    0.0000000000E+00    0.0000000000E+00    0.8849683903E-13    0.8849683903E-13    0.1000000000E+01
    9    0.4908333333E+01   -0.3483418059E+00   -0.6966836119E+00   -0.6318274246E-02    0.0000000000E+00    0.0000000000E+00    0.0000000000E+00    0.0000000000E+00    0.0000000000E+00    0.0000000000E+00    0.1928445207E-11    0.1928445207E-11    0.1000000000E+01
    1    0.5166666667E+01   -0.3483418059E+00   -0.6966836119E+00   -0.4462918526E+00    0.0000000000E+00    0.0000000000E+00    0.0000000000E+00    0.0000000000E+00    0.0000000000E+00    0.0000000000E+00    0.3032123926E-13    0.3032123926E-13    0.1000000000E+01
    2    0.5166666667E+01   -0.3483418059E+00    0.1161139353E+00    0.3420167376E+00    0.0000000000E+00    0.0000000000E+00    0.0000000000E+00    0.0000000000E+00    0.0000000000E+00    0.0000000000E+00    0.3783573990E-15    0.3783573990E-15    0.1000000000E+01
    3    0.5166666667E+01    0.4644557413E+00   -0.6966836119E+00    0.3366594453E+00    0.0000000000E+00    0.0000000000E+00    0.0000000000E+00    0.0000000000E+00    0.0000000000E+00    0.0000000000E+00    0.1551774048E-14    0.1551774048E-14    0.1000000000E+01
    4    0.5166666667E+01    0.4644557413E+00    0.1161139353E+00   -0.3194389231E+00    0.0000000000E+00    0.0000000000E+00    0.0000000000E+00    0.0000000000E+00    0.0000000000E+00    0.0000000000E+00    0.1768407167E-15    0.1768407167E-15    0.9999999998E+00
    5    0.5166666667E+01   -0.3483418059E+00   -0.6966836119E+00   -0.2455746607E+00    0.0000000000E+00    0.0000000000E+00    0.0000000000E+00    0.0000000000E+00    0.0000000000E+00    0.0000000000E+00    0.1235664152E-13    0.1235664152E-13    0.1000000000E+01
    6    0.5166666667E+01   -0.3483418059E+00   -0.6966836119E+00   -0.7885450448E-01    0.0000000000E+00    0.0000000000E+00    0.0000000000E+00    0.0000000000E+00    0.0000000000E+00    0.0000000000E+00    0.1838378274E-13    0.1838378274E-13    0.1000000000E+01
    1    0.5425000000E+01    0.4644557413E+00    0.1161139353E+00   -0.3524200033E+00    0.0000000000E+00    0.0000000000E+00    0.0000000000E+00    0.0000000000E+00    0.0000000000E+00    0.0000000000E+00    0.9232300344E-16    0.9232300345E-16    0.9999999999E+00
    2    0.5425000000E+01   -0.3483418059E+00   -0.6966836119E+00   -0.3161738463E+00    0.0000000000E+00    0.0000000000E+00    0.0000000000E+00    0.0000000000E+00    0.0000000000E+00    0.0000000000E+00    0.1761878941E-14    0.1761878955E-14    0.9999999919E+00
    3    0.5425000000E+01   -0.3483418059E+00   -0.6966836119E+00   -0.1434253246E+00    0.0000000000E+00    0.0000000000E+00    0.0000000000E+00    0.0000000000E+00    0.0000000000E+00    0.0000000000E+00    0.1616472018E-14    0.1616472018E-14    0.1000000000E+01
    4    0.5425000000E+01   -0.3483418059E+00    0.1161139353E+00    0.2672354492E+00    0.0000000000E+00    0.0000000000E+00    0.0000000000E+00    0.0000000000E+00    0.0000000000E+00    0.0000000000E+00    0.4802226106E-15    0.4802226106E-15    0.1000000000E+01
    5    0.5425000000E+01    0.4644557413E+00   -0.6966836119E+00    0.2877510391E+00    0.0000000000E+00    0.0000000000E+00    0.0000000000E+00    0.0000000000E+00    0.0000000000E+00    0.0000000000E+00    0.8196006676E-14    0.8196006676E-14    0.1000000000E+01
    1    0.5683333333E+01   -0.3483418059E+00    0.1161139353E+00    0.1644066848E+00    0.0000000000E+00    0.0000000000E+00    0.0000000000E+00    0.0000000000E+00    0.0000000000E+00    0.0000000000E+00    0.3164963286E-13    0.3164963286E-13    0.1000000000E+01
    2    0.5683333333E+01    0.4644557413E+00   -0.6966836119E+00    0.2341744273E+00    0.0000000000E+00    0.0000000000E+00    0.0000000000E+00    0.0000000000E+00    0.0000000000E+00    0.0000000000E+00    0.1037797359E-13    0.1037797359E-13    0.1000000000E+01
    3    0.5683333333E+01   -0.3483418059E+00   -0.6966836119E+00   -0.2087225694E+00    0.0000000000E+00    0.0000000000E+00    0.0000000000E+00    0.0000000000E+00    0.0000000000E+00    0.0000000000E+00    0.4018651793E-13    0.4018651793E-13    0.1000000000E+01
    4    0.5683333333E+01   -0.3483418059E+00   -0.6966836119E+00   -0.4211868191E+00    0.0000000000E+00    0.0000000000E+00    0.0000000000E+00    0.0000000000E+00    0.0000000000E+00    0.0000000000E+00    0.4107145932E-13    0.4107145932E-13    0.1000000000E+01
    5    0.5683333333E+01    0.4644557413E+00    0.1161139353E+00   -0.3853476469E+00    0.0000000000E+00    0.0000000000E+00    0.0000000000E+00    0.0000000000E+00    0.0000000000E+00    0.0000000000E+00    0.8023109602E-18    0.8023110106E-18    0.9999999372E+00
    1    0.5941666667E+01   -0.3483418059E+00   -0.6966836119E+00   -0.5507471954E+00    0.0000000000E+00    0.0000000000E+00    0.0000000000E+00    0.0000000000E+00    0.0000000000E+00    0.0000000000E+00    0.8432287368E-13    0.8432287369E-13    0.9999999999E+00
    2    0.5941666667E+01   -0.3483418059E+00   -0.6966836119E+00   -0.2823832965E+00    0.0000000000E+00    0.0000000000E+00    0.0000000000E+00    0.0000000000E+00    0.0000000000E+00    0.0000000000E+00    0.7500087941E-13    0.7500087941E-13    0.1000000000E+01
    3    0.5941666667E+01    0.4644557413E+00    0.1161139353E+00   -0.4182870483E+00    0.0000000000E+00    0.0000000000E+00    0.0000000000E+00    0.0000000000E+00    0.0000000000E+00    0.0000000000E+00    0.2615635885E-15    0.2615635896E-15    0.9999999955E+00
    4    0.5941666667E+01    0.4644557413E+00   -0.6966836119E+00    0.1709878980E+00    0.0000000000E+00    0.0000000000E+00    0.0000000000E+00    0.0000000000E+00    0.0000000000E+00    0.0000000000E+00    0.1291136286E-13    0.1291136287E-13    0.9999999992E+00
    1    0.6200000000E+01   -0.3483418059E+00   -0.6966836119E+00    0.4479701166E+00    0.0000000000E+00    0.0000000000E+00    0.0000000000E+00    0.0000000000E+00    0.0000000000E+00    0.0000000000E+00    0.2429985363E-09    0.2429985363E-09    0.1000000000E+01
    2    0.6200000000E+01    0.4644557413E+00   -0.6966836119E+00    0.7648375335E-01    0.0000000000E+00    0.0000000000E+00    0.0000000000E+00    0.0000000000E+00    0.0000000000E+00    0.0000000000E+00    0.3501027799E-11    0.3501027799E-11    0.1000000000E+01
    3    0.6200000000E+01   -0.3483418059E+00   -0.6966836119E+00   -0.4236374241E+00    0.0000000000E+00    0.0000000000E+00    0.0000000000E+00    0.0000000000E+00    0.0000000000E+00    0.0000000000E+00    0.2464594085E-09    0.2464594085E-09    0.1000000000E+01
    4    0.6200000000E+01    0.4644557413E+00    0.1161139353E+00   -0.4512691200E+00    0.0000000000E+00    0.0000000000E+00    0.0000000000E+00    0.0000000000E+00    0.0000000000E+00    0.0000000000E+00    0.9422039944E-15    0.9422040171E-15    0.9999999759E+00
    1    0.6458333333E+01    0.4644557413E+00    0.1161139353E+00   -0.4843015290E+00    0.0000000000E+00    0.0000000000E+00    0.0000000000E+00    0.0000000000E+00    0.0000000000E+00    0.0000000000E+00    0.1451246987E-14    0.1451246987E-14    0.1000000000E+01
    1    0.6716666667E+01    0.4644557413E+00   -0.6966836119E+00   -0.6451893657E-01    0.0000000000E+00    0.0000000000E+00    0.0000000000E+00    0.0000000000E+00    0.0000000000E+00    0.0000000000E+00    0.8281143658E-12    0.8281143658E-12    0.1000000000E+01
    2    0.6716666667E+01    0.4644557413E+00    0.1161139353E+00   -0.5173766041E+00    0.0000000000E+00    0.0000000000E+00    0.0000000000E+00    0.0000000000E+00    0.0000000000E+00    0.0000000000E+00    0.1127335450E-14    0.1127335450E-14    0.1000000000E+01
    1    0.6975000000E+01    0.4644557413E+00   -0.6966836119E+00   -0.1163867910E+00    0.0000000000E+00    0.0000000000E+00    0.0000000000E+00    0.0000000000E+00    0.0000000000E+00    0.0000000000E+00    0.1017880527E-12    0.1017880527E-12    0.1000000000E+01
    2    0.6975000000E+01    0.4644557413E+00    0.1161139353E+00   -0.5504793304E+00    0.0000000000E+00    0.0000000000E+00    0.0000000000E+00    0.0000000000E+00    0.0000000000E+00    0.0000000000E+00    0.2316013108E-15    0.2316013110E-15    0.9999999990E+00
    1    0.7233333333E+01    0.4644557413E+00   -0.6966836119E+00   -0.1582063271E+00    0.0000000000E+00    0.0000000000E+00    0.0000000000E+00    0.0000000000E+00    0.0000000000E+00    0.0000000000E+00    0.1024813469E-13    0.1024813469E-13    0.1000000000E+01
    2    0.7233333333E+01    0.4644557413E+00    0.1161139353E+00    0.5658756347E+00    0.0000000000E+00    0.0000000000E+00    0.0000000000E+00    0.0000000000E+00    0.0000000000E+00    0.0000000000E+00    0.1509461341E-16    0.1509461341E-16    0.1000000000E+01
    1    0.7491666667E+01    0.4644557413E+00   -0.6966836119E+00   -0.1970374265E+00    0.0000000000E+00    0.0000000000E+00    0.0000000000E+00    0.0000000000E+00    0.0000000000E+00    0.0000000000E+00    0.1455415723E-15    0.1455415723E-15    0.1000000000E+01
    2    0.7491666667E+01    0.4644557413E+00    0.1161139353E+00    0.5327534855E+00    0.0000000000E+00    0.0000000000E+00    0.0000000000E+00    0.0000000000E+00    0.0000000000E+00    0.0000000000E+00    0.1050836096E-14    0.1050836096E-14    0.1000000000E+01
    1    0.7750000000E+01    0.4644557413E+00   -0.6966836119E+00   -0.2349905532E+00    0.0000000000E+00    0.0000000000E+00    0.0000000000E+00    0.0000000000E+00    0.0000000000E+00    0.0000000000E+00    0.4580710159E-14    0.4580710159E-14    0.1000000000E+01
    2    0.7750000000E+01   -0.3483418059E+00    0.1161139353E+00   -0.2589520592E-01    0.0000000000E+00    0.0000000000E+00    0.0000000000E+00    0.0000000000E+00    0.0000000000E+00    0.0000000000E+00    0.5169726439E-10    0.5169726439E-10    0.1000000000E+01
    3    0.7750000000E+01    0.4644557413E+00    0.1161139353E+00    0.4996194042E+00    0.0000000000E+00    0.0000000000E+00    0.0000000000E+00    0.0000000000E+00    0.0000000000E+00    0.0000000000E+00    0.2785325195E-14    0.2785325195E-14    0.1000000000E+01
    1    0.8008333333E+01   -0.3483418059E+00    0.1161139353E+00   -0.1377069853E+00    0.0000000000E+00    0.0000000000E+00    0.0000000000E+00    0.0000000000E+00    0.0000000000E+00    0.0000000000E+00    0.1833576732E-12    0.1833576732E-12    0.1000000000E+01
    2    0.8008333333E+01    0.4644557413E+00   -0.6966836119E+00   -0.2731710814E+00    0.0000000000E+00    0.0000000000E+00    0.0000000000E+00    0.0000000000E+00    0.0000000000E+00    0.0000000000E+00    0.6889916994E-14    0.6889916994E-14    0.1000000000E+01
    3    0.8008333333E+01    0.4644557413E+00    0.1161139353E+00    0.4664495278E+00    0.0000000000E+00    0.0000000000E+00    0.0000000000E+00    0.0000000000E+00    0.0000000000E+00    0.0000000000E+00    0.3368554195E-14    0.3368554195E-14    0.1000000000E+01
    1    0.8266666667E+01   -0.3483418059E+00    0.1161139353E+00   -0.1981741657E+00    0.0000000000E+00    0.0000000000E+00    0.0000000000E+00    0.0000000000E+00    0.0000000000E+00    0.0000000000E+00    0.6997410780E-15    0.6997410782E-15    0.9999999998E+00
    2    0.8266666667E+01    0.4644557413E+00   -0.6966836119E+00   -0.3124064786E+00    0.0000000000E+00    0.0000000000E+00    0.0000000000E+00    0.0000000000E+00    0.0000000000E+00    0.0000000000E+00    0.4645751112E-14    0.4645751112E-14    0.1000000000E+01
    3    0.8266666667E+01    0.4644557413E+00    0.1161139353E+00    0.4332021878E+00    0.0000000000E+00    0.0000000000E+00    0.0000000000E+00    0.0000000000E+00    0.0000000000E+00    0.0000000000E+00    0.2066666572E-14    0.2066666572E-14    0.1000000000E+01
    1    0.8525000000E+01   -0.3483418059E+00    0.1161139353E+00   -0.2492812996E+00    0.0000000000E+00    0.0000000000E+00    0.0000000000E+00    0.0000000000E+00    0.0000000000E+00    0.0000000000E+00    0.1330935997E-13    0.1330935997E-13    0.1000000000E+01
    2    0.8525000000E+01    0.4644557413E+00   -0.6966836119E+00   -0.3535226537E+00    0.0000000000E+00    0.0000000000E+00    0.0000000000E+00    0.0000000000E+00    0.0000000000E+00    0.0000000000E+00    0.1017472025E-14    0.1017472025E-14    0.1000000000E+01
    3    0.8525000000E+01    0.4644557413E+00    0.1161139353E+00    0.3998175843E+00    0.0000000000E+00    0.0000000000E+00    0.0000000000E+00    0.0000000000E+00    0.0000000000E+00    0.0000000000E+00    0.3055002304E-15    0.3055002304E-15    0.1000000000E+01
    1    0.8783333333E+01   -0.3483418059E+00    0.1161139353E+00   -0.2969678492E+00    0.0000000000E+00    0.0000000000E+00    0.0000000000E+00    0.0000000000E+00    0.0000000000E+00    0.0000000000E+00    0.7957820819E-14    0.7957820819E-14    0.1000000000E+01
    2    0.8783333333E+01    0.4644557413E+00   -0.6966836119E+00   -0.3975543867E+00    0.0000000000E+00    0.0000000000E+00    0.0000000000E+00    0.0000000000E+00    0.0000000000E+00    0.0000000000E+00    0.2412892476E-15    0.2412892476E-15    0.1000000000E+01
    3    0.8783333333E+01    0.4644557413E+00    0.1161139353E+00    0.3662187168E+00    0.0000000000E+00    0.0000000000E+00    0.0000000000E+00    0.0000000000E+00    0.0000000000E+00    0.0000000000E+00    0.3406210369E-15    0.3406210369E-15    0.1000000000E+01
    1    0.9041666667E+01   -0.3483418059E+00    0.1161139353E+00   -0.8452324801E-01    0.0000000000E+00    0.0000000000E+00    0.0000000000E+00    0.0000000000E+00    0.0000000000E+00    0.0000000000E+00    0.5310228240E-11    0.5310228240E-11    0.1000000000E+01
    2    0.9041666667E+01   -0.3483418059E+00    0.1161139353E+00   -0.3438797212E+00    0.0000000000E+00    0.0000000000E+00    0.0000000000E+00    0.0000000000E+00    0.0000000000E+00    0.0000000000E+00    0.1001143177E-13    0.1001143177E-13    0.1000000000E+01
    3    0.9041666667E+01    0.4644557413E+00   -0.6966836119E+00   -0.4460633569E+00    0.0000000000E+00    0.0000000000E+00    0.0000000000E+00    0.0000000000E+00    0.0000000000E+00    0.0000000000E+00    0.3556996276E-14    0.3556996276E-14    0.1000000000E+01
    4    0.9041666667E+01    0.4644557413E+00    0.1161139353E+00    0.3323123877E+00    0.0000000000E+00    0.0000000000E+00    0.0000000000E+00    0.0000000000E+00    0.0000000000E+00    0.0000000000E+00    0.2674381259E-14    0.2674381261E-14    0.9999999994E+00
    1    0.9300000000E+01   -0.3483418059E+00    0.1161139353E+00   -0.1807924412E+00    0.0000000000E+00    0.0000000000E+00    0.0000000000E+00    0.0000000000E+00    0.0000000000E+00    0.0000000000E+00    0.6304941987E-14    0.6305329852E-14    0.9999384862E+00
    2    0.9300000000E+01   -0.3483418059E+00    0.1161139353E+00   -0.3919128102E+00    0.0000000000E+00    0.0000000000E+00    0.0000000000E+00    0.0000000000E+00    0.0000000000E+00    0.0000000000E+00    0.5739486009E-15    0.5744644439E-15    0.9991020452E+00
    3    0.9300000000E+01   -0.3483418059E+00   -0.6966836119E+00    0.3554994647E+00    0.0000000000E+00    0.0000000000E+00    0.0000000000E+00    0.0000000000E+00    0.0000000000E+00    0.0000000000E+00    0.1012531752E-10    0.1012531760E-10    0.9999999923E+00
    4    0.9300000000E+01    0.4644557413E+00    0.1161139353E+00    0.2979896460E+00    0.0000000000E+00    0.0000000000E+00    0.0000000000E+00    0.0000000000E+00    0.0000000000E+00    0.0000000000E+00    0.4634189825E-14    0.4634190181E-14    0.9999999232E+00
    5    0.9300000000E+01    0.4644557413E+00   -0.6966836119E+00   -0.5018972168E+00    0.0000000000E+00    0.0000000000E+00    0.0000000000E+00    0.0000000000E+00    0.0000000000E+00    0.0000000000E+00    0.6219219649E-14    0.6219626220E-14    0.9999346310E+00
    6    0.9300000000E+01   -0.3483418059E+00   -0.6966836119E+00   -0.4979452465E+00    0.0000000000E+00    0.0000000000E+00    0.0000000000E+00    0.0000000000E+00    0.0000000000E+00    0.0000000000E+00    0.1002039278E-10    0.1002039317E-10    0.9999999611E+00
    1    0.9558333333E+01    0.4644557413E+00   -0.6966836119E+00   -0.4403339682E-01    0.0000000000E+00    0.0000000000E+00    0.0000000000E+00    0.0000000000E+00    0.0000000000E+00    0.0000000000E+00    0.2098502612E-09    0.2098502612E-09    0.9999999998E+00
    2    0.9558333333E+01   -0.3483418059E+00    0.1161139353E+00   -0.2514492749E+00    0.0000000000E+00    0.0000000000E+00    0.0000000000E+00    0.0000000000E+00    0.0000000000E+00    0.0000000000E+00    0.1910011792E-13    0.1912568041E-13    0.9986634469E+00
    3    0.9558333333E+01   -0.3483418059E+00    0.1161139353E+00   -0.4431985203E+00    0.0000000000E+00    0.0000000000E+00    0.0000000000E+00    0.0000000000E+00    0.0000000000E+00    0.0000000000E+00    0.5925180806E-14    0.5930419727E-14    0.9991166019E+00
    4    0.9558333333E+01    0.4644557413E+00   -0.6966836119E+00   -0.5719493004E+00    0.0000000000E+00    0.0000000000E+00    0.0000000000E+00    0.0000000000E+00    0.0000000000E+00    0.0000000000E+00    0.2043294757E-11    0.2043294758E-11    0.9999999994E+00
    5    0.9558333333E+01   -0.3483418059E+00   -0.6966836119E+00    0.5457783320E+00    0.0000000000E+00    0.0000000000E+00    0.0000000000E+00    0.0000000000E+00    0.0000000000E+00    0.0000000000E+00    0.3206334010E-13    0.3222099319E-13    0.9951071312E+00
    6    0.9558333333E+01   -0.3483418059E+00   -0.6966836119E+00    0.2466509846E+00    0.0000000000E+00    0.0000000000E+00    0.0000000000E+00    0.0000000000E+00    0.0000000000E+00    0.0000000000E+00    0.1794145785E-12    0.1794269370E-12    0.9999311224E+00
    7    0.9558333333E+01    0.4644557413E+00    0.1161139353E+00    0.2631252073E+00    0.0000000000E+00    0.0000000000E+00    0.0000000000E+00    0.0000000000E+00    0.0000000000E+00    0.0000000000E+00    0.4827125627E-14    0.4844071940E-14    0.9965016389E+00
    1    0.9816666667E+01    0.4644557413E+00   -0.6966836119E+00   -0.2872482893E+00    0.0000000000E+00    0.0000000000E+00    0.0000000000E+00    0.0000000000E+00    0.0000000000E+00    0.0000000000E+00    0.2093103667E-10    0.2093103667E-10    0.1000000000E+01
    2    0.9816666667E+01   -0.3483418059E+00    0.1161139353E+00   -0.3191904289E+00    0.0000000000E+00    0.0000000000E+00    0.0000000000E+00    0.0000000000E+00    0.0000000000E+00    0.0000000000E+00    0.2721580542E-13    0.2721580542E-13    0.1000000000E+01
    3    0.9816666667E+01   -0.3483418059E+00    0.1161139353E+00   -0.5015647855E+00    0.0000000000E+00    0.0000000000E+00    0.0000000000E+00    0.0000000000E+00    0.0000000000E+00    0.0000000000E+00    0.2807292629E-13    0.2807292629E-13    0.1000000000E+01
    4    0.9816666667E+01   -0.3483418059E+00   -0.6966836119E+00    0.1506057660E+00    0.0000000000E+00    0.0000000000E+00    0.0000000000E+00    0.0000000000E+00    0.0000000000E+00    0.0000000000E+00    0.6675506415E-12    0.6675506415E-12    0.1000000000E+01
    5    0.9816666667E+01    0.4644557413E+00    0.1161139353E+00    0.2275754507E+00    0.0000000000E+00    0.0000000000E+00    0.0000000000E+00    0.0000000000E+00    0.0000000000E+00    0.0000000000E+00    0.1918558615E-14    0.1918558615E-14    0.1000000000E+01
    6    0.9816666667E+01   -0.3483418059E+00   -0.6966836119E+00    0.4563483708E+00    0.0000000000E+00    0.0000000000E+00    0.0000000000E+00    0.0000000000E+00    0.0000000000E+00    0.0000000000E+00    0.1056246938E-12    0.1056246938E-12    0.1000000000E+01
    7    0.9816666667E+01    0.4644557413E+00   -0.6966836119E+00    0.4588815837E+00    0.0000000000E+00    0.0000000000E+00    0.0000000000E+00    0.0000000000E+00    0.0000000000E+00    0.0000000000E+00    0.2081310567E-10    0.2081310567E-10    0.1000000000E+01
    1    0.1007500000E+02   -0.3483418059E+00    0.1161139353E+00   -0.4012487273E+00    0.0000000000E+00    0.0000000000E+00    0.0000000000E+00    0.0000000000E+00    0.0000000000E+00    0.0000000000E+00    0.3844351164E-11    0.3844351164E-11    0.1000000000E+01
    2    0.1007500000E+02    0.4644557413E+00    0.1161139353E+00    0.1911745484E+00    0.0000000000E+00    0.0000000000E+00    0.0000000000E+00    0.0000000000E+00    0.0000000000E+00    0.0000000000E+00    0.3004069966E-18    0.3004108117E-18    0.9999873006E+00
    3    0.1007500000E+02   -0.3483418059E+00    0.1161139353E+00    0.5695472183E+00    0.0000000000E+00    0.0000000000E+00    0.0000000000E+00    0.0000000000E+00    0.0000000000E+00    0.0000000000E+00    0.4755810587E-11    0.4755810587E-11    0.1000000000E+01
    4    0.1007500000E+02   -0.3483418059E+00   -0.6966836119E+00    0.3560113702E+00    0.0000000000E+00    0.0000000000E+00    0.0000000000E+00    0.0000000000E+00    0.0000000000E+00    0.0000000000E+00    0.8914257840E-14    0.8914257858E-14    0.9999999980E+00
    1    0.1033333333E+02   -0.3483418059E+00   -0.6966836119E+00    0.2541598194E+00    0.0000000000E+00    0.0000000000E+00    0.0000000000E+00    0.0000000000E+00    0.0000000000E+00    0.0000000000E+00    0.2123720106E-12    0.2123720106E-12    0.1000000000E+01
    2    0.1033333333E+02    0.4644557413E+00    0.1161139353E+00    0.1537279989E+00    0.0000000000E+00    0.0000000000E+00    0.0000000000E+00    0.0000000000E+00    0.0000000000E+00    0.0000000000E+00    0.2675225136E-14    0.2675225136E-14    0.1000000000E+01
    1    0.1059166667E+02    0.4644557413E+00    0.1161139353E+00    0.1150021028E+00    0.0000000000E+00    0.0000000000E+00    0.0000000000E+00    0.0000000000E+00    0.0000000000E+00    0.0000000000E+00    0.8996347119E-14    0.8996347119E-14    0.1000000000E+01
    2    0.1059166667E+02   -0.3483418059E+00   -0.6966836119E+00    0.1381655088E+00    0.0000000000E+00    0.0000000000E+00    0.0000000000E+00    0.0000000000E+00    0.0000000000E+00    0.0000000000E+00    0.1875260968E-11    0.1875260968E-11    0.1000000000E+01
    1    0.1085000000E+02   -0.3483418059E+00   -0.6966836119E+00   -0.5249488459E+00    0.0000000000E+00    0.0000000000E+00    0.0000000000E+00    0.0000000000E+00    0.0000000000E+00    0.0000000000E+00    0.1994277012E-10    0.1994277012E-10    0.1000000000E+01
    2    0.1085000000E+02   -0.3483418059E+00   -0.6966836119E+00    0.4198926685E+00    0.0000000000E+00    0.0000000000E+00    0.0000000000E+00    0.0000000000E+00    0.0000000000E+00    0.0000000000E+00    0.1988072392E-10    0.1988072392E-10    0.1000000000E+01
    3    0.1085000000E+02    0.4644557413E+00    0.1161139353E+00    0.7470506776E-01    0.0000000000E+00    0.0000000000E+00    0.0000000000E+00    0.0000000000E+00    0.0000000000E+00    0.0000000000E+00    0.1476252748E-13    0.1476252748E-13    0.1000000000E+01
    1    0.1110833333E+02   -0.3483418059E+00   -0.6966836119E+00    0.5279539878E+00    0.0000000000E+00    0.0000000000E+00    0.0000000000E+00    0.0000000000E+00    0.0000000000E+00    0.0000000000E+00    0.1189046063E-12    0.1189046063E-12    0.1000000000E+01
    2    0.1110833333E+02   -0.3483418059E+00   -0.6966836119E+00    0.3097861488E+00    0.0000000000E+00    0.0000000000E+00    0.0000000000E+00    0.0000000000E+00    0.0000000000E+00    0.0000000000E+00    0.1606026445E-12    0.1606026445E-12    0.1000000000E+01
    3    0.1110833333E+02    0.4644557413E+00   -0.6966836119E+00   -0.1503660733E+00    0.0000000000E+00    0.0000000000E+00    0.0000000000E+00    0.0000000000E+00    0.0000000000E+00    0.0000000000E+00    0.8522533159E-12    0.8522533159E-12    0.1000000000E+01
    4    0.1110833333E+02    0.4644557413E+00    0.1161139353E+00    0.3242613040E-01    0.0000000000E+00    0.0000000000E+00    0.0000000000E+00    0.0000000000E+00    0.0000000000E+00    0.0000000000E+00    0.2976707253E-13    0.2976707253E-13    0.1000000000E+01
    1    0.1136666667E+02    0.4644557413E+00   -0.6966836119E+00   -0.2597984214E+00    0.0000000000E+00    0.0000000000E+00    0.0000000000E+00    0.0000000000E+00    0.0000000000E+00    0.0000000000E+00    0.1204567066E-12    0.1204567066E-12    0.1000000000E+01
    2    0.1136666667E+02   -0.3483418059E+00   -0.6966836119E+00    0.4637672765E+00    0.0000000000E+00    0.0000000000E+00    0.0000000000E+00    0.0000000000E+00    0.0000000000E+00    0.0000000000E+00    0.2408964112E-13    0.2408964112E-13    0.1000000000E+01
    3    0.1136666667E+02   -0.3483418059E+00   -0.6966836119E+00    0.2175895994E+00    0.0000000000E+00    0.0000000000E+00    0.0000000000E+00    0.0000000000E+00    0.0000000000E+00    0.0000000000E+00    0.8374499381E-13    0.8374499381E-13    0.1000000000E+01
    4    0.1136666667E+02    0.4644557413E+00    0.1161139353E+00   -0.1157409305E-01    0.0000000000E+00    0.0000000000E+00    0.0000000000E+00    0.0000000000E+00    0.0000000000E+00    0.0000000000E+00    0.1795562369E-12    0.1795562369E-12    0.1000000000E+01
    1    0.1162500000E+02   -0.3483418059E+00   -0.6966836119E+00    0.4065352167E+00    0.0000000000E+00    0.0000000000E+00    0.0000000000E+00    0.0000000000E+00    0.0000000000E+00    0.0000000000E+00    0.1136158158E-13    0.1136158160E-13    0.9999999984E+00
    2    0.1162500000E+02   -0.3483418059E+00    0.1161139353E+00   -0.4491240916E+00    0.0000000000E+00    0.0000000000E+00    0.0000000000E+00    0.0000000000E+00    0.0000000000E+00    0.0000000000E+00    0.4903936206E-13    0.4903936206E-13    0.1000000000E+01
    3    0.1162500000E+02    0.4644557413E+00   -0.6966836119E+00   -0.3432430591E+00    0.0000000000E+00    0.0000000000E+00    0.0000000000E+00    0.0000000000E+00    0.0000000000E+00    0.0000000000E+00    0.8628567208E-14    0.8628567209E-14    0.9999999999E+00
    4    0.1162500000E+02   -0.3483418059E+00   -0.6966836119E+00    0.8607505293E-01   -0.3483418059E+00    0.9289114825E+00    0.8607505293E-01   -0.4138367209E+00   -0.6147441701E+01   -0.2969898573E+00    0.2225313191E-10    0.2225313191E-10    0.1000000000E+01
    5    0.1162500000E+02    0.4644557413E+00    0.1161139353E+00   -0.5953317495E-01    0.0000000000E+00    0.0000000000E+00    0.0000000000E+00    0.0000000000E+00    0.0000000000E+00    0.0000000000E+00    0.2223893377E-13    0.2223893378E-13    0.9999999996E+00
    1    0.1188333333E+02   -0.3483418059E+00   -0.6966836119E+00    0.3510873572E+00    0.0000000000E+00    0.0000000000E+00    0.0000000000E+00    0.0000000000E+00    0.0000000000E+00    0.0000000000E+00    0.6567147891E-15    0.6567147892E-15    0.9999999998E+00
    2    0.1188333333E+02   -0.3483418059E+00    0.1161139353E+00   -0.5708478186E+00    0.0000000000E+00    0.0000000000E+00    0.0000000000E+00    0.0000000000E+00    0.0000000000E+00    0.0000000000E+00    0.3299872208E-11    0.3299872208E-11    0.1000000000E+01
    3    0.1188333333E+02    0.4644557413E+00   -0.6966836119E+00   -0.4167016588E+00    0.4644557413E+00   -0.6966836119E+00   -0.4167016588E+00   -0.2468372518E+01    0.3008445943E+01    0.4184803225E+01    0.9381078788E-15    0.9381078791E-15    0.9999999997E+00
    4    0.1188333333E+02    0.4644557413E+00    0.1161139353E+00   -0.1111444807E+00    0.0000000000E+00    0.0000000000E+00    0.0000000000E+00    0.0000000000E+00    0.0000000000E+00    0.0000000000E+00    0.1295239386E-13    0.1295239387E-13    0.9999999998E+00
    1    0.1214166667E+02   -0.3483418059E+00   -0.6966836119E+00    0.2946696443E+00    0.0000000000E+00    0.0000000000E+00    0.0000000000E+00    0.0000000000E+00    0.0000000000E+00    0.0000000000E+00    0.7097433762E-14    0.7097433772E-14    0.9999999986E+00
    2    0.1214166667E+02   -0.3483418059E+00    0.1161139353E+00    0.4956648491E+00    0.0000000000E+00    0.0000000000E+00    0.0000000000E+00    0.0000000000E+00    0.0000000000E+00    0.0000000000E+00    0.4002607599E-14    0.4002607601E-14    0.9999999997E+00
    3    0.1214166667E+02    0.4644557413E+00   -0.6966836119E+00   -0.4860613313E+00    0.0000000000E+00    0.0000000000E+00    0.0000000000E+00    0.0000000000E+00    0.0000000000E+00    0.0000000000E+00    0.5287206655E-16    0.5287206684E-16    0.9999999946E+00
    4    0.1214166667E+02    0.4644557413E+00    0.1161139353E+00   -0.1680424369E+00    0.0000000000E+00    0.0000000000E+00    0.0000000000E+00    0.0000000000E+00    0.0000000000E+00    0.0000000000E+00    0.1300199983E-14    0.1300199983E-14    0.1000000000E+01
    1    0.1240000000E+02   -0.3483418059E+00   -0.6966836119E+00    0.2347448172E+00    0.0000000000E+00    0.0000000000E+00    0.0000000000E+00    0.0000000000E+00    0.0000000000E+00    0.0000000000E+00    0.9622038769E-14    0.9622038961E-14    0.9999999801E+00
    2    0.1240000000E+02   -0.3483418059E+00    0.1161139353E+00    0.4111421772E+00    0.0000000000E+00    0.0000000000E+00    0.0000000000E+00    0.0000000000E+00    0.0000000000E+00    0.0000000000E+00    0.4474215694E-15    0.4474234011E-15    0.9999959061E+00
    3    0.1240000000E+02    0.4644557413E+00   -0.6966836119E+00   -0.5551369510E+00    0.0000000000E+00    0.0000000000E+00    0.0000000000E+00    0.0000000000E+00    0.0000000000E+00    0.0000000000E+00    0.9244947987E-15    0.9244948017E-15    0.9999999968E+00
    4    0.1240000000E+02    0.4644557413E+00    0.1161139353E+00   -0.2322153581E+00    0.0000000000E+00    0.0000000000E+00    0.0000000000E+00    0.0000000000E+00    0.0000000000E+00    0.0000000000E+00    0.1892579245E-14    0.1892580782E-14    0.9999991876E+00
    1    0.1265833333E+02    0.4644557413E+00    0.1161139353E+00   -0.3060104789E+00    0.0000000000E+00    0.0000000000E+00    0.0000000000E+00    0.0000000000E+00    0.0000000000E+00    0.0000000000E+00    0.4884473533E-15    0.4884543905E-15    0.9999855929E+00
    2    0.1265833333E+02    0.4644557413E+00   -0.6966836119E+00    0.5220166666E+00    0.0000000000E+00    0.0000000000E+00    0.0000000000E+00    0.0000000000E+00    0.0000000000E+00    0.0000000000E+00    0.3353780208E-14    0.3353780210E-14    0.9999999994E+00
    3    0.1265833333E+02   -0.3483418059E+00    0.1161139353E+00    0.3085685774E+00    0.0000000000E+00    0.0000000000E+00    0.0000000000E+00    0.0000000000E+00    0.0000000000E+00    0.0000000000E+00    0.1018836051E-12    0.1018836059E-12    0.9999999921E+00
    4    0.1265833333E+02   -0.3483418059E+00   -0.6966836119E+00    0.1674257312E+00    0.0000000000E+00    0.0000000000E+00    0.0000000000E+00    0.0000000000E+00    0.0000000000E+00    0.0000000000E+00    0.1783739275E-13    0.1783739276E-13    0.9999999996E+00
    1    0.1291666667E+02    0.4644557413E+00    0.1161139353E+00   -0.3898220164E+00    0.0000000000E+00    0.0000000000E+00    0.0000000000E+00    0.0000000000E+00    0.0000000000E+00    0.0000000000E+00    0.3679426220E-16    0.3679426222E-16    0.9999999995E+00
    2    0.1291666667E+02    0.4644557413E+00   -0.6966836119E+00    0.4416775528E+00    0.0000000000E+00    0.0000000000E+00    0.0000000000E+00    0.0000000000E+00    0.0000000000E+00    0.0000000000E+00    0.1366359658E-13    0.1366359658E-13    0.1000000000E+01
    3    0.1291666667E+02   -0.3483418059E+00   -0.6966836119E+00    0.8025474196E-01    0.0000000000E+00    0.0000000000E+00    0.0000000000E+00    0.0000000000E+00    0.0000000000E+00    0.0000000000E+00    0.4016289785E-11    0.4016289785E-11    0.1000000000E+01
    1    0.1317500000E+02    0.4644557413E+00    0.1161139353E+00   -0.4781704457E+00    0.4644557413E+00    0.1161139353E+00   -0.4781704457E+00   -0.3134413075E+01   -0.1535028545E+01    0.3412913829E+01    0.2503656023E-13    0.2503656023E-13    0.1000000000E+01
    2    0.1317500000E+02    0.4644557413E+00   -0.6966836119E+00    0.3429208999E+00    0.0000000000E+00    0.0000000000E+00    0.0000000000E+00    0.0000000000E+00    0.0000000000E+00    0.0000000000E+00    0.5415932186E-13    0.5415932186E-13    0.1000000000E+01
    1    0.1343333333E+02    0.4644557413E+00    0.1161139353E+00   -0.5639638657E+00    0.0000000000E+00    0.0000000000E+00    0.0000000000E+00    0.0000000000E+00    0.0000000000E+00    0.0000000000E+00    0.2723168254E-12    0.2723168254E-12    0.1000000000E+01
    2    0.1343333333E+02   -0.3483418059E+00   -0.6966836119E+00   -0.4962566408E+00    0.0000000000E+00    0.0000000000E+00    0.0000000000E+00    0.0000000000E+00    0.0000000000E+00    0.0000000000E+00    0.4900242152E-11    0.4900242152E-11    0.1000000000E+01
    3    0.1343333333E+02    0.4644557413E+00   -0.6966836119E+00    0.1635400656E+00    0.4644557413E+00   -0.6966836119E+00    0.1635400656E+00   -0.9878055146E+00    0.5328982639E+00    0.4724696098E+00    0.4341650340E-11    0.4341650340E-11    0.1000000000E+01
    4    0.1343333333E+02   -0.3483418059E+00   -0.6966836119E+00   -0.2275014269E+00    0.0000000000E+00    0.0000000000E+00    0.0000000000E+00    0.0000000000E+00    0.0000000000E+00    0.0000000000E+00    0.7827597553E-12    0.7827597553E-12    0.1000000000E+01
    5    0.1343333333E+02    0.4644557413E+00    0.1161139353E+00   -0.2552677084E+00    0.0000000000E+00    0.0000000000E+00    0.0000000000E+00    0.0000000000E+00    0.0000000000E+00    0.0000000000E+00    0.2780707846E-11    0.2780707846E-11    0.1000000000E+01
    6    0.1343333333E+02    0.4644557413E+00   -0.6966836119E+00   -0.5613658427E-01    0.4644557413E+00   -0.6966836119E+00   -0.5613658427E-01   -0.1466921278E+01   -0.3645182154E-01    0.4008551072E+00    0.3913208761E-09    0.3913208761E-09    0.1000000000E+01
    1    0.1369166667E+02    0.4644557413E+00    0.1161139353E+00    0.5038935480E+00    0.0000000000E+00    0.0000000000E+00    0.0000000000E+00    0.0000000000E+00    0.0000000000E+00    0.0000000000E+00    0.4792202613E-12    0.4792202613E-12    0.1000000000E+01
    2    0.1369166667E+02    0.4644557413E+00    0.1161139353E+00   -0.4622935479E+00    0.0000000000E+00    0.0000000000E+00    0.0000000000E+00    0.0000000000E+00    0.0000000000E+00    0.0000000000E+00    0.1502145906E-12    0.1502145906E-12    0.1000000000E+01
    3    0.1369166667E+02   -0.3483418059E+00   -0.6966836119E+00   -0.3734849369E+00    0.0000000000E+00    0.0000000000E+00    0.0000000000E+00    0.0000000000E+00    0.0000000000E+00    0.0000000000E+00    0.8219817796E-11    0.8219817796E-11    0.1000000000E+01
    4    0.1369166667E+02   -0.3483418059E+00   -0.6966836119E+00   -0.2142633860E+00    0.0000000000E+00    0.0000000000E+00    0.0000000000E+00    0.0000000000E+00    0.0000000000E+00    0.0000000000E+00    0.8081127732E-11    0.8081127732E-11    0.1000000000E+01
    5    0.1369166667E+02   -0.3483418059E+00    0.1161139353E+00   -0.2525184285E+00    0.0000000000E+00    0.0000000000E+00    0.0000000000E+00    0.0000000000E+00    0.0000000000E+00    0.0000000000E+00    0.2503680509E-11    0.2503680509E-11    0.1000000000E+01
    6    0.1369166667E+02    0.4644557413E+00    0.1161139353E+00   -0.2838415185E+00    0.0000000000E+00    0.0000000000E+00    0.0000000000E+00    0.0000000000E+00    0.0000000000E+00    0.0000000000E+00    0.1694817870E-11    0.1694817870E-11    0.1000000000E+01
    7    0.1369166667E+02    0.4644557413E+00   -0.6966836119E+00   -0.2921376915E+00    0.0000000000E+00    0.0000000000E+00    0.0000000000E+00    0.0000000000E+00    0.0000000000E+00    0.0000000000E+00    0.9137144789E-12    0.9137144790E-12    0.1000000000E+01
    1    0.1395000000E+02   -0.3483418059E+00    0.1161139353E+00   -0.4959247115E-01    0.0000000000E+00    0.0000000000E+00    0.0000000000E+00    0.0000000000E+00    0.0000000000E+00    0.0000000000E+00    0.5093021650E-10    0.5093021650E-10    0.1000000000E+01
    2    0.1395000000E+02   -0.3483418059E+00    0.1161139353E+00   -0.2062797310E+00    0.0000000000E+00    0.0000000000E+00    0.0000000000E+00    0.0000000000E+00    0.0000000000E+00    0.0000000000E+00    0.1432259072E-10    0.1432259072E-10    0.1000000000E+01
    3    0.1395000000E+02    0.4644557413E+00    0.1161139353E+00    0.4236159317E+00    0.0000000000E+00    0.0000000000E+00    0.0000000000E+00    0.0000000000E+00    0.0000000000E+00    0.0000000000E+00    0.1584929399E-11    0.1584929399E-11    0.1000000000E+01
    4    0.1395000000E+02    0.4644557413E+00    0.1161139353E+00    0.5449308474E+00    0.0000000000E+00    0.0000000000E+00    0.0000000000E+00    0.0000000000E+00    0.0000000000E+00    0.0000000000E+00    0.8115679783E-12    0.8115679783E-12    0.1000000000E+01
    5    0.1395000000E+02   -0.3483418059E+00    0.1161139353E+00   -0.3853309245E+00    0.0000000000E+00    0.0000000000E+00    0.0000000000E+00    0.0000000000E+00    0.0000000000E+00    0.0000000000E+00    0.1494022176E-10    0.1494022176E-10    0.1000000000E+01
    6    0.1395000000E+02   -0.3483418059E+00    0.1161139353E+00   -0.5269935469E+00    0.0000000000E+00    0.0000000000E+00    0.0000000000E+00    0.0000000000E+00    0.0000000000E+00    0.0000000000E+00    0.1967264303E-10    0.1967264303E-10    0.1000000000E+01
    7    0.1395000000E+02    0.4644557413E+00   -0.6966836119E+00   -0.4712368770E+00    0.0000000000E+00    0.0000000000E+00    0.0000000000E+00    0.0000000000E+00    0.0000000000E+00    0.0000000000E+00    0.7883644915E-13    0.7883644915E-13    0.1000000000E+01
    8    0.1395000000E+02    0.4644557413E+00    0.1161139353E+00   -0.4432566722E+00    0.0000000000E+00    0.0000000000E+00    0.0000000000E+00    0.0000000000E+00    0.0000000000E+00    0.0000000000E+00    0.1504873302E-11    0.1504873302E-11    0.1000000000E+01
    1    0.1420833333E+02    0.4644557413E+00   -0.6966836119E+00   -0.9812366198E-01    0.0000000000E+00    0.0000000000E+00    0.0000000000E+00    0.0000000000E+00    0.0000000000E+00    0.0000000000E+00    0.2211344760E-09    0.2211344760E-09    0.1000000000E+01
    2    0.1420833333E+02    0.4644557413E+00    0.1161139353E+00    0.5661290044E+00    0.0000000000E+00    0.0000000000E+00    0.0000000000E+00    0.0000000000E+00    0.0000000000E+00    0.0000000000E+00    0.1037001761E-11    0.1037001761E-11    0.1000000000E+01
    3    0.1420833333E+02    0.4644557413E+00    0.1161139353E+00    0.3375487160E+00    0.4644557413E+00    0.1161139353E+00    0.3375487160E+00   -0.7337139565E+00   -0.8025417457E+00   -0.1908137902E+00    0.4387296144E-12    0.4387296144E-12    0.1000000000E+01
    4    0.1420833333E+02    0.4644557413E+00   -0.6966836119E+00    0.3628995281E+00    0.0000000000E+00    0.0000000000E+00    0.0000000000E+00    0.0000000000E+00    0.0000000000E+00    0.0000000000E+00    0.1551063787E-09    0.1551063787E-09    0.1000000000E+01
    5    0.1420833333E+02    0.4644557413E+00    0.1161139353E+00    0.4102651650E+00    0.0000000000E+00    0.0000000000E+00    0.0000000000E+00    0.0000000000E+00    0.0000000000E+00    0.0000000000E+00    0.1483820965E-12    0.1483820965E-12    0.1000000000E+01
    1    0.1446666667E+02    0.4644557413E+00    0.1161139353E+00    0.4061204147E+00    0.0000000000E+00    0.0000000000E+00    0.0000000000E+00    0.0000000000E+00    0.0000000000E+00    0.0000000000E+00    0.6913006975E-12    0.6913006975E-12    0.1000000000E+01
    2    0.1446666667E+02    0.4644557413E+00    0.1161139353E+00    0.2218405933E+00    0.0000000000E+00    0.0000000000E+00    0.0000000000E+00    0.0000000000E+00    0.0000000000E+00    0.0000000000E+00    0.1609682240E-11    0.1609682240E-11    0.1000000000E+01
    3    0.1446666667E+02    0.4644557413E+00    0.1161139353E+00    0.2637324837E+00    0.0000000000E+00    0.0000000000E+00    0.0000000000E+00    0.0000000000E+00    0.0000000000E+00    0.0000000000E+00    0.1327858751E-11    0.1327858751E-11    0.1000000000E+01
    1    0.1472500000E+02    0.4644557413E+00    0.1161139353E+00    0.1530945620E+00    0.0000000000E+00    0.0000000000E+00    0.0000000000E+00    0.0000000000E+00    0.0000000000E+00    0.0000000000E+00    0.7726751179E-10    0.7726751179E-10    0.1000000000E+01
    2    0.1472500000E+02    0.4644557413E+00    0.1161139353E+00    0.8897704859E-01    0.0000000000E+00    0.0000000000E+00    0.0000000000E+00    0.0000000000E+00    0.0000000000E+00    0.0000000000E+00    0.5630521292E-10    0.5630521292E-10    0.1000000000E+01
