    1    0.2583333333E+01    0.5805696766E+00    0.1161139353E+00   -0.6806566485E-01    0.0000000000E+00    0.0000000000E+00    0.0000000000E+00    0.0000000000E+00    0.0000000000E+00    0.0000000000E+00    0.5925245948E-12    0.5925245948E-12    0.1000000000E+01
    1    0.2841666667E+01    0.5805696766E+00    0.1161139353E+00   -0.2079131989E+00    0.0000000000E+00    0.0000000000E+00    0.0000000000E+00    0.0000000000E+00    0.0000000000E+00    0.0000000000E+00    0.3066939628E-13    0.3066939628E-13    0.1000000000E+01
    1    0.3100000000E+01    0.5805696766E+00    0.1161139353E+00   -0.4236432594E+00    0.0000000000E+00    0.0000000000E+00    0.0000000000E+00    0.0000000000E+00    0.0000000000E+00    0.0000000000E+00    0.1047599068E-14    0.1047599068E-14    0.1000000000E+01
    2    0.3100000000E+01   -0.2322278706E+00    0.1161139353E+00   -0.1671340776E+00    0.0000000000E+00    0.0000000000E+00    0.0000000000E+00    0.0000000000E+00    0.0000000000E+00    0.0000000000E+00    0.1671185029E-13    0.1671185029E-13    0.1000000000E+01
    3    0.3100000000E+01    0.5805696766E+00    0.1161139353E+00   -0.1854449456E+00    0.0000000000E+00    0.0000000000E+00    0.0000000000E+00    0.0000000000E+00    0.0000000000E+00    0.0000000000E+00    0.6986171974E-15    0.6986171974E-15    0.1000000000E+01
    1    0.3358333333E+01    0.5805696766E+00    0.1161139353E+00   -0.2458835138E+00    0.0000000000E+00    0.0000000000E+00    0.0000000000E+00    0.0000000000E+00    0.0000000000E+00    0.0000000000E+00    0.1075905905E-13    0.1075905905E-13    0.1000000000E+01
    2    0.3358333333E+01   -0.2322278706E+00    0.1161139353E+00   -0.4118419998E+00    0.0000000000E+00    0.0000000000E+00    0.0000000000E+00    0.0000000000E+00    0.0000000000E+00    0.0000000000E+00    0.1244309049E-14    0.1244309049E-14    0.1000000000E+01
    3    0.3358333333E+01    0.5805696766E+00    0.1161139353E+00   -0.5004488900E+00    0.0000000000E+00    0.0000000000E+00    0.0000000000E+00    0.0000000000E+00    0.0000000000E+00    0.0000000000E+00    0.2112580403E-14    0.2112580403E-14    0.1000000000E+01
    1    0.3616666667E+01    0.5805696766E+00    0.1161139353E+00   -0.2962497244E+00    0.0000000000E+00    0.0000000000E+00    0.0000000000E+00    0.0000000000E+00    0.0000000000E+00    0.0000000000E+00    0.1476616498E-13    0.1476616498E-13    0.1000000000E+01
    2    0.3616666667E+01    0.5805696766E+00    0.1161139353E+00   -0.5618422886E+00    0.0000000000E+00    0.0000000000E+00    0.0000000000E+00    0.0000000000E+00    0.0000000000E+00    0.0000000000E+00    0.2939714656E-13    0.2939714656E-13    0.1000000000E+01
    3    0.3616666667E+01   -0.2322278706E+00    0.1161139353E+00   -0.5640565785E+00    0.0000000000E+00    0.0000000000E+00    0.0000000000E+00    0.0000000000E+00    0.0000000000E+00    0.0000000000E+00    0.3735017778E-12    0.3735017778E-12    0.1000000000E+01
    1    0.3875000000E+01    0.5805696766E+00   -0.6966836119E+00    0.2388631527E-01    0.0000000000E+00    0.0000000000E+00    0.0000000000E+00    0.0000000000E+00    0.0000000000E+00    0.0000000000E+00    0.6947600761E-11    0.6947600761E-11    0.1000000000E+01
    2    0.3875000000E+01   -0.2322278706E+00    0.1161139353E+00    0.5049961155E+00    0.0000000000E+00    0.0000000000E+00    0.0000000000E+00    0.0000000000E+00    0.0000000000E+00    0.0000000000E+00    0.7300010649E-14    0.7300010649E-14    0.1000000000E+01
    3    0.3875000000E+01    0.5805696766E+00    0.1161139353E+00    0.5327136633E+00    0.0000000000E+00    0.0000000000E+00    0.0000000000E+00    0.0000000000E+00    0.0000000000E+00    0.0000000000E+00    0.6224200203E-14    0.6224200203E-14    0.1000000000E+01
    4    0.3875000000E+01    0.5805696766E+00    0.1161139353E+00   -0.3447511238E+00    0.0000000000E+00    0.0000000000E+00    0.0000000000E+00    0.0000000000E+00    0.0000000000E+00    0.0000000000E+00    0.8273700353E-14    0.8273700353E-14    0.1000000000E+01
    5    0.3875000000E+01    0.5805696766E+00   -0.6966836119E+00   -0.3102104745E+00    0.0000000000E+00    0.0000000000E+00    0.0000000000E+00    0.0000000000E+00    0.0000000000E+00    0.0000000000E+00    0.8144595660E-12    0.8144595660E-12    0.1000000000E+01
    6    0.3875000000E+01   -0.2322278706E+00    0.1161139353E+00   -0.3256460347E+00    0.0000000000E+00    0.0000000000E+00    0.0000000000E+00    0.0000000000E+00    0.0000000000E+00    0.0000000000E+00    0.7678612349E-13    0.7678612349E-13    0.1000000000E+01
    1    0.4133333333E+01   -0.2322278706E+00   -0.6966836119E+00   -0.1928935117E+00    0.0000000000E+00    0.0000000000E+00    0.0000000000E+00    0.0000000000E+00    0.0000000000E+00    0.0000000000E+00    0.3001161196E-17    0.3001161637E-17    0.9999998531E+00
    2    0.4133333333E+01    0.5805696766E+00    0.1161139353E+00   -0.3938870891E+00    0.0000000000E+00    0.0000000000E+00    0.0000000000E+00    0.0000000000E+00    0.0000000000E+00    0.0000000000E+00    0.2433603581E-14    0.2433603581E-14    0.1000000000E+01
    3    0.4133333333E+01   -0.2322278706E+00    0.1161139353E+00   -0.4098860404E+00    0.0000000000E+00    0.0000000000E+00    0.0000000000E+00    0.0000000000E+00    0.0000000000E+00    0.0000000000E+00    0.2777003118E-13    0.2777003118E-13    0.1000000000E+01
    4    0.4133333333E+01    0.5805696766E+00    0.1161139353E+00    0.4779307120E+00    0.0000000000E+00    0.0000000000E+00    0.0000000000E+00    0.0000000000E+00    0.0000000000E+00    0.0000000000E+00    0.8404776128E-14    0.8404776128E-14    0.1000000000E+01
    5    0.4133333333E+01   -0.2322278706E+00    0.1161139353E+00    0.4347580533E+00    0.0000000000E+00    0.0000000000E+00    0.0000000000E+00    0.0000000000E+00    0.0000000000E+00    0.0000000000E+00    0.3232777260E-13    0.3232777260E-13    0.1000000000E+01
    6    0.4133333333E+01    0.5805696766E+00   -0.6966836119E+00    0.4432155292E+00    0.0000000000E+00    0.0000000000E+00    0.0000000000E+00    0.0000000000E+00    0.0000000000E+00    0.0000000000E+00    0.1310970395E-12    0.1310970395E-12    0.1000000000E+01
    1    0.4391666667E+01    0.5805696766E+00   -0.6966836119E+00   -0.6344019922E-01    0.0000000000E+00    0.0000000000E+00    0.0000000000E+00    0.0000000000E+00    0.0000000000E+00    0.0000000000E+00    0.3885925932E-12    0.3885925933E-12    0.9999999998E+00
    2    0.4391666667E+01   -0.2322278706E+00   -0.6966836119E+00   -0.8899885515E-01    0.0000000000E+00    0.0000000000E+00    0.0000000000E+00    0.0000000000E+00    0.0000000000E+00    0.0000000000E+00    0.1974924255E-12    0.1974924256E-12    0.9999999992E+00
    3    0.4391666667E+01   -0.2322278706E+00   -0.6966836119E+00   -0.2941923119E+00    0.0000000000E+00    0.0000000000E+00    0.0000000000E+00    0.0000000000E+00    0.0000000000E+00    0.0000000000E+00    0.3850030565E-12    0.3850030566E-12    0.9999999997E+00
    4    0.4391666667E+01    0.5805696766E+00    0.1161139353E+00   -0.4455302368E+00    0.0000000000E+00    0.0000000000E+00    0.0000000000E+00    0.0000000000E+00    0.0000000000E+00    0.0000000000E+00    0.1385484929E-13    0.1385484929E-13    0.9999999998E+00
    5    0.4391666667E+01   -0.2322278706E+00    0.1161139353E+00   -0.4747471993E+00    0.0000000000E+00    0.0000000000E+00    0.0000000000E+00    0.0000000000E+00    0.0000000000E+00    0.0000000000E+00    0.2451375141E-13    0.2451375146E-13    0.9999999980E+00
    6    0.4391666667E+01   -0.2322278706E+00   -0.6966836119E+00   -0.5192080918E+00    0.0000000000E+00    0.0000000000E+00    0.0000000000E+00    0.0000000000E+00    0.0000000000E+00    0.0000000000E+00    0.4370156393E-11    0.4370156395E-11    0.9999999994E+00
    7    0.4391666667E+01    0.5805696766E+00    0.1161139353E+00    0.4201818100E+00    0.0000000000E+00    0.0000000000E+00    0.0000000000E+00    0.0000000000E+00    0.0000000000E+00    0.0000000000E+00    0.9712156873E-14    0.9712156876E-14    0.9999999997E+00
    8    0.4391666667E+01    0.5805696766E+00   -0.6966836119E+00    0.3368183823E+00    0.0000000000E+00    0.0000000000E+00    0.0000000000E+00    0.0000000000E+00    0.0000000000E+00    0.0000000000E+00    0.3695758039E-15    0.3695758207E-15    0.9999999548E+00
    9    0.4391666667E+01   -0.2322278706E+00    0.1161139353E+00    0.3665329399E+00    0.0000000000E+00    0.0000000000E+00    0.0000000000E+00    0.0000000000E+00    0.0000000000E+00    0.0000000000E+00    0.7988689247E-14    0.7988689599E-14    0.9999999559E+00
   10    0.4391666667E+01   -0.2322278706E+00   -0.6966836119E+00    0.3601629906E+00    0.0000000000E+00    0.0000000000E+00    0.0000000000E+00    0.0000000000E+00    0.0000000000E+00    0.0000000000E+00    0.3769736190E-11    0.3769736191E-11    0.9999999999E+00
    1    0.4650000000E+01   -0.2322278706E+00   -0.6966836119E+00   -0.1649320497E+00    0.0000000000E+00    0.0000000000E+00    0.0000000000E+00    0.0000000000E+00    0.0000000000E+00    0.0000000000E+00    0.1081388596E-13    0.1081390746E-13    0.9999980113E+00
    2    0.4650000000E+01    0.5805696766E+00   -0.6966836119E+00   -0.1505130009E+00    0.0000000000E+00    0.0000000000E+00    0.0000000000E+00    0.0000000000E+00    0.0000000000E+00    0.0000000000E+00    0.8364101798E-14    0.8364169927E-14    0.9999918547E+00
    3    0.4650000000E+01    0.5805696766E+00    0.1161139353E+00   -0.5024817287E+00    0.0000000000E+00    0.0000000000E+00    0.0000000000E+00    0.0000000000E+00    0.0000000000E+00    0.0000000000E+00    0.2433661584E-13    0.2433669960E-13    0.9999965582E+00
    4    0.4650000000E+01   -0.2322278706E+00    0.1161139353E+00   -0.5367660060E+00    0.0000000000E+00    0.0000000000E+00    0.0000000000E+00    0.0000000000E+00    0.0000000000E+00    0.0000000000E+00    0.2983932724E-13    0.2983932831E-13    0.9999999641E+00
    5    0.4650000000E+01    0.5805696766E+00    0.1161139353E+00    0.3526241818E+00    0.0000000000E+00    0.0000000000E+00    0.0000000000E+00    0.0000000000E+00    0.0000000000E+00    0.0000000000E+00    0.1181267427E-13    0.1181315688E-13    0.9999591466E+00
    6    0.4650000000E+01   -0.2322278706E+00   -0.6966836119E+00    0.2408956390E+00    0.0000000000E+00    0.0000000000E+00    0.0000000000E+00    0.0000000000E+00    0.0000000000E+00    0.0000000000E+00    0.9249492713E-14    0.9250091643E-14    0.9999352515E+00
    7    0.4650000000E+01    0.5805696766E+00   -0.6966836119E+00    0.2626860619E+00    0.0000000000E+00    0.0000000000E+00    0.0000000000E+00    0.0000000000E+00    0.0000000000E+00    0.0000000000E+00    0.5011950107E-14    0.5012412069E-14    0.9999078364E+00
    8    0.4650000000E+01   -0.2322278706E+00    0.1161139353E+00    0.2916016099E+00    0.0000000000E+00    0.0000000000E+00    0.0000000000E+00    0.0000000000E+00    0.0000000000E+00    0.0000000000E+00    0.4440320021E-13    0.4440320062E-13    0.9999999909E+00
    1    0.4908333333E+01   -0.2322278706E+00   -0.6966836119E+00   -0.2389462192E+00    0.0000000000E+00    0.0000000000E+00    0.0000000000E+00    0.0000000000E+00    0.0000000000E+00    0.0000000000E+00    0.9179348200E-14    0.9179382885E-14    0.9999962215E+00
    2    0.4908333333E+01    0.5805696766E+00   -0.6966836119E+00   -0.3760378775E+00    0.0000000000E+00    0.0000000000E+00    0.0000000000E+00    0.0000000000E+00    0.0000000000E+00    0.0000000000E+00    0.3923708983E-13    0.3923816738E-13    0.9999725382E+00
    3    0.4908333333E+01    0.5805696766E+00    0.1161139353E+00   -0.5691172549E+00    0.0000000000E+00    0.0000000000E+00    0.0000000000E+00    0.0000000000E+00    0.0000000000E+00    0.0000000000E+00    0.7107114782E-13    0.7107114810E-13    0.9999999960E+00
    4    0.4908333333E+01   -0.2322278706E+00    0.1161139353E+00    0.5492579414E+00    0.0000000000E+00    0.0000000000E+00    0.0000000000E+00    0.0000000000E+00    0.0000000000E+00    0.0000000000E+00    0.4896591759E-14    0.4896592298E-14    0.9999998899E+00
    5    0.4908333333E+01    0.5805696766E+00    0.1161139353E+00    0.2558051053E+00    0.0000000000E+00    0.0000000000E+00    0.0000000000E+00    0.0000000000E+00    0.0000000000E+00    0.0000000000E+00    0.1358125712E-12    0.1358125715E-12    0.9999999978E+00
    6    0.4908333333E+01   -0.2322278706E+00   -0.6966836119E+00    0.1617197139E+00    0.0000000000E+00    0.0000000000E+00    0.0000000000E+00    0.0000000000E+00    0.0000000000E+00    0.0000000000E+00    0.8954091005E-14    0.8954103193E-14    0.9999986388E+00
    7    0.4908333333E+01   -0.2322278706E+00    0.1161139353E+00    0.1956436627E+00    0.0000000000E+00    0.0000000000E+00    0.0000000000E+00    0.0000000000E+00    0.0000000000E+00    0.0000000000E+00    0.1276494916E-14    0.1276495514E-14    0.9999995313E+00
    8    0.4908333333E+01    0.5805696766E+00   -0.6966836119E+00    0.1956023277E+00    0.0000000000E+00    0.0000000000E+00    0.0000000000E+00    0.0000000000E+00    0.0000000000E+00    0.0000000000E+00    0.2953360283E-13    0.2953361649E-13    0.9999995373E+00
    1    0.5166666667E+01   -0.2322278706E+00   -0.6966836119E+00   -0.3301288637E+00    0.0000000000E+00    0.0000000000E+00    0.0000000000E+00    0.0000000000E+00    0.0000000000E+00    0.0000000000E+00    0.1357705582E-13    0.1357705653E-13    0.9999999477E+00
    2    0.5166666667E+01    0.5805696766E+00   -0.6966836119E+00   -0.5213368698E+00    0.0000000000E+00    0.0000000000E+00    0.0000000000E+00    0.0000000000E+00    0.0000000000E+00    0.0000000000E+00    0.3016540127E-14    0.3016541322E-14    0.9999996039E+00
    3    0.5166666667E+01    0.5805696766E+00    0.1161139353E+00    0.4939474304E+00    0.0000000000E+00    0.0000000000E+00    0.0000000000E+00    0.0000000000E+00    0.0000000000E+00    0.0000000000E+00    0.1251386260E-13    0.1251386262E-13    0.9999999988E+00
    4    0.5166666667E+01   -0.2322278706E+00    0.1161139353E+00    0.4805020957E+00    0.0000000000E+00    0.0000000000E+00    0.0000000000E+00    0.0000000000E+00    0.0000000000E+00    0.0000000000E+00    0.1369682323E-14    0.1369682465E-14    0.9999998965E+00
    5    0.5166666667E+01    0.5805696766E+00    0.1161139353E+00   -0.5817389038E-01    0.0000000000E+00    0.0000000000E+00    0.0000000000E+00    0.0000000000E+00    0.0000000000E+00    0.0000000000E+00    0.3847202192E-11    0.3847202192E-11    0.1000000000E+01
    6    0.5166666667E+01   -0.2322278706E+00   -0.6966836119E+00    0.9105986920E-01    0.0000000000E+00    0.0000000000E+00    0.0000000000E+00    0.0000000000E+00    0.0000000000E+00    0.0000000000E+00    0.6414236385E-14    0.6414236921E-14    0.9999999164E+00
    7    0.5166666667E+01    0.5805696766E+00   -0.6966836119E+00    0.1269801110E+00    0.0000000000E+00    0.0000000000E+00    0.0000000000E+00    0.0000000000E+00    0.0000000000E+00    0.0000000000E+00    0.2971944741E-13    0.2971944815E-13    0.9999999750E+00
    1    0.5425000000E+01   -0.2322278706E+00   -0.6966836119E+00   -0.4301441133E+00    0.0000000000E+00    0.0000000000E+00    0.0000000000E+00    0.0000000000E+00    0.0000000000E+00    0.0000000000E+00    0.8925836325E-14    0.8925836337E-14    0.9999999987E+00
    2    0.5425000000E+01    0.5805696766E+00   -0.6966836119E+00    0.5470843564E+00    0.0000000000E+00    0.0000000000E+00    0.0000000000E+00    0.0000000000E+00    0.0000000000E+00    0.0000000000E+00    0.4306659808E-14    0.4306659808E-14    0.9999999999E+00
    3    0.5425000000E+01   -0.2322278706E+00    0.1161139353E+00    0.4028175035E+00    0.0000000000E+00    0.0000000000E+00    0.0000000000E+00    0.0000000000E+00    0.0000000000E+00    0.0000000000E+00    0.2678441231E-17    0.2678456493E-17    0.9999943021E+00
    4    0.5425000000E+01    0.5805696766E+00    0.1161139353E+00    0.3612413218E+00    0.0000000000E+00    0.0000000000E+00    0.0000000000E+00    0.0000000000E+00    0.0000000000E+00    0.0000000000E+00    0.1687535726E-14    0.1687535726E-14    0.9999999997E+00
    5    0.5425000000E+01    0.5805696766E+00    0.1161139353E+00   -0.1534279554E+00    0.0000000000E+00    0.0000000000E+00    0.0000000000E+00    0.0000000000E+00    0.0000000000E+00    0.0000000000E+00    0.2819149518E-13    0.2819149518E-13    0.1000000000E+01
    6    0.5425000000E+01   -0.2322278706E+00   -0.6966836119E+00    0.2177836219E-01    0.0000000000E+00    0.0000000000E+00    0.0000000000E+00    0.0000000000E+00    0.0000000000E+00    0.0000000000E+00    0.3128234301E-13    0.3128234304E-13    0.9999999992E+00
    7    0.5425000000E+01    0.5805696766E+00   -0.6966836119E+00    0.4091640442E-01    0.0000000000E+00    0.0000000000E+00    0.0000000000E+00    0.0000000000E+00    0.0000000000E+00    0.0000000000E+00    0.2300030497E-11    0.2300030497E-11    0.1000000000E+01
    1    0.5683333333E+01   -0.2322278706E+00   -0.6966836119E+00   -0.5101158199E+00    0.0000000000E+00    0.0000000000E+00    0.0000000000E+00    0.0000000000E+00    0.0000000000E+00    0.0000000000E+00    0.3574808651E-13    0.3574808652E-13    0.9999999998E+00
    2    0.5683333333E+01    0.5805696766E+00    0.1161139353E+00   -0.2139684045E+00    0.0000000000E+00    0.0000000000E+00    0.0000000000E+00    0.0000000000E+00    0.0000000000E+00    0.0000000000E+00    0.1629732135E-12    0.1629732158E-12    0.9999999861E+00
    3    0.5683333333E+01    0.5805696766E+00   -0.6966836119E+00    0.4614746560E+00    0.0000000000E+00    0.0000000000E+00    0.0000000000E+00    0.0000000000E+00    0.0000000000E+00    0.0000000000E+00    0.7936997115E-15    0.7936997846E-15    0.9999999079E+00
    4    0.5683333333E+01   -0.2322278706E+00    0.1161139353E+00    0.3103655886E+00    0.0000000000E+00    0.0000000000E+00    0.0000000000E+00    0.0000000000E+00    0.0000000000E+00    0.0000000000E+00    0.1109666858E-13    0.1109666870E-13    0.9999999885E+00
    5    0.5683333333E+01   -0.2322278706E+00   -0.6966836119E+00   -0.5012684413E-01    0.0000000000E+00    0.0000000000E+00    0.0000000000E+00    0.0000000000E+00    0.0000000000E+00    0.0000000000E+00    0.3654787082E-13    0.3654787084E-13    0.9999999995E+00
    6    0.5683333333E+01    0.5805696766E+00    0.1161139353E+00    0.1412571148E+00    0.0000000000E+00    0.0000000000E+00    0.0000000000E+00    0.0000000000E+00    0.0000000000E+00    0.0000000000E+00    0.3705941696E-11    0.3705941696E-11    0.1000000000E+01
    1    0.5941666667E+01   -0.2322278706E+00   -0.6966836119E+00    0.5594008008E+00    0.0000000000E+00    0.0000000000E+00    0.0000000000E+00    0.0000000000E+00    0.0000000000E+00    0.0000000000E+00    0.2893495205E-13    0.2893495205E-13    0.1000000000E+01
    2    0.5941666667E+01    0.5805696766E+00   -0.6966836119E+00    0.3389233384E+00    0.0000000000E+00    0.0000000000E+00    0.0000000000E+00    0.0000000000E+00    0.0000000000E+00    0.0000000000E+00    0.2522871254E-11    0.2522871254E-11    0.1000000000E+01
    3    0.5941666667E+01   -0.2322278706E+00    0.1161139353E+00    0.1864713565E+00    0.0000000000E+00    0.0000000000E+00    0.0000000000E+00    0.0000000000E+00    0.0000000000E+00    0.0000000000E+00    0.3078351802E-14    0.3078351803E-14    0.9999999998E+00
    4    0.5941666667E+01    0.5805696766E+00    0.1161139353E+00   -0.2657878135E+00    0.0000000000E+00    0.0000000000E+00    0.0000000000E+00    0.0000000000E+00    0.0000000000E+00    0.0000000000E+00    0.2782640094E-14    0.2782640094E-14    0.1000000000E+01
    5    0.5941666667E+01   -0.2322278706E+00   -0.6966836119E+00   -0.1326663507E+00    0.0000000000E+00    0.0000000000E+00    0.0000000000E+00    0.0000000000E+00    0.0000000000E+00    0.0000000000E+00    0.1572506841E-13    0.1572506841E-13    0.9999999998E+00
    6    0.5941666667E+01    0.5805696766E+00   -0.6966836119E+00   -0.1103687873E+00    0.0000000000E+00    0.0000000000E+00    0.0000000000E+00    0.0000000000E+00    0.0000000000E+00    0.0000000000E+00    0.2777419054E-11    0.2777419054E-11    0.1000000000E+01
    1    0.6200000000E+01   -0.2322278706E+00   -0.6966836119E+00    0.4482009607E+00    0.0000000000E+00    0.0000000000E+00    0.0000000000E+00    0.0000000000E+00    0.0000000000E+00    0.0000000000E+00    0.3079438455E-11    0.3079438455E-11    0.1000000000E+01
    2    0.6200000000E+01   -0.2322278706E+00    0.1161139353E+00   -0.7507998791E-01    0.0000000000E+00    0.0000000000E+00    0.0000000000E+00    0.0000000000E+00    0.0000000000E+00    0.0000000000E+00    0.2851395683E-11    0.2851395683E-11    0.1000000000E+01
    3    0.6200000000E+01   -0.2322278706E+00   -0.6966836119E+00   -0.2500822811E+00    0.0000000000E+00    0.0000000000E+00    0.0000000000E+00    0.0000000000E+00    0.0000000000E+00    0.0000000000E+00    0.3082817621E-11    0.3082817621E-11    0.1000000000E+01
    4    0.6200000000E+01    0.5805696766E+00    0.1161139353E+00   -0.3133189570E+00    0.0000000000E+00    0.0000000000E+00    0.0000000000E+00    0.0000000000E+00    0.0000000000E+00    0.0000000000E+00    0.4117388289E-15    0.4117388291E-15    0.9999999996E+00
    1    0.6458333333E+01    0.5805696766E+00    0.1161139353E+00   -0.3588600002E+00    0.0000000000E+00    0.0000000000E+00    0.0000000000E+00    0.0000000000E+00    0.0000000000E+00    0.0000000000E+00    0.5443208929E-19    0.5443209380E-19    0.9999999172E+00
    2    0.6458333333E+01   -0.2322278706E+00    0.1161139353E+00   -0.1627583949E+00    0.0000000000E+00    0.0000000000E+00    0.0000000000E+00    0.0000000000E+00    0.0000000000E+00    0.0000000000E+00    0.2169003757E-13    0.2169003757E-13    0.1000000000E+01
    1    0.6716666667E+01    0.5805696766E+00    0.1161139353E+00   -0.4036257124E+00    0.0000000000E+00    0.0000000000E+00    0.0000000000E+00    0.0000000000E+00    0.0000000000E+00    0.0000000000E+00    0.2942770022E-16    0.2943579441E-16    0.9997250222E+00
    2    0.6716666667E+01   -0.2322278706E+00    0.1161139353E+00   -0.2222012124E+00    0.0000000000E+00    0.0000000000E+00    0.0000000000E+00    0.0000000000E+00    0.0000000000E+00    0.0000000000E+00    0.5176946405E-14    0.5176946412E-14    0.9999999987E+00
    1    0.6975000000E+01    0.5805696766E+00    0.1161139353E+00   -0.4484134141E+00    0.0000000000E+00    0.0000000000E+00    0.0000000000E+00    0.0000000000E+00    0.0000000000E+00    0.0000000000E+00    0.6978412752E-15    0.6978412752E-15    0.1000000000E+01
    2    0.6975000000E+01   -0.2322278706E+00    0.1161139353E+00   -0.2736523263E+00    0.0000000000E+00    0.0000000000E+00    0.0000000000E+00    0.0000000000E+00    0.0000000000E+00    0.0000000000E+00    0.6552865434E-14    0.6552865434E-14    0.1000000000E+01
    1    0.7233333333E+01    0.5805696766E+00    0.1161139353E+00   -0.4937937743E+00    0.0000000000E+00    0.0000000000E+00    0.0000000000E+00    0.0000000000E+00    0.0000000000E+00    0.0000000000E+00    0.1449037885E-14    0.1449037885E-14    0.1000000000E+01
    2    0.7233333333E+01   -0.2322278706E+00    0.1161139353E+00   -0.3219631474E+00    0.0000000000E+00    0.0000000000E+00    0.0000000000E+00    0.0000000000E+00    0.0000000000E+00    0.0000000000E+00    0.1566548703E-14    0.1566548703E-14    0.1000000000E+01
    1    0.7491666667E+01    0.5805696766E+00    0.1161139353E+00   -0.5401833621E+00    0.0000000000E+00    0.0000000000E+00    0.0000000000E+00    0.0000000000E+00    0.0000000000E+00    0.0000000000E+00    0.5747820390E-15    0.5747820390E-15    0.1000000000E+01
    2    0.7491666667E+01   -0.2322278706E+00    0.1161139353E+00   -0.3694540708E+00    0.0000000000E+00    0.0000000000E+00    0.0000000000E+00    0.0000000000E+00    0.0000000000E+00    0.0000000000E+00    0.2513046087E-16    0.2513046089E-16    0.9999999995E+00
    1    0.7750000000E+01    0.5805696766E+00   -0.6966836119E+00   -0.1586284548E+00    0.0000000000E+00    0.0000000000E+00    0.0000000000E+00    0.0000000000E+00    0.0000000000E+00    0.0000000000E+00    0.1718481162E-11    0.1718481162E-11    0.1000000000E+01
    2    0.7750000000E+01   -0.2322278706E+00    0.1161139353E+00   -0.4177146237E+00    0.0000000000E+00    0.0000000000E+00    0.0000000000E+00    0.0000000000E+00    0.0000000000E+00    0.0000000000E+00    0.6160557180E-17    0.6160559403E-17    0.9999996391E+00
    3    0.7750000000E+01    0.5805696766E+00    0.1161139353E+00    0.5617924339E+00    0.0000000000E+00    0.0000000000E+00    0.0000000000E+00    0.0000000000E+00    0.0000000000E+00    0.0000000000E+00    0.1225689575E-13    0.1225689575E-13    0.1000000000E+01
    1    0.8008333333E+01    0.5805696766E+00   -0.6966836119E+00   -0.2990886555E+00    0.0000000000E+00    0.0000000000E+00    0.0000000000E+00    0.0000000000E+00    0.0000000000E+00    0.0000000000E+00    0.4798085380E-13    0.4798085380E-13    0.1000000000E+01
    2    0.8008333333E+01   -0.2322278706E+00    0.1161139353E+00   -0.4682029130E+00    0.0000000000E+00    0.0000000000E+00    0.0000000000E+00    0.0000000000E+00    0.0000000000E+00    0.0000000000E+00    0.2678305374E-15    0.2678305374E-15    0.1000000000E+01
    3    0.8008333333E+01    0.5805696766E+00    0.1161139353E+00    0.5127909355E+00    0.0000000000E+00    0.0000000000E+00    0.0000000000E+00    0.0000000000E+00    0.0000000000E+00    0.0000000000E+00    0.4178636815E-14    0.4178636815E-14    0.1000000000E+01
    1    0.8266666667E+01    0.5805696766E+00   -0.6966836119E+00   -0.3726101676E+00    0.0000000000E+00    0.0000000000E+00    0.0000000000E+00    0.0000000000E+00    0.0000000000E+00    0.0000000000E+00    0.3330534914E-15    0.3330534914E-15    0.1000000000E+01
    2    0.8266666667E+01   -0.2322278706E+00    0.1161139353E+00   -0.5226158479E+00    0.0000000000E+00    0.0000000000E+00    0.0000000000E+00    0.0000000000E+00    0.0000000000E+00    0.0000000000E+00    0.1125367055E-14    0.1125367055E-14    0.9999999998E+00
    3    0.8266666667E+01    0.5805696766E+00    0.1161139353E+00    0.4626553178E+00    0.0000000000E+00    0.0000000000E+00    0.0000000000E+00    0.0000000000E+00    0.0000000000E+00    0.0000000000E+00    0.1016110506E-13    0.1016110506E-13    0.1000000000E+01
    1    0.8525000000E+01   -0.2322278706E+00   -0.6966836119E+00    0.8545507632E-01    0.0000000000E+00    0.0000000000E+00    0.0000000000E+00    0.0000000000E+00    0.0000000000E+00    0.0000000000E+00    0.1951146908E-10    0.1951146911E-10    0.9999999981E+00
    2    0.8525000000E+01   -0.2322278706E+00   -0.6966836119E+00   -0.4449799638E+00    0.0000000000E+00    0.0000000000E+00    0.0000000000E+00    0.0000000000E+00    0.0000000000E+00    0.0000000000E+00    0.8250879696E-12    0.8250879714E-12    0.9999999978E+00
    3    0.8525000000E+01    0.5805696766E+00   -0.6966836119E+00   -0.4354786261E+00    0.0000000000E+00    0.0000000000E+00    0.0000000000E+00    0.0000000000E+00    0.0000000000E+00    0.0000000000E+00    0.2620814882E-14    0.2620815455E-14    0.9999997816E+00
    4    0.8525000000E+01   -0.2322278706E+00    0.1161139353E+00    0.5666101871E+00    0.0000000000E+00    0.0000000000E+00    0.0000000000E+00    0.0000000000E+00    0.0000000000E+00    0.0000000000E+00    0.1740252644E-12    0.1740252645E-12    0.9999999997E+00
    5    0.8525000000E+01    0.5805696766E+00    0.1161139353E+00    0.4116328588E+00    0.0000000000E+00    0.0000000000E+00    0.0000000000E+00    0.0000000000E+00    0.0000000000E+00    0.0000000000E+00    0.2942159638E-14    0.2942159653E-14    0.9999999949E+00
    1    0.8783333333E+01    0.5805696766E+00   -0.6966836119E+00   -0.4965851805E+00    0.0000000000E+00    0.0000000000E+00    0.0000000000E+00    0.0000000000E+00    0.0000000000E+00    0.0000000000E+00    0.2235743380E-14    0.2235743380E-14    0.1000000000E+01
    2    0.8783333333E+01   -0.2322278706E+00   -0.6966836119E+00   -0.5214407190E+00    0.0000000000E+00    0.0000000000E+00    0.0000000000E+00    0.0000000000E+00    0.0000000000E+00    0.0000000000E+00    0.4298583390E-15    0.4298583390E-15    0.1000000000E+01
    3    0.8783333333E+01   -0.2322278706E+00    0.1161139353E+00    0.4962606029E+00    0.0000000000E+00    0.0000000000E+00    0.0000000000E+00    0.0000000000E+00    0.0000000000E+00    0.0000000000E+00    0.1397381514E-13    0.1397381514E-13    0.1000000000E+01
    4    0.8783333333E+01    0.5805696766E+00    0.1161139353E+00    0.3601413718E+00    0.0000000000E+00    0.0000000000E+00    0.0000000000E+00    0.0000000000E+00    0.0000000000E+00    0.0000000000E+00    0.2320711816E-14    0.2320711816E-14    0.1000000000E+01
    1    0.9041666667E+01    0.5805696766E+00   -0.6966836119E+00   -0.5610207837E+00    0.0000000000E+00    0.0000000000E+00    0.0000000000E+00    0.0000000000E+00    0.0000000000E+00    0.0000000000E+00    0.9958574956E-15    0.9958574958E-15    0.9999999999E+00
    2    0.9041666667E+01   -0.2322278706E+00   -0.6966836119E+00    0.5613710883E+00    0.0000000000E+00    0.0000000000E+00    0.0000000000E+00    0.0000000000E+00    0.0000000000E+00    0.0000000000E+00    0.4140667388E-14    0.4140667401E-14    0.9999999969E+00
    3    0.9041666667E+01   -0.2322278706E+00    0.1161139353E+00    0.4125616646E+00    0.0000000000E+00    0.0000000000E+00    0.0000000000E+00    0.0000000000E+00    0.0000000000E+00    0.0000000000E+00    0.1089066945E-13    0.1089066945E-13    0.9999999998E+00
    4    0.9041666667E+01    0.5805696766E+00    0.1161139353E+00    0.3086073982E+00    0.0000000000E+00    0.0000000000E+00    0.0000000000E+00    0.0000000000E+00    0.0000000000E+00    0.0000000000E+00    0.1630338070E-13    0.1630338070E-13    0.1000000000E+01
    1    0.9300000000E+01    0.5805696766E+00   -0.6966836119E+00    0.5139918807E+00    0.0000000000E+00    0.0000000000E+00    0.0000000000E+00    0.0000000000E+00    0.0000000000E+00    0.0000000000E+00    0.2497614933E-15    0.2497614933E-15    0.9999999999E+00
    2    0.9300000000E+01   -0.2322278706E+00   -0.6966836119E+00    0.4946245031E+00    0.0000000000E+00    0.0000000000E+00    0.0000000000E+00    0.0000000000E+00    0.0000000000E+00    0.0000000000E+00    0.1336709516E-14    0.1336709516E-14    0.1000000000E+01
    3    0.9300000000E+01   -0.2322278706E+00    0.1161139353E+00    0.3149745375E+00    0.0000000000E+00    0.0000000000E+00    0.0000000000E+00    0.0000000000E+00    0.0000000000E+00    0.0000000000E+00    0.6434207842E-13    0.6434207843E-13    0.1000000000E+01
    4    0.9300000000E+01    0.5805696766E+00    0.1161139353E+00    0.2573416420E+00    0.0000000000E+00    0.0000000000E+00    0.0000000000E+00    0.0000000000E+00    0.0000000000E+00    0.0000000000E+00    0.1430898874E-13    0.1430898875E-13    0.9999999994E+00
    1    0.9558333333E+01    0.5805696766E+00   -0.6966836119E+00    0.4084447793E+00    0.0000000000E+00    0.0000000000E+00    0.0000000000E+00    0.0000000000E+00    0.0000000000E+00    0.0000000000E+00    0.1574864184E-14    0.1574864184E-14    0.1000000000E+01
    2    0.9558333333E+01   -0.2322278706E+00   -0.6966836119E+00    0.4208748806E+00    0.0000000000E+00    0.0000000000E+00    0.0000000000E+00    0.0000000000E+00    0.0000000000E+00    0.0000000000E+00    0.2958041120E-14    0.2958041120E-14    0.1000000000E+01
    3    0.9558333333E+01    0.5805696766E+00    0.1161139353E+00    0.2064533949E+00    0.0000000000E+00    0.0000000000E+00    0.0000000000E+00    0.0000000000E+00    0.0000000000E+00    0.0000000000E+00    0.9770875869E-15    0.9770875869E-15    0.1000000000E+01
    4    0.9558333333E+01   -0.2322278706E+00    0.1161139353E+00    0.2145835060E+00    0.0000000000E+00    0.0000000000E+00    0.0000000000E+00    0.0000000000E+00    0.0000000000E+00    0.0000000000E+00    0.4350213038E-14    0.4350213038E-14    0.1000000000E+01
    1    0.9816666667E+01   -0.2322278706E+00   -0.6966836119E+00    0.3262193314E+00    0.0000000000E+00    0.0000000000E+00    0.0000000000E+00    0.0000000000E+00    0.0000000000E+00    0.0000000000E+00    0.6256316200E-13    0.6256316200E-13    0.1000000000E+01
    2    0.9816666667E+01   -0.2322278706E+00    0.1161139353E+00    0.1201964414E+00    0.0000000000E+00    0.0000000000E+00    0.0000000000E+00    0.0000000000E+00    0.0000000000E+00    0.0000000000E+00    0.8051667681E-13    0.8051667683E-13    0.9999999998E+00
    3    0.9816666667E+01    0.5805696766E+00    0.1161139353E+00    0.1558234077E+00    0.0000000000E+00    0.0000000000E+00    0.0000000000E+00    0.0000000000E+00    0.0000000000E+00    0.0000000000E+00    0.3840707163E-14    0.3840707163E-14    0.1000000000E+01
    1    0.1007500000E+02   -0.2322278706E+00   -0.6966836119E+00    0.1246394233E+00    0.0000000000E+00    0.0000000000E+00    0.0000000000E+00    0.0000000000E+00    0.0000000000E+00    0.0000000000E+00    0.2759449703E-10    0.2759449703E-10    0.1000000000E+01
    2    0.1007500000E+02    0.5805696766E+00    0.1161139353E+00    0.1051033883E+00    0.0000000000E+00    0.0000000000E+00    0.0000000000E+00    0.0000000000E+00    0.0000000000E+00    0.0000000000E+00    0.3546825909E-14    0.3546825909E-14    0.1000000000E+01
    1    0.1033333333E+02    0.5805696766E+00    0.1161139353E+00    0.5356138513E-01    0.0000000000E+00    0.0000000000E+00    0.0000000000E+00    0.0000000000E+00    0.0000000000E+00    0.0000000000E+00    0.2890899948E-13    0.2890899948E-13    0.1000000000E+01
    1    0.1085000000E+02   -0.2322278706E+00    0.1161139353E+00   -0.1163573868E+00    0.0000000000E+00    0.0000000000E+00    0.0000000000E+00    0.0000000000E+00    0.0000000000E+00    0.0000000000E+00    0.1300077125E-12    0.1300077125E-12    0.1000000000E+01
    2    0.1085000000E+02    0.5805696766E+00    0.1161139353E+00   -0.4921577150E-01    0.0000000000E+00    0.0000000000E+00    0.0000000000E+00    0.0000000000E+00    0.0000000000E+00    0.0000000000E+00    0.5928475447E-13    0.5928475448E-13    0.9999999998E+00
    1    0.1110833333E+02   -0.2322278706E+00   -0.6966836119E+00   -0.4500161425E+00    0.0000000000E+00    0.0000000000E+00    0.0000000000E+00    0.0000000000E+00    0.0000000000E+00    0.0000000000E+00    0.2115918664E-13    0.2115918664E-13    0.1000000000E+01
    2    0.1110833333E+02    0.5805696766E+00   -0.6966836119E+00   -0.3089868968E+00    0.5805696766E+00    0.9289114825E+00   -0.3089868968E+00   -0.2028278044E+01   -0.4793029081E+01    0.2846387244E+01    0.4027813455E-12    0.4027813455E-12    0.1000000000E+01
    3    0.1110833333E+02   -0.2322278706E+00    0.1161139353E+00   -0.1898135581E+00    0.0000000000E+00    0.0000000000E+00    0.0000000000E+00    0.0000000000E+00    0.0000000000E+00    0.0000000000E+00    0.9314900359E-19    0.9314901436E-19    0.9999998843E+00
    4    0.1110833333E+02    0.5805696766E+00    0.1161139353E+00   -0.1057896026E+00    0.0000000000E+00    0.0000000000E+00    0.0000000000E+00    0.0000000000E+00    0.0000000000E+00    0.0000000000E+00    0.2248859741E-14    0.2248859741E-14    0.1000000000E+01
    1    0.1136666667E+02   -0.2322278706E+00   -0.6966836119E+00   -0.5326390538E+00    0.0000000000E+00    0.0000000000E+00    0.0000000000E+00    0.0000000000E+00    0.0000000000E+00    0.0000000000E+00    0.1361944978E-14    0.1362127722E-14    0.9998658395E+00
    2    0.1136666667E+02    0.5805696766E+00   -0.6966836119E+00   -0.4269099484E+00    0.0000000000E+00    0.0000000000E+00    0.0000000000E+00    0.0000000000E+00    0.0000000000E+00    0.0000000000E+00    0.1042082313E-13    0.1042086439E-13    0.9999960398E+00
    3    0.1136666667E+02   -0.2322278706E+00    0.1161139353E+00   -0.2605987967E+00    0.0000000000E+00    0.0000000000E+00    0.0000000000E+00    0.0000000000E+00    0.0000000000E+00    0.0000000000E+00    0.9833647397E-14    0.9833692546E-14    0.9999954087E+00
    4    0.1136666667E+02    0.5805696766E+00    0.1161139353E+00   -0.1649954133E+00    0.0000000000E+00    0.0000000000E+00    0.0000000000E+00    0.0000000000E+00    0.0000000000E+00    0.0000000000E+00    0.2338849843E-14    0.2338977595E-14    0.9999453813E+00
    1    0.1162500000E+02   -0.2322278706E+00   -0.6966836119E+00    0.5501876495E+00    0.0000000000E+00    0.0000000000E+00    0.0000000000E+00    0.0000000000E+00    0.0000000000E+00    0.0000000000E+00    0.1052767535E-14    0.1052767535E-14    0.9999999998E+00
    2    0.1162500000E+02    0.5805696766E+00   -0.6966836119E+00   -0.5072263040E+00    0.0000000000E+00    0.0000000000E+00    0.0000000000E+00    0.0000000000E+00    0.0000000000E+00    0.0000000000E+00    0.2929136347E-14    0.2929136347E-14    0.1000000000E+01
    3    0.1162500000E+02   -0.2322278706E+00    0.1161139353E+00   -0.3308572218E+00    0.0000000000E+00    0.0000000000E+00    0.0000000000E+00    0.0000000000E+00    0.0000000000E+00    0.0000000000E+00    0.1023453484E-13    0.1023453484E-13    0.1000000000E+01
    4    0.1162500000E+02    0.5805696766E+00    0.1161139353E+00   -0.2279058332E+00    0.0000000000E+00    0.0000000000E+00    0.0000000000E+00    0.0000000000E+00    0.0000000000E+00    0.0000000000E+00    0.5748184648E-14    0.5748184648E-14    0.1000000000E+01
    1    0.1188333333E+02   -0.2322278706E+00   -0.6966836119E+00    0.4896339170E+00    0.0000000000E+00    0.0000000000E+00    0.0000000000E+00    0.0000000000E+00    0.0000000000E+00    0.0000000000E+00    0.3034511748E-15    0.3034511748E-15    0.9999999999E+00
    2    0.1188333333E+02    0.5805696766E+00   -0.6966836119E+00    0.5734435966E+00    0.0000000000E+00    0.0000000000E+00    0.0000000000E+00    0.0000000000E+00    0.0000000000E+00    0.0000000000E+00    0.9468979100E-13    0.9468979100E-13    0.1000000000E+01
    3    0.1188333333E+02   -0.2322278706E+00    0.1161139353E+00   -0.4003173174E+00    0.0000000000E+00    0.0000000000E+00    0.0000000000E+00    0.0000000000E+00    0.0000000000E+00    0.0000000000E+00    0.1177946142E-14    0.1177946142E-14    0.1000000000E+01
    4    0.1188333333E+02    0.5805696766E+00    0.1161139353E+00   -0.2948359790E+00    0.0000000000E+00    0.0000000000E+00    0.0000000000E+00    0.0000000000E+00    0.0000000000E+00    0.0000000000E+00    0.1795901797E-13    0.1795901797E-13    0.1000000000E+01
    1    0.1214166667E+02    0.5805696766E+00    0.1161139353E+00   -0.3650379878E+00    0.0000000000E+00    0.0000000000E+00    0.0000000000E+00    0.0000000000E+00    0.0000000000E+00    0.0000000000E+00    0.1158208069E-14    0.1158216668E-14    0.9999925761E+00
    2    0.1214166667E+02   -0.2322278706E+00    0.1161139353E+00   -0.4683038674E+00    0.0000000000E+00    0.0000000000E+00    0.0000000000E+00    0.0000000000E+00    0.0000000000E+00    0.0000000000E+00    0.8257060443E-14    0.8257060461E-14    0.9999999977E+00
    3    0.1214166667E+02   -0.2322278706E+00   -0.6966836119E+00    0.4311874119E+00    0.0000000000E+00    0.0000000000E+00    0.0000000000E+00    0.0000000000E+00    0.0000000000E+00    0.0000000000E+00    0.3967092046E-16    0.3967092249E-16    0.9999999489E+00
    4    0.1214166667E+02    0.5805696766E+00   -0.6966836119E+00    0.5090198026E+00    0.0000000000E+00    0.0000000000E+00    0.0000000000E+00    0.0000000000E+00    0.0000000000E+00    0.0000000000E+00    0.2714141758E-16    0.2714148146E-16    0.9999976466E+00
    1    0.1240000000E+02    0.5805696766E+00    0.1161139353E+00   -0.4365579749E+00    0.0000000000E+00    0.0000000000E+00    0.0000000000E+00    0.0000000000E+00    0.0000000000E+00    0.0000000000E+00    0.3704414445E-14    0.3704414447E-14    0.9999999995E+00
    2    0.1240000000E+02   -0.2322278706E+00    0.1161139353E+00   -0.5347158287E+00    0.0000000000E+00    0.0000000000E+00    0.0000000000E+00    0.0000000000E+00    0.0000000000E+00    0.0000000000E+00    0.1724722679E-14    0.1724722679E-14    0.1000000000E+01
    3    0.1240000000E+02   -0.2322278706E+00   -0.6966836119E+00    0.3722819406E+00    0.0000000000E+00    0.0000000000E+00    0.0000000000E+00    0.0000000000E+00    0.0000000000E+00    0.0000000000E+00    0.2236913040E-17    0.2236913315E-17    0.9999998770E+00
    4    0.1240000000E+02    0.5805696766E+00   -0.6966836119E+00    0.4454331737E+00    0.0000000000E+00    0.0000000000E+00    0.0000000000E+00    0.0000000000E+00    0.0000000000E+00    0.0000000000E+00    0.7930007917E-16    0.7930007921E-16    0.9999999995E+00
    1    0.1265833333E+02    0.5805696766E+00    0.1161139353E+00   -0.5072506235E+00    0.0000000000E+00    0.0000000000E+00    0.0000000000E+00    0.0000000000E+00    0.0000000000E+00    0.0000000000E+00    0.1275052284E-15    0.1275052284E-15    0.1000000000E+01
    2    0.1265833333E+02   -0.2322278706E+00    0.1161139353E+00    0.5492848569E+00    0.0000000000E+00    0.0000000000E+00    0.0000000000E+00    0.0000000000E+00    0.0000000000E+00    0.0000000000E+00    0.1151449725E-13    0.1151449725E-13    0.1000000000E+01
    3    0.1265833333E+02   -0.2322278706E+00   -0.6966836119E+00    0.3104774061E+00   -0.2322278706E+00   -0.6966836119E+00    0.3104774061E+00    0.9852346451E+00    0.4420733877E+01   -0.2110986617E+01    0.3760865428E-15    0.3760865428E-15    0.1000000000E+01
    4    0.1265833333E+02    0.5805696766E+00   -0.6966836119E+00    0.3798542105E+00    0.0000000000E+00    0.0000000000E+00    0.0000000000E+00    0.0000000000E+00    0.0000000000E+00    0.0000000000E+00    0.1738091390E-17    0.1738091391E-17    0.9999999995E+00
    1    0.1291666667E+02    0.5805696766E+00    0.1161139353E+00    0.5746882870E+00    0.0000000000E+00    0.0000000000E+00    0.0000000000E+00    0.0000000000E+00    0.0000000000E+00    0.0000000000E+00    0.5947530056E-08    0.5947530056E-08    0.1000000000E+01
    2    0.1291666667E+02   -0.2322278706E+00    0.1161139353E+00    0.4831206136E+00    0.0000000000E+00    0.0000000000E+00    0.0000000000E+00    0.0000000000E+00    0.0000000000E+00    0.0000000000E+00    0.4729810725E-15    0.4729810727E-15    0.9999999995E+00
    3    0.1291666667E+02    0.5805696766E+00   -0.6966836119E+00    0.3087823834E+00    0.0000000000E+00    0.0000000000E+00    0.0000000000E+00    0.0000000000E+00    0.0000000000E+00    0.0000000000E+00    0.1990303870E-14    0.1990303870E-14    0.1000000000E+01
    4    0.1291666667E+02   -0.2322278706E+00   -0.6966836119E+00    0.2423772892E+00    0.0000000000E+00    0.0000000000E+00    0.0000000000E+00    0.0000000000E+00    0.0000000000E+00    0.0000000000E+00    0.2452886002E-14    0.2452886003E-14    0.9999999999E+00
    1    0.1317500000E+02    0.5805696766E+00    0.1161139353E+00    0.5055042733E+00    0.0000000000E+00    0.0000000000E+00    0.0000000000E+00    0.0000000000E+00    0.0000000000E+00    0.0000000000E+00    0.2054570690E-14    0.2054570690E-14    0.1000000000E+01
    2    0.1317500000E+02   -0.2322278706E+00    0.1161139353E+00    0.4140527244E+00    0.0000000000E+00    0.0000000000E+00    0.0000000000E+00    0.0000000000E+00    0.0000000000E+00    0.0000000000E+00    0.8779025293E-16    0.8779025297E-16    0.9999999995E+00
    3    0.1317500000E+02   -0.2322278706E+00   -0.6966836119E+00    0.1606090644E+00    0.0000000000E+00    0.0000000000E+00    0.0000000000E+00    0.0000000000E+00    0.0000000000E+00    0.0000000000E+00    0.1327790421E-13    0.1327790421E-13    0.1000000000E+01
    4    0.1317500000E+02    0.5805696766E+00   -0.6966836119E+00    0.2246514031E+00    0.0000000000E+00    0.0000000000E+00    0.0000000000E+00    0.0000000000E+00    0.0000000000E+00    0.0000000000E+00    0.6898786043E-14    0.6898786043E-14    0.1000000000E+01
    1    0.1343333333E+02   -0.2322278706E+00   -0.6966836119E+00   -0.3682723196E+00    0.0000000000E+00    0.0000000000E+00    0.0000000000E+00    0.0000000000E+00    0.0000000000E+00    0.0000000000E+00    0.3450143549E-10    0.3450143550E-10    0.9999999997E+00
    2    0.1343333333E+02    0.5805696766E+00    0.1161139353E+00    0.4368023720E+00    0.0000000000E+00    0.0000000000E+00    0.0000000000E+00    0.0000000000E+00    0.0000000000E+00    0.0000000000E+00    0.2129105639E-11    0.2129105639E-11    0.9999999999E+00
    3    0.1343333333E+02   -0.2322278706E+00    0.1161139353E+00    0.3379406435E+00    0.0000000000E+00    0.0000000000E+00    0.0000000000E+00    0.0000000000E+00    0.0000000000E+00    0.0000000000E+00    0.4908578082E-12    0.4908578083E-12    0.1000000000E+01
    4    0.1343333333E+02   -0.2322278706E+00   -0.6966836119E+00    0.9460255598E-01    0.0000000000E+00    0.0000000000E+00    0.0000000000E+00    0.0000000000E+00    0.0000000000E+00    0.0000000000E+00    0.4101982472E-10    0.4101982493E-10    0.9999999949E+00
    5    0.1343333333E+02    0.5805696766E+00    0.1161139353E+00   -0.1180643435E+00    0.0000000000E+00    0.0000000000E+00    0.0000000000E+00    0.0000000000E+00    0.0000000000E+00    0.0000000000E+00    0.7954753452E-10    0.7954753452E-10    0.1000000000E+01
    6    0.1343333333E+02   -0.2322278706E+00    0.1161139353E+00   -0.1164901311E+00    0.0000000000E+00    0.0000000000E+00    0.0000000000E+00    0.0000000000E+00    0.0000000000E+00    0.0000000000E+00    0.6199130398E-10    0.6199130398E-10    0.1000000000E+01
    1    0.1369166667E+02   -0.2322278706E+00    0.1161139353E+00    0.2434913723E+00    0.0000000000E+00    0.0000000000E+00    0.0000000000E+00    0.0000000000E+00    0.0000000000E+00    0.0000000000E+00    0.1164995253E-12    0.1164995253E-12    0.1000000000E+01
    2    0.1369166667E+02    0.5805696766E+00    0.1161139353E+00    0.3637570235E+00    0.0000000000E+00    0.0000000000E+00    0.0000000000E+00    0.0000000000E+00    0.0000000000E+00    0.0000000000E+00    0.5477088605E-12    0.5477088605E-12    0.1000000000E+01
    3    0.1369166667E+02   -0.2322278706E+00   -0.6966836119E+00    0.4697086277E+00    0.0000000000E+00    0.0000000000E+00    0.0000000000E+00    0.0000000000E+00    0.0000000000E+00    0.0000000000E+00    0.2618699205E-10    0.2618699205E-10    0.1000000000E+01
    4    0.1369166667E+02    0.5805696766E+00   -0.6966836119E+00   -0.5055422147E+00    0.0000000000E+00    0.0000000000E+00    0.0000000000E+00    0.0000000000E+00    0.0000000000E+00    0.0000000000E+00    0.1543220666E-10    0.1543220666E-10    0.1000000000E+01
    5    0.1369166667E+02    0.5805696766E+00   -0.6966836119E+00    0.5518346365E-01    0.0000000000E+00    0.0000000000E+00    0.0000000000E+00    0.0000000000E+00    0.0000000000E+00    0.0000000000E+00    0.1339023630E-08    0.1339023630E-08    0.1000000000E+01
    6    0.1369166667E+02   -0.2322278706E+00    0.1161139353E+00   -0.3787188093E+00    0.0000000000E+00    0.0000000000E+00    0.0000000000E+00    0.0000000000E+00    0.0000000000E+00    0.0000000000E+00    0.1186906369E-12    0.1186906369E-12    0.9999999997E+00
    7    0.1369166667E+02    0.5805696766E+00    0.1161139353E+00   -0.3818249033E+00    0.0000000000E+00    0.0000000000E+00    0.0000000000E+00    0.0000000000E+00    0.0000000000E+00    0.0000000000E+00    0.1430375113E-11    0.1430375113E-11    0.1000000000E+01
    8    0.1369166667E+02   -0.2322278706E+00   -0.6966836119E+00   -0.2900725724E+00    0.0000000000E+00    0.0000000000E+00    0.0000000000E+00    0.0000000000E+00    0.0000000000E+00    0.0000000000E+00    0.2816544622E-10    0.2816544622E-10    0.1000000000E+01
    9    0.1369166667E+02    0.5805696766E+00   -0.6966836119E+00   -0.9154680998E-01    0.0000000000E+00    0.0000000000E+00    0.0000000000E+00    0.0000000000E+00    0.0000000000E+00    0.0000000000E+00    0.2243055076E-09    0.2243055076E-09    0.1000000000E+01
   10    0.1369166667E+02    0.5805696766E+00    0.1161139353E+00   -0.2320524600E+00    0.0000000000E+00    0.0000000000E+00    0.0000000000E+00    0.0000000000E+00    0.0000000000E+00    0.0000000000E+00    0.2911528836E-11    0.2911528836E-11    0.1000000000E+01
   11    0.1369166667E+02   -0.2322278706E+00   -0.6966836119E+00   -0.1573314539E+00    0.0000000000E+00    0.0000000000E+00    0.0000000000E+00    0.0000000000E+00    0.0000000000E+00    0.0000000000E+00    0.9499884533E-12    0.9499884533E-12    0.9999999999E+00
   12    0.1369166667E+02    0.5805696766E+00   -0.6966836119E+00   -0.1816422012E+00    0.0000000000E+00    0.0000000000E+00    0.0000000000E+00    0.0000000000E+00    0.0000000000E+00    0.0000000000E+00    0.1177469748E-09    0.1177469748E-09    0.1000000000E+01
    1    0.1395000000E+02    0.5805696766E+00    0.1161139353E+00    0.2780229018E+00    0.0000000000E+00    0.0000000000E+00    0.0000000000E+00    0.0000000000E+00    0.0000000000E+00    0.0000000000E+00    0.7297318047E-12    0.7297318047E-12    0.1000000000E+01
    2    0.1395000000E+02   -0.2322278706E+00    0.1161139353E+00    0.5561480047E+00    0.0000000000E+00    0.0000000000E+00    0.0000000000E+00    0.0000000000E+00    0.0000000000E+00    0.0000000000E+00    0.7515530775E-11    0.7515530775E-11    0.1000000000E+01
    3    0.1395000000E+02    0.5805696766E+00    0.1161139353E+00   -0.5654568807E+00    0.0000000000E+00    0.0000000000E+00    0.0000000000E+00    0.0000000000E+00    0.0000000000E+00    0.0000000000E+00    0.6883917078E-11    0.6883917078E-11    0.1000000000E+01
    4    0.1395000000E+02   -0.2322278706E+00   -0.6966836119E+00   -0.4759634510E+00    0.0000000000E+00    0.0000000000E+00    0.0000000000E+00    0.0000000000E+00    0.0000000000E+00    0.0000000000E+00    0.2473309161E-10    0.2473309161E-10    0.1000000000E+01
    5    0.1395000000E+02    0.5805696766E+00    0.1161139353E+00   -0.4597010523E+00    0.0000000000E+00    0.0000000000E+00    0.0000000000E+00    0.0000000000E+00    0.0000000000E+00    0.0000000000E+00    0.4375200420E-12    0.4375200420E-12    0.1000000000E+01
    6    0.1395000000E+02    0.5805696766E+00   -0.6966836119E+00   -0.3461602678E+00    0.0000000000E+00    0.0000000000E+00    0.0000000000E+00    0.0000000000E+00    0.0000000000E+00    0.0000000000E+00    0.6436180510E-13    0.6436180510E-13    0.1000000000E+01
    7    0.1395000000E+02   -0.2322278706E+00    0.1161139353E+00   -0.3777127389E+00    0.0000000000E+00    0.0000000000E+00    0.0000000000E+00    0.0000000000E+00    0.0000000000E+00    0.0000000000E+00    0.4367683120E-12    0.4367683120E-12    0.1000000000E+01
    8    0.1395000000E+02   -0.2322278706E+00   -0.6966836119E+00   -0.3925104657E+00   -0.2322278706E+00   -0.6966836119E+00   -0.3925104657E+00    0.1537261480E+01    0.5227291976E+00   -0.8208582670E+00    0.1963432365E-10    0.1963432365E-10    0.1000000000E+01
    1    0.1420833333E+02   -0.2322278706E+00    0.1161139353E+00    0.3252043470E+00    0.0000000000E+00    0.0000000000E+00    0.0000000000E+00    0.0000000000E+00    0.0000000000E+00    0.0000000000E+00    0.1428521980E-11    0.1428521980E-11    0.1000000000E+01
    2    0.1420833333E+02    0.5805696766E+00    0.1161139353E+00    0.3592815675E+00    0.5805696766E+00    0.1161139353E+00    0.3592815675E+00   -0.3504183184E+00   -0.4421171527E+00   -0.3166927936E+00    0.7146540088E-11    0.7146540088E-11    0.1000000000E+01
    3    0.1420833333E+02    0.5805696766E+00    0.1161139353E+00    0.3992543487E+00    0.0000000000E+00    0.0000000000E+00    0.0000000000E+00    0.0000000000E+00    0.0000000000E+00    0.0000000000E+00    0.3019234026E-13    0.3019234026E-13    0.1000000000E+01
    1    0.1446666667E+02    0.5805696766E+00    0.1161139353E+00    0.1814378607E+00    0.0000000000E+00    0.0000000000E+00    0.0000000000E+00    0.0000000000E+00    0.0000000000E+00    0.0000000000E+00    0.1410834744E-12    0.1410834744E-12    0.1000000000E+01
