    1    0.1550000000E+01    0.4644557413E+00   -0.1161139353E+00   -0.7228068099E-01    0.0000000000E+00    0.0000000000E+00    0.0000000000E+00    0.0000000000E+00    0.0000000000E+00    0.0000000000E+00    0.1043185864E-12    0.1043185864E-12    0.1000000000E+01
    1    0.1808333333E+01    0.4644557413E+00   -0.1161139353E+00    0.1113457446E+00    0.0000000000E+00    0.0000000000E+00    0.0000000000E+00    0.0000000000E+00    0.0000000000E+00    0.0000000000E+00    0.8813200581E-12    0.8813200581E-12    0.1000000000E+01
    2    0.1808333333E+01    0.4644557413E+00   -0.1161139353E+00   -0.2006512950E+00    0.0000000000E+00    0.0000000000E+00    0.0000000000E+00    0.0000000000E+00    0.0000000000E+00    0.0000000000E+00    0.8261282523E-12    0.8261282523E-12    0.1000000000E+01
    3    0.1808333333E+01    0.4644557413E+00   -0.1161139353E+00   -0.1394387511E+00    0.0000000000E+00    0.0000000000E+00    0.0000000000E+00    0.0000000000E+00    0.0000000000E+00    0.0000000000E+00    0.2771347075E-13    0.2771347075E-13    0.1000000000E+01
    1    0.2066666667E+01    0.4644557413E+00   -0.1161139353E+00   -0.2885979022E+00    0.0000000000E+00    0.0000000000E+00    0.0000000000E+00    0.0000000000E+00    0.0000000000E+00    0.0000000000E+00    0.5965766033E-15    0.5965766033E-15    0.1000000000E+01
    2    0.2066666667E+01    0.4644557413E+00   -0.1161139353E+00   -0.1906457200E+00    0.0000000000E+00    0.0000000000E+00    0.0000000000E+00    0.0000000000E+00    0.0000000000E+00    0.0000000000E+00    0.2950001574E-15    0.2950001574E-15    0.1000000000E+01
    1    0.2325000000E+01    0.4644557413E+00   -0.1161139353E+00   -0.3441762071E+00    0.0000000000E+00    0.0000000000E+00    0.0000000000E+00    0.0000000000E+00    0.0000000000E+00    0.0000000000E+00    0.7023046368E-15    0.7023046368E-15    0.1000000000E+01
    2    0.2325000000E+01    0.4644557413E+00   -0.1161139353E+00   -0.2359017925E+00    0.0000000000E+00    0.0000000000E+00    0.0000000000E+00    0.0000000000E+00    0.0000000000E+00    0.0000000000E+00    0.2307598858E-14    0.2307598858E-14    0.1000000000E+01
    1    0.2583333333E+01    0.4644557413E+00   -0.1161139353E+00   -0.3931438959E+00    0.0000000000E+00    0.0000000000E+00    0.0000000000E+00    0.0000000000E+00    0.0000000000E+00    0.0000000000E+00    0.2778932931E-15    0.2778932931E-15    0.1000000000E+01
    2    0.2583333333E+01    0.4644557413E+00   -0.1161139353E+00   -0.2787146341E+00    0.0000000000E+00    0.0000000000E+00    0.0000000000E+00    0.0000000000E+00    0.0000000000E+00    0.0000000000E+00    0.3281461772E-14    0.3281461772E-14    0.1000000000E+01
    1    0.2841666667E+01    0.4644557413E+00   -0.1161139353E+00   -0.4402790376E+00    0.0000000000E+00    0.0000000000E+00    0.0000000000E+00    0.0000000000E+00    0.0000000000E+00    0.0000000000E+00    0.6391671207E-15    0.6391671207E-15    0.1000000000E+01
    2    0.2841666667E+01    0.4644557413E+00   -0.1161139353E+00   -0.3205304149E+00    0.0000000000E+00    0.0000000000E+00    0.0000000000E+00    0.0000000000E+00    0.0000000000E+00    0.0000000000E+00    0.1978376274E-14    0.1978376274E-14    0.1000000000E+01
    1    0.3100000000E+01    0.4644557413E+00    0.6966836119E+00    0.1717146758E+00    0.0000000000E+00    0.0000000000E+00    0.0000000000E+00    0.0000000000E+00    0.0000000000E+00    0.0000000000E+00    0.1157356025E-11    0.1157356025E-11    0.1000000000E+01
    2    0.3100000000E+01    0.4644557413E+00   -0.1161139353E+00   -0.4880097633E+00    0.0000000000E+00    0.0000000000E+00    0.0000000000E+00    0.0000000000E+00    0.0000000000E+00    0.0000000000E+00    0.2056241700E-14    0.2056241700E-14    0.1000000000E+01
    3    0.3100000000E+01    0.4644557413E+00    0.6966836119E+00   -0.3771886422E+00    0.0000000000E+00    0.0000000000E+00    0.0000000000E+00    0.0000000000E+00    0.0000000000E+00    0.0000000000E+00    0.1131358446E-11    0.1131358446E-11    0.1000000000E+01
    4    0.3100000000E+01    0.4644557413E+00   -0.1161139353E+00   -0.3622858073E+00    0.0000000000E+00    0.0000000000E+00    0.0000000000E+00    0.0000000000E+00    0.0000000000E+00    0.0000000000E+00    0.4098187506E-15    0.4098187506E-15    0.9999999999E+00
    1    0.3358333333E+01    0.4644557413E+00   -0.1161139353E+00   -0.5307808898E-01    0.0000000000E+00    0.0000000000E+00    0.0000000000E+00    0.0000000000E+00    0.0000000000E+00    0.0000000000E+00    0.2397423406E-12    0.2397423406E-12    0.1000000000E+01
    2    0.3358333333E+01    0.4644557413E+00    0.6966836119E+00    0.3711381371E+00    0.0000000000E+00    0.0000000000E+00    0.0000000000E+00    0.0000000000E+00    0.0000000000E+00    0.0000000000E+00    0.2808395673E-11    0.2808395673E-11    0.1000000000E+01
    3    0.3358333333E+01    0.4644557413E+00   -0.1161139353E+00   -0.4047771377E+00    0.0000000000E+00    0.0000000000E+00    0.0000000000E+00    0.0000000000E+00    0.0000000000E+00    0.0000000000E+00    0.2277769409E-14    0.2277769409E-14    0.1000000000E+01
    4    0.3358333333E+01    0.4644557413E+00    0.6966836119E+00   -0.4437741417E+00    0.0000000000E+00    0.0000000000E+00    0.0000000000E+00    0.0000000000E+00    0.0000000000E+00    0.0000000000E+00    0.2699039225E-11    0.2699039225E-11    0.1000000000E+01
    5    0.3358333333E+01    0.4644557413E+00    0.6966836119E+00    0.5610616899E+00    0.0000000000E+00    0.0000000000E+00    0.0000000000E+00    0.0000000000E+00    0.0000000000E+00    0.0000000000E+00    0.4845837584E-12    0.4845837584E-12    0.1000000000E+01
    6    0.3358333333E+01    0.4644557413E+00   -0.1161139353E+00   -0.5385773204E+00    0.0000000000E+00    0.0000000000E+00    0.0000000000E+00    0.0000000000E+00    0.0000000000E+00    0.0000000000E+00    0.4714112066E-13    0.4714112066E-13    0.1000000000E+01
    1    0.3616666667E+01    0.4644557413E+00   -0.1161139353E+00   -0.1060605828E+00    0.0000000000E+00    0.0000000000E+00    0.0000000000E+00    0.0000000000E+00    0.0000000000E+00    0.0000000000E+00    0.3002700119E-13    0.3002700150E-13    0.9999999898E+00
    2    0.3616666667E+01   -0.3483418059E+00   -0.1161139353E+00    0.2303996881E+00    0.0000000000E+00    0.0000000000E+00    0.0000000000E+00    0.0000000000E+00    0.0000000000E+00    0.0000000000E+00    0.3583297804E-12    0.3583297832E-12    0.9999999921E+00
    3    0.3616666667E+01    0.4644557413E+00    0.6966836119E+00    0.2607972821E+00    0.0000000000E+00    0.0000000000E+00    0.0000000000E+00    0.0000000000E+00    0.0000000000E+00    0.0000000000E+00    0.1320252565E-13    0.1320252567E-13    0.9999999982E+00
    4    0.3616666667E+01    0.4644557413E+00    0.6966836119E+00    0.4434588201E+00    0.0000000000E+00    0.0000000000E+00    0.0000000000E+00    0.0000000000E+00    0.0000000000E+00    0.0000000000E+00    0.1619917178E-13    0.1619917178E-13    0.9999999996E+00
    5    0.3616666667E+01    0.4644557413E+00   -0.1161139353E+00   -0.4488645005E+00    0.0000000000E+00    0.0000000000E+00    0.0000000000E+00    0.0000000000E+00    0.0000000000E+00    0.0000000000E+00    0.4544667935E-14    0.4544667944E-14    0.9999999980E+00
    6    0.3616666667E+01   -0.3483418059E+00   -0.1161139353E+00   -0.4994638986E+00    0.0000000000E+00    0.0000000000E+00    0.0000000000E+00    0.0000000000E+00    0.0000000000E+00    0.0000000000E+00    0.1314198679E-10    0.1314198679E-10    0.1000000000E+01
    7    0.3616666667E+01    0.4644557413E+00    0.6966836119E+00   -0.5252555854E+00    0.0000000000E+00    0.0000000000E+00    0.0000000000E+00    0.0000000000E+00    0.0000000000E+00    0.0000000000E+00    0.1379378137E-13    0.1379378141E-13    0.9999999966E+00
    8    0.3616666667E+01    0.4644557413E+00   -0.1161139353E+00    0.5574001440E+00    0.0000000000E+00    0.0000000000E+00    0.0000000000E+00    0.0000000000E+00    0.0000000000E+00    0.0000000000E+00    0.5565199649E-13    0.5565199658E-13    0.9999999983E+00
    1    0.3875000000E+01    0.4644557413E+00   -0.1161139353E+00   -0.1468818117E+00    0.0000000000E+00    0.0000000000E+00    0.0000000000E+00    0.0000000000E+00    0.0000000000E+00    0.0000000000E+00    0.2126078522E-14    0.2126078527E-14    0.9999999973E+00
    2    0.3875000000E+01   -0.3483418059E+00   -0.1161139353E+00    0.1292993438E+00    0.0000000000E+00    0.0000000000E+00    0.0000000000E+00    0.0000000000E+00    0.0000000000E+00    0.0000000000E+00    0.6898335551E-13    0.6898335552E-13    0.9999999999E+00
    3    0.3875000000E+01    0.4644557413E+00    0.6966836119E+00    0.1947841734E+00    0.0000000000E+00    0.0000000000E+00    0.0000000000E+00    0.0000000000E+00    0.0000000000E+00    0.0000000000E+00    0.1216586304E-13    0.1216586305E-13    0.9999999999E+00
    4    0.3875000000E+01    0.4644557413E+00    0.6966836119E+00    0.5701052554E+00    0.0000000000E+00    0.0000000000E+00    0.0000000000E+00    0.0000000000E+00    0.0000000000E+00    0.0000000000E+00    0.1739173266E-12    0.1739173266E-12    0.9999999999E+00
    5    0.3875000000E+01   -0.3483418059E+00   -0.1161139353E+00    0.3583347896E+00    0.0000000000E+00    0.0000000000E+00    0.0000000000E+00    0.0000000000E+00    0.0000000000E+00    0.0000000000E+00    0.5573842139E-14    0.5573842295E-14    0.9999999719E+00
    6    0.3875000000E+01    0.4644557413E+00    0.6966836119E+00    0.3491239842E+00    0.0000000000E+00    0.0000000000E+00    0.0000000000E+00    0.0000000000E+00    0.0000000000E+00    0.0000000000E+00    0.1392787471E-13    0.1392787474E-13    0.9999999977E+00
    1    0.4133333333E+01    0.4644557413E+00   -0.1161139353E+00   -0.1838116922E+00    0.0000000000E+00    0.0000000000E+00    0.0000000000E+00    0.0000000000E+00    0.0000000000E+00    0.0000000000E+00    0.1378838512E-14    0.1387700655E-14    0.9936137931E+00
    2    0.4133333333E+01    0.4644557413E+00    0.6966836119E+00    0.1377994479E+00    0.0000000000E+00    0.0000000000E+00    0.0000000000E+00    0.0000000000E+00    0.0000000000E+00    0.0000000000E+00    0.2334723810E-13    0.2334969607E-13    0.9998947322E+00
    3    0.4133333333E+01   -0.3483418059E+00   -0.1161139353E+00    0.2758051364E+00    0.0000000000E+00    0.0000000000E+00    0.0000000000E+00    0.0000000000E+00    0.0000000000E+00    0.0000000000E+00    0.8233335146E-14    0.8233335999E-14    0.9999998964E+00
    4    0.4133333333E+01    0.4644557413E+00    0.6966836119E+00    0.2537245426E+00    0.0000000000E+00    0.0000000000E+00    0.0000000000E+00    0.0000000000E+00    0.0000000000E+00    0.0000000000E+00    0.3352746256E-13    0.3356042178E-13    0.9990179142E+00
    5    0.4133333333E+01    0.4644557413E+00   -0.1161139353E+00    0.4061089958E+00    0.0000000000E+00    0.0000000000E+00    0.0000000000E+00    0.0000000000E+00    0.0000000000E+00    0.0000000000E+00    0.1006654032E-14    0.1179604201E-14    0.8533828815E+00
    6    0.4133333333E+01    0.4644557413E+00   -0.1161139353E+00   -0.5465311528E+00    0.0000000000E+00    0.0000000000E+00    0.0000000000E+00    0.0000000000E+00    0.0000000000E+00    0.0000000000E+00    0.3015550982E-14    0.3027264692E-14    0.9961305958E+00
    7    0.4133333333E+01    0.4644557413E+00    0.6966836119E+00    0.5200115420E+00    0.0000000000E+00    0.0000000000E+00    0.0000000000E+00    0.0000000000E+00    0.0000000000E+00    0.0000000000E+00    0.6162151191E-14    0.6176325140E-14    0.9977051161E+00
    1    0.4391666667E+01   -0.3483418059E+00   -0.1161139353E+00    0.5431769795E+00    0.0000000000E+00    0.0000000000E+00    0.0000000000E+00    0.0000000000E+00    0.0000000000E+00    0.0000000000E+00    0.1220317435E-12    0.1220317435E-12    0.1000000000E+01
    2    0.4391666667E+01    0.4644557413E+00   -0.1161139353E+00    0.5447817110E+00    0.0000000000E+00    0.0000000000E+00    0.0000000000E+00    0.0000000000E+00    0.0000000000E+00    0.0000000000E+00    0.1272988859E-13    0.1272988859E-13    0.1000000000E+01
    3    0.4391666667E+01    0.4644557413E+00    0.6966836119E+00    0.4736467914E+00    0.0000000000E+00    0.0000000000E+00    0.0000000000E+00    0.0000000000E+00    0.0000000000E+00    0.0000000000E+00    0.5530469829E-13    0.5530469829E-13    0.1000000000E+01
    4    0.4391666667E+01   -0.3483418059E+00   -0.1161139353E+00    0.3960177278E+00    0.0000000000E+00    0.0000000000E+00    0.0000000000E+00    0.0000000000E+00    0.0000000000E+00    0.0000000000E+00    0.2172330656E-12    0.2172330656E-12    0.1000000000E+01
    5    0.4391666667E+01    0.4644557413E+00   -0.1161139353E+00   -0.2189265301E+00    0.0000000000E+00    0.0000000000E+00    0.0000000000E+00    0.0000000000E+00    0.0000000000E+00    0.0000000000E+00    0.3170356110E-13    0.3170356111E-13    0.9999999998E+00
    6    0.4391666667E+01   -0.3483418059E+00    0.6966836119E+00   -0.1975310465E+00    0.0000000000E+00    0.0000000000E+00    0.0000000000E+00    0.0000000000E+00    0.0000000000E+00    0.0000000000E+00    0.7782979437E-12    0.7782979437E-12    0.1000000000E+01
    7    0.4391666667E+01   -0.3483418059E+00    0.6966836119E+00   -0.2022020322E-01    0.0000000000E+00    0.0000000000E+00    0.0000000000E+00    0.0000000000E+00    0.0000000000E+00    0.0000000000E+00    0.1060821913E-11    0.1060821913E-11    0.1000000000E+01
    8    0.4391666667E+01    0.4644557413E+00    0.6966836119E+00    0.7713614854E-01    0.0000000000E+00    0.0000000000E+00    0.0000000000E+00    0.0000000000E+00    0.0000000000E+00    0.0000000000E+00    0.2863743190E-12    0.2863743190E-12    0.1000000000E+01
    9    0.4391666667E+01    0.4644557413E+00    0.6966836119E+00    0.1299509879E+00    0.0000000000E+00    0.0000000000E+00    0.0000000000E+00    0.0000000000E+00    0.0000000000E+00    0.0000000000E+00    0.5930280687E-12    0.5930280687E-12    0.1000000000E+01
   10    0.4391666667E+01   -0.3483418059E+00   -0.1161139353E+00    0.2035827661E+00    0.0000000000E+00    0.0000000000E+00    0.0000000000E+00    0.0000000000E+00    0.0000000000E+00    0.0000000000E+00    0.9482056515E-13    0.9482056515E-13    0.1000000000E+01
   11    0.4391666667E+01    0.4644557413E+00   -0.1161139353E+00    0.2574197587E+00    0.0000000000E+00    0.0000000000E+00    0.0000000000E+00    0.0000000000E+00    0.0000000000E+00    0.0000000000E+00    0.2206044235E-12    0.2206044235E-12    0.1000000000E+01
    1    0.4650000000E+01   -0.3483418059E+00    0.6966836119E+00   -0.4030749108E+00    0.0000000000E+00    0.0000000000E+00    0.0000000000E+00    0.0000000000E+00    0.0000000000E+00    0.0000000000E+00    0.6481493456E-13    0.6481493456E-13    0.1000000000E+01
    2    0.4650000000E+01   -0.3483418059E+00    0.6966836119E+00   -0.2902669525E+00    0.0000000000E+00    0.0000000000E+00    0.0000000000E+00    0.0000000000E+00    0.0000000000E+00    0.0000000000E+00    0.2788868465E-13    0.2788868465E-13    0.1000000000E+01
    3    0.4650000000E+01    0.4644557413E+00   -0.1161139353E+00   -0.2528712864E+00    0.0000000000E+00    0.0000000000E+00    0.0000000000E+00    0.0000000000E+00    0.0000000000E+00    0.0000000000E+00    0.1446665390E-13    0.1446665390E-13    0.1000000000E+01
    4    0.4650000000E+01   -0.3483418059E+00   -0.1161139353E+00    0.3077439920E+00    0.0000000000E+00    0.0000000000E+00    0.0000000000E+00    0.0000000000E+00    0.0000000000E+00    0.0000000000E+00    0.1979934315E-13    0.1979934315E-13    0.9999999999E+00
    5    0.4650000000E+01    0.4644557413E+00    0.6966836119E+00    0.4283986513E+00    0.0000000000E+00    0.0000000000E+00    0.0000000000E+00    0.0000000000E+00    0.0000000000E+00    0.0000000000E+00    0.3753715940E-15    0.3753715940E-15    0.9999999998E+00
    6    0.4650000000E+01    0.4644557413E+00   -0.1161139353E+00    0.4734976669E+00    0.0000000000E+00    0.0000000000E+00    0.0000000000E+00    0.0000000000E+00    0.0000000000E+00    0.0000000000E+00    0.2526486022E-13    0.2526486022E-13    0.1000000000E+01
    7    0.4650000000E+01   -0.3483418059E+00   -0.1161139353E+00    0.4726049661E+00    0.0000000000E+00    0.0000000000E+00    0.0000000000E+00    0.0000000000E+00    0.0000000000E+00    0.0000000000E+00    0.9027982333E-13    0.9027982333E-13    0.1000000000E+01
    8    0.4650000000E+01   -0.3483418059E+00    0.6966836119E+00   -0.1119165733E+00    0.0000000000E+00    0.0000000000E+00    0.0000000000E+00    0.0000000000E+00    0.0000000000E+00    0.0000000000E+00    0.6975569063E-13    0.6975569063E-13    0.1000000000E+01
    9    0.4650000000E+01   -0.3483418059E+00   -0.1161139353E+00    0.1251613358E+00    0.0000000000E+00    0.0000000000E+00    0.0000000000E+00    0.0000000000E+00    0.0000000000E+00    0.0000000000E+00    0.1594738532E-12    0.1594738532E-12    0.1000000000E+01
   10    0.4650000000E+01   -0.3483418059E+00    0.6966836119E+00    0.7152132278E-01    0.0000000000E+00    0.0000000000E+00    0.0000000000E+00    0.0000000000E+00    0.0000000000E+00    0.0000000000E+00    0.1025157020E-12    0.1025157020E-12    0.1000000000E+01
    1    0.4908333333E+01   -0.3483418059E+00    0.6966836119E+00   -0.4894618739E+00    0.0000000000E+00    0.0000000000E+00    0.0000000000E+00    0.0000000000E+00    0.0000000000E+00    0.0000000000E+00    0.1124889942E-12    0.1124889942E-12    0.1000000000E+01
    2    0.4908333333E+01   -0.3483418059E+00   -0.1161139353E+00    0.2002081671E+00    0.0000000000E+00    0.0000000000E+00    0.0000000000E+00    0.0000000000E+00    0.0000000000E+00    0.0000000000E+00    0.1027335412E-14    0.1027335412E-14    0.9999999999E+00
    3    0.4908333333E+01   -0.3483418059E+00   -0.1161139353E+00    0.4081938128E+00    0.0000000000E+00    0.0000000000E+00    0.0000000000E+00    0.0000000000E+00    0.0000000000E+00    0.0000000000E+00    0.1242624928E-14    0.1242624928E-14    0.1000000000E+01
    4    0.4908333333E+01    0.4644557413E+00   -0.1161139353E+00    0.3703552239E+00    0.0000000000E+00    0.0000000000E+00    0.0000000000E+00    0.0000000000E+00    0.0000000000E+00    0.0000000000E+00    0.1507798687E-13    0.1507798687E-13    0.1000000000E+01
    5    0.4908333333E+01    0.4644557413E+00    0.6966836119E+00    0.3830955325E+00    0.0000000000E+00    0.0000000000E+00    0.0000000000E+00    0.0000000000E+00    0.0000000000E+00    0.0000000000E+00    0.1483941708E-20    0.1484231069E-20    0.9998050434E+00
    6    0.4908333333E+01   -0.3483418059E+00    0.6966836119E+00   -0.3645040925E+00    0.0000000000E+00    0.0000000000E+00    0.0000000000E+00    0.0000000000E+00    0.0000000000E+00    0.0000000000E+00    0.7620511114E-13    0.7620511114E-13    0.1000000000E+01
    7    0.4908333333E+01    0.4644557413E+00   -0.1161139353E+00   -0.2863311348E+00    0.0000000000E+00    0.0000000000E+00    0.0000000000E+00    0.0000000000E+00    0.0000000000E+00    0.0000000000E+00    0.1066988778E-13    0.1066988778E-13    0.9999999998E+00
    8    0.4908333333E+01   -0.3483418059E+00    0.6966836119E+00   -0.1810062281E+00    0.0000000000E+00    0.0000000000E+00    0.0000000000E+00    0.0000000000E+00    0.0000000000E+00    0.0000000000E+00    0.8849680213E-13    0.8849680213E-13    0.1000000000E+01
    9    0.4908333333E+01   -0.3483418059E+00    0.6966836119E+00   -0.6318274246E-02    0.0000000000E+00    0.0000000000E+00    0.0000000000E+00    0.0000000000E+00    0.0000000000E+00    0.0000000000E+00    0.1928445220E-11    0.1928445220E-11    0.1000000000E+01
    1    0.5166666667E+01   -0.3483418059E+00    0.6966836119E+00   -0.4462918526E+00    0.0000000000E+00    0.0000000000E+00    0.0000000000E+00    0.0000000000E+00    0.0000000000E+00    0.0000000000E+00    0.3032122809E-13    0.3032122809E-13    0.1000000000E+01
    2    0.5166666667E+01   -0.3483418059E+00   -0.1161139353E+00    0.3420167376E+00    0.0000000000E+00    0.0000000000E+00    0.0000000000E+00    0.0000000000E+00    0.0000000000E+00    0.0000000000E+00    0.3783575207E-15    0.3783575207E-15    0.1000000000E+01
    3    0.5166666667E+01    0.4644557413E+00    0.6966836119E+00    0.3366594453E+00    0.0000000000E+00    0.0000000000E+00    0.0000000000E+00    0.0000000000E+00    0.0000000000E+00    0.0000000000E+00    0.1551783702E-14    0.1551783702E-14    0.1000000000E+01
    4    0.5166666667E+01    0.4644557413E+00   -0.1161139353E+00   -0.3194389231E+00    0.0000000000E+00    0.0000000000E+00    0.0000000000E+00    0.0000000000E+00    0.0000000000E+00    0.0000000000E+00    0.1768413728E-15    0.1768413728E-15    0.9999999998E+00
    5    0.5166666667E+01   -0.3483418059E+00    0.6966836119E+00   -0.2455746607E+00    0.0000000000E+00    0.0000000000E+00    0.0000000000E+00    0.0000000000E+00    0.0000000000E+00    0.0000000000E+00    0.1235664200E-13    0.1235664200E-13    0.1000000000E+01
    6    0.5166666667E+01   -0.3483418059E+00    0.6966836119E+00   -0.7885450448E-01    0.0000000000E+00    0.0000000000E+00    0.0000000000E+00    0.0000000000E+00    0.0000000000E+00    0.0000000000E+00    0.1838377438E-13    0.1838377438E-13    0.1000000000E+01
    1    0.5425000000E+01   -0.3483418059E+00   -0.1161139353E+00    0.2672354492E+00    0.0000000000E+00    0.0000000000E+00    0.0000000000E+00    0.0000000000E+00    0.0000000000E+00    0.0000000000E+00    0.4802218425E-15    0.4802218425E-15    0.1000000000E+01
    2    0.5425000000E+01    0.4644557413E+00    0.6966836119E+00    0.2877510391E+00    0.0000000000E+00    0.0000000000E+00    0.0000000000E+00    0.0000000000E+00    0.0000000000E+00    0.0000000000E+00    0.8195915579E-14    0.8195915579E-14    0.1000000000E+01
    3    0.5425000000E+01   -0.3483418059E+00    0.6966836119E+00   -0.1434253246E+00    0.0000000000E+00    0.0000000000E+00    0.0000000000E+00    0.0000000000E+00    0.0000000000E+00    0.0000000000E+00    0.1660087499E-14    0.1660087499E-14    0.1000000000E+01
    4    0.5425000000E+01    0.4644557413E+00   -0.1161139353E+00   -0.3524200033E+00    0.0000000000E+00    0.0000000000E+00    0.0000000000E+00    0.0000000000E+00    0.0000000000E+00    0.0000000000E+00    0.9232353861E-16    0.9232353862E-16    0.1000000000E+01
    5    0.5425000000E+01   -0.3483418059E+00    0.6966836119E+00   -0.3161738463E+00    0.0000000000E+00    0.0000000000E+00    0.0000000000E+00    0.0000000000E+00    0.0000000000E+00    0.0000000000E+00    0.1718260316E-14    0.1718260317E-14    0.9999999991E+00
    1    0.5683333333E+01   -0.3483418059E+00   -0.1161139353E+00    0.1644066848E+00    0.0000000000E+00    0.0000000000E+00    0.0000000000E+00    0.0000000000E+00    0.0000000000E+00    0.0000000000E+00    0.3164964284E-13    0.3164964284E-13    0.1000000000E+01
    2    0.5683333333E+01    0.4644557413E+00    0.6966836119E+00    0.2341744273E+00    0.0000000000E+00    0.0000000000E+00    0.0000000000E+00    0.0000000000E+00    0.0000000000E+00    0.0000000000E+00    0.1037794165E-13    0.1037794165E-13    0.1000000000E+01
    3    0.5683333333E+01   -0.3483418059E+00    0.6966836119E+00   -0.2087225694E+00    0.0000000000E+00    0.0000000000E+00    0.0000000000E+00    0.0000000000E+00    0.0000000000E+00    0.0000000000E+00    0.4018649884E-13    0.4018649884E-13    0.1000000000E+01
    4    0.5683333333E+01   -0.3483418059E+00    0.6966836119E+00   -0.4211868191E+00    0.0000000000E+00    0.0000000000E+00    0.0000000000E+00    0.0000000000E+00    0.0000000000E+00    0.0000000000E+00    0.4107145420E-13    0.4107145420E-13    0.1000000000E+01
    5    0.5683333333E+01    0.4644557413E+00   -0.1161139353E+00   -0.3853476469E+00    0.0000000000E+00    0.0000000000E+00    0.0000000000E+00    0.0000000000E+00    0.0000000000E+00    0.0000000000E+00    0.8017170743E-18    0.8017171070E-18    0.9999999592E+00
    1    0.5941666667E+01   -0.3483418059E+00    0.6966836119E+00   -0.5507471954E+00    0.0000000000E+00    0.0000000000E+00    0.0000000000E+00    0.0000000000E+00    0.0000000000E+00    0.0000000000E+00    0.8432505744E-13    0.8432505744E-13    0.1000000000E+01
    2    0.5941666667E+01   -0.3483418059E+00    0.6966836119E+00   -0.2823832965E+00    0.0000000000E+00    0.0000000000E+00    0.0000000000E+00    0.0000000000E+00    0.0000000000E+00    0.0000000000E+00    0.7500132519E-13    0.7500132519E-13    0.1000000000E+01
    3    0.5941666667E+01    0.4644557413E+00   -0.1161139353E+00   -0.4182870483E+00    0.0000000000E+00    0.0000000000E+00    0.0000000000E+00    0.0000000000E+00    0.0000000000E+00    0.0000000000E+00    0.2614650397E-15    0.2614650413E-15    0.9999999937E+00
    4    0.5941666667E+01    0.4644557413E+00    0.6966836119E+00    0.1709878980E+00    0.0000000000E+00    0.0000000000E+00    0.0000000000E+00    0.0000000000E+00    0.0000000000E+00    0.0000000000E+00    0.1291138676E-13    0.1291138676E-13    0.9999999996E+00
    1    0.6200000000E+01   -0.3483418059E+00    0.6966836119E+00    0.4479701166E+00    0.0000000000E+00    0.0000000000E+00    0.0000000000E+00    0.0000000000E+00    0.0000000000E+00    0.0000000000E+00    0.2429985364E-09    0.2429985364E-09    0.1000000000E+01
    2    0.6200000000E+01    0.4644557413E+00    0.6966836119E+00    0.7648375335E-01    0.0000000000E+00    0.0000000000E+00    0.0000000000E+00    0.0000000000E+00    0.0000000000E+00    0.0000000000E+00    0.3501028680E-11    0.3501028680E-11    0.1000000000E+01
    3    0.6200000000E+01   -0.3483418059E+00    0.6966836119E+00   -0.4236374241E+00    0.0000000000E+00    0.0000000000E+00    0.0000000000E+00    0.0000000000E+00    0.0000000000E+00    0.0000000000E+00    0.2464594068E-09    0.2464594068E-09    0.1000000000E+01
    4    0.6200000000E+01    0.4644557413E+00   -0.1161139353E+00   -0.4512691200E+00    0.0000000000E+00    0.0000000000E+00    0.0000000000E+00    0.0000000000E+00    0.0000000000E+00    0.0000000000E+00    0.9423021677E-15    0.9423021679E-15    0.9999999997E+00
    1    0.6458333333E+01    0.4644557413E+00   -0.1161139353E+00   -0.4843015290E+00    0.0000000000E+00    0.0000000000E+00    0.0000000000E+00    0.0000000000E+00    0.0000000000E+00    0.0000000000E+00    0.1451210500E-14    0.1451210500E-14    0.1000000000E+01
    1    0.6716666667E+01    0.4644557413E+00    0.6966836119E+00   -0.6451893657E-01    0.0000000000E+00    0.0000000000E+00    0.0000000000E+00    0.0000000000E+00    0.0000000000E+00    0.0000000000E+00    0.8281143252E-12    0.8281143252E-12    0.1000000000E+01
    2    0.6716666667E+01    0.4644557413E+00   -0.1161139353E+00   -0.5173766041E+00    0.0000000000E+00    0.0000000000E+00    0.0000000000E+00    0.0000000000E+00    0.0000000000E+00    0.0000000000E+00    0.1127338936E-14    0.1127338936E-14    0.1000000000E+01
    1    0.6975000000E+01    0.4644557413E+00    0.6966836119E+00   -0.1163867910E+00    0.0000000000E+00    0.0000000000E+00    0.0000000000E+00    0.0000000000E+00    0.0000000000E+00    0.0000000000E+00    0.1017879226E-12    0.1017879226E-12    0.1000000000E+01
    2    0.6975000000E+01    0.4644557413E+00   -0.1161139353E+00   -0.5504793304E+00    0.0000000000E+00    0.0000000000E+00    0.0000000000E+00    0.0000000000E+00    0.0000000000E+00    0.0000000000E+00    0.2316071015E-15    0.2316071020E-15    0.9999999979E+00
    1    0.7233333333E+01    0.4644557413E+00    0.6966836119E+00   -0.1582063271E+00    0.0000000000E+00    0.0000000000E+00    0.0000000000E+00    0.0000000000E+00    0.0000000000E+00    0.0000000000E+00    0.1024815252E-13    0.1024815252E-13    0.1000000000E+01
    2    0.7233333333E+01    0.4644557413E+00   -0.1161139353E+00    0.5658756347E+00    0.0000000000E+00    0.0000000000E+00    0.0000000000E+00    0.0000000000E+00    0.0000000000E+00    0.0000000000E+00    0.1509461394E-16    0.1509461394E-16    0.1000000000E+01
    1    0.7491666667E+01    0.4644557413E+00    0.6966836119E+00   -0.1970374265E+00    0.0000000000E+00    0.0000000000E+00    0.0000000000E+00    0.0000000000E+00    0.0000000000E+00    0.0000000000E+00    0.1455416624E-15    0.1455416624E-15    0.1000000000E+01
    2    0.7491666667E+01    0.4644557413E+00   -0.1161139353E+00    0.5327534855E+00    0.0000000000E+00    0.0000000000E+00    0.0000000000E+00    0.0000000000E+00    0.0000000000E+00    0.0000000000E+00    0.1050837177E-14    0.1050837177E-14    0.1000000000E+01
    1    0.7750000000E+01    0.4644557413E+00    0.6966836119E+00   -0.2349905532E+00    0.0000000000E+00    0.0000000000E+00    0.0000000000E+00    0.0000000000E+00    0.0000000000E+00    0.0000000000E+00    0.4580712970E-14    0.4580712970E-14    0.1000000000E+01
    2    0.7750000000E+01   -0.3483418059E+00   -0.1161139353E+00   -0.2589520592E-01    0.0000000000E+00    0.0000000000E+00    0.0000000000E+00    0.0000000000E+00    0.0000000000E+00    0.0000000000E+00    0.5169726446E-10    0.5169726446E-10    0.1000000000E+01
    3    0.7750000000E+01    0.4644557413E+00   -0.1161139353E+00    0.4996194042E+00    0.0000000000E+00    0.0000000000E+00    0.0000000000E+00    0.0000000000E+00    0.0000000000E+00    0.0000000000E+00    0.2785324808E-14    0.2785324808E-14    0.1000000000E+01
    1    0.8008333333E+01   -0.3483418059E+00   -0.1161139353E+00   -0.1377069853E+00    0.0000000000E+00    0.0000000000E+00    0.0000000000E+00    0.0000000000E+00    0.0000000000E+00    0.0000000000E+00    0.1833576733E-12    0.1833576733E-12    0.1000000000E+01
    2    0.8008333333E+01    0.4644557413E+00    0.6966836119E+00   -0.2731710814E+00    0.0000000000E+00    0.0000000000E+00    0.0000000000E+00    0.0000000000E+00    0.0000000000E+00    0.0000000000E+00    0.6889916390E-14    0.6889916390E-14    0.1000000000E+01
    3    0.8008333333E+01    0.4644557413E+00   -0.1161139353E+00    0.4664495278E+00    0.0000000000E+00    0.0000000000E+00    0.0000000000E+00    0.0000000000E+00    0.0000000000E+00    0.0000000000E+00    0.3368553706E-14    0.3368553706E-14    0.1000000000E+01
    1    0.8266666667E+01   -0.3483418059E+00   -0.1161139353E+00   -0.1981741657E+00    0.0000000000E+00    0.0000000000E+00    0.0000000000E+00    0.0000000000E+00    0.0000000000E+00    0.0000000000E+00    0.6997308571E-15    0.6997308572E-15    0.9999999998E+00
    2    0.8266666667E+01    0.4644557413E+00    0.6966836119E+00   -0.3124064786E+00    0.0000000000E+00    0.0000000000E+00    0.0000000000E+00    0.0000000000E+00    0.0000000000E+00    0.0000000000E+00    0.4645767648E-14    0.4645767648E-14    0.1000000000E+01
    3    0.8266666667E+01    0.4644557413E+00   -0.1161139353E+00    0.4332021878E+00    0.0000000000E+00    0.0000000000E+00    0.0000000000E+00    0.0000000000E+00    0.0000000000E+00    0.0000000000E+00    0.2066673562E-14    0.2066673562E-14    0.1000000000E+01
    1    0.8525000000E+01   -0.3483418059E+00   -0.1161139353E+00   -0.2492812996E+00    0.0000000000E+00    0.0000000000E+00    0.0000000000E+00    0.0000000000E+00    0.0000000000E+00    0.0000000000E+00    0.1330935872E-13    0.1330935872E-13    0.1000000000E+01
    2    0.8525000000E+01    0.4644557413E+00    0.6966836119E+00   -0.3535226537E+00    0.0000000000E+00    0.0000000000E+00    0.0000000000E+00    0.0000000000E+00    0.0000000000E+00    0.0000000000E+00    0.1017470573E-14    0.1017470573E-14    0.1000000000E+01
    3    0.8525000000E+01    0.4644557413E+00   -0.1161139353E+00    0.3998175843E+00    0.0000000000E+00    0.0000000000E+00    0.0000000000E+00    0.0000000000E+00    0.0000000000E+00    0.0000000000E+00    0.3054944000E-15    0.3054944000E-15    0.1000000000E+01
    1    0.8783333333E+01   -0.3483418059E+00   -0.1161139353E+00   -0.2969678492E+00    0.0000000000E+00    0.0000000000E+00    0.0000000000E+00    0.0000000000E+00    0.0000000000E+00    0.0000000000E+00    0.7957820112E-14    0.7957820112E-14    0.1000000000E+01
    2    0.8783333333E+01    0.4644557413E+00    0.6966836119E+00   -0.3975543867E+00    0.0000000000E+00    0.0000000000E+00    0.0000000000E+00    0.0000000000E+00    0.0000000000E+00    0.0000000000E+00    0.2412917055E-15    0.2412917055E-15    0.1000000000E+01
    3    0.8783333333E+01    0.4644557413E+00   -0.1161139353E+00    0.3662187168E+00    0.0000000000E+00    0.0000000000E+00    0.0000000000E+00    0.0000000000E+00    0.0000000000E+00    0.0000000000E+00    0.3406216772E-15    0.3406216772E-15    0.1000000000E+01
    1    0.9041666667E+01   -0.3483418059E+00   -0.1161139353E+00   -0.8452324801E-01    0.0000000000E+00    0.0000000000E+00    0.0000000000E+00    0.0000000000E+00    0.0000000000E+00    0.0000000000E+00    0.5310227769E-11    0.5310227769E-11    0.1000000000E+01
    2    0.9041666667E+01   -0.3483418059E+00   -0.1161139353E+00   -0.3438797212E+00    0.0000000000E+00    0.0000000000E+00    0.0000000000E+00    0.0000000000E+00    0.0000000000E+00    0.0000000000E+00    0.1001142836E-13    0.1001142836E-13    0.9999999999E+00
    3    0.9041666667E+01    0.4644557413E+00    0.6966836119E+00   -0.4460633569E+00    0.0000000000E+00    0.0000000000E+00    0.0000000000E+00    0.0000000000E+00    0.0000000000E+00    0.0000000000E+00    0.3561797606E-14    0.3561797606E-14    0.1000000000E+01
    4    0.9041666667E+01    0.4644557413E+00   -0.1161139353E+00    0.3323123877E+00    0.0000000000E+00    0.0000000000E+00    0.0000000000E+00    0.0000000000E+00    0.0000000000E+00    0.0000000000E+00    0.2674333695E-14    0.2674333695E-14    0.9999999999E+00
    1    0.9300000000E+01   -0.3483418059E+00   -0.1161139353E+00   -0.1807924412E+00    0.0000000000E+00    0.0000000000E+00    0.0000000000E+00    0.0000000000E+00    0.0000000000E+00    0.0000000000E+00    0.6304928644E-14    0.6305203444E-14    0.9999564169E+00
    2    0.9300000000E+01   -0.3483418059E+00   -0.1161139353E+00   -0.3919128102E+00    0.0000000000E+00    0.0000000000E+00    0.0000000000E+00    0.0000000000E+00    0.0000000000E+00    0.0000000000E+00    0.5738693919E-15    0.5742450152E-15    0.9993458831E+00
    3    0.9300000000E+01   -0.3483418059E+00    0.6966836119E+00    0.3554994647E+00    0.0000000000E+00    0.0000000000E+00    0.0000000000E+00    0.0000000000E+00    0.0000000000E+00    0.0000000000E+00    0.1012529617E-10    0.1012529630E-10    0.9999999865E+00
    4    0.9300000000E+01    0.4644557413E+00   -0.1161139353E+00    0.2979896464E+00    0.0000000000E+00    0.0000000000E+00    0.0000000000E+00    0.0000000000E+00    0.0000000000E+00    0.0000000000E+00    0.4682398383E-14    0.4682398498E-14    0.9999999755E+00
    5    0.9300000000E+01    0.4644557413E+00    0.6966836119E+00   -0.5018972168E+00    0.0000000000E+00    0.0000000000E+00    0.0000000000E+00    0.0000000000E+00    0.0000000000E+00    0.0000000000E+00    0.6219933221E-14    0.6219972731E-14    0.9999936478E+00
    6    0.9300000000E+01   -0.3483418059E+00    0.6966836119E+00   -0.4979452465E+00    0.0000000000E+00    0.0000000000E+00    0.0000000000E+00    0.0000000000E+00    0.0000000000E+00    0.0000000000E+00    0.1002037241E-10    0.1002037299E-10    0.9999999429E+00
    1    0.9558333333E+01    0.4644557413E+00    0.6966836119E+00   -0.4403339505E-01    0.0000000000E+00    0.0000000000E+00    0.0000000000E+00    0.0000000000E+00    0.0000000000E+00    0.0000000000E+00    0.2098312780E-09    0.2098312780E-09    0.9999999999E+00
    2    0.9558333333E+01   -0.3483418059E+00   -0.1161139353E+00   -0.2514492723E+00    0.0000000000E+00    0.0000000000E+00    0.0000000000E+00    0.0000000000E+00    0.0000000000E+00    0.0000000000E+00    0.1330045975E-13    0.1330881940E-13    0.9993718710E+00
    3    0.9558333333E+01   -0.3483418059E+00   -0.1161139353E+00   -0.4431985203E+00    0.0000000000E+00    0.0000000000E+00    0.0000000000E+00    0.0000000000E+00    0.0000000000E+00    0.0000000000E+00    0.5791277291E-14    0.5794625907E-14    0.9994221169E+00
    4    0.9558333333E+01    0.4644557413E+00    0.6966836119E+00   -0.5719492995E+00    0.0000000000E+00    0.0000000000E+00    0.0000000000E+00    0.0000000000E+00    0.0000000000E+00    0.0000000000E+00    0.2055201394E-11    0.2055201397E-11    0.9999999985E+00
    5    0.9558333333E+01   -0.3483418059E+00    0.6966836119E+00    0.5457783320E+00    0.0000000000E+00    0.0000000000E+00    0.0000000000E+00    0.0000000000E+00    0.0000000000E+00    0.0000000000E+00    0.3205275074E-13    0.3206124558E-13    0.9997350433E+00
    6    0.9558333333E+01   -0.3483418059E+00    0.6966836119E+00    0.2466509846E+00    0.0000000000E+00    0.0000000000E+00    0.0000000000E+00    0.0000000000E+00    0.0000000000E+00    0.0000000000E+00    0.1794045356E-12    0.1794206499E-12    0.9999101869E+00
    7    0.9558333333E+01    0.4644557413E+00   -0.1161139353E+00    0.2631252073E+00    0.0000000000E+00    0.0000000000E+00    0.0000000000E+00    0.0000000000E+00    0.0000000000E+00    0.0000000000E+00    0.4826760229E-14    0.4905183029E-14    0.9840122583E+00
    1    0.9816666667E+01    0.4644557413E+00    0.6966836119E+00   -0.2872482893E+00    0.0000000000E+00    0.0000000000E+00    0.0000000000E+00    0.0000000000E+00    0.0000000000E+00    0.0000000000E+00    0.2093103525E-10    0.2093103525E-10    0.1000000000E+01
    2    0.9816666667E+01   -0.3483418059E+00   -0.1161139353E+00   -0.3191904289E+00    0.0000000000E+00    0.0000000000E+00    0.0000000000E+00    0.0000000000E+00    0.0000000000E+00    0.0000000000E+00    0.2721580677E-13    0.2721580677E-13    0.1000000000E+01
    3    0.9816666667E+01   -0.3483418059E+00   -0.1161139353E+00   -0.5015647855E+00    0.0000000000E+00    0.0000000000E+00    0.0000000000E+00    0.0000000000E+00    0.0000000000E+00    0.0000000000E+00    0.2807291851E-13    0.2807291851E-13    0.1000000000E+01
    4    0.9816666667E+01   -0.3483418059E+00    0.6966836119E+00    0.1506057660E+00    0.0000000000E+00    0.0000000000E+00    0.0000000000E+00    0.0000000000E+00    0.0000000000E+00    0.0000000000E+00    0.6675506780E-12    0.6675506780E-12    0.1000000000E+01
    5    0.9816666667E+01    0.4644557413E+00   -0.1161139353E+00    0.2275754507E+00    0.0000000000E+00    0.0000000000E+00    0.0000000000E+00    0.0000000000E+00    0.0000000000E+00    0.0000000000E+00    0.1918555681E-14    0.1918555681E-14    0.1000000000E+01
    6    0.9816666667E+01   -0.3483418059E+00    0.6966836119E+00    0.4563483708E+00    0.0000000000E+00    0.0000000000E+00    0.0000000000E+00    0.0000000000E+00    0.0000000000E+00    0.0000000000E+00    0.1056245825E-12    0.1056245825E-12    0.1000000000E+01
    7    0.9816666667E+01    0.4644557413E+00    0.6966836119E+00    0.4588815837E+00    0.0000000000E+00    0.0000000000E+00    0.0000000000E+00    0.0000000000E+00    0.0000000000E+00    0.0000000000E+00    0.2081310504E-10    0.2081310504E-10    0.1000000000E+01
    1    0.1007500000E+02   -0.3483418059E+00   -0.1161139353E+00   -0.4012487273E+00    0.0000000000E+00    0.0000000000E+00    0.0000000000E+00    0.0000000000E+00    0.0000000000E+00    0.0000000000E+00    0.3844349352E-11    0.3844349352E-11    0.1000000000E+01
    2    0.1007500000E+02    0.4644557413E+00   -0.1161139353E+00    0.1911745484E+00    0.0000000000E+00    0.0000000000E+00    0.0000000000E+00    0.0000000000E+00    0.0000000000E+00    0.0000000000E+00    0.3009772849E-18    0.3009793982E-18    0.9999929786E+00
    3    0.1007500000E+02   -0.3483418059E+00   -0.1161139353E+00    0.5695472183E+00    0.0000000000E+00    0.0000000000E+00    0.0000000000E+00    0.0000000000E+00    0.0000000000E+00    0.0000000000E+00    0.4755810617E-11    0.4755810618E-11    0.9999999999E+00
    4    0.1007500000E+02   -0.3483418059E+00    0.6966836119E+00    0.3560113702E+00    0.0000000000E+00    0.0000000000E+00    0.0000000000E+00    0.0000000000E+00    0.0000000000E+00    0.0000000000E+00    0.8914294472E-14    0.8914294473E-14    0.9999999999E+00
    1    0.1033333333E+02   -0.3483418059E+00    0.6966836119E+00    0.2541598194E+00    0.0000000000E+00    0.0000000000E+00    0.0000000000E+00    0.0000000000E+00    0.0000000000E+00    0.0000000000E+00    0.2123720683E-12    0.2123720683E-12    0.1000000000E+01
    2    0.1033333333E+02    0.4644557413E+00   -0.1161139353E+00    0.1537279989E+00    0.0000000000E+00    0.0000000000E+00    0.0000000000E+00    0.0000000000E+00    0.0000000000E+00    0.0000000000E+00    0.2675225404E-14    0.2675225404E-14    0.1000000000E+01
    1    0.1059166667E+02    0.4644557413E+00   -0.1161139353E+00    0.1150021028E+00    0.0000000000E+00    0.0000000000E+00    0.0000000000E+00    0.0000000000E+00    0.0000000000E+00    0.0000000000E+00    0.8996356065E-14    0.8996356065E-14    0.1000000000E+01
    2    0.1059166667E+02   -0.3483418059E+00    0.6966836119E+00    0.1381655088E+00    0.0000000000E+00    0.0000000000E+00    0.0000000000E+00    0.0000000000E+00    0.0000000000E+00    0.0000000000E+00    0.1875262199E-11    0.1875262199E-11    0.1000000000E+01
    1    0.1085000000E+02   -0.3483418059E+00    0.6966836119E+00   -0.5249488459E+00    0.0000000000E+00    0.0000000000E+00    0.0000000000E+00    0.0000000000E+00    0.0000000000E+00    0.0000000000E+00    0.1994277059E-10    0.1994277059E-10    0.1000000000E+01
    2    0.1085000000E+02   -0.3483418059E+00    0.6966836119E+00    0.4198926685E+00    0.0000000000E+00    0.0000000000E+00    0.0000000000E+00    0.0000000000E+00    0.0000000000E+00    0.0000000000E+00    0.1988072405E-10    0.1988072405E-10    0.1000000000E+01
    3    0.1085000000E+02    0.4644557413E+00   -0.1161139353E+00    0.7470506776E-01    0.0000000000E+00    0.0000000000E+00    0.0000000000E+00    0.0000000000E+00    0.0000000000E+00    0.0000000000E+00    0.1476236392E-13    0.1476236392E-13    0.1000000000E+01
    1    0.1110833333E+02   -0.3483418059E+00    0.6966836119E+00    0.5279539878E+00    0.0000000000E+00    0.0000000000E+00    0.0000000000E+00    0.0000000000E+00    0.0000000000E+00    0.0000000000E+00    0.1189046110E-12    0.1189046110E-12    0.1000000000E+01
    2    0.1110833333E+02   -0.3483418059E+00    0.6966836119E+00    0.3097861488E+00    0.0000000000E+00    0.0000000000E+00    0.0000000000E+00    0.0000000000E+00    0.0000000000E+00    0.0000000000E+00    0.1606027345E-12    0.1606027345E-12    0.1000000000E+01
    3    0.1110833333E+02    0.4644557413E+00    0.6966836119E+00   -0.1503660733E+00    0.0000000000E+00    0.0000000000E+00    0.0000000000E+00    0.0000000000E+00    0.0000000000E+00    0.0000000000E+00    0.8522532979E-12    0.8522532979E-12    0.1000000000E+01
    4    0.1110833333E+02    0.4644557413E+00   -0.1161139353E+00    0.3242613040E-01    0.0000000000E+00    0.0000000000E+00    0.0000000000E+00    0.0000000000E+00    0.0000000000E+00    0.0000000000E+00    0.2976707919E-13    0.2976707919E-13    0.1000000000E+01
    1    0.1136666667E+02    0.4644557413E+00    0.6966836119E+00   -0.2597984214E+00    0.0000000000E+00    0.0000000000E+00    0.0000000000E+00    0.0000000000E+00    0.0000000000E+00    0.0000000000E+00    0.1204566787E-12    0.1204566787E-12    0.1000000000E+01
    2    0.1136666667E+02   -0.3483418059E+00    0.6966836119E+00    0.4637672765E+00    0.0000000000E+00    0.0000000000E+00    0.0000000000E+00    0.0000000000E+00    0.0000000000E+00    0.0000000000E+00    0.2408977066E-13    0.2408977066E-13    0.1000000000E+01
    3    0.1136666667E+02   -0.3483418059E+00    0.6966836119E+00    0.2175895994E+00    0.0000000000E+00    0.0000000000E+00    0.0000000000E+00    0.0000000000E+00    0.0000000000E+00    0.0000000000E+00    0.8374505069E-13    0.8374505069E-13    0.1000000000E+01
    4    0.1136666667E+02    0.4644557413E+00   -0.1161139353E+00   -0.1157409305E-01    0.0000000000E+00    0.0000000000E+00    0.0000000000E+00    0.0000000000E+00    0.0000000000E+00    0.0000000000E+00    0.1795562421E-12    0.1795562421E-12    0.1000000000E+01
    1    0.1162500000E+02   -0.3483418059E+00    0.6966836119E+00    0.4065352167E+00    0.0000000000E+00    0.0000000000E+00    0.0000000000E+00    0.0000000000E+00    0.0000000000E+00    0.0000000000E+00    0.1136149141E-13    0.1136149143E-13    0.9999999987E+00
    2    0.1162500000E+02   -0.3483418059E+00   -0.1161139353E+00   -0.4491240916E+00    0.0000000000E+00    0.0000000000E+00    0.0000000000E+00    0.0000000000E+00    0.0000000000E+00    0.0000000000E+00    0.4901924408E-13    0.4901924408E-13    0.1000000000E+01
    3    0.1162500000E+02    0.4644557413E+00    0.6966836119E+00   -0.3432430591E+00    0.0000000000E+00    0.0000000000E+00    0.0000000000E+00    0.0000000000E+00    0.0000000000E+00    0.0000000000E+00    0.8628567744E-14    0.8628567748E-14    0.9999999995E+00
    4    0.1162500000E+02   -0.3483418059E+00    0.6966836119E+00    0.8607505293E-01   -0.3483418059E+00   -0.9289114825E+00    0.8607505293E-01   -0.4138367208E+00    0.6147441701E+01   -0.2969898574E+00    0.2225313469E-10    0.2225313469E-10    0.1000000000E+01
    5    0.1162500000E+02    0.4644557413E+00   -0.1161139353E+00   -0.5953317495E-01    0.0000000000E+00    0.0000000000E+00    0.0000000000E+00    0.0000000000E+00    0.0000000000E+00    0.0000000000E+00    0.2223892815E-13    0.2223892816E-13    0.9999999991E+00
    1    0.1188333333E+02   -0.3483418059E+00    0.6966836119E+00    0.3510873572E+00    0.0000000000E+00    0.0000000000E+00    0.0000000000E+00    0.0000000000E+00    0.0000000000E+00    0.0000000000E+00    0.6571372957E-15    0.6571372958E-15    0.9999999999E+00
    2    0.1188333333E+02   -0.3483418059E+00   -0.1161139353E+00   -0.5708478186E+00    0.0000000000E+00    0.0000000000E+00    0.0000000000E+00    0.0000000000E+00    0.0000000000E+00    0.0000000000E+00    0.3299869924E-11    0.3299869924E-11    0.1000000000E+01
    3    0.1188333333E+02    0.4644557413E+00    0.6966836119E+00   -0.4167016588E+00    0.4644557413E+00    0.6966836119E+00   -0.4167016588E+00   -0.2468372518E+01   -0.3008445943E+01    0.4184803225E+01    0.9381086679E-15    0.9381086680E-15    0.9999999999E+00
    4    0.1188333333E+02    0.4644557413E+00   -0.1161139353E+00   -0.1111444807E+00    0.0000000000E+00    0.0000000000E+00    0.0000000000E+00    0.0000000000E+00    0.0000000000E+00    0.0000000000E+00    0.1295238936E-13    0.1295238936E-13    0.1000000000E+01
    1    0.1214166667E+02   -0.3483418059E+00    0.6966836119E+00    0.2946696443E+00    0.0000000000E+00    0.0000000000E+00    0.0000000000E+00    0.0000000000E+00    0.0000000000E+00    0.0000000000E+00    0.7097479197E-14    0.7097479325E-14    0.9999999820E+00
    2    0.1214166667E+02   -0.3483418059E+00   -0.1161139353E+00    0.4956648491E+00    0.0000000000E+00    0.0000000000E+00    0.0000000000E+00    0.0000000000E+00    0.0000000000E+00    0.0000000000E+00    0.4002786195E-14    0.4002786198E-14    0.9999999992E+00
    3    0.1214166667E+02    0.4644557413E+00    0.6966836119E+00   -0.4860613313E+00    0.0000000000E+00    0.0000000000E+00    0.0000000000E+00    0.0000000000E+00    0.0000000000E+00    0.0000000000E+00    0.5286812114E-16    0.5286812136E-16    0.9999999958E+00
    4    0.1214166667E+02    0.4644557413E+00   -0.1161139353E+00   -0.1680424369E+00    0.0000000000E+00    0.0000000000E+00    0.0000000000E+00    0.0000000000E+00    0.0000000000E+00    0.0000000000E+00    0.1300200784E-14    0.1300200784E-14    0.1000000000E+01
    1    0.1240000000E+02   -0.3483418059E+00    0.6966836119E+00    0.2347448172E+00    0.0000000000E+00    0.0000000000E+00    0.0000000000E+00    0.0000000000E+00    0.0000000000E+00    0.0000000000E+00    0.9622062883E-14    0.9622062926E-14    0.9999999955E+00
    2    0.1240000000E+02   -0.3483418059E+00   -0.1161139353E+00    0.4111421772E+00    0.0000000000E+00    0.0000000000E+00    0.0000000000E+00    0.0000000000E+00    0.0000000000E+00    0.0000000000E+00    0.4474127455E-15    0.4474239440E-15    0.9999749711E+00
    3    0.1240000000E+02    0.4644557413E+00    0.6966836119E+00   -0.5551369510E+00    0.0000000000E+00    0.0000000000E+00    0.0000000000E+00    0.0000000000E+00    0.0000000000E+00    0.0000000000E+00    0.9240001304E-15    0.9240001475E-15    0.9999999815E+00
    4    0.1240000000E+02    0.4644557413E+00   -0.1161139353E+00   -0.2322153581E+00    0.0000000000E+00    0.0000000000E+00    0.0000000000E+00    0.0000000000E+00    0.0000000000E+00    0.0000000000E+00    0.1892570505E-14    0.1892570609E-14    0.9999999449E+00
    1    0.1265833333E+02    0.4644557413E+00   -0.1161139353E+00   -0.3060104789E+00    0.0000000000E+00    0.0000000000E+00    0.0000000000E+00    0.0000000000E+00    0.0000000000E+00    0.0000000000E+00    0.4884246668E-15    0.4884294578E-15    0.9999901909E+00
    2    0.1265833333E+02    0.4644557413E+00    0.6966836119E+00    0.5220166666E+00    0.0000000000E+00    0.0000000000E+00    0.0000000000E+00    0.0000000000E+00    0.0000000000E+00    0.0000000000E+00    0.3349628954E-14    0.3349628957E-14    0.9999999992E+00
    3    0.1265833333E+02   -0.3483418059E+00   -0.1161139353E+00    0.3085685774E+00    0.0000000000E+00    0.0000000000E+00    0.0000000000E+00    0.0000000000E+00    0.0000000000E+00    0.0000000000E+00    0.1018837434E-12    0.1018837438E-12    0.9999999964E+00
    4    0.1265833333E+02   -0.3483418059E+00    0.6966836119E+00    0.1674257312E+00    0.0000000000E+00    0.0000000000E+00    0.0000000000E+00    0.0000000000E+00    0.0000000000E+00    0.0000000000E+00    0.1783747809E-13    0.1783747810E-13    0.9999999994E+00
    1    0.1291666667E+02    0.4644557413E+00   -0.1161139353E+00   -0.3898220164E+00    0.0000000000E+00    0.0000000000E+00    0.0000000000E+00    0.0000000000E+00    0.0000000000E+00    0.0000000000E+00    0.3679416323E-16    0.3679416331E-16    0.9999999978E+00
    2    0.1291666667E+02    0.4644557413E+00    0.6966836119E+00    0.4416775528E+00    0.0000000000E+00    0.0000000000E+00    0.0000000000E+00    0.0000000000E+00    0.0000000000E+00    0.0000000000E+00    0.1366355508E-13    0.1366355508E-13    0.1000000000E+01
    3    0.1291666667E+02   -0.3483418059E+00    0.6966836119E+00    0.8025474196E-01    0.0000000000E+00    0.0000000000E+00    0.0000000000E+00    0.0000000000E+00    0.0000000000E+00    0.0000000000E+00    0.4016290823E-11    0.4016290823E-11    0.1000000000E+01
    1    0.1317500000E+02    0.4644557413E+00   -0.1161139353E+00   -0.4781704457E+00    0.4644557413E+00   -0.1161139353E+00   -0.4781704457E+00   -0.3134413075E+01    0.1535028545E+01    0.3412913829E+01    0.2503656794E-13    0.2503656794E-13    0.1000000000E+01
    2    0.1317500000E+02    0.4644557413E+00    0.6966836119E+00    0.3429208999E+00    0.0000000000E+00    0.0000000000E+00    0.0000000000E+00    0.0000000000E+00    0.0000000000E+00    0.0000000000E+00    0.5415873384E-13    0.5415873384E-13    0.1000000000E+01
    1    0.1343333333E+02    0.4644557413E+00   -0.1161139353E+00   -0.5639638657E+00    0.0000000000E+00    0.0000000000E+00    0.0000000000E+00    0.0000000000E+00    0.0000000000E+00    0.0000000000E+00    0.2723166596E-12    0.2723166596E-12    0.1000000000E+01
    2    0.1343333333E+02   -0.3483418059E+00    0.6966836119E+00   -0.4962566408E+00    0.0000000000E+00    0.0000000000E+00    0.0000000000E+00    0.0000000000E+00    0.0000000000E+00    0.0000000000E+00    0.4900241731E-11    0.4900241731E-11    0.1000000000E+01
    3    0.1343333333E+02    0.4644557413E+00    0.6966836119E+00    0.1635400656E+00    0.4644557413E+00    0.6966836119E+00    0.1635400656E+00   -0.9878055146E+00   -0.5328982639E+00    0.4724696098E+00    0.4341619453E-11    0.4341619453E-11    0.1000000000E+01
    4    0.1343333333E+02   -0.3483418059E+00    0.6966836119E+00   -0.2275014269E+00    0.0000000000E+00    0.0000000000E+00    0.0000000000E+00    0.0000000000E+00    0.0000000000E+00    0.0000000000E+00    0.7827604795E-12    0.7827604795E-12    0.1000000000E+01
    5    0.1343333333E+02    0.4644557413E+00   -0.1161139353E+00   -0.2552677084E+00    0.0000000000E+00    0.0000000000E+00    0.0000000000E+00    0.0000000000E+00    0.0000000000E+00    0.0000000000E+00    0.2780706992E-11    0.2780706992E-11    0.1000000000E+01
    6    0.1343333333E+02    0.4644557413E+00    0.6966836119E+00   -0.5613658427E-01    0.4644557413E+00    0.6966836119E+00   -0.5613658427E-01   -0.1466921278E+01    0.3645182151E-01    0.4008551073E+00    0.3913207453E-09    0.3913207453E-09    0.1000000000E+01
    1    0.1369166667E+02    0.4644557413E+00   -0.1161139353E+00    0.5038935480E+00    0.0000000000E+00    0.0000000000E+00    0.0000000000E+00    0.0000000000E+00    0.0000000000E+00    0.0000000000E+00    0.4792201323E-12    0.4792201323E-12    0.1000000000E+01
    2    0.1369166667E+02    0.4644557413E+00   -0.1161139353E+00   -0.4622935479E+00    0.0000000000E+00    0.0000000000E+00    0.0000000000E+00    0.0000000000E+00    0.0000000000E+00    0.0000000000E+00    0.1502145461E-12    0.1502145461E-12    0.1000000000E+01
    3    0.1369166667E+02   -0.3483418059E+00    0.6966836119E+00   -0.3734849369E+00    0.0000000000E+00    0.0000000000E+00    0.0000000000E+00    0.0000000000E+00    0.0000000000E+00    0.0000000000E+00    0.8219817045E-11    0.8219817045E-11    0.1000000000E+01
    4    0.1369166667E+02   -0.3483418059E+00    0.6966836119E+00   -0.2142633860E+00    0.0000000000E+00    0.0000000000E+00    0.0000000000E+00    0.0000000000E+00    0.0000000000E+00    0.0000000000E+00    0.8081128805E-11    0.8081128805E-11    0.1000000000E+01
    5    0.1369166667E+02   -0.3483418059E+00   -0.1161139353E+00   -0.2525184285E+00    0.0000000000E+00    0.0000000000E+00    0.0000000000E+00    0.0000000000E+00    0.0000000000E+00    0.0000000000E+00    0.2503680620E-11    0.2503680620E-11    0.1000000000E+01
    6    0.1369166667E+02    0.4644557413E+00   -0.1161139353E+00   -0.2838415185E+00    0.0000000000E+00    0.0000000000E+00    0.0000000000E+00    0.0000000000E+00    0.0000000000E+00    0.0000000000E+00    0.1694817191E-11    0.1694817191E-11    0.1000000000E+01
    7    0.1369166667E+02    0.4644557413E+00    0.6966836119E+00   -0.2921376915E+00    0.0000000000E+00    0.0000000000E+00    0.0000000000E+00    0.0000000000E+00    0.0000000000E+00    0.0000000000E+00    0.9137143695E-12    0.9137143695E-12    0.9999999999E+00
    1    0.1395000000E+02   -0.3483418059E+00   -0.1161139353E+00   -0.4959247115E-01    0.0000000000E+00    0.0000000000E+00    0.0000000000E+00    0.0000000000E+00    0.0000000000E+00    0.0000000000E+00    0.5093021165E-10    0.5093021165E-10    0.1000000000E+01
    2    0.1395000000E+02   -0.3483418059E+00   -0.1161139353E+00   -0.2062797310E+00    0.0000000000E+00    0.0000000000E+00    0.0000000000E+00    0.0000000000E+00    0.0000000000E+00    0.0000000000E+00    0.1432259122E-10    0.1432259122E-10    0.1000000000E+01
    3    0.1395000000E+02    0.4644557413E+00   -0.1161139353E+00    0.4236159317E+00    0.0000000000E+00    0.0000000000E+00    0.0000000000E+00    0.0000000000E+00    0.0000000000E+00    0.0000000000E+00    0.1584930072E-11    0.1584930072E-11    0.1000000000E+01
    4    0.1395000000E+02    0.4644557413E+00   -0.1161139353E+00    0.5449308474E+00    0.0000000000E+00    0.0000000000E+00    0.0000000000E+00    0.0000000000E+00    0.0000000000E+00    0.0000000000E+00    0.8115680299E-12    0.8115680299E-12    0.1000000000E+01
    5    0.1395000000E+02   -0.3483418059E+00   -0.1161139353E+00   -0.3853309245E+00    0.0000000000E+00    0.0000000000E+00    0.0000000000E+00    0.0000000000E+00    0.0000000000E+00    0.0000000000E+00    0.1494022194E-10    0.1494022194E-10    0.1000000000E+01
    6    0.1395000000E+02   -0.3483418059E+00   -0.1161139353E+00   -0.5269935469E+00    0.0000000000E+00    0.0000000000E+00    0.0000000000E+00    0.0000000000E+00    0.0000000000E+00    0.0000000000E+00    0.1967264669E-10    0.1967264669E-10    0.1000000000E+01
    7    0.1395000000E+02    0.4644557413E+00    0.6966836119E+00   -0.4712368770E+00    0.0000000000E+00    0.0000000000E+00    0.0000000000E+00    0.0000000000E+00    0.0000000000E+00    0.0000000000E+00    0.7883706042E-13    0.7883706042E-13    0.1000000000E+01
    8    0.1395000000E+02    0.4644557413E+00   -0.1161139353E+00   -0.4432566722E+00    0.0000000000E+00    0.0000000000E+00    0.0000000000E+00    0.0000000000E+00    0.0000000000E+00    0.0000000000E+00    0.1504872473E-11    0.1504872473E-11    0.1000000000E+01
    1    0.1420833333E+02    0.4644557413E+00    0.6966836119E+00   -0.9812366198E-01    0.0000000000E+00    0.0000000000E+00    0.0000000000E+00    0.0000000000E+00    0.0000000000E+00    0.0000000000E+00    0.2211344767E-09    0.2211344767E-09    0.1000000000E+01
    2    0.1420833333E+02    0.4644557413E+00   -0.1161139353E+00    0.5661290044E+00    0.0000000000E+00    0.0000000000E+00    0.0000000000E+00    0.0000000000E+00    0.0000000000E+00    0.0000000000E+00    0.1037001967E-11    0.1037001967E-11    0.1000000000E+01
    3    0.1420833333E+02    0.4644557413E+00   -0.1161139353E+00    0.3375487160E+00    0.4644557413E+00   -0.1161139353E+00    0.3375487160E+00   -0.7337139566E+00    0.8025417457E+00   -0.1908137902E+00    0.4387296833E-12    0.4387296833E-12    0.1000000000E+01
    4    0.1420833333E+02    0.4644557413E+00    0.6966836119E+00    0.3628995281E+00    0.0000000000E+00    0.0000000000E+00    0.0000000000E+00    0.0000000000E+00    0.0000000000E+00    0.0000000000E+00    0.1551063786E-09    0.1551063786E-09    0.1000000000E+01
    5    0.1420833333E+02    0.4644557413E+00   -0.1161139353E+00    0.4102651650E+00    0.0000000000E+00    0.0000000000E+00    0.0000000000E+00    0.0000000000E+00    0.0000000000E+00    0.0000000000E+00    0.1483820612E-12    0.1483820612E-12    0.1000000000E+01
    1    0.1446666667E+02    0.4644557413E+00   -0.1161139353E+00    0.4061204147E+00    0.0000000000E+00    0.0000000000E+00    0.0000000000E+00    0.0000000000E+00    0.0000000000E+00    0.0000000000E+00    0.6913007514E-12    0.6913007514E-12    0.1000000000E+01
    2    0.1446666667E+02    0.4644557413E+00   -0.1161139353E+00    0.2218405933E+00    0.0000000000E+00    0.0000000000E+00    0.0000000000E+00    0.0000000000E+00    0.0000000000E+00    0.0000000000E+00    0.1609682322E-11    0.1609682322E-11    0.1000000000E+01
    3    0.1446666667E+02    0.4644557413E+00   -0.1161139353E+00    0.2637324837E+00    0.0000000000E+00    0.0000000000E+00    0.0000000000E+00    0.0000000000E+00    0.0000000000E+00    0.0000000000E+00    0.1327858578E-11    0.1327858578E-11    0.1000000000E+01
    1    0.1472500000E+02    0.4644557413E+00   -0.1161139353E+00    0.1530945620E+00    0.0000000000E+00    0.0000000000E+00    0.0000000000E+00    0.0000000000E+00    0.0000000000E+00    0.0000000000E+00    0.7726751163E-10    0.7726751163E-10    0.1000000000E+01
    2    0.1472500000E+02    0.4644557413E+00   -0.1161139353E+00    0.8897704859E-01    0.0000000000E+00    0.0000000000E+00    0.0000000000E+00    0.0000000000E+00    0.0000000000E+00    0.0000000000E+00    0.5630521303E-10    0.5630521303E-10    0.1000000000E+01
