    1    0.1033333333E+01    0.4644557413E+00   -0.4644557413E+00   -0.6003871631E-01    0.0000000000E+00    0.0000000000E+00    0.0000000000E+00    0.0000000000E+00    0.0000000000E+00    0.0000000000E+00    0.4267602548E-13    0.4267602548E-13    0.1000000000E+01
    1    0.1291666667E+01    0.4644557413E+00   -0.4644557413E+00   -0.1820351216E+00    0.0000000000E+00    0.0000000000E+00    0.0000000000E+00    0.0000000000E+00    0.0000000000E+00    0.0000000000E+00    0.1327446218E-16    0.1327446218E-16    0.1000000000E+01
    2    0.1291666667E+01    0.4644557413E+00   -0.4644557413E+00   -0.1163531053E+00    0.0000000000E+00    0.0000000000E+00    0.0000000000E+00    0.0000000000E+00    0.0000000000E+00    0.0000000000E+00    0.8922315424E-14    0.8922315424E-14    0.1000000000E+01
    1    0.1550000000E+01    0.4644557413E+00   -0.4644557413E+00   -0.2366187026E+00    0.0000000000E+00    0.0000000000E+00    0.0000000000E+00    0.0000000000E+00    0.0000000000E+00    0.0000000000E+00    0.1785411257E-15    0.1785411257E-15    0.1000000000E+01
    2    0.1550000000E+01    0.4644557413E+00   -0.4644557413E+00   -0.1622336279E+00    0.0000000000E+00    0.0000000000E+00    0.0000000000E+00    0.0000000000E+00    0.0000000000E+00    0.0000000000E+00    0.1206476813E-14    0.1206476813E-14    0.1000000000E+01
    1    0.1808333333E+01    0.4644557413E+00   -0.4644557413E+00   -0.2819036891E+00    0.0000000000E+00    0.0000000000E+00    0.0000000000E+00    0.0000000000E+00    0.0000000000E+00    0.0000000000E+00    0.5838329423E-15    0.5838329423E-15    0.1000000000E+01
    2    0.1808333333E+01    0.4644557413E+00   -0.4644557413E+00   -0.2044088208E+00    0.0000000000E+00    0.0000000000E+00    0.0000000000E+00    0.0000000000E+00    0.0000000000E+00    0.0000000000E+00    0.1966960161E-15    0.1966960161E-15    0.1000000000E+01
    1    0.2066666667E+01    0.4644557413E+00   -0.4644557413E+00   -0.2118174211E-01    0.0000000000E+00    0.0000000000E+00    0.0000000000E+00    0.0000000000E+00    0.0000000000E+00    0.0000000000E+00    0.3288968402E-12    0.3288968402E-12    0.1000000000E+01
    2    0.2066666667E+01    0.4644557413E+00   -0.4644557413E+00   -0.3241630500E+00    0.0000000000E+00    0.0000000000E+00    0.0000000000E+00    0.0000000000E+00    0.0000000000E+00    0.0000000000E+00    0.1051241521E-13    0.1051241521E-13    0.1000000000E+01
    3    0.2066666667E+01    0.4644557413E+00   -0.4644557413E+00   -0.2454266659E+00    0.0000000000E+00    0.0000000000E+00    0.0000000000E+00    0.0000000000E+00    0.0000000000E+00    0.0000000000E+00    0.2281736785E-14    0.2281736785E-14    0.1000000000E+01
    1    0.2325000000E+01    0.4644557413E+00   -0.4644557413E+00   -0.7543706817E-01    0.0000000000E+00    0.0000000000E+00    0.0000000000E+00    0.0000000000E+00    0.0000000000E+00    0.0000000000E+00    0.9570934483E-14    0.9570934483E-14    0.1000000000E+01
    2    0.2325000000E+01    0.4644557413E+00   -0.4644557413E+00   -0.2864675441E+00    0.0000000000E+00    0.0000000000E+00    0.0000000000E+00    0.0000000000E+00    0.0000000000E+00    0.0000000000E+00    0.3548789544E-14    0.3548789544E-14    0.1000000000E+01
    3    0.2325000000E+01    0.4644557413E+00   -0.4644557413E+00   -0.3654521273E+00    0.0000000000E+00    0.0000000000E+00    0.0000000000E+00    0.0000000000E+00    0.0000000000E+00    0.0000000000E+00    0.3002032949E-14    0.3002032949E-14    0.1000000000E+01
    1    0.2583333333E+01    0.4644557413E+00   -0.4644557413E+00   -0.1114769733E+00    0.0000000000E+00    0.0000000000E+00    0.0000000000E+00    0.0000000000E+00    0.0000000000E+00    0.0000000000E+00    0.3002182188E-14    0.3002182188E-14    0.1000000000E+01
    2    0.2583333333E+01    0.4644557413E+00   -0.4644557413E+00   -0.3283685531E+00    0.0000000000E+00    0.0000000000E+00    0.0000000000E+00    0.0000000000E+00    0.0000000000E+00    0.0000000000E+00    0.2126157790E-14    0.2126157790E-14    0.1000000000E+01
    3    0.2583333333E+01    0.4644557413E+00   -0.4644557413E+00   -0.4068840813E+00    0.0000000000E+00    0.0000000000E+00    0.0000000000E+00    0.0000000000E+00    0.0000000000E+00    0.0000000000E+00    0.4428770523E-14    0.4428770523E-14    0.1000000000E+01
    1    0.2841666667E+01    0.4644557413E+00   -0.4644557413E+00   -0.1433312787E+00    0.0000000000E+00    0.0000000000E+00    0.0000000000E+00    0.0000000000E+00    0.0000000000E+00    0.0000000000E+00    0.2385913321E-14    0.2385913321E-14    0.1000000000E+01
    2    0.2841666667E+01    0.4644557413E+00   -0.4644557413E+00   -0.4493198587E+00    0.0000000000E+00    0.0000000000E+00    0.0000000000E+00    0.0000000000E+00    0.0000000000E+00    0.0000000000E+00    0.5169945833E-14    0.5169945833E-14    0.1000000000E+01
    3    0.2841666667E+01    0.4644557413E+00   -0.4644557413E+00   -0.3719418925E+00    0.0000000000E+00    0.0000000000E+00    0.0000000000E+00    0.0000000000E+00    0.0000000000E+00    0.0000000000E+00    0.1484184099E-15    0.1484184099E-15    0.1000000000E+01
    1    0.3100000000E+01    0.4644557413E+00   -0.4644557413E+00   -0.1731229435E+00    0.0000000000E+00    0.0000000000E+00    0.0000000000E+00    0.0000000000E+00    0.0000000000E+00    0.0000000000E+00    0.2166563578E-14    0.2166563578E-14    0.1000000000E+01
    2    0.3100000000E+01    0.4644557413E+00   -0.4644557413E+00   -0.4936550163E+00    0.0000000000E+00    0.0000000000E+00    0.0000000000E+00    0.0000000000E+00    0.0000000000E+00    0.0000000000E+00    0.3494520253E-14    0.3494520253E-14    0.1000000000E+01
    3    0.3100000000E+01    0.4644557413E+00   -0.4644557413E+00   -0.4181859237E+00    0.0000000000E+00    0.0000000000E+00    0.0000000000E+00    0.0000000000E+00    0.0000000000E+00    0.0000000000E+00    0.1304507072E-14    0.1304507072E-14    0.1000000000E+01
    1    0.3358333333E+01    0.4644557413E+00   -0.4644557413E+00   -0.2016610464E+00    0.0000000000E+00    0.0000000000E+00    0.0000000000E+00    0.0000000000E+00    0.0000000000E+00    0.0000000000E+00    0.4719821072E-15    0.4719821076E-15    0.9999999992E+00
    2    0.3358333333E+01   -0.3483418059E+00   -0.4644557413E+00    0.2564943987E+00    0.0000000000E+00    0.0000000000E+00    0.0000000000E+00    0.0000000000E+00    0.0000000000E+00    0.0000000000E+00    0.5787780964E-13    0.5787780986E-13    0.9999999961E+00
    3    0.3358333333E+01    0.4644557413E+00    0.3483418059E+00    0.2565807926E+00    0.0000000000E+00    0.0000000000E+00    0.0000000000E+00    0.0000000000E+00    0.0000000000E+00    0.0000000000E+00    0.3221324163E-13    0.3221324172E-13    0.9999999971E+00
    4    0.3358333333E+01    0.4644557413E+00   -0.4644557413E+00   -0.4685788050E+00    0.0000000000E+00    0.0000000000E+00    0.0000000000E+00    0.0000000000E+00    0.0000000000E+00    0.0000000000E+00    0.5373856746E-14    0.5373856747E-14    0.9999999999E+00
    5    0.3358333333E+01    0.4644557413E+00   -0.4644557413E+00   -0.5411073227E+00    0.0000000000E+00    0.0000000000E+00    0.0000000000E+00    0.0000000000E+00    0.0000000000E+00    0.0000000000E+00    0.4654549712E-14    0.4654549712E-14    0.1000000000E+01
    6    0.3358333333E+01   -0.3483418059E+00   -0.4644557413E+00    0.5075047116E+00    0.0000000000E+00    0.0000000000E+00    0.0000000000E+00    0.0000000000E+00    0.0000000000E+00    0.0000000000E+00    0.2284741011E-12    0.2284741011E-12    0.9999999999E+00
    7    0.3358333333E+01    0.4644557413E+00    0.3483418059E+00    0.5119515280E+00    0.0000000000E+00    0.0000000000E+00    0.0000000000E+00    0.0000000000E+00    0.0000000000E+00    0.0000000000E+00    0.1446967739E-11    0.1446967739E-11    0.1000000000E+01
    1    0.3616666667E+01    0.4644557413E+00   -0.4644557413E+00   -0.2293583309E+00    0.0000000000E+00    0.0000000000E+00    0.0000000000E+00    0.0000000000E+00    0.0000000000E+00    0.0000000000E+00    0.1413036035E-14    0.1413036063E-14    0.9999999800E+00
    2    0.3616666667E+01   -0.3483418059E+00   -0.4644557413E+00    0.8662007997E-01    0.0000000000E+00    0.0000000000E+00    0.0000000000E+00    0.0000000000E+00    0.0000000000E+00    0.0000000000E+00    0.3515817744E-11    0.3515817744E-11    0.1000000000E+01
    3    0.3616666667E+01    0.4644557413E+00    0.3483418059E+00    0.9444180240E-01    0.0000000000E+00    0.0000000000E+00    0.0000000000E+00    0.0000000000E+00    0.0000000000E+00    0.0000000000E+00    0.2255047616E-11    0.2255047616E-11    0.1000000000E+01
    4    0.3616666667E+01    0.4644557413E+00   -0.4644557413E+00   -0.5261576338E+00    0.0000000000E+00    0.0000000000E+00    0.0000000000E+00    0.0000000000E+00    0.0000000000E+00    0.0000000000E+00    0.4878057361E-13    0.4878057362E-13    0.9999999998E+00
    5    0.3616666667E+01   -0.3483418059E+00   -0.4644557413E+00    0.4007679543E+00    0.0000000000E+00    0.0000000000E+00    0.0000000000E+00    0.0000000000E+00    0.0000000000E+00    0.0000000000E+00    0.3833879841E-12    0.3833879841E-12    0.1000000000E+01
    6    0.3616666667E+01    0.4644557413E+00    0.3483418059E+00    0.3961451356E+00    0.0000000000E+00    0.0000000000E+00    0.0000000000E+00    0.0000000000E+00    0.0000000000E+00    0.0000000000E+00    0.2028454104E-12    0.2028454104E-12    0.1000000000E+01
    7    0.3616666667E+01   -0.3483418059E+00   -0.4644557413E+00    0.3723695815E+00    0.0000000000E+00    0.0000000000E+00    0.0000000000E+00    0.0000000000E+00    0.0000000000E+00    0.0000000000E+00    0.2733575580E-13    0.2733575581E-13    0.9999999997E+00
    8    0.3616666667E+01    0.4644557413E+00    0.3483418059E+00    0.3734388364E+00    0.0000000000E+00    0.0000000000E+00    0.0000000000E+00    0.0000000000E+00    0.0000000000E+00    0.0000000000E+00    0.1851353170E-13    0.1851353172E-13    0.9999999987E+00
    9    0.3616666667E+01    0.4644557413E+00   -0.4644557413E+00    0.5562265780E+00    0.0000000000E+00    0.0000000000E+00    0.0000000000E+00    0.0000000000E+00    0.0000000000E+00    0.0000000000E+00    0.5237214009E-13    0.5237214022E-13    0.9999999975E+00
   10    0.3616666667E+01   -0.3483418059E+00   -0.4644557413E+00    0.5575966036E+00    0.0000000000E+00    0.0000000000E+00    0.0000000000E+00    0.0000000000E+00    0.0000000000E+00    0.0000000000E+00    0.9008199787E-13    0.9008199789E-13    0.9999999999E+00
   11    0.3616666667E+01    0.4644557413E+00    0.3483418059E+00    0.5582608339E+00    0.0000000000E+00    0.0000000000E+00    0.0000000000E+00    0.0000000000E+00    0.0000000000E+00    0.0000000000E+00    0.4880527759E-13    0.4880527765E-13    0.9999999987E+00
    1    0.3875000000E+01    0.4644557413E+00   -0.4644557413E+00   -0.2564625888E+00    0.0000000000E+00    0.0000000000E+00    0.0000000000E+00    0.0000000000E+00    0.0000000000E+00    0.0000000000E+00    0.1971114473E-14    0.1971115312E-14    0.9999995745E+00
    2    0.3875000000E+01    0.4644557413E+00   -0.4644557413E+00    0.5572814987E+00    0.0000000000E+00    0.0000000000E+00    0.0000000000E+00    0.0000000000E+00    0.0000000000E+00    0.0000000000E+00    0.7815252231E-13    0.7815252234E-13    0.9999999997E+00
    3    0.3875000000E+01   -0.3483418059E+00   -0.4644557413E+00    0.3256771901E+00    0.0000000000E+00    0.0000000000E+00    0.0000000000E+00    0.0000000000E+00    0.0000000000E+00    0.0000000000E+00    0.2987439045E-13    0.2987439047E-13    0.9999999993E+00
    4    0.3875000000E+01    0.4644557413E+00    0.3483418059E+00    0.3219107215E+00    0.0000000000E+00    0.0000000000E+00    0.0000000000E+00    0.0000000000E+00    0.0000000000E+00    0.0000000000E+00    0.1965745348E-13    0.1965745348E-13    0.9999999999E+00
    5    0.3875000000E+01   -0.3483418059E+00   -0.4644557413E+00    0.2755291344E+00    0.0000000000E+00    0.0000000000E+00    0.0000000000E+00    0.0000000000E+00    0.0000000000E+00    0.0000000000E+00    0.7983273030E-13    0.7983273030E-13    0.9999999999E+00
    6    0.3875000000E+01    0.4644557413E+00    0.3483418059E+00    0.2772209839E+00    0.0000000000E+00    0.0000000000E+00    0.0000000000E+00    0.0000000000E+00    0.0000000000E+00    0.0000000000E+00    0.4193323731E-13    0.4193323731E-13    0.9999999998E+00
    7    0.3875000000E+01    0.4644557413E+00   -0.4644557413E+00    0.4973613633E+00    0.0000000000E+00    0.0000000000E+00    0.0000000000E+00    0.0000000000E+00    0.0000000000E+00    0.0000000000E+00    0.9235524802E-14    0.9235524832E-14    0.9999999967E+00
    8    0.3875000000E+01    0.4644557413E+00    0.3483418059E+00    0.4939969559E+00    0.0000000000E+00    0.0000000000E+00    0.0000000000E+00    0.0000000000E+00    0.0000000000E+00    0.0000000000E+00    0.1863574349E-14    0.1863574355E-14    0.9999999965E+00
    9    0.3875000000E+01   -0.3483418059E+00   -0.4644557413E+00    0.4924391616E+00    0.0000000000E+00    0.0000000000E+00    0.0000000000E+00    0.0000000000E+00    0.0000000000E+00    0.0000000000E+00    0.2929820222E-14    0.2929820276E-14    0.9999999815E+00
    1    0.4133333333E+01    0.4644557413E+00   -0.4644557413E+00   -0.2831407723E+00    0.0000000000E+00    0.0000000000E+00    0.0000000000E+00    0.0000000000E+00    0.0000000000E+00    0.0000000000E+00    0.4178418285E-14    0.4178418290E-14    0.9999999988E+00
    2    0.4133333333E+01    0.4644557413E+00   -0.4644557413E+00    0.4635363547E+00    0.0000000000E+00    0.0000000000E+00    0.0000000000E+00    0.0000000000E+00    0.0000000000E+00    0.0000000000E+00    0.1988424347E-13    0.1988424350E-13    0.9999999985E+00
    3    0.4133333333E+01    0.4644557413E+00   -0.4644557413E+00    0.4229216162E+00    0.0000000000E+00    0.0000000000E+00    0.0000000000E+00    0.0000000000E+00    0.0000000000E+00    0.0000000000E+00    0.1181802106E-13    0.1181802118E-13    0.9999999894E+00
    4    0.4133333333E+01   -0.3483418059E+00   -0.4644557413E+00    0.4384891777E+00    0.0000000000E+00    0.0000000000E+00    0.0000000000E+00    0.0000000000E+00    0.0000000000E+00    0.0000000000E+00    0.8383526429E-14    0.8383526928E-14    0.9999999405E+00
    5    0.4133333333E+01    0.4644557413E+00    0.3483418059E+00    0.4398708232E+00    0.0000000000E+00    0.0000000000E+00    0.0000000000E+00    0.0000000000E+00    0.0000000000E+00    0.0000000000E+00    0.5062314277E-14    0.5062314962E-14    0.9999998648E+00
    6    0.4133333333E+01   -0.3483418059E+00   -0.4644557413E+00    0.2665695564E+00    0.0000000000E+00    0.0000000000E+00    0.0000000000E+00    0.0000000000E+00    0.0000000000E+00    0.0000000000E+00    0.4742391564E-14    0.4742391570E-14    0.9999999988E+00
    7    0.4133333333E+01    0.4644557413E+00    0.3483418059E+00    0.2631947175E+00    0.0000000000E+00    0.0000000000E+00    0.0000000000E+00    0.0000000000E+00    0.0000000000E+00    0.0000000000E+00    0.3240912619E-14    0.3240912641E-14    0.9999999932E+00
    8    0.4133333333E+01   -0.3483418059E+00   -0.4644557413E+00    0.1703061125E+00    0.0000000000E+00    0.0000000000E+00    0.0000000000E+00    0.0000000000E+00    0.0000000000E+00    0.0000000000E+00    0.5156593889E-13    0.5156593909E-13    0.9999999960E+00
    9    0.4133333333E+01    0.4644557413E+00    0.3483418059E+00    0.1740539141E+00    0.0000000000E+00    0.0000000000E+00    0.0000000000E+00    0.0000000000E+00    0.0000000000E+00    0.0000000000E+00    0.2165737052E-13    0.2165737055E-13    0.9999999987E+00
    1    0.4391666667E+01    0.4644557413E+00   -0.4644557413E+00   -0.3097693486E+00    0.0000000000E+00    0.0000000000E+00    0.0000000000E+00    0.0000000000E+00    0.0000000000E+00    0.0000000000E+00    0.8075141541E-19    0.8075141551E-19    0.9999999988E+00
    2    0.4391666667E+01   -0.3483418059E+00    0.3483418059E+00   -0.7636021609E-01    0.0000000000E+00    0.0000000000E+00    0.0000000000E+00    0.0000000000E+00    0.0000000000E+00    0.0000000000E+00    0.2074324300E-11    0.2074324300E-11    0.1000000000E+01
    3    0.4391666667E+01   -0.3483418059E+00    0.3483418059E+00   -0.9893075570E-01    0.0000000000E+00    0.0000000000E+00    0.0000000000E+00    0.0000000000E+00    0.0000000000E+00    0.0000000000E+00    0.2326787758E-11    0.2326787758E-11    0.1000000000E+01
    4    0.4391666667E+01    0.4644557413E+00    0.3483418059E+00    0.3902713894E+00    0.0000000000E+00    0.0000000000E+00    0.0000000000E+00    0.0000000000E+00    0.0000000000E+00    0.0000000000E+00    0.7783570481E-14    0.7783570481E-14    0.1000000000E+01
    5    0.4391666667E+01   -0.3483418059E+00   -0.4644557413E+00    0.3893463510E+00    0.0000000000E+00    0.0000000000E+00    0.0000000000E+00    0.0000000000E+00    0.0000000000E+00    0.0000000000E+00    0.6436659796E-14    0.6436659798E-14    0.9999999998E+00
    6    0.4391666667E+01    0.4644557413E+00   -0.4644557413E+00    0.3097693592E+00    0.0000000000E+00    0.0000000000E+00    0.0000000000E+00    0.0000000000E+00    0.0000000000E+00    0.0000000000E+00    0.4185652605E-17    0.4185652605E-17    0.1000000000E+01
    7    0.4391666667E+01    0.4644557413E+00   -0.4644557413E+00    0.2697446174E+00    0.0000000000E+00    0.0000000000E+00    0.0000000000E+00    0.0000000000E+00    0.0000000000E+00    0.0000000000E+00    0.2727708579E-15    0.2727708636E-15    0.9999999791E+00
    8    0.4391666667E+01   -0.3483418059E+00   -0.4644557413E+00    0.2141503307E+00    0.0000000000E+00    0.0000000000E+00    0.0000000000E+00    0.0000000000E+00    0.0000000000E+00    0.0000000000E+00    0.6456828071E-14    0.6456828086E-14    0.9999999976E+00
    9    0.4391666667E+01    0.4644557413E+00    0.3483418059E+00    0.2113041581E+00    0.0000000000E+00    0.0000000000E+00    0.0000000000E+00    0.0000000000E+00    0.0000000000E+00    0.0000000000E+00    0.7949848129E-14    0.7949848129E-14    0.1000000000E+01
    1    0.4650000000E+01   -0.3483418059E+00    0.3483418059E+00   -0.3173694144E+00    0.0000000000E+00    0.0000000000E+00    0.0000000000E+00    0.0000000000E+00    0.0000000000E+00    0.0000000000E+00    0.3876649860E-13    0.3876649860E-13    0.1000000000E+01
    2    0.4650000000E+01    0.4644557413E+00   -0.4644557413E+00   -0.3356338749E+00    0.0000000000E+00    0.0000000000E+00    0.0000000000E+00    0.0000000000E+00    0.0000000000E+00    0.0000000000E+00    0.8292033814E-15    0.8292033815E-15    0.9999999999E+00
    3    0.4650000000E+01   -0.3483418059E+00    0.3483418059E+00   -0.2063929975E+00    0.0000000000E+00    0.0000000000E+00    0.0000000000E+00    0.0000000000E+00    0.0000000000E+00    0.0000000000E+00    0.2468052128E-13    0.2468052128E-13    0.1000000000E+01
    4    0.4650000000E+01   -0.3483418059E+00    0.3483418059E+00   -0.1725152752E+00    0.0000000000E+00    0.0000000000E+00    0.0000000000E+00    0.0000000000E+00    0.0000000000E+00    0.0000000000E+00    0.2192892070E-13    0.2192892070E-13    0.1000000000E+01
    5    0.4650000000E+01   -0.3483418059E+00    0.3483418059E+00   -0.2016807975E-01    0.0000000000E+00    0.0000000000E+00    0.0000000000E+00    0.0000000000E+00    0.0000000000E+00    0.0000000000E+00    0.5754965816E-13    0.5754965817E-13    0.9999999999E+00
    6    0.4650000000E+01    0.4644557413E+00    0.3483418059E+00    0.3429996586E+00    0.4644557413E+00    0.3483418059E+00    0.3429996586E+00    0.1298772695E+01    0.4487986063E+01    0.4002238901E+01    0.6105256906E-14    0.6105256907E-14    0.9999999999E+00
    7    0.4650000000E+01   -0.3483418059E+00   -0.4644557413E+00    0.3426360334E+00   -0.3483418059E+00   -0.4644557413E+00    0.3426360334E+00   -0.4501641884E+01   -0.1290358642E+01    0.3998492498E+01    0.4931079620E-14    0.4931079620E-14    0.1000000000E+01
    8    0.4650000000E+01   -0.3483418059E+00   -0.4644557413E+00    0.1641199942E+00    0.0000000000E+00    0.0000000000E+00    0.0000000000E+00    0.0000000000E+00    0.0000000000E+00    0.0000000000E+00    0.8917973801E-14    0.8917973803E-14    0.9999999998E+00
    9    0.4650000000E+01    0.4644557413E+00    0.3483418059E+00    0.1619993950E+00    0.0000000000E+00    0.0000000000E+00    0.0000000000E+00    0.0000000000E+00    0.0000000000E+00    0.0000000000E+00    0.9189067553E-14    0.9189067553E-14    0.1000000000E+01
    1    0.4908333333E+01   -0.3483418059E+00    0.3483418059E+00   -0.9982306555E-01    0.0000000000E+00    0.0000000000E+00    0.0000000000E+00    0.0000000000E+00    0.0000000000E+00    0.0000000000E+00    0.4141906482E-13    0.4141906482E-13    0.1000000000E+01
    2    0.4908333333E+01   -0.3483418059E+00    0.3483418059E+00   -0.3963676863E+00    0.0000000000E+00    0.0000000000E+00    0.0000000000E+00    0.0000000000E+00    0.0000000000E+00    0.0000000000E+00    0.5899310599E-13    0.5899310599E-13    0.1000000000E+01
    3    0.4908333333E+01   -0.3483418059E+00    0.3483418059E+00   -0.2415847710E+00    0.0000000000E+00    0.0000000000E+00    0.0000000000E+00    0.0000000000E+00    0.0000000000E+00    0.0000000000E+00    0.5045852189E-13    0.5045852189E-13    0.1000000000E+01
    4    0.4908333333E+01   -0.3483418059E+00    0.3483418059E+00   -0.2811531272E+00    0.0000000000E+00    0.0000000000E+00    0.0000000000E+00    0.0000000000E+00    0.0000000000E+00    0.0000000000E+00    0.4040818672E-13    0.4040818672E-13    0.1000000000E+01
    5    0.4908333333E+01    0.4644557413E+00   -0.4644557413E+00   -0.3616317683E+00    0.0000000000E+00    0.0000000000E+00    0.0000000000E+00    0.0000000000E+00    0.0000000000E+00    0.0000000000E+00    0.2248136191E-15    0.2248136192E-15    0.9999999993E+00
    6    0.4908333333E+01    0.4644557413E+00    0.3483418059E+00    0.1107257469E+00    0.0000000000E+00    0.0000000000E+00    0.0000000000E+00    0.0000000000E+00    0.0000000000E+00    0.0000000000E+00    0.8222117737E-13    0.8222117737E-13    0.1000000000E+01
    7    0.4908333333E+01   -0.3483418059E+00   -0.4644557413E+00    0.1118425445E+00    0.0000000000E+00    0.0000000000E+00    0.0000000000E+00    0.0000000000E+00    0.0000000000E+00    0.0000000000E+00    0.8780300864E-13    0.8780300864E-13    0.1000000000E+01
    8    0.4908333333E+01    0.4644557413E+00    0.3483418059E+00    0.2967137160E+00    0.0000000000E+00    0.0000000000E+00    0.0000000000E+00    0.0000000000E+00    0.0000000000E+00    0.0000000000E+00    0.3068281727E-14    0.3068281728E-14    0.1000000000E+01
    9    0.4908333333E+01   -0.3483418059E+00   -0.4644557413E+00    0.2969239009E+00    0.0000000000E+00    0.0000000000E+00    0.0000000000E+00    0.0000000000E+00    0.0000000000E+00    0.0000000000E+00    0.3494241098E-14    0.3494241098E-14    0.1000000000E+01
    1    0.5166666667E+01   -0.3483418059E+00    0.3483418059E+00   -0.1666134680E+00    0.0000000000E+00    0.0000000000E+00    0.0000000000E+00    0.0000000000E+00    0.0000000000E+00    0.0000000000E+00    0.4086550437E-13    0.4086550437E-13    0.1000000000E+01
    2    0.5166666667E+01   -0.3483418059E+00    0.3483418059E+00   -0.4668517742E+00    0.0000000000E+00    0.0000000000E+00    0.0000000000E+00    0.0000000000E+00    0.0000000000E+00    0.0000000000E+00    0.2957304849E-13    0.2957304849E-13    0.1000000000E+01
    3    0.5166666667E+01   -0.3483418059E+00    0.3483418059E+00   -0.3066473512E+00    0.0000000000E+00    0.0000000000E+00    0.0000000000E+00    0.0000000000E+00    0.0000000000E+00    0.0000000000E+00    0.3363816738E-13    0.3363816738E-13    0.1000000000E+01
    4    0.5166666667E+01   -0.3483418059E+00    0.3483418059E+00   -0.3452670056E+00    0.0000000000E+00    0.0000000000E+00    0.0000000000E+00    0.0000000000E+00    0.0000000000E+00    0.0000000000E+00    0.2141367204E-13    0.2141367204E-13    0.9999999999E+00
    5    0.5166666667E+01    0.4644557413E+00   -0.4644557413E+00   -0.3875381667E+00    0.4644557413E+00   -0.4644557413E+00   -0.3875381667E+00    0.1189118023E+01   -0.1164111526E+01   -0.4960928394E+01    0.1072135072E-16    0.1072135091E-16    0.9999999822E+00
    6    0.5166666667E+01    0.4644557413E+00    0.3483418059E+00    0.2502396368E+00    0.0000000000E+00    0.0000000000E+00    0.0000000000E+00    0.0000000000E+00    0.0000000000E+00    0.0000000000E+00    0.2484731018E-13    0.2484731018E-13    0.1000000000E+01
    7    0.5166666667E+01   -0.3483418059E+00   -0.4644557413E+00    0.2509696935E+00    0.0000000000E+00    0.0000000000E+00    0.0000000000E+00    0.0000000000E+00    0.0000000000E+00    0.0000000000E+00    0.5388634702E-13    0.5388634703E-13    0.1000000000E+01
    8    0.5166666667E+01    0.4644557413E+00    0.3483418059E+00    0.4077491107E-01    0.0000000000E+00    0.0000000000E+00    0.0000000000E+00    0.0000000000E+00    0.0000000000E+00    0.0000000000E+00    0.2102548047E-11    0.2102548047E-11    0.1000000000E+01
    9    0.5166666667E+01   -0.3483418059E+00   -0.4644557413E+00    0.3942825936E-01    0.0000000000E+00    0.0000000000E+00    0.0000000000E+00    0.0000000000E+00    0.0000000000E+00    0.0000000000E+00    0.2448324334E-11    0.2448324334E-11    0.1000000000E+01
    1    0.5425000000E+01   -0.3483418059E+00    0.3483418059E+00   -0.2295514823E+00    0.0000000000E+00    0.0000000000E+00    0.0000000000E+00    0.0000000000E+00    0.0000000000E+00    0.0000000000E+00    0.2727304558E-13    0.2727304558E-13    0.1000000000E+01
    2    0.5425000000E+01   -0.3483418059E+00    0.3483418059E+00   -0.5455067684E+00    0.0000000000E+00    0.0000000000E+00    0.0000000000E+00    0.0000000000E+00    0.0000000000E+00    0.0000000000E+00    0.5488936485E-12    0.5488936486E-12    0.9999999999E+00
    3    0.5425000000E+01   -0.3483418059E+00   -0.4644557413E+00    0.2032056382E+00    0.0000000000E+00    0.0000000000E+00    0.0000000000E+00    0.0000000000E+00    0.0000000000E+00    0.0000000000E+00    0.6397971291E-15    0.6397971777E-15    0.9999999241E+00
    4    0.5425000000E+01    0.4644557413E+00    0.3483418059E+00    0.2020643793E+00    0.0000000000E+00    0.0000000000E+00    0.0000000000E+00    0.0000000000E+00    0.0000000000E+00    0.0000000000E+00    0.5483456337E-15    0.5483456384E-15    0.9999999913E+00
    5    0.5425000000E+01   -0.3483418059E+00    0.3483418059E+00   -0.3815051649E+00    0.0000000000E+00    0.0000000000E+00    0.0000000000E+00    0.0000000000E+00    0.0000000000E+00    0.0000000000E+00    0.4724246888E-12    0.4724246888E-12    0.1000000000E+01
    6    0.5425000000E+01   -0.3483418059E+00    0.3483418059E+00   -0.4060200108E+00    0.0000000000E+00    0.0000000000E+00    0.0000000000E+00    0.0000000000E+00    0.0000000000E+00    0.0000000000E+00    0.2715456287E-13    0.2715456287E-13    0.1000000000E+01
    7    0.5425000000E+01    0.4644557413E+00   -0.4644557413E+00   -0.4134051619E+00    0.0000000000E+00    0.0000000000E+00    0.0000000000E+00    0.0000000000E+00    0.0000000000E+00    0.0000000000E+00    0.5151556447E-15    0.5151556451E-15    0.9999999993E+00
    1    0.5683333333E+01   -0.3483418059E+00    0.3483418059E+00   -0.2943414265E+00    0.0000000000E+00    0.0000000000E+00    0.0000000000E+00    0.0000000000E+00    0.0000000000E+00    0.0000000000E+00    0.1519548414E-15    0.2037555253E-13    0.7457704089E-02
    2    0.5683333333E+01   -0.3483418059E+00   -0.4644557413E+00    0.1506580614E+00    0.0000000000E+00    0.0000000000E+00    0.0000000000E+00    0.0000000000E+00    0.0000000000E+00    0.0000000000E+00    0.2789527030E-13    0.2789563492E-13    0.9999869292E+00
    3    0.5683333333E+01    0.4644557413E+00    0.3483418059E+00    0.1492607064E+00    0.0000000000E+00    0.0000000000E+00    0.0000000000E+00    0.0000000000E+00    0.0000000000E+00    0.0000000000E+00    0.3105837094E-13    0.3105837100E-13    0.9999999981E+00
    4    0.5683333333E+01   -0.3483418059E+00    0.3483418059E+00   -0.4687674228E+00    0.0000000000E+00    0.0000000000E+00    0.0000000000E+00    0.0000000000E+00    0.0000000000E+00    0.0000000000E+00    0.1464921003E-13    0.1467052530E-13    0.9985470687E+00
    5    0.5683333333E+01    0.4644557413E+00   -0.4644557413E+00   -0.4392776134E+00    0.0000000000E+00    0.0000000000E+00    0.0000000000E+00    0.0000000000E+00    0.0000000000E+00    0.0000000000E+00    0.1561176672E-14    0.1561177006E-14    0.9999997866E+00
    1    0.5941666667E+01   -0.3483418059E+00    0.3483418059E+00   -0.3714766795E+00    0.0000000000E+00    0.0000000000E+00    0.0000000000E+00    0.0000000000E+00    0.0000000000E+00    0.0000000000E+00    0.5090384649E-12    0.5090384653E-12    0.9999999991E+00
    2    0.5941666667E+01   -0.3483418059E+00    0.3483418059E+00   -0.5439965928E+00    0.0000000000E+00    0.0000000000E+00    0.0000000000E+00    0.0000000000E+00    0.0000000000E+00    0.0000000000E+00    0.5124467379E-12    0.5124467381E-12    0.9999999996E+00
    3    0.5941666667E+01    0.4644557413E+00   -0.4644557413E+00   -0.4651959605E+00    0.0000000000E+00    0.0000000000E+00    0.0000000000E+00    0.0000000000E+00    0.0000000000E+00    0.0000000000E+00    0.2521877629E-14    0.2521877842E-14    0.9999999154E+00
    4    0.5941666667E+01   -0.3483418059E+00   -0.4644557413E+00    0.8326220446E-01    0.0000000000E+00    0.0000000000E+00    0.0000000000E+00    0.0000000000E+00    0.0000000000E+00    0.0000000000E+00    0.8863299175E-12    0.8863299258E-12    0.9999999906E+00
    5    0.5941666667E+01    0.4644557413E+00    0.3483418059E+00    0.8174000111E-01    0.0000000000E+00    0.0000000000E+00    0.0000000000E+00    0.0000000000E+00    0.0000000000E+00    0.0000000000E+00    0.9304436559E-12    0.9304436559E-12    0.1000000000E+01
    1    0.6200000000E+01    0.4644557413E+00   -0.4644557413E+00   -0.4911977576E+00    0.0000000000E+00    0.0000000000E+00    0.0000000000E+00    0.0000000000E+00    0.0000000000E+00    0.0000000000E+00    0.2739966457E-14    0.2739966457E-14    0.1000000000E+01
    1    0.6458333333E+01    0.4644557413E+00   -0.4644557413E+00   -0.5173188162E+00    0.0000000000E+00    0.0000000000E+00    0.0000000000E+00    0.0000000000E+00    0.0000000000E+00    0.0000000000E+00    0.2062800622E-14    0.2062800622E-14    0.1000000000E+01
    1    0.6716666667E+01    0.4644557413E+00   -0.4644557413E+00   -0.5435941531E+00    0.0000000000E+00    0.0000000000E+00    0.0000000000E+00    0.0000000000E+00    0.0000000000E+00    0.0000000000E+00    0.8286410081E-15    0.8286410081E-15    0.1000000000E+01
    1    0.6975000000E+01    0.4644557413E+00   -0.4644557413E+00   -0.5700593761E+00    0.0000000000E+00    0.0000000000E+00    0.0000000000E+00    0.0000000000E+00    0.0000000000E+00    0.0000000000E+00    0.1982198131E-15    0.1982198131E-15    0.1000000000E+01
    1    0.7233333333E+01    0.4644557413E+00   -0.4644557413E+00    0.5527215051E+00    0.0000000000E+00    0.0000000000E+00    0.0000000000E+00    0.0000000000E+00    0.0000000000E+00    0.0000000000E+00    0.5287183802E-15    0.5287183802E-15    0.1000000000E+01
    1    0.7491666667E+01    0.4644557413E+00   -0.4644557413E+00    0.5257698408E+00    0.0000000000E+00    0.0000000000E+00    0.0000000000E+00    0.0000000000E+00    0.0000000000E+00    0.0000000000E+00    0.2017995537E-14    0.2017995537E-14    0.1000000000E+01
    2    0.7491666667E+01   -0.3483418059E+00   -0.4644557413E+00   -0.4309890782E-01    0.0000000000E+00    0.0000000000E+00    0.0000000000E+00    0.0000000000E+00    0.0000000000E+00    0.0000000000E+00    0.3329918266E-11    0.3329918266E-11    0.1000000000E+01
    3    0.7491666667E+01    0.4644557413E+00    0.3483418059E+00   -0.4515779669E-01    0.0000000000E+00    0.0000000000E+00    0.0000000000E+00    0.0000000000E+00    0.0000000000E+00    0.0000000000E+00    0.2812242020E-11    0.2812242020E-11    0.1000000000E+01
    1    0.7750000000E+01    0.4644557413E+00   -0.4644557413E+00    0.4985168371E+00    0.0000000000E+00    0.0000000000E+00    0.0000000000E+00    0.0000000000E+00    0.0000000000E+00    0.0000000000E+00    0.3625867225E-14    0.3625867227E-14    0.9999999994E+00
    2    0.7750000000E+01   -0.3483418059E+00   -0.4644557413E+00   -0.1061384488E+00    0.0000000000E+00    0.0000000000E+00    0.0000000000E+00    0.0000000000E+00    0.0000000000E+00    0.0000000000E+00    0.2236845917E-12    0.2236845917E-12    0.1000000000E+01
    3    0.7750000000E+01    0.4644557413E+00    0.3483418059E+00   -0.1059832809E+00    0.0000000000E+00    0.0000000000E+00    0.0000000000E+00    0.0000000000E+00    0.0000000000E+00    0.0000000000E+00    0.2189824962E-12    0.2189824962E-12    0.1000000000E+01
    1    0.8008333333E+01    0.4644557413E+00   -0.4644557413E+00    0.4709202867E+00    0.0000000000E+00    0.0000000000E+00    0.0000000000E+00    0.0000000000E+00    0.0000000000E+00    0.0000000000E+00    0.4145491982E-14    0.4145491982E-14    0.1000000000E+01
    2    0.8008333333E+01   -0.3483418059E+00   -0.4644557413E+00   -0.1508290500E+00    0.0000000000E+00    0.0000000000E+00    0.0000000000E+00    0.0000000000E+00    0.0000000000E+00    0.0000000000E+00    0.2317623546E-13    0.2317623546E-13    0.1000000000E+01
    3    0.8008333333E+01    0.4644557413E+00    0.3483418059E+00   -0.1499578490E+00    0.0000000000E+00    0.0000000000E+00    0.0000000000E+00    0.0000000000E+00    0.0000000000E+00    0.0000000000E+00    0.2508783000E-13    0.2508783000E-13    0.1000000000E+01
    1    0.8266666667E+01    0.4644557413E+00   -0.4644557413E+00    0.4429344159E+00    0.0000000000E+00    0.0000000000E+00    0.0000000000E+00    0.0000000000E+00    0.0000000000E+00    0.0000000000E+00    0.3062656393E-14    0.3062656393E-14    0.1000000000E+01
    2    0.8266666667E+01   -0.3483418059E+00   -0.4644557413E+00   -0.1910590781E+00    0.0000000000E+00    0.0000000000E+00    0.0000000000E+00    0.0000000000E+00    0.0000000000E+00    0.0000000000E+00    0.1801021043E-17    0.1801021045E-17    0.9999999990E+00
    3    0.8266666667E+01    0.4644557413E+00    0.3483418059E+00   -0.1897579472E+00    0.0000000000E+00    0.0000000000E+00    0.0000000000E+00    0.0000000000E+00    0.0000000000E+00    0.0000000000E+00    0.2503771588E-16    0.2503771588E-16    0.1000000000E+01
    1    0.8525000000E+01    0.4644557413E+00   -0.4644557413E+00    0.4145090154E+00    0.0000000000E+00    0.0000000000E+00    0.0000000000E+00    0.0000000000E+00    0.0000000000E+00    0.0000000000E+00    0.1132809294E-14    0.1132809299E-14    0.9999999956E+00
    2    0.8525000000E+01   -0.3483418059E+00   -0.4644557413E+00   -0.2297724464E+00    0.0000000000E+00    0.0000000000E+00    0.0000000000E+00    0.0000000000E+00    0.0000000000E+00    0.0000000000E+00    0.4247879692E-14    0.4247879693E-14    0.9999999999E+00
    3    0.8525000000E+01    0.4644557413E+00    0.3483418059E+00   -0.2281994606E+00    0.0000000000E+00    0.0000000000E+00    0.0000000000E+00    0.0000000000E+00    0.0000000000E+00    0.0000000000E+00    0.5018326268E-14    0.5018326271E-14    0.9999999993E+00
    1    0.8783333333E+01    0.4644557413E+00   -0.4644557413E+00    0.3855884966E+00    0.0000000000E+00    0.0000000000E+00    0.0000000000E+00    0.0000000000E+00    0.0000000000E+00    0.0000000000E+00    0.7898981554E-17    0.7898981722E-17    0.9999999788E+00
    2    0.8783333333E+01   -0.3483418059E+00   -0.4644557413E+00   -0.2683200488E+00    0.0000000000E+00    0.0000000000E+00    0.0000000000E+00    0.0000000000E+00    0.0000000000E+00    0.0000000000E+00    0.6049404403E-14    0.6049404403E-14    0.1000000000E+01
    3    0.8783333333E+01    0.4644557413E+00    0.3483418059E+00   -0.2666009458E+00    0.0000000000E+00    0.0000000000E+00    0.0000000000E+00    0.0000000000E+00    0.0000000000E+00    0.0000000000E+00    0.9025276101E-14    0.9025276101E-14    0.9999999999E+00
    1    0.9041666667E+01    0.4644557413E+00   -0.4644557413E+00    0.3561107960E+00    0.0000000000E+00    0.0000000000E+00    0.0000000000E+00    0.0000000000E+00    0.0000000000E+00    0.0000000000E+00    0.9678054217E-15    0.9678054218E-15    0.9999999999E+00
    2    0.9041666667E+01   -0.3483418059E+00   -0.4644557413E+00   -0.8806800564E-01    0.0000000000E+00    0.0000000000E+00    0.0000000000E+00    0.0000000000E+00    0.0000000000E+00    0.0000000000E+00    0.1734280516E-11    0.1734280516E-11    0.1000000000E+01
    3    0.9041666667E+01    0.4644557413E+00    0.3483418059E+00   -0.9221680259E-01    0.0000000000E+00    0.0000000000E+00    0.0000000000E+00    0.0000000000E+00    0.0000000000E+00    0.0000000000E+00    0.1498475637E-11    0.1498475637E-11    0.1000000000E+01
    4    0.9041666667E+01   -0.3483418059E+00   -0.4644557413E+00   -0.3076203365E+00    0.0000000000E+00    0.0000000000E+00    0.0000000000E+00    0.0000000000E+00    0.0000000000E+00    0.0000000000E+00    0.7035187665E-14    0.7035187665E-14    0.1000000000E+01
    5    0.9041666667E+01    0.4644557413E+00    0.3483418059E+00   -0.3058780921E+00    0.0000000000E+00    0.0000000000E+00    0.0000000000E+00    0.0000000000E+00    0.0000000000E+00    0.0000000000E+00    0.8398718989E-14    0.8398718990E-14    0.9999999999E+00
    1    0.9300000000E+01    0.4644557413E+00   -0.4644557413E+00    0.3260060577E+00    0.0000000000E+00    0.0000000000E+00    0.0000000000E+00    0.0000000000E+00    0.0000000000E+00    0.0000000000E+00    0.3633086397E-14    0.3633086397E-14    0.1000000000E+01
    2    0.9300000000E+01   -0.3483418059E+00   -0.4644557413E+00   -0.1575349249E+00    0.0000000000E+00    0.0000000000E+00    0.0000000000E+00    0.0000000000E+00    0.0000000000E+00    0.0000000000E+00    0.3981480896E-13    0.3981480896E-13    0.1000000000E+01
    3    0.9300000000E+01    0.4644557413E+00    0.3483418059E+00   -0.1584195902E+00    0.0000000000E+00    0.0000000000E+00    0.0000000000E+00    0.0000000000E+00    0.0000000000E+00    0.0000000000E+00    0.7517595071E-13    0.7517595071E-13    0.1000000000E+01
    4    0.9300000000E+01   -0.3483418059E+00   -0.4644557413E+00   -0.3485348503E+00    0.0000000000E+00    0.0000000000E+00    0.0000000000E+00    0.0000000000E+00    0.0000000000E+00    0.0000000000E+00    0.7583905456E-15    0.7583905456E-15    0.1000000000E+01
    5    0.9300000000E+01    0.4644557413E+00    0.3483418059E+00   -0.3469078204E+00    0.0000000000E+00    0.0000000000E+00    0.0000000000E+00    0.0000000000E+00    0.0000000000E+00    0.0000000000E+00    0.2619657318E-13    0.2619657318E-13    0.1000000000E+01
    1    0.9558333333E+01    0.4644557413E+00   -0.4644557413E+00    0.2951950002E+00    0.0000000000E+00    0.0000000000E+00    0.0000000000E+00    0.0000000000E+00    0.0000000000E+00    0.0000000000E+00    0.5879780431E-14    0.5879780431E-14    0.1000000000E+01
    2    0.9558333333E+01   -0.3483418059E+00   -0.4644557413E+00   -0.2138988452E+00    0.0000000000E+00    0.0000000000E+00    0.0000000000E+00    0.0000000000E+00    0.0000000000E+00    0.0000000000E+00    0.4388488140E-14    0.4388488144E-14    0.9999999990E+00
    3    0.9558333333E+01    0.4644557413E+00    0.3483418059E+00   -0.2133802409E+00    0.0000000000E+00    0.0000000000E+00    0.0000000000E+00    0.0000000000E+00    0.0000000000E+00    0.0000000000E+00    0.5986613380E-13    0.5986613381E-13    0.1000000000E+01
    4    0.9558333333E+01   -0.3483418059E+00   -0.4644557413E+00   -0.3921258069E+00    0.0000000000E+00    0.0000000000E+00    0.0000000000E+00    0.0000000000E+00    0.0000000000E+00    0.0000000000E+00    0.7137860033E-15    0.7137860046E-15    0.9999999981E+00
    5    0.9558333333E+01    0.4644557413E+00    0.3483418059E+00   -0.3907885875E+00    0.0000000000E+00    0.0000000000E+00    0.0000000000E+00    0.0000000000E+00    0.0000000000E+00    0.0000000000E+00    0.5140591453E-13    0.5140591453E-13    0.1000000000E+01
    1    0.9816666667E+01    0.4644557413E+00   -0.4644557413E+00    0.2635868294E+00    0.0000000000E+00    0.0000000000E+00    0.0000000000E+00    0.0000000000E+00    0.0000000000E+00    0.0000000000E+00    0.5488232938E-14    0.5488232939E-14    0.9999999999E+00
    2    0.9816666667E+01   -0.3483418059E+00    0.3483418059E+00    0.3530250345E+00    0.0000000000E+00    0.0000000000E+00    0.0000000000E+00    0.0000000000E+00    0.0000000000E+00    0.0000000000E+00    0.6349755396E-12    0.6349755396E-12    0.1000000000E+01
    3    0.9816666667E+01   -0.3483418059E+00    0.3483418059E+00    0.5315179713E+00    0.0000000000E+00    0.0000000000E+00    0.0000000000E+00    0.0000000000E+00    0.0000000000E+00    0.0000000000E+00    0.6192857830E-12    0.6192857830E-12    0.1000000000E+01
    4    0.9816666667E+01   -0.3483418059E+00   -0.4644557413E+00   -0.2679090621E+00    0.0000000000E+00    0.0000000000E+00    0.0000000000E+00    0.0000000000E+00    0.0000000000E+00    0.0000000000E+00    0.6560514474E-14    0.6560514474E-14    0.1000000000E+01
    5    0.9816666667E+01    0.4644557413E+00    0.3483418059E+00   -0.2666066721E+00    0.0000000000E+00    0.0000000000E+00    0.0000000000E+00    0.0000000000E+00    0.0000000000E+00    0.0000000000E+00    0.5377841729E-13    0.5377841729E-13    0.1000000000E+01
    6    0.9816666667E+01   -0.3483418059E+00   -0.4644557413E+00   -0.4400595283E+00    0.0000000000E+00    0.0000000000E+00    0.0000000000E+00    0.0000000000E+00    0.0000000000E+00    0.0000000000E+00    0.2908617725E-14    0.2908617725E-14    0.1000000000E+01
    7    0.9816666667E+01    0.4644557413E+00    0.3483418059E+00   -0.4392610462E+00    0.0000000000E+00    0.0000000000E+00    0.0000000000E+00    0.0000000000E+00    0.0000000000E+00    0.0000000000E+00    0.2790447519E-13    0.2790447519E-13    0.1000000000E+01
    1    0.1007500000E+02    0.4644557413E+00   -0.4644557413E+00    0.2310764884E+00    0.0000000000E+00    0.0000000000E+00    0.0000000000E+00    0.0000000000E+00    0.0000000000E+00    0.0000000000E+00    0.2519583894E-14    0.2519583904E-14    0.9999999958E+00
    2    0.1007500000E+02   -0.3483418059E+00    0.3483418059E+00    0.2774062838E+00    0.0000000000E+00    0.0000000000E+00    0.0000000000E+00    0.0000000000E+00    0.0000000000E+00    0.0000000000E+00    0.1225230804E-12    0.1225230804E-12    0.9999999999E+00
    3    0.1007500000E+02   -0.3483418059E+00    0.3483418059E+00    0.4623592144E+00    0.0000000000E+00    0.0000000000E+00    0.0000000000E+00    0.0000000000E+00    0.0000000000E+00    0.0000000000E+00    0.1454612926E-13    0.1454612940E-13    0.9999999905E+00
    4    0.1007500000E+02   -0.3483418059E+00   -0.4644557413E+00   -0.3251327178E+00    0.0000000000E+00    0.0000000000E+00    0.0000000000E+00    0.0000000000E+00    0.0000000000E+00    0.0000000000E+00    0.2348482598E-13    0.2348482600E-13    0.9999999992E+00
    5    0.1007500000E+02    0.4644557413E+00    0.3483418059E+00   -0.3235776216E+00    0.0000000000E+00    0.0000000000E+00    0.0000000000E+00    0.0000000000E+00    0.0000000000E+00    0.0000000000E+00    0.7044224810E-13    0.7044224810E-13    0.1000000000E+01
    6    0.1007500000E+02   -0.3483418059E+00   -0.4644557413E+00   -0.4957655569E+00    0.0000000000E+00    0.0000000000E+00    0.0000000000E+00    0.0000000000E+00    0.0000000000E+00    0.0000000000E+00    0.2341009395E-13    0.2341009400E-13    0.9999999978E+00
    7    0.1007500000E+02    0.4644557413E+00    0.3483418059E+00   -0.4959325703E+00    0.0000000000E+00    0.0000000000E+00    0.0000000000E+00    0.0000000000E+00    0.0000000000E+00    0.0000000000E+00    0.6516311209E-13    0.6516311210E-13    0.9999999999E+00
    1    0.1033333333E+02   -0.3483418059E+00    0.3483418059E+00    0.2046956570E+00    0.0000000000E+00    0.0000000000E+00    0.0000000000E+00    0.0000000000E+00    0.0000000000E+00    0.0000000000E+00    0.1094803861E-12    0.1094803862E-12    0.1000000000E+01
    2    0.1033333333E+02   -0.3483418059E+00    0.3483418059E+00    0.4021650387E+00    0.0000000000E+00    0.0000000000E+00    0.0000000000E+00    0.0000000000E+00    0.0000000000E+00    0.0000000000E+00    0.9880784291E-13    0.9880784292E-13    0.9999999999E+00
    3    0.1033333333E+02    0.4644557413E+00   -0.4644557413E+00    0.1975409138E+00    0.0000000000E+00    0.0000000000E+00    0.0000000000E+00    0.0000000000E+00    0.0000000000E+00    0.0000000000E+00    0.7160965900E-16    0.7161058641E-16    0.9999870493E+00
    4    0.1033333333E+02   -0.3483418059E+00   -0.4644557413E+00   -0.3976875151E+00    0.0000000000E+00    0.0000000000E+00    0.0000000000E+00    0.0000000000E+00    0.0000000000E+00    0.0000000000E+00    0.3845796586E-11    0.3845796599E-11    0.9999999966E+00
    5    0.1033333333E+02    0.4644557413E+00    0.3483418059E+00   -0.3970991869E+00    0.0000000000E+00    0.0000000000E+00    0.0000000000E+00    0.0000000000E+00    0.0000000000E+00    0.0000000000E+00    0.6823807799E-11    0.6823807800E-11    0.9999999998E+00
    6    0.1033333333E+02   -0.3483418059E+00   -0.4644557413E+00   -0.5716237798E+00    0.0000000000E+00    0.0000000000E+00    0.0000000000E+00    0.0000000000E+00    0.0000000000E+00    0.0000000000E+00    0.6446453737E-11    0.6446453739E-11    0.9999999998E+00
    7    0.1033333333E+02    0.4644557413E+00    0.3483418059E+00   -0.5737230365E+00    0.0000000000E+00    0.0000000000E+00    0.0000000000E+00    0.0000000000E+00    0.0000000000E+00    0.0000000000E+00    0.1079714484E-10    0.1079714484E-10    0.1000000000E+01
    1    0.1059166667E+02   -0.3483418059E+00    0.3483418059E+00    0.1150661318E+00    0.0000000000E+00    0.0000000000E+00    0.0000000000E+00    0.0000000000E+00    0.0000000000E+00    0.0000000000E+00    0.2954756542E-11    0.2954756542E-11    0.1000000000E+01
    2    0.1059166667E+02    0.4644557413E+00   -0.4644557413E+00    0.1628337507E+00    0.0000000000E+00    0.0000000000E+00    0.0000000000E+00    0.0000000000E+00    0.0000000000E+00    0.0000000000E+00    0.1695015437E-14    0.1695015437E-14    0.1000000000E+01
    3    0.1059166667E+02   -0.3483418059E+00    0.3483418059E+00   -0.5360886541E+00    0.0000000000E+00    0.0000000000E+00    0.0000000000E+00    0.0000000000E+00    0.0000000000E+00    0.0000000000E+00    0.2568022939E-10    0.2568022939E-10    0.1000000000E+01
    4    0.1059166667E+02   -0.3483418059E+00    0.3483418059E+00    0.3434888694E+00    0.0000000000E+00    0.0000000000E+00    0.0000000000E+00    0.0000000000E+00    0.0000000000E+00    0.0000000000E+00    0.1870894591E-12    0.1870894591E-12    0.1000000000E+01
    5    0.1059166667E+02   -0.3483418059E+00    0.3483418059E+00    0.4332527995E+00    0.0000000000E+00    0.0000000000E+00    0.0000000000E+00    0.0000000000E+00    0.0000000000E+00    0.0000000000E+00    0.2571681413E-10    0.2571681413E-10    0.1000000000E+01
    1    0.1085000000E+02   -0.3483418059E+00    0.3483418059E+00    0.5128046174E+00    0.0000000000E+00    0.0000000000E+00    0.0000000000E+00    0.0000000000E+00    0.0000000000E+00    0.0000000000E+00    0.1804797136E-12    0.1804797136E-12    0.1000000000E+01
    2    0.1085000000E+02    0.4644557413E+00   -0.4644557413E+00    0.1267775790E+00    0.0000000000E+00    0.0000000000E+00    0.0000000000E+00    0.0000000000E+00    0.0000000000E+00    0.0000000000E+00    0.6922820892E-14    0.6922820892E-14    0.1000000000E+01
    3    0.1085000000E+02   -0.3483418059E+00    0.3483418059E+00    0.3227704242E+00    0.0000000000E+00    0.0000000000E+00    0.0000000000E+00    0.0000000000E+00    0.0000000000E+00    0.0000000000E+00    0.2970664109E-12    0.2970664109E-12    0.1000000000E+01
    4    0.1085000000E+02   -0.3483418059E+00    0.3483418059E+00    0.2823342445E+00    0.0000000000E+00    0.0000000000E+00    0.0000000000E+00    0.0000000000E+00    0.0000000000E+00    0.0000000000E+00    0.9902956590E-13    0.9902956590E-13    0.1000000000E+01
    1    0.1110833333E+02   -0.3483418059E+00    0.3483418059E+00    0.4489950678E+00    0.0000000000E+00    0.0000000000E+00    0.0000000000E+00    0.0000000000E+00    0.0000000000E+00    0.0000000000E+00    0.8762617610E-13    0.8762617610E-13    0.1000000000E+01
    2    0.1110833333E+02    0.4644557413E+00   -0.4644557413E+00    0.8915190465E-01    0.0000000000E+00    0.0000000000E+00    0.0000000000E+00    0.0000000000E+00    0.0000000000E+00    0.0000000000E+00    0.1002014865E-13    0.1002014865E-13    0.9999999999E+00
    3    0.1110833333E+02   -0.3483418059E+00    0.3483418059E+00    0.2427068106E+00    0.0000000000E+00    0.0000000000E+00    0.0000000000E+00    0.0000000000E+00    0.0000000000E+00    0.0000000000E+00    0.1601497650E-12    0.1601497650E-12    0.1000000000E+01
    4    0.1110833333E+02   -0.3483418059E+00    0.3483418059E+00    0.2140296595E+00    0.0000000000E+00    0.0000000000E+00    0.0000000000E+00    0.0000000000E+00    0.0000000000E+00    0.0000000000E+00    0.9333569556E-13    0.9333569556E-13    0.1000000000E+01
    1    0.1136666667E+02   -0.3483418059E+00    0.3483418059E+00    0.3930869629E+00    0.0000000000E+00    0.0000000000E+00    0.0000000000E+00    0.0000000000E+00    0.0000000000E+00    0.0000000000E+00    0.8851609981E-13    0.8851609981E-13    0.1000000000E+01
    2    0.1136666667E+02   -0.3483418059E+00    0.3483418059E+00    0.1541288821E+00    0.0000000000E+00    0.0000000000E+00    0.0000000000E+00    0.0000000000E+00    0.0000000000E+00    0.0000000000E+00    0.1109326852E-11    0.1109326852E-11    0.1000000000E+01
    3    0.1136666667E+02   -0.3483418059E+00    0.3483418059E+00    0.1271519585E+00    0.0000000000E+00    0.0000000000E+00    0.0000000000E+00    0.0000000000E+00    0.0000000000E+00    0.0000000000E+00    0.1047305376E-11    0.1047305376E-11    0.1000000000E+01
    4    0.1136666667E+02    0.4644557413E+00   -0.4644557413E+00    0.4967347914E-01    0.0000000000E+00    0.0000000000E+00    0.0000000000E+00    0.0000000000E+00    0.0000000000E+00    0.0000000000E+00    0.6215682085E-14    0.6215682085E-14    0.1000000000E+01
    1    0.1162500000E+02   -0.3483418059E+00    0.3483418059E+00    0.3395087677E+00    0.0000000000E+00    0.0000000000E+00    0.0000000000E+00    0.0000000000E+00    0.0000000000E+00    0.0000000000E+00    0.4556498218E-14    0.4556498218E-14    0.1000000000E+01
    2    0.1162500000E+02   -0.3483418059E+00   -0.4644557413E+00   -0.2881965473E+00    0.0000000000E+00    0.0000000000E+00    0.0000000000E+00    0.0000000000E+00    0.0000000000E+00    0.0000000000E+00    0.1297624811E-11    0.1297624811E-11    0.1000000000E+01
    3    0.1162500000E+02    0.4644557413E+00    0.3483418059E+00   -0.2994219358E+00    0.0000000000E+00    0.0000000000E+00    0.0000000000E+00    0.0000000000E+00    0.0000000000E+00    0.0000000000E+00    0.5437578232E-11    0.5437578232E-11    0.1000000000E+01
    4    0.1162500000E+02    0.4644557413E+00   -0.4644557413E+00    0.7961395578E-02    0.0000000000E+00    0.0000000000E+00    0.0000000000E+00    0.0000000000E+00    0.0000000000E+00    0.0000000000E+00    0.8659069912E-15    0.8659069912E-15    0.1000000000E+01
    1    0.1188333333E+02   -0.3483418059E+00    0.3483418059E+00    0.2854210444E+00    0.0000000000E+00    0.0000000000E+00    0.0000000000E+00    0.0000000000E+00    0.0000000000E+00    0.0000000000E+00    0.2342201811E-13    0.2342201812E-13    0.1000000000E+01
    2    0.1188333333E+02    0.4644557413E+00   -0.4644557413E+00   -0.3652759015E-01    0.0000000000E+00    0.0000000000E+00    0.0000000000E+00    0.0000000000E+00    0.0000000000E+00    0.0000000000E+00    0.5020761427E-14    0.5020761427E-14    0.1000000000E+01
    3    0.1188333333E+02   -0.3483418059E+00   -0.4644557413E+00   -0.4942171479E+00   -0.3483418059E+00   -0.4644557413E+00    0.6552521671E+00    0.3262646379E+01    0.2985607000E+01   -0.3918427121E+01    0.3458430926E-13    0.3458430926E-13    0.9999999999E+00
    4    0.1188333333E+02    0.4644557413E+00    0.3483418059E+00   -0.4920328572E+00    0.0000000000E+00    0.0000000000E+00    0.0000000000E+00    0.0000000000E+00    0.0000000000E+00    0.0000000000E+00    0.9781966519E-14    0.9781966528E-14    0.9999999991E+00
    1    0.1214166667E+02   -0.3483418059E+00    0.3483418059E+00    0.2283357532E+00    0.0000000000E+00    0.0000000000E+00    0.0000000000E+00    0.0000000000E+00    0.0000000000E+00    0.0000000000E+00    0.2005229573E-13    0.2005229738E-13    0.9999999180E+00
    2    0.1214166667E+02    0.4644557413E+00   -0.4644557413E+00   -0.8464557422E-01    0.0000000000E+00    0.0000000000E+00    0.0000000000E+00    0.0000000000E+00    0.0000000000E+00    0.0000000000E+00    0.1608762719E-13    0.1608762818E-13    0.9999999388E+00
    3    0.1214166667E+02   -0.3483418059E+00   -0.4644557413E+00    0.5618089804E+00   -0.3483418059E+00   -0.4644557413E+00   -0.5876603347E+00    0.3223765315E+01    0.3017108380E+01    0.4116545171E+01    0.3178256834E-12    0.3178256834E-12    0.1000000000E+01
    4    0.1214166667E+02    0.4644557413E+00    0.3483418059E+00    0.5633179601E+00    0.0000000000E+00    0.0000000000E+00    0.0000000000E+00    0.0000000000E+00    0.0000000000E+00    0.0000000000E+00    0.1343492876E-14    0.1343492876E-14    0.1000000000E+01
    1    0.1240000000E+02    0.4644557413E+00   -0.4644557413E+00   -0.1378959864E+00    0.0000000000E+00    0.0000000000E+00    0.0000000000E+00    0.0000000000E+00    0.0000000000E+00    0.0000000000E+00    0.1091194374E-13    0.1091194374E-13    0.1000000000E+01
    2    0.1240000000E+02   -0.3483418059E+00    0.3483418059E+00    0.1645737693E+00    0.0000000000E+00    0.0000000000E+00    0.0000000000E+00    0.0000000000E+00    0.0000000000E+00    0.0000000000E+00    0.4723558217E-13    0.4723558217E-13    0.1000000000E+01
    3    0.1240000000E+02   -0.3483418059E+00   -0.4644557413E+00    0.4721873354E+00    0.0000000000E+00    0.0000000000E+00    0.0000000000E+00    0.0000000000E+00    0.0000000000E+00    0.0000000000E+00    0.1771858459E-14    0.1771858459E-14    0.1000000000E+01
    4    0.1240000000E+02    0.4644557413E+00    0.3483418059E+00    0.4718892254E+00    0.0000000000E+00    0.0000000000E+00    0.0000000000E+00    0.0000000000E+00    0.0000000000E+00    0.0000000000E+00    0.2508003406E-13    0.2508003406E-13    0.1000000000E+01
    1    0.1265833333E+02    0.4644557413E+00   -0.4644557413E+00   -0.1994176450E+00    0.0000000000E+00    0.0000000000E+00    0.0000000000E+00    0.0000000000E+00    0.0000000000E+00    0.0000000000E+00    0.3005279783E-15    0.3005279783E-15    0.9999999999E+00
    2    0.1265833333E+02   -0.3483418059E+00    0.3483418059E+00    0.8287071841E-01    0.0000000000E+00    0.0000000000E+00    0.0000000000E+00    0.0000000000E+00    0.0000000000E+00    0.0000000000E+00    0.4539801627E-11    0.4539801627E-11    0.1000000000E+01
    3    0.1265833333E+02   -0.3483418059E+00   -0.4644557413E+00    0.3606698795E+00    0.0000000000E+00    0.0000000000E+00    0.0000000000E+00    0.0000000000E+00    0.0000000000E+00    0.0000000000E+00    0.1080713363E-13    0.1080713363E-13    0.1000000000E+01
    4    0.1265833333E+02    0.4644557413E+00    0.3483418059E+00    0.3567132562E+00    0.0000000000E+00    0.0000000000E+00    0.0000000000E+00    0.0000000000E+00    0.0000000000E+00    0.0000000000E+00    0.4978736800E-13    0.4978736800E-13    0.1000000000E+01
    1    0.1291666667E+02    0.4644557413E+00   -0.4644557413E+00   -0.2768973500E+00    0.0000000000E+00    0.0000000000E+00    0.0000000000E+00    0.0000000000E+00    0.0000000000E+00    0.0000000000E+00    0.8892764189E-14    0.8892764189E-14    0.1000000000E+01
    1    0.1317500000E+02    0.4644557413E+00   -0.4644557413E+00   -0.3830302402E+00    0.0000000000E+00    0.0000000000E+00    0.0000000000E+00    0.0000000000E+00    0.0000000000E+00    0.0000000000E+00    0.2529139846E-19    0.2529139846E-19    0.1000000000E+01
    1    0.1343333333E+02   -0.3483418059E+00    0.3483418059E+00   -0.5535743206E+00    0.0000000000E+00    0.0000000000E+00    0.0000000000E+00    0.0000000000E+00    0.0000000000E+00    0.0000000000E+00    0.2647726601E-09    0.2647726601E-09    0.1000000000E+01
    2    0.1343333333E+02    0.4644557413E+00   -0.4644557413E+00   -0.4981925376E+00    0.0000000000E+00    0.0000000000E+00    0.0000000000E+00    0.0000000000E+00    0.0000000000E+00    0.0000000000E+00    0.8339538600E-12    0.8339538600E-12    0.1000000000E+01
    3    0.1343333333E+02   -0.3483418059E+00    0.3483418059E+00   -0.5125924975E-01    0.0000000000E+00    0.0000000000E+00    0.0000000000E+00    0.0000000000E+00    0.0000000000E+00    0.0000000000E+00    0.4339274220E-11    0.4339274220E-11    0.1000000000E+01
    4    0.1343333333E+02    0.4644557413E+00   -0.4644557413E+00   -0.3112476354E+00    0.0000000000E+00    0.0000000000E+00    0.0000000000E+00    0.0000000000E+00    0.0000000000E+00    0.0000000000E+00    0.3991693620E-11    0.3991693620E-11    0.1000000000E+01
    5    0.1343333333E+02    0.4644557413E+00   -0.4644557413E+00   -0.1641885714E+00    0.4644557413E+00   -0.4644557413E+00    0.9852807436E+00   -0.3539877314E+00    0.3576666774E+00    0.1684841336E+00    0.3050151069E-11    0.3050151069E-11    0.1000000000E+01
    6    0.1343333333E+02   -0.3483418059E+00    0.3483418059E+00   -0.1920365838E+00    0.0000000000E+00    0.0000000000E+00    0.0000000000E+00    0.0000000000E+00    0.0000000000E+00    0.0000000000E+00    0.2571588307E-11    0.2571588307E-11    0.1000000000E+01
    7    0.1343333333E+02   -0.3483418059E+00    0.3483418059E+00   -0.2023764463E+00    0.0000000000E+00    0.0000000000E+00    0.0000000000E+00    0.0000000000E+00    0.0000000000E+00    0.0000000000E+00    0.1903821473E-11    0.1903821473E-11    0.1000000000E+01
    1    0.1369166667E+02   -0.3483418059E+00    0.3483418059E+00    0.4759709547E+00    0.0000000000E+00    0.0000000000E+00    0.0000000000E+00    0.0000000000E+00    0.0000000000E+00    0.0000000000E+00    0.6820654170E-08    0.6820654197E-08    0.9999999961E+00
    2    0.1369166667E+02    0.4644557413E+00   -0.4644557413E+00    0.5531333404E+00    0.4644557413E+00   -0.4644557413E+00    0.5531333404E+00   -0.8077147902E+00    0.8057114078E+00   -0.1074683256E+01    0.3932048946E-12    0.3932049015E-12    0.9999999826E+00
    3    0.1369166667E+02    0.4644557413E+00   -0.4644557413E+00   -0.5068176725E+00    0.0000000000E+00    0.0000000000E+00    0.0000000000E+00    0.0000000000E+00    0.0000000000E+00    0.0000000000E+00    0.4922461562E-12    0.4922461682E-12    0.9999999755E+00
    4    0.1369166667E+02   -0.3483418059E+00    0.3483418059E+00   -0.4003587620E+00    0.0000000000E+00    0.0000000000E+00    0.0000000000E+00    0.0000000000E+00    0.0000000000E+00    0.0000000000E+00    0.6699384053E-08    0.6699384061E-08    0.9999999988E+00
    5    0.1369166667E+02    0.4644557413E+00   -0.4644557413E+00   -0.3290194487E+00    0.0000000000E+00    0.0000000000E+00    0.0000000000E+00    0.0000000000E+00    0.0000000000E+00    0.0000000000E+00    0.1577350778E-12    0.1577350958E-12    0.9999998857E+00
    6    0.1369166667E+02   -0.3483418059E+00   -0.4644557413E+00   -0.2019393386E+00    0.0000000000E+00    0.0000000000E+00    0.0000000000E+00    0.0000000000E+00    0.0000000000E+00    0.0000000000E+00    0.1793174916E-12    0.1793202654E-12    0.9999845316E+00
    7    0.1369166667E+02    0.4644557413E+00    0.3483418059E+00   -0.2035717523E+00    0.0000000000E+00    0.0000000000E+00    0.0000000000E+00    0.0000000000E+00    0.0000000000E+00    0.0000000000E+00    0.1506034016E-12    0.1506059568E-12    0.9999830337E+00
    1    0.1395000000E+02    0.4644557413E+00   -0.4644557413E+00    0.4656238984E+00    0.0000000000E+00    0.0000000000E+00    0.0000000000E+00    0.0000000000E+00    0.0000000000E+00    0.0000000000E+00    0.3211989974E-12    0.3211989974E-12    0.1000000000E+01
    2    0.1395000000E+02    0.4644557413E+00   -0.4644557413E+00    0.5204124008E+00    0.0000000000E+00    0.0000000000E+00    0.0000000000E+00    0.0000000000E+00    0.0000000000E+00    0.0000000000E+00    0.4287649961E-12    0.4287649961E-12    0.1000000000E+01
    3    0.1395000000E+02   -0.3483418059E+00   -0.4644557413E+00   -0.1350647588E+00    0.0000000000E+00    0.0000000000E+00    0.0000000000E+00    0.0000000000E+00    0.0000000000E+00    0.0000000000E+00    0.1000358150E-09    0.1000358150E-09    0.1000000000E+01
    4    0.1395000000E+02    0.4644557413E+00    0.3483418059E+00   -0.1420346323E+00    0.0000000000E+00    0.0000000000E+00    0.0000000000E+00    0.0000000000E+00    0.0000000000E+00    0.0000000000E+00    0.5058949846E-10    0.5058949846E-10    0.1000000000E+01
    5    0.1395000000E+02    0.4644557413E+00   -0.4644557413E+00   -0.4330669760E+00    0.0000000000E+00    0.0000000000E+00    0.0000000000E+00    0.0000000000E+00    0.0000000000E+00    0.0000000000E+00    0.2200153856E-12    0.2200153856E-12    0.1000000000E+01
    6    0.1395000000E+02   -0.3483418059E+00   -0.4644557413E+00   -0.3929284705E+00    0.0000000000E+00    0.0000000000E+00    0.0000000000E+00    0.0000000000E+00    0.0000000000E+00    0.0000000000E+00    0.3058114261E-11    0.3058114261E-11    0.1000000000E+01
    7    0.1395000000E+02    0.4644557413E+00    0.3483418059E+00   -0.3924815186E+00    0.0000000000E+00    0.0000000000E+00    0.0000000000E+00    0.0000000000E+00    0.0000000000E+00    0.0000000000E+00    0.3203561125E-11    0.3203561125E-11    0.1000000000E+01
    1    0.1420833333E+02    0.4644557413E+00   -0.4644557413E+00    0.3808398721E+00    0.0000000000E+00    0.0000000000E+00    0.0000000000E+00    0.0000000000E+00    0.0000000000E+00    0.0000000000E+00    0.6732448580E-13    0.6732448580E-13    0.1000000000E+01
    2    0.1420833333E+02    0.4644557413E+00   -0.4644557413E+00    0.4112374762E+00    0.0000000000E+00    0.0000000000E+00    0.0000000000E+00    0.0000000000E+00    0.0000000000E+00    0.0000000000E+00    0.1100942477E-12    0.1100942477E-12    0.1000000000E+01
    3    0.1420833333E+02    0.4644557413E+00   -0.4644557413E+00   -0.5368393201E+00    0.0000000000E+00    0.0000000000E+00    0.0000000000E+00    0.0000000000E+00    0.0000000000E+00    0.0000000000E+00    0.1523880792E-12    0.1523880792E-12    0.1000000000E+01
    1    0.1446666667E+02    0.4644557413E+00   -0.4644557413E+00    0.4927630425E+00    0.0000000000E+00    0.0000000000E+00    0.0000000000E+00    0.0000000000E+00    0.0000000000E+00    0.0000000000E+00    0.4201352973E-12    0.4201352973E-12    0.1000000000E+01
    2    0.1446666667E+02    0.4644557413E+00   -0.4644557413E+00    0.2899546254E+00    0.0000000000E+00    0.0000000000E+00    0.0000000000E+00    0.0000000000E+00    0.0000000000E+00    0.0000000000E+00    0.6395322397E-12    0.6395322397E-12    0.1000000000E+01
    3    0.1446666667E+02    0.4644557413E+00   -0.4644557413E+00    0.2958560453E+00    0.0000000000E+00    0.0000000000E+00    0.0000000000E+00    0.0000000000E+00    0.0000000000E+00    0.0000000000E+00    0.1177567823E-11    0.1177567823E-11    0.1000000000E+01
    1    0.1472500000E+02    0.4644557413E+00   -0.4644557413E+00    0.3335415852E+00    0.0000000000E+00    0.0000000000E+00    0.0000000000E+00    0.0000000000E+00    0.0000000000E+00    0.0000000000E+00    0.1351006448E-11    0.1351006448E-11    0.1000000000E+01
    2    0.1472500000E+02    0.4644557413E+00   -0.4644557413E+00    0.1748239756E+00    0.0000000000E+00    0.0000000000E+00    0.0000000000E+00    0.0000000000E+00    0.0000000000E+00    0.0000000000E+00    0.4886630460E-12    0.4886630460E-12    0.1000000000E+01
    3    0.1472500000E+02    0.4644557413E+00   -0.4644557413E+00    0.1342612777E+00    0.0000000000E+00    0.0000000000E+00    0.0000000000E+00    0.0000000000E+00    0.0000000000E+00    0.0000000000E+00    0.1400547189E-10    0.1400547189E-10    0.1000000000E+01
