    1    0.1000000000E-02    0.0000000000E+00    0.0000000000E+00   -0.8571925051E-01    0.0000000000E+00    0.0000000000E+00    0.0000000000E+00    0.0000000000E+00    0.0000000000E+00    0.0000000000E+00    0.0000000000E+00    0.0000000000E+00    0.0000000000E+00
    2    0.1000000000E-02    0.0000000000E+00    0.0000000000E+00   -0.1667675634E-01    0.0000000000E+00    0.0000000000E+00    0.0000000000E+00    0.0000000000E+00    0.0000000000E+00    0.0000000000E+00    0.0000000000E+00    0.0000000000E+00    0.0000000000E+00
    1    0.2583333333E+00    0.0000000000E+00    0.0000000000E+00   -0.9356118229E-01    0.0000000000E+00    0.0000000000E+00    0.0000000000E+00    0.0000000000E+00    0.0000000000E+00    0.0000000000E+00    0.3187267924E-15    0.3187267924E-15    0.1000000000E+01
    2    0.2583333333E+00    0.0000000000E+00    0.0000000000E+00   -0.2616041049E-01    0.0000000000E+00    0.0000000000E+00    0.0000000000E+00    0.0000000000E+00    0.0000000000E+00    0.0000000000E+00    0.7711599369E-15    0.7711599369E-15    0.1000000000E+01
    3    0.2583333333E+00    0.0000000000E+00    0.0000000000E+00   -0.1940595237E-01    0.0000000000E+00    0.0000000000E+00    0.0000000000E+00    0.0000000000E+00    0.0000000000E+00    0.0000000000E+00    0.2456881110E-13    0.2456881110E-13    0.1000000000E+01
    1    0.5166666667E+00    0.0000000000E+00    0.0000000000E+00   -0.1139448634E+00    0.0000000000E+00    0.0000000000E+00    0.0000000000E+00    0.0000000000E+00    0.0000000000E+00    0.0000000000E+00    0.6405842497E-15    0.6405842497E-15    0.1000000000E+01
    2    0.5166666667E+00    0.0000000000E+00    0.0000000000E+00   -0.7350887205E-01    0.0000000000E+00    0.0000000000E+00    0.0000000000E+00    0.0000000000E+00    0.0000000000E+00    0.0000000000E+00    0.5191663871E-14    0.5191663871E-14    0.1000000000E+01
    3    0.5166666667E+00    0.0000000000E+00    0.0000000000E+00   -0.4363130254E-01    0.0000000000E+00    0.0000000000E+00    0.0000000000E+00    0.0000000000E+00    0.0000000000E+00    0.0000000000E+00    0.1203007200E-14    0.1203007200E-14    0.1000000000E+01
    1    0.7750000000E+00    0.0000000000E+00    0.0000000000E+00   -0.1416847728E+00    0.0000000000E+00    0.0000000000E+00    0.0000000000E+00    0.0000000000E+00    0.0000000000E+00    0.0000000000E+00    0.5672235104E-15    0.5672235104E-15    0.1000000000E+01
    2    0.7750000000E+00    0.0000000000E+00    0.0000000000E+00   -0.1173218626E+00    0.0000000000E+00    0.0000000000E+00    0.0000000000E+00    0.0000000000E+00    0.0000000000E+00    0.0000000000E+00    0.2989334602E-14    0.2989334602E-14    0.1000000000E+01
    3    0.7750000000E+00    0.0000000000E+00    0.0000000000E+00   -0.6275128123E-01    0.0000000000E+00    0.0000000000E+00    0.0000000000E+00    0.0000000000E+00    0.0000000000E+00    0.0000000000E+00    0.1754696628E-14    0.1754696628E-14    0.1000000000E+01
    1    0.1033333333E+01    0.0000000000E+00    0.0000000000E+00   -0.1734810412E+00    0.0000000000E+00    0.0000000000E+00    0.0000000000E+00    0.0000000000E+00    0.0000000000E+00    0.0000000000E+00    0.1120491200E-15    0.1120491200E-15    0.1000000000E+01
    2    0.1033333333E+01    0.0000000000E+00    0.0000000000E+00   -0.8239674128E-01    0.0000000000E+00    0.0000000000E+00    0.0000000000E+00    0.0000000000E+00    0.0000000000E+00    0.0000000000E+00    0.2138090852E-14    0.2138090852E-14    0.1000000000E+01
    3    0.1033333333E+01    0.0000000000E+00    0.0000000000E+00   -0.1595281109E+00    0.0000000000E+00    0.0000000000E+00   -0.1595281109E+00   -0.1556829324E-10   -0.1245103390E-09   -0.6408065990E+01    0.7123445686E-15    0.7123445686E-15    0.1000000000E+01
    1    0.1291666667E+01    0.0000000000E+00    0.0000000000E+00   -0.2077395247E+00    0.0000000000E+00    0.0000000000E+00    0.0000000000E+00    0.0000000000E+00    0.0000000000E+00    0.0000000000E+00    0.9987790886E-16    0.9987790886E-16    0.1000000000E+01
    2    0.1291666667E+01    0.0000000000E+00    0.0000000000E+00   -0.1022843347E+00    0.0000000000E+00    0.0000000000E+00    0.0000000000E+00    0.0000000000E+00    0.0000000000E+00    0.0000000000E+00    0.2156569293E-14    0.2156569293E-14    0.1000000000E+01
    3    0.1291666667E+01    0.0000000000E+00    0.0000000000E+00   -0.2011806760E+00    0.0000000000E+00    0.0000000000E+00   -0.2011806760E+00    0.2433931992E-09   -0.4344771948E-09   -0.6377351144E+01    0.6559523305E-16    0.6559523305E-16    0.1000000000E+01
    1    0.1550000000E+01    0.0000000000E+00    0.0000000000E+00   -0.2437601053E+00    0.0000000000E+00    0.0000000000E+00   -0.2437601053E+00    0.2020461832E-09    0.1360958828E-09   -0.6300346186E+01    0.8754621478E-15    0.8754621478E-15    0.1000000000E+01
    2    0.1550000000E+01    0.0000000000E+00    0.0000000000E+00   -0.2427027426E+00    0.0000000000E+00    0.0000000000E+00   -0.2427027426E+00    0.9237810852E-10   -0.4387941440E-09   -0.6320144258E+01    0.1475221847E-14    0.1475221847E-14    0.1000000000E+01
    3    0.1550000000E+01    0.0000000000E+00    0.0000000000E+00   -0.1223167127E+00    0.0000000000E+00    0.0000000000E+00   -0.1223167127E+00   -0.5693801658E-09    0.1138803598E-09   -0.1270402949E+02    0.1770101113E-14    0.1770101113E-14    0.1000000000E+01
    1    0.1808333333E+01    0.0000000000E+00    0.0000000000E+00   -0.2812965522E+00    0.0000000000E+00    0.0000000000E+00    0.0000000000E+00    0.0000000000E+00    0.0000000000E+00    0.0000000000E+00    0.1561513355E-14    0.1561513355E-14    0.1000000000E+01
    2    0.1808333333E+01    0.0000000000E+00    0.0000000000E+00   -0.1424548680E+00    0.0000000000E+00    0.0000000000E+00   -0.1424548680E+00   -0.3913623651E-09   -0.1087816281E-12   -0.1267764980E+02    0.1113711521E-14    0.1113711521E-14    0.1000000000E+01
    3    0.1808333333E+01    0.0000000000E+00    0.0000000000E+00   -0.2844128434E+00    0.0000000000E+00    0.0000000000E+00   -0.2844128434E+00    0.2252757119E-10    0.2455728890E-09   -0.6226921849E+01    0.2769858492E-14    0.2769858492E-14    0.1000000000E+01
    1    0.2066666667E+01    0.0000000000E+00    0.0000000000E+00   -0.3203703648E+00    0.0000000000E+00    0.0000000000E+00    0.0000000000E+00    0.0000000000E+00    0.0000000000E+00    0.0000000000E+00    0.1177741761E-14    0.1177741761E-14    0.1000000000E+01
    2    0.2066666667E+01    0.0000000000E+00    0.0000000000E+00   -0.3266512743E+00    0.0000000000E+00    0.0000000000E+00   -0.3266512743E+00    0.9728288253E-10   -0.2034968631E-09   -0.6087581609E+01    0.1908864412E-14    0.1908864412E-14    0.1000000000E+01
    3    0.2066666667E+01    0.0000000000E+00    0.0000000000E+00   -0.1626827627E+00    0.0000000000E+00    0.0000000000E+00   -0.1626827627E+00   -0.6860043728E-09    0.1982982013E-14   -0.1264689209E+02    0.4456939956E-15    0.4456939956E-15    0.1000000000E+01
    1    0.2325000000E+01    0.0000000000E+00    0.0000000000E+00   -0.3612088909E+00    0.0000000000E+00    0.0000000000E+00    0.0000000000E+00    0.0000000000E+00    0.0000000000E+00    0.0000000000E+00    0.2043067199E-15    0.2043067199E-15    0.1000000000E+01
    2    0.2325000000E+01    0.0000000000E+00    0.0000000000E+00   -0.1829949726E+00    0.0000000000E+00    0.0000000000E+00   -0.1829949726E+00   -0.6866954213E-09   -0.4578874023E-09   -0.1261162305E+02    0.4225619342E-16    0.4225619342E-16    0.1000000000E+01
    3    0.2325000000E+01    0.0000000000E+00    0.0000000000E+00   -0.3698395642E+00    0.0000000000E+00    0.0000000000E+00   -0.3698395642E+00   -0.5184753200E-10   -0.1842138008E-09   -0.5876209303E+01    0.1555901736E-15    0.1555901736E-15    0.1000000000E+01
    1    0.2583333333E+01    0.0000000000E+00    0.0000000000E+00   -0.4042566717E+00    0.0000000000E+00    0.0000000000E+00    0.0000000000E+00    0.0000000000E+00    0.0000000000E+00    0.0000000000E+00    0.2065577900E-15    0.2065577900E-15    0.1000000000E+01
    2    0.2583333333E+01    0.0000000000E+00    0.0000000000E+00   -0.2033916321E+00    0.0000000000E+00    0.0000000000E+00   -0.2033916321E+00    0.2748793529E-09    0.1373581584E-09   -0.1257169406E+02    0.8002200557E-16    0.8002200557E-16    0.1000000000E+01
    3    0.2583333333E+01    0.0000000000E+00    0.0000000000E+00   -0.4145386392E+00    0.0000000000E+00    0.0000000000E+00   -0.4145386392E+00    0.4835666184E-09    0.9420380189E-10   -0.5626286948E+01    0.9204318281E-15    0.9204318281E-15    0.1000000000E+01
    1    0.2841666667E+01    0.0000000000E+00    0.0000000000E+00   -0.4502638438E+00    0.0000000000E+00    0.0000000000E+00    0.0000000000E+00    0.0000000000E+00    0.0000000000E+00    0.0000000000E+00    0.1940760708E-14    0.1940760708E-14    0.1000000000E+01
    2    0.2841666667E+01    0.0000000000E+00    0.0000000000E+00   -0.2238761210E+00    0.0000000000E+00    0.0000000000E+00   -0.2238761210E+00   -0.1396587332E-14   -0.3125351979E-09   -0.1252694194E+02    0.5553855179E-15    0.5553855179E-15    0.1000000000E+01
    3    0.2841666667E+01    0.0000000000E+00    0.0000000000E+00   -0.4615395363E+00    0.0000000000E+00    0.0000000000E+00   -0.4615395363E+00   -0.1661410607E-09    0.5920966876E-10   -0.5278787807E+01    0.4093585221E-14    0.4093585221E-14    0.1000000000E+01
    1    0.3100000000E+01    0.0000000000E+00    0.0000000000E+00   -0.5005589192E+00    0.0000000000E+00    0.0000000000E+00    0.0000000000E+00    0.0000000000E+00    0.0000000000E+00    0.0000000000E+00    0.6937300210E-14    0.6937300210E-14    0.1000000000E+01
    2    0.3100000000E+01    0.0000000000E+00    0.0000000000E+00   -0.2444539187E+00    0.0000000000E+00    0.0000000000E+00   -0.2444539187E+00    0.4585247515E-09   -0.5158467058E-09   -0.1247718996E+02    0.1277002133E-14    0.1277002133E-14    0.1000000000E+01
    3    0.3100000000E+01    0.0000000000E+00    0.0000000000E+00   -0.5120377018E+00    0.0000000000E+00    0.0000000000E+00   -0.5120377018E+00   -0.1409845131E-09    0.2589858714E-10   -0.4832119642E+01    0.3382381049E-14    0.3382381049E-14    0.1000000000E+01
    1    0.3358333333E+01    0.0000000000E+00    0.0000000000E+00   -0.5598942895E+00    0.0000000000E+00    0.0000000000E+00    0.0000000000E+00    0.0000000000E+00    0.0000000000E+00    0.0000000000E+00    0.2275056815E-12    0.2275056815E-12    0.1000000000E+01
    2    0.3358333333E+01    0.0000000000E+00    0.8127975472E+00    0.3487738571E+00    0.0000000000E+00    0.8127975472E+00    0.3487738571E+00   -0.9149301275E-10    0.1589596165E+01   -0.1684028142E+01    0.8620344719E-14    0.8620344720E-14    0.9999999999E+00
    3    0.3358333333E+01    0.8127975472E+00    0.0000000000E+00    0.4699512143E+00    0.8127975472E+00    0.0000000000E+00    0.4699512143E+00    0.0000000000E+00    0.0000000000E+00    0.0000000000E+00    0.1946967022E-12    0.1946967022E-12    0.1000000000E+01
    4    0.3358333333E+01    0.0000000000E+00    0.0000000000E+00   -0.2651320066E+00    0.0000000000E+00    0.0000000000E+00   -0.2651320066E+00   -0.5291853675E-09   -0.1587647595E-09   -0.1242224878E+02    0.1939072332E-14    0.1939072332E-14    0.1000000000E+01
    5    0.3358333333E+01    0.0000000000E+00    0.0000000000E+00   -0.5681678418E+00    0.0000000000E+00    0.0000000000E+00   -0.5681678418E+00    0.1286469017E-09    0.6923659652E-10   -0.4262625024E+01    0.1865320029E-13    0.1865320029E-13    0.1000000000E+01
    6    0.3358333333E+01    0.0000000000E+00    0.8127975472E+00    0.4787572604E+00    0.0000000000E+00    0.8127975472E+00    0.4787572604E+00    0.0000000000E+00    0.0000000000E+00    0.0000000000E+00    0.3351714012E-12    0.3351714012E-12    0.1000000000E+01
    7    0.3358333333E+01    0.8127975472E+00    0.0000000000E+00    0.4548319518E+00    0.8127975472E+00    0.0000000000E+00    0.4548319518E+00    0.0000000000E+00    0.0000000000E+00    0.0000000000E+00    0.9849392427E-13    0.9849392427E-13    0.1000000000E+01
    8    0.3358333333E+01    0.0000000000E+00    0.8127975472E+00    0.4554807074E+00    0.0000000000E+00    0.8127975472E+00    0.4554807074E+00    0.0000000000E+00    0.0000000000E+00    0.0000000000E+00    0.9256587571E-13    0.9256587571E-13    0.1000000000E+01
    9    0.3358333333E+01    0.8127975472E+00    0.0000000000E+00    0.3551457571E+00    0.8127975472E+00    0.0000000000E+00    0.3551457571E+00    0.1552713655E+01   -0.1179761189E-09   -0.1665142449E+01    0.5653421877E-13    0.5653421877E-13    0.1000000000E+01
   10    0.3358333333E+01    0.0000000000E+00    0.8127975472E+00    0.3554747446E+00    0.0000000000E+00    0.8127975472E+00    0.3554747446E+00    0.0000000000E+00    0.0000000000E+00    0.0000000000E+00    0.5545473587E-13    0.5545473587E-13    0.1000000000E+01
   11    0.3358333333E+01    0.8127975472E+00    0.0000000000E+00    0.3554747446E+00    0.8127975472E+00    0.0000000000E+00    0.3554747446E+00    0.1550655349E+01    0.4065258899E-13   -0.1663943338E+01    0.5143758908E-27    0.5545474093E-13    0.9275598122E-14
    1    0.3616666667E+01    0.0000000000E+00    0.0000000000E+00    0.5296005187E+00    0.0000000000E+00    0.0000000000E+00    0.0000000000E+00    0.0000000000E+00    0.0000000000E+00    0.0000000000E+00    0.3442302074E-13    0.3442302074E-13    0.1000000000E+01
    2    0.3616666667E+01    0.0000000000E+00    0.8127975472E+00    0.2162554252E+00    0.0000000000E+00    0.8127975472E+00    0.2162554252E+00    0.0000000000E+00    0.0000000000E+00    0.0000000000E+00    0.4844155638E-14    0.4844155638E-14    0.9999999999E+00
    3    0.3616666667E+01    0.8127975472E+00    0.0000000000E+00    0.4067154748E+00    0.8127975472E+00    0.0000000000E+00    0.4067154748E+00    0.0000000000E+00    0.0000000000E+00    0.0000000000E+00    0.5990162379E-14    0.5990163504E-14    0.9999998122E+00
    4    0.3616666667E+01    0.0000000000E+00    0.0000000000E+00   -0.2859185485E+00    0.0000000000E+00    0.0000000000E+00   -0.2859185485E+00    0.2948890376E-09   -0.3295921738E-13   -0.1236191755E+02    0.2246238555E-14    0.2246238556E-14    0.9999999994E+00
    5    0.3616666667E+01    0.0000000000E+00    0.0000000000E+00    0.5164551960E+00    0.0000000000E+00    0.0000000000E+00   -0.6330141191E+00    0.1705119022E-09    0.4920545556E-10   -0.3545507409E+01    0.7310999001E-14    0.7310999017E-14    0.9999999978E+00
    6    0.3616666667E+01    0.0000000000E+00    0.8127975472E+00    0.4090808978E+00    0.0000000000E+00    0.8127975472E+00    0.4090808978E+00    0.0000000000E+00    0.0000000000E+00    0.0000000000E+00    0.9837810564E-14    0.9837810644E-14    0.9999999919E+00
    7    0.3616666667E+01    0.0000000000E+00    0.8127975472E+00    0.3972537252E+00    0.0000000000E+00    0.8127975472E+00    0.3972537252E+00    0.0000000000E+00    0.0000000000E+00    0.0000000000E+00    0.1377656749E-14    0.1377669493E-14    0.9999907492E+00
    8    0.3616666667E+01    0.8127975472E+00    0.0000000000E+00    0.3970445968E+00    0.8127975472E+00    0.0000000000E+00    0.3970445968E+00    0.0000000000E+00    0.0000000000E+00    0.0000000000E+00    0.1716923030E-14    0.1716989451E-14    0.9999613151E+00
    9    0.3616666667E+01    0.8127975472E+00    0.0000000000E+00    0.2072997346E+00    0.8127975472E+00    0.0000000000E+00    0.2072997346E+00    0.2340171720E+01    0.8005424409E-11   -0.1638758817E+01    0.2365395064E-13    0.2365395064E-13    0.9999999999E+00
   10    0.3616666667E+01    0.0000000000E+00    0.8127975472E+00    0.2076431758E+00    0.0000000000E+00    0.8127975472E+00    0.2076431758E+00    0.0000000000E+00    0.0000000000E+00    0.0000000000E+00    0.2458788146E-13    0.2458793586E-13    0.9999977875E+00
   11    0.3616666667E+01    0.8127975472E+00    0.0000000000E+00    0.2076431758E+00    0.8127975472E+00    0.0000000000E+00    0.2076431758E+00    0.2338711919E+01   -0.1937541852E-09   -0.1640138488E+01    0.2458789787E-13    0.2458795274E-13    0.9999977684E+00
    1    0.3875000000E+01    0.0000000000E+00    0.0000000000E+00    0.4429424733E+00    0.0000000000E+00    0.0000000000E+00    0.0000000000E+00    0.0000000000E+00    0.0000000000E+00    0.0000000000E+00    0.4718584266E-16    0.4718587348E-16    0.9999993467E+00
    2    0.3875000000E+01    0.0000000000E+00    0.0000000000E+00   -0.3068227221E+00    0.0000000000E+00    0.0000000000E+00   -0.3068227221E+00   -0.4128813111E-09   -0.9174642129E-10   -0.1229598496E+02    0.2058682782E-14    0.2058682819E-14    0.9999999819E+00
    3    0.3875000000E+01    0.8127975472E+00    0.0000000000E+00    0.3579222528E+00    0.8127975472E+00    0.0000000000E+00    0.3579222528E+00    0.0000000000E+00    0.0000000000E+00    0.0000000000E+00    0.3454478500E-14    0.3454478500E-14    0.1000000000E+01
    4    0.3875000000E+01    0.0000000000E+00    0.0000000000E+00    0.4336798697E+00    0.0000000000E+00    0.0000000000E+00   -0.7157894454E+00    0.4163223414E-11   -0.4162565352E-11   -0.2621979463E+01    0.2002680493E-13    0.2002680493E-13    0.9999999999E+00
    5    0.3875000000E+01    0.0000000000E+00    0.8127975472E+00    0.3577020698E+00    0.0000000000E+00    0.8127975472E+00    0.3577020698E+00    0.0000000000E+00    0.0000000000E+00    0.0000000000E+00    0.5001400238E-14    0.5001400354E-14    0.9999999768E+00
    6    0.3875000000E+01    0.0000000000E+00    0.8127975472E+00    0.3504555010E+00    0.0000000000E+00    0.8127975472E+00    0.3504555010E+00    0.0000000000E+00    0.0000000000E+00    0.0000000000E+00    0.2974468245E-14    0.2974470107E-14    0.9999993738E+00
    7    0.3875000000E+01    0.8127975472E+00    0.0000000000E+00    0.3504562742E+00    0.8127975472E+00    0.0000000000E+00    0.3504562742E+00    0.0000000000E+00    0.0000000000E+00    0.0000000000E+00    0.4880384280E-14    0.4880384282E-14    0.9999999998E+00
    1    0.4133333333E+01    0.0000000000E+00    0.0000000000E+00    0.2974690952E+00    0.0000000000E+00    0.0000000000E+00   -0.8520002199E+00    0.1159970879E-09   -0.9606139892E-10   -0.1343272338E+01    0.1455623035E-12    0.1455623035E-12    0.1000000000E+01
    2    0.4133333333E+01    0.8127975472E+00    0.0000000000E+00    0.3150435193E+00    0.8127975472E+00    0.0000000000E+00    0.3150435193E+00    0.0000000000E+00    0.0000000000E+00    0.0000000000E+00    0.1200387426E-13    0.1200387426E-13    0.1000000000E+01
    3    0.4133333333E+01    0.0000000000E+00    0.0000000000E+00   -0.3278546399E+00    0.0000000000E+00    0.0000000000E+00   -0.3278546399E+00   -0.1720394888E-09    0.1348557037E-13   -0.1222423047E+02    0.1439344456E-14    0.1439344456E-14    0.1000000000E+01
    4    0.4133333333E+01    0.0000000000E+00    0.0000000000E+00    0.3020639320E+00    0.0000000000E+00    0.0000000000E+00   -0.8474053831E+00   -0.4053963923E-10   -0.1518353496E-09   -0.1378874486E+01    0.2531250408E-12    0.2531250408E-12    0.1000000000E+01
    5    0.4133333333E+01    0.0000000000E+00    0.8127975472E+00    0.3133816107E+00    0.0000000000E+00    0.8127975472E+00    0.3133816107E+00    0.0000000000E+00    0.0000000000E+00    0.0000000000E+00    0.1906916217E-13    0.1906916217E-13    0.1000000000E+01
    6    0.4133333333E+01    0.0000000000E+00    0.8127975472E+00    0.3087345628E+00    0.0000000000E+00    0.8127975472E+00    0.3087345628E+00    0.0000000000E+00    0.0000000000E+00    0.0000000000E+00    0.4981011633E-14    0.4981011638E-14    0.9999999990E+00
    7    0.4133333333E+01    0.8127975472E+00    0.0000000000E+00    0.3088599698E+00    0.8127975472E+00    0.0000000000E+00    0.3088599698E+00    0.0000000000E+00    0.0000000000E+00    0.0000000000E+00    0.1199712043E-13    0.1199712043E-13    0.1000000000E+01
    1    0.4391666667E+01    0.8127975472E+00    0.8127975472E+00   -0.7411986064E-01    0.8127975472E+00    0.8127975472E+00   -0.7411986064E-01    0.3720868530E-10   -0.3732161116E-12   -0.1389530792E+01    0.3063464763E-11    0.3063464764E-11    0.9999999998E+00
    2    0.4391666667E+01    0.0000000000E+00    0.0000000000E+00   -0.3490253231E+00    0.0000000000E+00    0.0000000000E+00   -0.3490253231E+00    0.4046506604E-10    0.8096644798E-10   -0.1214642544E+02    0.6652382685E-15    0.6652382699E-15    0.9999999980E+00
    3    0.4391666667E+01    0.8127975472E+00    0.0000000000E+00    0.2752042799E+00    0.8127975472E+00    0.0000000000E+00    0.2752042799E+00    0.0000000000E+00    0.0000000000E+00    0.0000000000E+00    0.1211231447E-13    0.1211231447E-13    0.9999999995E+00
    4    0.4391666667E+01    0.8127975472E+00    0.8127975472E+00   -0.9121943902E-01    0.8127975472E+00    0.8127975472E+00   -0.9121943902E-01    0.0000000000E+00    0.0000000000E+00    0.0000000000E+00    0.1488446648E-11    0.1488446648E-11    0.9999999999E+00
    5    0.4391666667E+01    0.8127975472E+00    0.8127975472E+00   -0.4634835268E-01    0.8127975472E+00    0.8127975472E+00   -0.4634835268E-01    0.0000000000E+00    0.0000000000E+00    0.0000000000E+00    0.1181221098E-10    0.1181221098E-10    0.1000000000E+01
    6    0.4391666667E+01    0.8127975472E+00    0.8127975472E+00   -0.6678322752E-01    0.8127975472E+00    0.8127975472E+00   -0.6678322752E-01   -0.1015656381E-10    0.1262484788E-12   -0.1245203829E+01    0.4655145339E-11    0.4655145339E-11    0.1000000000E+01
    7    0.4391666667E+01    0.0000000000E+00    0.8127975472E+00    0.2727080758E+00    0.0000000000E+00    0.8127975472E+00    0.2727080758E+00    0.8902014506E-10    0.4836400920E+01   -0.6652002464E+01    0.2018898391E-13    0.2018898391E-13    0.1000000000E+01
    8    0.4391666667E+01    0.0000000000E+00    0.8127975472E+00    0.2696780273E+00    0.0000000000E+00    0.8127975472E+00    0.2696780273E+00    0.0000000000E+00    0.0000000000E+00    0.0000000000E+00    0.2301596733E-14    0.2301596764E-14    0.9999999868E+00
    9    0.4391666667E+01    0.8127975472E+00    0.0000000000E+00    0.2698789513E+00    0.8127975472E+00    0.0000000000E+00    0.2698789513E+00    0.0000000000E+00    0.0000000000E+00    0.0000000000E+00    0.1097784233E-13    0.1097784234E-13    0.9999999992E+00
    1    0.4650000000E+01    0.8127975472E+00    0.8127975472E+00   -0.1842852385E+00    0.8127975472E+00    0.8127975472E+00   -0.1842852385E+00    0.0000000000E+00    0.0000000000E+00    0.0000000000E+00    0.1532473463E-14    0.1532473463E-14    0.1000000000E+01
    2    0.4650000000E+01    0.8127975472E+00    0.0000000000E+00    0.2368771999E+00    0.8127975472E+00    0.0000000000E+00    0.2368771999E+00    0.0000000000E+00    0.0000000000E+00    0.0000000000E+00    0.5885479542E-14    0.5885479542E-14    0.1000000000E+01
    3    0.4650000000E+01    0.0000000000E+00    0.0000000000E+00   -0.3703467125E+00    0.0000000000E+00    0.0000000000E+00   -0.3703467125E+00    0.7647018100E-10    0.1911489177E-09   -0.1206233446E+02    0.1047774100E-15    0.1047774101E-15    0.9999999994E+00
    4    0.4650000000E+01    0.8127975472E+00    0.8127975472E+00   -0.1829219434E+00    0.8127975472E+00    0.8127975472E+00   -0.1829219434E+00    0.4630279023E-10    0.6241350316E-10   -0.3087755358E+01    0.3753185399E-14    0.3753185399E-14    0.1000000000E+01
    5    0.4650000000E+01    0.8127975472E+00    0.8127975472E+00   -0.1918757698E+00    0.8127975472E+00    0.8127975472E+00   -0.1918757698E+00    0.0000000000E+00    0.0000000000E+00    0.0000000000E+00    0.2151927253E-17    0.2151927284E-17    0.9999999856E+00
    6    0.4650000000E+01    0.8127975472E+00    0.8127975472E+00   -0.1764464898E+00    0.8127975472E+00    0.8127975472E+00   -0.1764464898E+00    0.0000000000E+00    0.0000000000E+00    0.0000000000E+00    0.1273999151E-13    0.1273999151E-13    0.1000000000E+01
    7    0.4650000000E+01    0.0000000000E+00    0.8127975472E+00    0.2339579866E+00    0.0000000000E+00    0.8127975472E+00    0.2339579866E+00    0.7134968772E-11    0.4867205239E+01   -0.6814518792E+01    0.9617576659E-14    0.9617576659E-14    0.1000000000E+01
    8    0.4650000000E+01    0.0000000000E+00    0.8127975472E+00    0.2319206831E+00    0.0000000000E+00    0.8127975472E+00    0.2319206831E+00    0.0000000000E+00    0.0000000000E+00    0.0000000000E+00    0.2160046861E-15    0.2160046861E-15    0.9999999999E+00
    9    0.4650000000E+01    0.8127975472E+00    0.0000000000E+00    0.2321616640E+00    0.8127975472E+00    0.0000000000E+00    0.2321616640E+00    0.4858948464E+01   -0.1871356761E-10   -0.6813477851E+01    0.4776958441E-14    0.4776958441E-14    0.1000000000E+01
    1    0.4908333333E+01    0.8127975472E+00    0.0000000000E+00    0.1989130699E+00    0.8127975472E+00    0.0000000000E+00    0.1989130699E+00    0.0000000000E+00    0.0000000000E+00    0.0000000000E+00    0.2369973556E-15    0.2369973558E-15    0.9999999995E+00
    2    0.4908333333E+01    0.0000000000E+00    0.0000000000E+00   -0.3918317059E+00    0.0000000000E+00    0.0000000000E+00   -0.3918317059E+00   -0.2535396823E-09   -0.3622535778E-10   -0.1197171660E+02    0.4952866830E-16    0.4952866847E-16    0.9999999966E+00
    3    0.4908333333E+01    0.8127975472E+00    0.8127975472E+00   -0.2565322423E+00    0.8127975472E+00    0.8127975472E+00   -0.2565322423E+00    0.3054217332E-10   -0.9242630916E-11   -0.3842029732E+01    0.2740867203E-13    0.2740867205E-13    0.9999999992E+00
    4    0.4908333333E+01    0.8127975472E+00    0.8127975472E+00   -0.2622165281E+00    0.8127975472E+00    0.8127975472E+00   -0.2622165281E+00    0.2177660745E-10    0.3721695214E-10   -0.3907108023E+01    0.2751882872E-13    0.2751882872E-13    0.1000000000E+01
    5    0.4908333333E+01    0.8127975472E+00    0.8127975472E+00   -0.2518300119E+00    0.8127975472E+00    0.8127975472E+00   -0.2518300119E+00    0.0000000000E+00    0.0000000000E+00    0.0000000000E+00    0.6986900638E-13    0.6986900638E-13    0.1000000000E+01
    6    0.4908333333E+01    0.8127975472E+00    0.8127975472E+00   -0.2565417282E+00    0.8127975472E+00    0.8127975472E+00   -0.2565417282E+00   -0.4027665341E-10    0.5955137533E-10   -0.3842098960E+01    0.7360069595E-13    0.7360069595E-13    0.1000000000E+01
    7    0.4908333333E+01    0.0000000000E+00    0.8127975472E+00    0.1958937613E+00    0.0000000000E+00    0.8127975472E+00    0.1958937613E+00   -0.2457909067E-10    0.4793789296E+01   -0.6772012453E+01    0.1523173255E-15    0.1523173255E-15    0.9999999999E+00
    8    0.4908333333E+01    0.0000000000E+00    0.8127975472E+00    0.1943771562E+00    0.0000000000E+00    0.8127975472E+00    0.1943771562E+00    0.1205278165E-10    0.4788902469E+01   -0.6765462993E+01    0.2515128839E-18    0.2515130844E-18    0.9999992030E+00
    9    0.4908333333E+01    0.8127975472E+00    0.0000000000E+00    0.1946280533E+00    0.8127975472E+00    0.0000000000E+00    0.1946280533E+00    0.4781728537E+01   -0.2537571861E-10   -0.6761972184E+01    0.4130804152E-16    0.4130804157E-16    0.9999999988E+00
    1    0.5166666667E+01    0.8127975472E+00    0.0000000000E+00    0.1600276178E+00    0.8127975472E+00    0.0000000000E+00    0.1600276178E+00    0.0000000000E+00    0.0000000000E+00    0.0000000000E+00    0.7062929216E-14    0.7062929216E-14    0.1000000000E+01
    2    0.5166666667E+01    0.8127975472E+00    0.8127975472E+00   -0.3199970149E+00    0.8127975472E+00    0.8127975472E+00   -0.3199970149E+00    0.1656797592E-11    0.9971804223E-11   -0.4110254363E+01    0.1906784314E-13    0.1906784314E-13    0.1000000000E+01
    3    0.5166666667E+01    0.0000000000E+00    0.0000000000E+00   -0.4134942153E+00    0.0000000000E+00    0.0000000000E+00   -0.4134942153E+00    0.6882272947E-10    0.3440082304E-10   -0.1187432675E+02    0.5749805924E-15    0.5749805983E-15    0.9999999896E+00
    4    0.5166666667E+01    0.8127975472E+00    0.8127975472E+00   -0.3249051722E+00    0.8127975472E+00    0.8127975472E+00   -0.3249051722E+00    0.5170223103E-10    0.2460196139E-10   -0.4135310741E+01    0.1693840290E-13    0.1693840290E-13    0.9999999997E+00
    5    0.5166666667E+01    0.8127975472E+00    0.8127975472E+00   -0.3167804520E+00    0.8127975472E+00    0.8127975472E+00   -0.3167804520E+00   -0.3928662464E-11    0.5203787712E-10   -0.4106820016E+01    0.7304796215E-13    0.7304796215E-13    0.1000000000E+01
    6    0.5166666667E+01    0.8127975472E+00    0.8127975472E+00   -0.3207976607E+00    0.8127975472E+00    0.8127975472E+00   -0.3207976607E+00    0.5420473492E-10   -0.1130294059E-10   -0.4110926199E+01    0.6741428018E-13    0.6741428018E-13    0.1000000000E+01
    7    0.5166666667E+01    0.8127975472E+00    0.0000000000E+00    0.1559991837E+00    0.8127975472E+00    0.0000000000E+00    0.1559991837E+00    0.4610824364E+01   -0.8365917332E-11   -0.6441881423E+01    0.9124441626E-14    0.9124441627E-14    0.9999999999E+00
    8    0.5166666667E+01    0.0000000000E+00    0.8127975472E+00    0.1557686349E+00    0.0000000000E+00    0.8127975472E+00    0.1557686349E+00   -0.4973949224E-10    0.4618569676E+01   -0.6444428148E+01    0.1513532115E-14    0.1513537068E-14    0.9999967277E+00
    9    0.5166666667E+01    0.0000000000E+00    0.8127975472E+00    0.1571965358E+00    0.0000000000E+00    0.8127975472E+00    0.1571965358E+00   -0.1455916376E-10    0.4626348447E+01   -0.6462233370E+01    0.1416642268E-13    0.1416642268E-13    0.1000000000E+01
    1    0.5425000000E+01    0.8127975472E+00    0.0000000000E+00    0.1179558456E+00    0.8127975472E+00    0.0000000000E+00    0.1179558456E+00    0.0000000000E+00    0.0000000000E+00    0.0000000000E+00    0.7254653222E-13    0.7254653541E-13    0.9999999561E+00
    2    0.5425000000E+01    0.8127975472E+00    0.8127975472E+00   -0.3829614791E+00    0.8127975472E+00    0.8127975472E+00   -0.3829614791E+00   -0.5325548237E-10    0.2544687980E-10   -0.3921449785E+01    0.5163945900E-18    0.5164427593E-18    0.9999067287E+00
    3    0.5425000000E+01    0.0000000000E+00    0.0000000000E+00   -0.4353492429E+00    0.0000000000E+00    0.0000000000E+00   -0.4353492429E+00    0.3277806430E-10   -0.2949159426E-09   -0.1176991706E+02    0.1481702175E-14    0.1481702176E-14    0.9999999994E+00
    4    0.5425000000E+01    0.8127975472E+00    0.8127975472E+00   -0.3877273958E+00    0.8127975472E+00    0.8127975472E+00   -0.3877273958E+00    0.1364546160E-10   -0.2163511149E-10   -0.3902400306E+01    0.3040661271E-15    0.3040662671E-15    0.9999995395E+00
    5    0.5425000000E+01    0.8127975472E+00    0.8127975472E+00   -0.3805443817E+00    0.8127975472E+00    0.8127975472E+00   -0.3805443817E+00    0.4209166921E-11    0.2008165694E-11   -0.3938365197E+01    0.2623782335E-15    0.2623782414E-15    0.9999999697E+00
    6    0.5425000000E+01    0.8127975472E+00    0.8127975472E+00   -0.3844072701E+00    0.8127975472E+00    0.8127975472E+00   -0.3844072701E+00    0.5542187490E-10   -0.3365929689E-10   -0.3910937876E+01    0.6198336306E-16    0.6198336787E-16    0.9999999223E+00
    7    0.5425000000E+01    0.0000000000E+00    0.8127975472E+00    0.1156212933E+00    0.0000000000E+00    0.8127975472E+00    0.1156212933E+00    0.1044372855E-10    0.4361881323E+01   -0.5704457316E+01    0.1079042066E-12    0.1079042066E-12    0.9999999999E+00
    8    0.5425000000E+01    0.8127975472E+00    0.0000000000E+00    0.1139006985E+00    0.8127975472E+00    0.0000000000E+00    0.1139006985E+00    0.4339520516E+01   -0.9521956869E-11   -0.5654637947E+01    0.8353989080E-13    0.8353989082E-13    0.9999999997E+00
    9    0.5425000000E+01    0.0000000000E+00    0.8127975472E+00    0.1137295793E+00    0.0000000000E+00    0.8127975472E+00    0.1137295793E+00   -0.2709028288E-10    0.4348307142E+01   -0.5656505541E+01    0.4043703733E-13    0.4043703741E-13    0.9999999981E+00
    1    0.5683333333E+01    0.8127975472E+00    0.0000000000E+00    0.6526424719E-01    0.8127975472E+00    0.0000000000E+00    0.6526424719E-01    0.0000000000E+00    0.0000000000E+00    0.0000000000E+00    0.6500743169E-12    0.6500743169E-12    0.1000000000E+01
    2    0.5683333333E+01    0.8127975472E+00    0.8127975472E+00   -0.4555631237E+00    0.8127975472E+00    0.8127975472E+00   -0.4555631237E+00   -0.2252782137E-10   -0.6247714312E-11   -0.3010395025E+01    0.3047339059E-12    0.3047339059E-12    0.1000000000E+01
    3    0.5683333333E+01    0.0000000000E+00    0.8127975472E+00    0.6393306683E-01    0.0000000000E+00    0.8127975472E+00    0.6393306683E-01    0.0000000000E+00    0.0000000000E+00    0.0000000000E+00    0.7184909392E-12    0.7184909392E-12    0.1000000000E+01
    4    0.5683333333E+01    0.0000000000E+00    0.8127975472E+00    0.5991788767E-01    0.0000000000E+00    0.8127975472E+00    0.5991788767E-01   -0.3141865054E-10    0.3953512670E+01   -0.3656371511E+01    0.6695372665E-12    0.6695372665E-12    0.1000000000E+01
    5    0.5683333333E+01    0.8127975472E+00    0.0000000000E+00    0.5993480585E-01    0.8127975472E+00    0.0000000000E+00    0.5993480585E-01    0.3942760052E+01    0.3510842350E-11   -0.3651575299E+01    0.7953183730E-12    0.7953183730E-12    0.1000000000E+01
    6    0.5683333333E+01    0.8127975472E+00    0.8127975472E+00   -0.4533462149E+00    0.8127975472E+00    0.8127975472E+00   -0.4533462149E+00    0.7986882106E-10   -0.1028728631E-10   -0.3050072756E+01    0.4498975533E-12    0.4498975533E-12    0.1000000000E+01
    7    0.5683333333E+01    0.8127975472E+00    0.8127975472E+00   -0.4613858054E+00    0.8127975472E+00    0.8127975472E+00   -0.4613858054E+00    0.2907521099E-10   -0.6186381658E-10   -0.2911903797E+01    0.3951819141E-12    0.3951819141E-12    0.1000000000E+01
    8    0.5683333333E+01    0.0000000000E+00    0.0000000000E+00   -0.4574129736E+00    0.0000000000E+00    0.0000000000E+00   -0.4574129736E+00    0.1563788479E-09   -0.9382649625E-10   -0.1165823831E+02    0.2356381906E-14    0.2356381907E-14    0.1000000000E+01
    9    0.5683333333E+01    0.8127975472E+00    0.8127975472E+00   -0.4579896812E+00    0.8127975472E+00    0.8127975472E+00   -0.4579896812E+00    0.5294157248E-11    0.8210898649E-11   -0.2966111992E+01    0.5371173335E-12    0.5371173335E-12    0.1000000000E+01
    1    0.5941666667E+01    0.0000000000E+00    0.0000000000E+00   -0.4797028872E+00    0.0000000000E+00    0.0000000000E+00   -0.4797028872E+00   -0.2992600649E-10   -0.1495705452E-09   -0.1153904147E+02    0.2779895610E-14    0.2779895610E-14    0.1000000000E+01
    1    0.6200000000E+01    0.0000000000E+00    0.0000000000E+00   -0.5022378922E+00    0.0000000000E+00    0.0000000000E+00   -0.5022378922E+00   -0.6570452625E-14    0.5732613828E-10   -0.1141207920E+02    0.2521174760E-14    0.2521174760E-14    0.1000000000E+01
    1    0.6458333333E+01    0.0000000000E+00    0.0000000000E+00   -0.5250385063E+00    0.0000000000E+00    0.0000000000E+00   -0.5250385063E+00    0.3852482321E-09    0.1926277353E-09   -0.1127710730E+02    0.1698630206E-14    0.1698630206E-14    0.1000000000E+01
    1    0.6716666667E+01    0.0000000000E+00    0.0000000000E+00   -0.5481272378E+00    0.0000000000E+00    0.0000000000E+00   -0.5481272378E+00   -0.1058435481E-09    0.5290420683E-10   -0.1113388509E+02    0.7704678248E-15    0.7704678248E-15    0.1000000000E+01
    1    0.6975000000E+01    0.0000000000E+00    0.0000000000E+00   -0.5715385261E+00    0.0000000000E+00    0.0000000000E+00   -0.5715385261E+00   -0.5095362736E-10   -0.1528502938E-09   -0.1098211239E+02    0.2078187922E-14    0.2078187922E-14    0.1000000000E+01
    1    0.7233333333E+01    0.0000000000E+00    0.0000000000E+00    0.5542082836E+00    0.0000000000E+00    0.0000000000E+00   -0.5952610314E+00   -0.4912885927E-10    0.4823827645E-15   -0.1082181729E+02    0.6533126272E-15    0.6533126272E-15    0.1000000000E+01
    1    0.7491666667E+01    0.0000000000E+00    0.0000000000E+00    0.5301029111E+00    0.0000000000E+00    0.0000000000E+00   -0.6193664040E+00   -0.4743165050E-10    0.9486260823E-10   -0.1065250273E+02    0.1740010989E-14    0.1740010989E-14    0.1000000000E+01
    1    0.7750000000E+01    0.0000000000E+00    0.0000000000E+00    0.5056004417E+00    0.0000000000E+00    0.0000000000E+00   -0.6438688733E+00    0.4584668860E-10   -0.6887622801E-15   -0.1047408573E+02    0.3066079133E-14    0.3066079133E-14    0.1000000000E+01
    1    0.8008333333E+01    0.0000000000E+00    0.0000000000E+00    0.4806659602E+00    0.0000000000E+00    0.0000000000E+00   -0.6688033548E+00   -0.1330938566E-09    0.4436767380E-10   -0.1028638231E+02    0.3798639256E-14    0.3798639256E-14    0.1000000000E+01
    1    0.8266666667E+01    0.8127975472E+00    0.0000000000E+00   -0.5644780271E-01    0.8127975472E+00    0.0000000000E+00   -0.5644780271E-01    0.0000000000E+00    0.0000000000E+00    0.0000000000E+00    0.2065786571E-11    0.2065786571E-11    0.1000000000E+01
    2    0.8266666667E+01    0.0000000000E+00    0.0000000000E+00    0.4552616335E+00    0.0000000000E+00    0.0000000000E+00   -0.6942076815E+00   -0.4297544673E-10   -0.1331691303E-16   -0.1008923126E+02    0.3379082948E-14    0.3379082948E-14    0.1000000000E+01
    3    0.8266666667E+01    0.8127975472E+00    0.0000000000E+00   -0.6139162132E-01    0.8127975472E+00    0.0000000000E+00   -0.6139162132E-01    0.6363664014E+01    0.2466881514E-10   -0.3646369560E+01    0.1625690936E-11    0.1625690936E-11    0.1000000000E+01
    4    0.8266666667E+01    0.0000000000E+00    0.8127975472E+00   -0.6285045169E-01    0.0000000000E+00    0.8127975472E+00   -0.6285045169E-01    0.2128677166E-10    0.6354053194E+01   -0.3721230059E+01    0.1328835439E-11    0.1328835439E-11    0.1000000000E+01
    5    0.8266666667E+01    0.0000000000E+00    0.8127975472E+00   -0.6212136632E-01    0.0000000000E+00    0.8127975472E+00   -0.6212136632E-01   -0.4711387255E-11    0.6359841183E+01   -0.3686805041E+01    0.1631520737E-11    0.1631520737E-11    0.1000000000E+01
    1    0.8525000000E+01    0.8127975472E+00    0.0000000000E+00   -0.1134279778E+00    0.8127975472E+00    0.0000000000E+00   -0.1134279778E+00    0.0000000000E+00    0.0000000000E+00    0.0000000000E+00    0.2068181215E-12    0.2068181520E-12    0.9999998526E+00
    2    0.8525000000E+01    0.0000000000E+00    0.0000000000E+00    0.4293458340E+00    0.0000000000E+00    0.0000000000E+00   -0.7201234810E+00    0.4167117641E-10    0.4166762725E-10   -0.9882494622E+01    0.1951074160E-14    0.1951075068E-14    0.9999995349E+00
    3    0.8525000000E+01    0.0000000000E+00    0.8127975472E+00   -0.1148487587E+00    0.0000000000E+00    0.8127975472E+00   -0.1148487587E+00   -0.4447118756E-11    0.5887915769E+01   -0.5550741176E+01    0.2643698562E-12    0.2643698896E-12    0.9999998736E+00
    4    0.8525000000E+01    0.0000000000E+00    0.8127975472E+00   -0.1168882342E+00    0.0000000000E+00    0.8127975472E+00   -0.1168882342E+00   -0.2724925817E-11    0.5868848408E+01   -0.5599663227E+01    0.1044594975E-12    0.1044595035E-12    0.9999999425E+00
    5    0.8525000000E+01    0.8127975472E+00    0.0000000000E+00   -0.1162300929E+00    0.8127975472E+00    0.0000000000E+00   -0.1162300929E+00    0.5872455351E+01   -0.2221287291E-10   -0.5577655326E+01    0.1734779847E-12    0.1734779851E-12    0.9999999980E+00
    1    0.8783333333E+01    0.8127975472E+00    0.0000000000E+00   -0.1572243521E+00    0.8127975472E+00    0.0000000000E+00   -0.1572243521E+00    0.5497884061E+01   -0.1389111420E-10   -0.6290395387E+01    0.1826721702E-13    0.1826721702E-13    0.1000000000E+01
    2    0.8783333333E+01    0.0000000000E+00    0.0000000000E+00    0.4028725522E+00    0.0000000000E+00    0.0000000000E+00   -0.7465967628E+00    0.2021957888E-10    0.2022281644E-10   -0.9666060779E+01    0.4399682468E-15    0.4399682479E-15    0.9999999975E+00
    3    0.8783333333E+01    0.0000000000E+00    0.8127975472E+00   -0.1569387696E+00    0.0000000000E+00    0.8127975472E+00   -0.1569387696E+00    0.1862595849E-10    0.5503637151E+01   -0.6292841613E+01    0.3833529576E-13    0.3833529577E-13    0.9999999997E+00
    4    0.8783333333E+01    0.8127975472E+00    0.0000000000E+00   -0.1594406129E+00    0.8127975472E+00    0.0000000000E+00   -0.1594406129E+00    0.5478417084E+01    0.5622212739E-11   -0.6315831684E+01    0.1504031896E-13    0.1504031896E-13    0.1000000000E+01
    5    0.8783333333E+01    0.0000000000E+00    0.8127975472E+00   -0.1597942537E+00    0.0000000000E+00    0.8127975472E+00   -0.1597942537E+00    0.8122975161E-11    0.5478608677E+01   -0.6325548502E+01    0.5289873509E-14    0.5289873510E-14    0.9999999998E+00
    1    0.9041666667E+01    0.8127975472E+00    0.0000000000E+00   -0.1974500486E+00    0.8127975472E+00    0.0000000000E+00   -0.1974500486E+00    0.5160340377E+01   -0.1703164861E-10   -0.6593858767E+01    0.2485146114E-15    0.2485146740E-15    0.9999997481E+00
    2    0.9041666667E+01    0.0000000000E+00    0.0000000000E+00    0.3757907566E+00    0.0000000000E+00    0.0000000000E+00   -0.7736785584E+00    0.3928987790E-10    0.1964306314E-10   -0.9439848188E+01    0.6710540606E-16    0.6710610536E-16    0.9999895792E+00
    3    0.9041666667E+01    0.0000000000E+00    0.8127975472E+00   -0.1960434089E+00    0.0000000000E+00    0.8127975472E+00   -0.1960434089E+00    0.0000000000E+00    0.0000000000E+00    0.0000000000E+00    0.4820771402E-15    0.4820771402E-15    0.1000000000E+01
    4    0.9041666667E+01    0.0000000000E+00    0.8127975472E+00   -0.1995105193E+00    0.0000000000E+00    0.8127975472E+00   -0.1995105193E+00    0.4625480522E-12    0.5147957304E+01   -0.6606760067E+01    0.5247664532E-16    0.5247664560E-16    0.9999999947E+00
    5    0.9041666667E+01    0.8127975472E+00    0.0000000000E+00   -0.1993647312E+00    0.8127975472E+00    0.0000000000E+00   -0.1993647312E+00    0.5145112757E+01    0.5541306882E-11   -0.6600987751E+01    0.4102576822E-15    0.4102578398E-15    0.9999996157E+00
    1    0.9300000000E+01    0.0000000000E+00    0.0000000000E+00    0.3480436484E+00    0.0000000000E+00    0.0000000000E+00   -0.8014256667E+00   -0.1909556604E-10    0.5880885223E-15   -0.9203809385E+01    0.1459176434E-14    0.1459176439E-14    0.9999999969E+00
    2    0.9300000000E+01    0.8127975472E+00    0.0000000000E+00   -0.2366391299E+00    0.8127975472E+00    0.0000000000E+00   -0.2366391299E+00    0.4862531186E+01   -0.4972855716E-12   -0.6636282420E+01    0.5668344960E-14    0.5668345277E-14    0.9999999440E+00
    3    0.9300000000E+01    0.0000000000E+00    0.8127975472E+00   -0.2344242862E+00    0.0000000000E+00    0.8127975472E+00   -0.2344242862E+00    0.0000000000E+00    0.0000000000E+00    0.0000000000E+00    0.3217802215E-13    0.3217802215E-13    0.9999999999E+00
    4    0.9300000000E+01    0.8127975472E+00    0.0000000000E+00   -0.2383668407E+00    0.8127975472E+00    0.0000000000E+00   -0.2383668407E+00    0.4850012694E+01    0.1298379650E-10   -0.6633655869E+01    0.5678847843E-14    0.5678847956E-14    0.9999999802E+00
    5    0.9300000000E+01    0.0000000000E+00    0.8127975472E+00   -0.2383395621E+00    0.0000000000E+00    0.8127975472E+00   -0.2383395621E+00   -0.1748256772E-11    0.4854878558E+01   -0.6638725811E+01    0.3184530639E-17    0.3187171662E-17    0.9991713584E+00
    1    0.9558333333E+01    0.8127975472E+00    0.0000000000E+00   -0.2760940834E+00    0.8127975472E+00    0.0000000000E+00   -0.2760940834E+00    0.4586084399E+01   -0.2493539317E-10   -0.6497890473E+01    0.5278906689E-14    0.5278906689E-14    0.1000000000E+01
    2    0.9558333333E+01    0.0000000000E+00    0.0000000000E+00    0.3195677796E+00    0.0000000000E+00    0.0000000000E+00   -0.8299015355E+00    0.3715822317E-10   -0.1857800987E-10   -0.8957935191E+01    0.3937098384E-14    0.3937098384E-14    0.1000000000E+01
    3    0.9558333333E+01    0.0000000000E+00    0.8127975472E+00   -0.2733218078E+00    0.0000000000E+00    0.8127975472E+00   -0.2733218078E+00    0.0000000000E+00    0.0000000000E+00    0.0000000000E+00    0.7433067519E-13    0.7433067519E-13    0.1000000000E+01
    4    0.9558333333E+01    0.8127975472E+00    0.0000000000E+00   -0.2777007919E+00    0.8127975472E+00    0.0000000000E+00   -0.2777007919E+00    0.4575148896E+01    0.5136950240E-11   -0.6489034167E+01    0.5020071951E-14    0.5020071951E-14    0.1000000000E+01
    5    0.9558333333E+01    0.0000000000E+00    0.8127975472E+00   -0.2775130211E+00    0.0000000000E+00    0.8127975472E+00   -0.2775130211E+00    0.2562730146E-11    0.4581739108E+01   -0.6495185491E+01    0.2728883606E-14    0.2728883606E-14    0.1000000000E+01
    1    0.9816666667E+01    0.8127975472E+00    0.0000000000E+00   -0.3168488097E+00    0.8127975472E+00    0.0000000000E+00   -0.3168488097E+00    0.4310658255E+01    0.1652275239E-10   -0.6203851937E+01    0.2089678712E-14    0.2089678712E-14    0.1000000000E+01
    2    0.9816666667E+01    0.0000000000E+00    0.0000000000E+00    0.2902920008E+00    0.0000000000E+00    0.0000000000E+00   -0.8591773143E+00    0.1809187391E-10   -0.1809226606E-10   -0.8702258943E+01    0.5668254273E-14    0.5668254273E-14    0.1000000000E+01
    3    0.9816666667E+01    0.0000000000E+00    0.8127975472E+00   -0.3137806626E+00    0.0000000000E+00    0.8127975472E+00   -0.3137806626E+00    0.0000000000E+00    0.0000000000E+00    0.0000000000E+00    0.7770793561E-13    0.7770793561E-13    0.1000000000E+01
    4    0.9816666667E+01    0.8127975472E+00    0.0000000000E+00   -0.3183869877E+00    0.8127975472E+00    0.0000000000E+00   -0.3183869877E+00    0.4300194005E+01   -0.1409880110E-10   -0.6190022006E+01    0.2069838797E-14    0.2069838797E-14    0.1000000000E+01
    5    0.9816666667E+01    0.0000000000E+00    0.8127975472E+00   -0.3180370777E+00    0.0000000000E+00    0.8127975472E+00   -0.3180370777E+00   -0.1076737719E-11    0.4308555468E+01   -0.6198677786E+01    0.9194787191E-14    0.9194787191E-14    0.1000000000E+01
    1    0.1007500000E+02    0.0000000000E+00    0.0000000000E+00    0.2601361963E+00    0.0000000000E+00    0.0000000000E+00   -0.8893331188E+00   -0.3525600929E-10   -0.1091360535E-14   -0.8436860497E+01    0.5002764003E-14    0.5002764003E-14    0.1000000000E+01
    2    0.1007500000E+02    0.8127975472E+00    0.0000000000E+00   -0.3601158451E+00    0.8127975472E+00    0.0000000000E+00   -0.3601158451E+00    0.4003645322E+01   -0.1351713049E-10   -0.5740439997E+01    0.1097718000E-14    0.1097718000E-14    0.1000000000E+01
    3    0.1007500000E+02    0.0000000000E+00    0.8127975472E+00   -0.3570823268E+00    0.0000000000E+00    0.8127975472E+00   -0.3570823268E+00    0.0000000000E+00    0.0000000000E+00    0.0000000000E+00    0.2393252491E-13    0.2393252491E-13    0.1000000000E+01
    4    0.1007500000E+02    0.8127975472E+00    0.0000000000E+00   -0.3616468880E+00    0.8127975472E+00    0.0000000000E+00   -0.3616468880E+00    0.3992033636E+01   -0.1916363884E-10   -0.5721159181E+01    0.1070274041E-14    0.1070274041E-14    0.1000000000E+01
    5    0.1007500000E+02    0.0000000000E+00    0.8127975472E+00   -0.3611150711E+00    0.0000000000E+00    0.8127975472E+00   -0.3611150711E+00    0.8438044798E-11    0.4002804395E+01   -0.5734080887E+01    0.4628106283E-14    0.4628106283E-14    0.1000000000E+01
    1    0.1033333333E+02    0.0000000000E+00    0.0000000000E+00    0.2290097511E+00    0.0000000000E+00    0.0000000000E+00   -0.9204595639E+00   -0.3437375340E-10   -0.1718762171E-10   -0.8161869554E+01    0.2220701570E-14    0.2220701570E-14    0.9999999999E+00
    2    0.1033333333E+02    0.8127975472E+00    0.0000000000E+00   -0.4079402287E+00    0.8127975472E+00    0.0000000000E+00   -0.4079402287E+00    0.3593088136E+01   -0.1610345881E-11   -0.5034668726E+01    0.8605749078E-14    0.8605749078E-14    0.1000000000E+01
    3    0.1033333333E+02    0.8127975472E+00    0.8127975472E+00    0.4667801517E+00    0.8127975472E+00    0.8127975472E+00    0.4667801517E+00   -0.1735258581E-10    0.1779435642E-10   -0.2933064603E+01    0.1495536941E-11    0.1495536941E-11    0.1000000000E+01
    4    0.1033333333E+02    0.8127975472E+00    0.0000000000E+00   -0.4095761146E+00    0.8127975472E+00    0.0000000000E+00   -0.4095761146E+00    0.3576703459E+01   -0.1199765791E-10   -0.5006397621E+01    0.1060596217E-13    0.1060596217E-13    0.1000000000E+01
    5    0.1033333333E+02    0.0000000000E+00    0.8127975472E+00   -0.4088000992E+00    0.0000000000E+00    0.8127975472E+00   -0.4088000992E+00   -0.3828866436E-11    0.3592100263E+01   -0.5027047000E+01    0.2132366068E-13    0.2132366068E-13    0.1000000000E+01
    6    0.1033333333E+02    0.0000000000E+00    0.8127975472E+00   -0.4054474417E+00    0.0000000000E+00    0.8127975472E+00   -0.4054474417E+00    0.0000000000E+00    0.0000000000E+00    0.0000000000E+00    0.3631020737E-13    0.3631020737E-13    0.1000000000E+01
    7    0.1033333333E+02    0.8127975472E+00    0.8127975472E+00    0.4676016689E+00    0.8127975472E+00    0.8127975472E+00    0.4676016689E+00    0.3527280919E-10    0.3138125220E-10   -0.2915694911E+01    0.1551174088E-11    0.1551174088E-11    0.1000000000E+01
    8    0.1033333333E+02    0.8127975472E+00    0.8127975472E+00    0.4669708522E+00    0.8127975472E+00    0.8127975472E+00    0.4669708522E+00    0.1356983025E-11   -0.6031043554E-11   -0.2929041279E+01    0.2237009266E-11    0.2237009266E-11    0.1000000000E+01
    9    0.1033333333E+02    0.8127975472E+00    0.8127975472E+00    0.4669171105E+00    0.8127975472E+00    0.8127975472E+00    0.4669171105E+00   -0.4921504511E-11   -0.1608834134E-11   -0.2930175636E+01    0.2236543008E-11    0.2236543008E-11    0.1000000000E+01
    1    0.1059166667E+02    0.0000000000E+00    0.0000000000E+00    0.1968096763E+00    0.0000000000E+00    0.0000000000E+00   -0.9526596387E+00   -0.2515472324E-10   -0.8385213585E-11   -0.7877467650E+01    0.5378260558E-16    0.5378275154E-16    0.9999972860E+00
    2    0.1059166667E+02    0.8127975472E+00    0.0000000000E+00   -0.4656765636E+00    0.8127975472E+00    0.0000000000E+00   -0.4656765636E+00    0.2852450536E+01   -0.4332759328E-11   -0.3825172308E+01    0.5638106702E-12    0.5638106711E-12    0.9999999985E+00
    3    0.1059166667E+02    0.8127975472E+00    0.8127975472E+00    0.3941913479E+00    0.8127975472E+00    0.8127975472E+00    0.3941913479E+00    0.2269081535E-10    0.2970790996E-10   -0.4070210665E+01    0.5083873222E-14    0.5083876805E-14    0.9999992953E+00
    4    0.1059166667E+02    0.8127975472E+00    0.0000000000E+00   -0.4677806262E+00    0.8127975472E+00    0.0000000000E+00   -0.4677806262E+00    0.2817341782E+01    0.8139739474E-11   -0.3771561522E+01    0.6376956431E-12    0.6376956478E-12    0.9999999925E+00
    5    0.1059166667E+02    0.0000000000E+00    0.8127975472E+00   -0.4665145796E+00    0.0000000000E+00    0.8127975472E+00   -0.4665145796E+00   -0.1753259896E-10    0.2846753904E+01   -0.3811907304E+01    0.8040514529E-12    0.8040514535E-12    0.9999999993E+00
    6    0.1059166667E+02    0.0000000000E+00    0.8127975472E+00   -0.4648189159E+00    0.0000000000E+00    0.8127975472E+00   -0.4648189159E+00    0.3138235120E-12    0.2874766466E+01   -0.3854800334E+01    0.1184326560E-11    0.1184326560E-11    0.1000000000E+01
    7    0.1059166667E+02    0.8127975472E+00    0.8127975472E+00    0.3948324435E+00    0.8127975472E+00    0.8127975472E+00    0.3948324435E+00    0.2934569548E-11    0.6722696411E-11   -0.4063583199E+01    0.5778279514E-14    0.5778285360E-14    0.9999989882E+00
    8    0.1059166667E+02    0.8127975472E+00    0.8127975472E+00    0.3943821920E+00    0.8127975472E+00    0.8127975472E+00    0.3943821920E+00   -0.7716621170E-12    0.2135530917E-11   -0.4068243917E+01    0.1786001745E-13    0.1786001745E-13    0.9999999999E+00
    9    0.1059166667E+02    0.8127975472E+00    0.8127975472E+00    0.3944834623E+00    0.8127975472E+00    0.8127975472E+00    0.3944834623E+00    0.3644083836E-11    0.2511130105E-10   -0.4067198158E+01    0.1817014650E-13    0.1817014651E-13    0.9999999992E+00
    1    0.1085000000E+02    0.0000000000E+00    0.0000000000E+00    0.1634182922E+00    0.0000000000E+00    0.0000000000E+00   -0.9860510228E+00   -0.3424921724E-14    0.8185207047E-11   -0.7583887744E+01    0.1599746705E-14    0.1599746705E-14    0.1000000000E+01
    2    0.1085000000E+02    0.8127975472E+00    0.8127975472E+00    0.3339887601E+00    0.8127975472E+00    0.8127975472E+00    0.3339887601E+00   -0.8560872368E-11   -0.2454993906E-10   -0.4444347945E+01    0.1272454483E-13    0.1272454483E-13    0.1000000000E+01
    3    0.1085000000E+02    0.8127975472E+00    0.8127975472E+00    0.3346259237E+00    0.8127975472E+00    0.8127975472E+00    0.3346259237E+00   -0.6148920985E-11   -0.2828017286E-11   -0.4442810419E+01    0.1271924857E-13    0.1271924857E-13    0.1000000000E+01
    4    0.1085000000E+02    0.8127975472E+00    0.8127975472E+00    0.3341829079E+00    0.8127975472E+00    0.8127975472E+00    0.3341829079E+00    0.6128519839E-11   -0.5284788670E-11   -0.4443884597E+01    0.1742538595E-12    0.1742538595E-12    0.1000000000E+01
    5    0.1085000000E+02    0.8127975472E+00    0.8127975472E+00    0.3343349026E+00    0.8127975472E+00    0.8127975472E+00    0.3343349026E+00    0.1565489867E-10   -0.7564260249E-11   -0.4443518704E+01    0.1732112907E-12    0.1732112907E-12    0.1000000000E+01
    1    0.1110833333E+02    0.8127975472E+00    0.8127975472E+00    0.2759082243E+00    0.8127975472E+00    0.8127975472E+00    0.2759082243E+00   -0.8644274630E-11   -0.6447090249E-11   -0.4392559404E+01    0.8029840904E-15    0.8029840904E-15    0.1000000000E+01
    2    0.1110833333E+02    0.0000000000E+00    0.0000000000E+00    0.1287003265E+00    0.0000000000E+00    0.0000000000E+00   -0.1020768988E+01    0.3442776182E-14   -0.7994448076E-11   -0.7281409822E+01    0.6543276063E-14    0.6543276063E-14    0.1000000000E+01
    3    0.1110833333E+02    0.8127975472E+00    0.8127975472E+00    0.2766053186E+00    0.8127975472E+00    0.8127975472E+00    0.2766053186E+00   -0.7634503560E-12    0.5069351467E-11   -0.4395302984E+01    0.5410134764E-15    0.5410134764E-15    0.1000000000E+01
    4    0.1110833333E+02    0.8127975472E+00    0.8127975472E+00    0.2760569488E+00    0.8127975472E+00    0.8127975472E+00    0.2760569488E+00    0.2951847793E-10   -0.3023035560E-10   -0.4393148836E+01    0.3233681974E-12    0.3233681974E-12    0.1000000000E+01
    5    0.1110833333E+02    0.8127975472E+00    0.8127975472E+00    0.2762715737E+00    0.8127975472E+00    0.8127975472E+00    0.2762715737E+00   -0.1463517508E-10    0.1685058090E-10   -0.4393995536E+01    0.3230458337E-12    0.3230458337E-12    0.1000000000E+01
    1    0.1136666667E+02    0.0000000000E+00    0.0000000000E+00    0.9249922058E-01    0.0000000000E+00    0.0000000000E+00   -0.1056970094E+01    0.3918596428E-11    0.3908538723E-11   -0.6970350066E+01    0.9717804740E-14    0.9717804740E-14    0.1000000000E+01
    2    0.1136666667E+02    0.8127975472E+00    0.8127975472E+00    0.2146067156E+00    0.8127975472E+00    0.8127975472E+00    0.2146067156E+00    0.1290977049E-11   -0.3740567643E-11   -0.3968997979E+01    0.7121839127E-14    0.7121839127E-14    0.1000000000E+01
    3    0.1136666667E+02    0.8127975472E+00    0.8127975472E+00    0.2154346552E+00    0.8127975472E+00    0.8127975472E+00    0.2154346552E+00    0.2071410959E-11   -0.2831139816E-10   -0.3977032713E+01    0.7292185402E-14    0.7292185402E-14    0.1000000000E+01
    4    0.1136666667E+02    0.8127975472E+00    0.8127975472E+00    0.2146418571E+00    0.8127975472E+00    0.8127975472E+00    0.2146418571E+00   -0.1050796184E-10   -0.1260354941E-10   -0.3969340260E+01    0.6936600708E-13    0.6936600708E-13    0.1000000000E+01
    5    0.1136666667E+02    0.8127975472E+00    0.8127975472E+00    0.2149461618E+00    0.8127975472E+00    0.8127975472E+00    0.2149461618E+00   -0.1120960812E-10   -0.1895429814E-10   -0.3972299580E+01    0.7078467687E-13    0.7078467687E-13    0.1000000000E+01
    1    0.1162500000E+02    0.8127975472E+00    0.8127975472E+00    0.1417046202E+00    0.8127975472E+00    0.8127975472E+00    0.1417046202E+00    0.1514312285E-10    0.1147414673E-10   -0.3023680962E+01    0.3800548592E-12    0.3800548592E-12    0.1000000000E+01
    2    0.1162500000E+02    0.0000000000E+00    0.0000000000E+00    0.5463228882E-01    0.0000000000E+00    0.0000000000E+00   -0.1094837026E+01    0.3817006066E-11    0.3810215740E-11   -0.6651039282E+01    0.6090935647E-14    0.6090935647E-14    0.1000000000E+01
    3    0.1162500000E+02    0.8127975472E+00    0.8127975472E+00    0.1428551244E+00    0.8127975472E+00    0.8127975472E+00    0.1428551244E+00    0.3145451408E-10    0.5495695945E-11   -0.3042216114E+01    0.3510604655E-12    0.3510604655E-12    0.1000000000E+01
    4    0.1162500000E+02    0.8127975472E+00    0.8127975472E+00    0.1414780367E+00    0.8127975472E+00    0.8127975472E+00    0.1414780367E+00   -0.3155316985E-11    0.7051492409E-11   -0.3020017063E+01    0.8997577060E-12    0.8997577060E-12    0.1000000000E+01
    5    0.1162500000E+02    0.8127975472E+00    0.8127975472E+00    0.1419607421E+00    0.8127975472E+00    0.8127975472E+00    0.1419607421E+00   -0.2507324219E-10    0.9596171450E-11   -0.3027817139E+01    0.8754885989E-12    0.8754885989E-12    0.1000000000E+01
    1    0.1188333333E+02    0.0000000000E+00    0.0000000000E+00    0.1488295114E-01    0.0000000000E+00    0.0000000000E+00   -0.1134586364E+01    0.1880131493E-11    0.3080216370E-10   -0.6323754775E+01    0.8621830576E-18    0.8621830576E-18    0.1000000000E+01
    1    0.1214166667E+02    0.8127975472E+00    0.0000000000E+00    0.3558639629E+00    0.8127975472E+00    0.0000000000E+00    0.3558639629E+00   -0.4754705536E+01   -0.2222725398E-10   -0.7735596387E+00    0.1371644950E-12    0.1371644950E-12    0.1000000000E+01
    2    0.1214166667E+02    0.0000000000E+00    0.8127975472E+00    0.3320005332E+00    0.0000000000E+00    0.8127975472E+00    0.3320005332E+00    0.0000000000E+00    0.0000000000E+00    0.0000000000E+00    0.1049360812E-10    0.1049360812E-10    0.1000000000E+01
    3    0.1214166667E+02    0.8127975472E+00    0.0000000000E+00    0.3770718176E+00    0.8127975472E+00    0.0000000000E+00    0.3770718176E+00    0.0000000000E+00    0.0000000000E+00    0.0000000000E+00    0.7051854774E-14    0.7051854774E-14    0.1000000000E+01
    4    0.1214166667E+02    0.0000000000E+00    0.8127975472E+00    0.3737920021E+00    0.0000000000E+00    0.8127975472E+00    0.3737920021E+00    0.1867247739E-11   -0.4591713434E+01   -0.8964135234E+00    0.1704435409E-13    0.1704435409E-13    0.1000000000E+01
    5    0.1214166667E+02    0.0000000000E+00    0.0000000000E+00   -0.2699529653E-01    0.0000000000E+00    0.0000000000E+00    0.1122474019E+01   -0.1085219962E-13   -0.1822250445E-11   -0.5988875201E+01    0.1377544357E-14    0.1377544357E-14    0.1000000000E+01
    1    0.1240000000E+02    0.0000000000E+00    0.0000000000E+00   -0.7132400537E-01    0.0000000000E+00    0.0000000000E+00    0.1078145310E+01    0.2667592202E-14   -0.3587456409E-11   -0.5646313442E+01    0.1431024928E-13    0.1431024928E-13    0.1000000000E+01
    1    0.1265833333E+02    0.0000000000E+00    0.0000000000E+00   -0.1184746377E+00    0.0000000000E+00    0.0000000000E+00    0.1030994677E+01   -0.7013581067E-11    0.3459634781E-14   -0.5295905307E+01    0.1869993748E-13    0.1869993748E-13    0.1000000000E+01
    1    0.1291666667E+02    0.0000000000E+00    0.0000000000E+00   -0.1689219807E+00    0.0000000000E+00    0.0000000000E+00    0.9805473343E+00    0.3438802397E-10    0.1172559406E-14   -0.4936928901E+01    0.3555482772E-14    0.3555482772E-14    0.1000000000E+01
    1    0.1317500000E+02    0.0000000000E+00    0.0000000000E+00   -0.2232770068E+00    0.0000000000E+00    0.0000000000E+00    0.9261923083E+00   -0.4045316219E-10   -0.1344984508E-10   -0.4567870862E+01    0.8489306481E-14    0.8489306481E-14    0.1000000000E+01
    1    0.1343333333E+02    0.0000000000E+00    0.0000000000E+00   -0.4077485109E+00    0.0000000000E+00    0.0000000000E+00    0.7417208042E+00    0.2209672315E-24    0.2062457665E-10   -0.1299080607E+01    0.2804666928E-13    0.2804666928E-13    0.1000000000E+01
    2    0.1343333333E+02    0.8127975472E+00    0.8127975472E+00   -0.2707756843E+00    0.8127975472E+00    0.8127975472E+00   -0.2707756843E+00    0.2121260628E-10    0.1282900961E-10   -0.5125978945E+00    0.9344229635E-11    0.9344229635E-11    0.1000000000E+01
    3    0.1343333333E+02    0.0000000000E+00    0.0000000000E+00   -0.4040252502E+00    0.0000000000E+00    0.0000000000E+00    0.7454440649E+00   -0.5892208203E-25   -0.2073387434E-10   -0.1272984367E+01    0.2448507689E-12    0.2448507689E-12    0.1000000000E+01
    4    0.1343333333E+02    0.8127975472E+00    0.8127975472E+00   -0.2447915202E+00    0.8127975472E+00    0.8127975472E+00   -0.2447915202E+00   -0.1511726250E-10    0.3117707883E-10   -0.5593051281E+00    0.4424288394E-11    0.4424288394E-11    0.1000000000E+01
    5    0.1343333333E+02    0.8127975472E+00    0.8127975472E+00   -0.2915045205E+00    0.8127975472E+00    0.8127975472E+00   -0.2915045205E+00   -0.6612682386E-11    0.1383750003E-11   -0.4700326488E+00    0.4580889158E-10    0.4580889158E-10    0.1000000000E+01
    6    0.1343333333E+02    0.8127975472E+00    0.8127975472E+00   -0.2727508082E+00    0.8127975472E+00    0.8127975472E+00   -0.2727508082E+00   -0.5555168986E-11    0.1722283145E-11   -0.5088040844E+00    0.3676951146E-10    0.3676951146E-10    0.1000000000E+01
    7    0.1343333333E+02    0.0000000000E+00    0.0000000000E+00   -0.2823555359E+00    0.0000000000E+00    0.0000000000E+00    0.8671137791E+00    0.2644952473E-10   -0.2644903445E-10   -0.4185997241E+01    0.4507463087E-13    0.4507463087E-13    0.1000000000E+01
    1    0.1369166667E+02    0.0000000000E+00    0.0000000000E+00   -0.5540871946E+00    0.0000000000E+00    0.0000000000E+00    0.0000000000E+00    0.0000000000E+00    0.0000000000E+00    0.0000000000E+00    0.1556682650E-11    0.1556682650E-11    0.1000000000E+01
    2    0.1369166667E+02    0.0000000000E+00    0.0000000000E+00   -0.3472991719E+00    0.0000000000E+00    0.0000000000E+00    0.8021701431E+00   -0.2594851405E-10    0.1297552193E-10   -0.3786710608E+01    0.1935078819E-13    0.1935078819E-13    0.1000000000E+01
    3    0.1369166667E+02    0.0000000000E+00    0.0000000000E+00   -0.5480654245E+00    0.0000000000E+00    0.0000000000E+00    0.6014038906E+00    0.1269402812E-10    0.7895110380E-11   -0.2269513551E+01    0.3327423983E-12    0.3327423983E-12    0.1000000000E+01
    1    0.1395000000E+02    0.0000000000E+00    0.0000000000E+00    0.4953770374E+00    0.0000000000E+00    0.0000000000E+00    0.4953770374E+00    0.3363746849E-10   -0.1199520510E-10   -0.2755616346E+01    0.1711830732E-12    0.1711830732E-12    0.1000000000E+01
    2    0.1395000000E+02    0.0000000000E+00    0.8127975472E+00   -0.2807820710E+00    0.0000000000E+00    0.8127975472E+00   -0.2807820710E+00    0.7710053287E-15   -0.1137943835E+01   -0.1238193515E+01    0.1371577818E-14    0.1371577818E-14    0.1000000000E+01
    3    0.1395000000E+02    0.0000000000E+00    0.0000000000E+00   -0.4198074828E+00    0.0000000000E+00    0.0000000000E+00    0.7296618322E+00   -0.3820338106E-10   -0.2547102038E-10   -0.3362533962E+01    0.3010184452E-13    0.3010184452E-13    0.1000000000E+01
    4    0.1395000000E+02    0.0000000000E+00    0.0000000000E+00    0.5000566694E+00    0.0000000000E+00    0.0000000000E+00    0.5000566694E+00    0.1272325316E-10    0.9076791364E-10   -0.2744866307E+01    0.4305836016E-12    0.4305836016E-12    0.1000000000E+01
    5    0.1395000000E+02    0.8127975472E+00    0.0000000000E+00   -0.2801425867E+00    0.8127975472E+00    0.0000000000E+00   -0.2801425867E+00   -0.1142228904E+01   -0.5373512530E-11   -0.1235957348E+01    0.7598565288E-11    0.7598565288E-11    0.1000000000E+01
    6    0.1395000000E+02    0.8127975472E+00    0.0000000000E+00   -0.2796805369E+00    0.8127975472E+00    0.0000000000E+00   -0.2796805369E+00   -0.1143794023E+01   -0.2846229943E-10   -0.1236005945E+01    0.6436074565E-27    0.7586678992E-11    0.8483388543E-16
    7    0.1395000000E+02    0.8127975472E+00    0.0000000000E+00   -0.2796805369E+00    0.8127975472E+00    0.0000000000E+00   -0.2796805369E+00   -0.1143794023E+01    0.1072609213E-10   -0.1236005945E+01    0.5217986935E-27    0.7586678876E-11    0.6877827598E-16
    1    0.1420833333E+02    0.0000000000E+00    0.0000000000E+00    0.4051914290E+00    0.0000000000E+00    0.0000000000E+00    0.4051914290E+00   -0.4495995268E-11   -0.2864724485E-10   -0.2855937624E+01    0.2298899820E-13    0.2298899820E-13    0.1000000000E+01
    2    0.1420833333E+02    0.8127975472E+00    0.0000000000E+00   -0.3776297773E+00    0.8127975472E+00    0.0000000000E+00   -0.3776297773E+00   -0.5293887667E-01   -0.6610595708E-11   -0.2029032459E+00    0.1773443032E-11    0.1773443032E-11    0.1000000000E+01
    3    0.1420833333E+02    0.0000000000E+00    0.0000000000E+00    0.4089139575E+00    0.0000000000E+00    0.0000000000E+00    0.4089139575E+00    0.9058795967E-11   -0.1217511592E-11   -0.2858437334E+01    0.7917513522E-13    0.7917513522E-13    0.1000000000E+01
    4    0.1420833333E+02    0.0000000000E+00    0.0000000000E+00   -0.5026345511E+00    0.0000000000E+00    0.0000000000E+00    0.6468347640E+00   -0.5000561397E-10   -0.2500688187E-10   -0.2901298595E+01    0.1437264986E-12    0.1437264986E-12    0.1000000000E+01
    5    0.1420833333E+02    0.0000000000E+00    0.8127975472E+00   -0.3736289600E+00    0.0000000000E+00    0.8127975472E+00   -0.3736289600E+00   -0.3083076600E-10   -0.5659649136E-01   -0.2045745265E+00    0.1418319900E-10    0.1418319900E-10    0.1000000000E+01
    6    0.1420833333E+02    0.8127975472E+00    0.0000000000E+00   -0.3182539146E+00    0.8127975472E+00    0.0000000000E+00   -0.3182539146E+00   -0.8658721339E-01    0.4787475954E-11   -0.1681012167E+00    0.1485403509E-09    0.1485403509E-09    0.1000000000E+01
    7    0.1420833333E+02    0.0000000000E+00    0.8127975472E+00   -0.3168503372E+00    0.0000000000E+00    0.8127975472E+00   -0.3168503372E+00   -0.3052075575E-11   -0.8942789673E-01   -0.1699806845E+00    0.8771644417E-11    0.8771644417E-11    0.1000000000E+01
    1    0.1446666667E+02    0.0000000000E+00    0.0000000000E+00    0.3136610518E+00    0.0000000000E+00    0.0000000000E+00    0.3136610518E+00   -0.3501705668E-13   -0.1370988716E-10   -0.2619864480E+01    0.3756606653E-12    0.3756606653E-12    0.1000000000E+01
    2    0.1446666667E+02    0.0000000000E+00    0.0000000000E+00    0.5486473520E+00    0.0000000000E+00    0.0000000000E+00    0.5486473520E+00    0.9822084170E-10   -0.1207313271E-14   -0.2382185054E+01    0.9649540575E-13    0.9649540575E-13    0.1000000000E+01
    3    0.1446666667E+02    0.0000000000E+00    0.0000000000E+00    0.3155402005E+00    0.0000000000E+00    0.0000000000E+00    0.3155402005E+00    0.5383441091E-10   -0.1765917158E-10   -0.2627962071E+01    0.6389562243E-12    0.6389562243E-12    0.1000000000E+01
    1    0.1472500000E+02    0.0000000000E+00    0.0000000000E+00    0.2053820259E+00    0.0000000000E+00    0.0000000000E+00    0.2053820259E+00    0.2478371703E-10    0.9528708934E-11   -0.1954468315E+01    0.1158389330E-12    0.1158389330E-12    0.1000000000E+01
    2    0.1472500000E+02    0.0000000000E+00    0.0000000000E+00    0.4236591803E+00    0.0000000000E+00    0.0000000000E+00    0.4236591803E+00    0.7237342064E-10    0.4824317952E-10   -0.1762786375E+01    0.3362117401E-12    0.3362117401E-12    0.1000000000E+01
    3    0.1472500000E+02    0.0000000000E+00    0.0000000000E+00    0.2034191780E+00    0.0000000000E+00    0.0000000000E+00    0.2034191780E+00    0.9423621619E-12   -0.3325532120E-10   -0.1939212344E+01    0.1176254088E-12    0.1176254088E-12    0.1000000000E+01
    1    0.1498333333E+02    0.0000000000E+00    0.0000000000E+00    0.2290116787E+00    0.0000000000E+00    0.0000000000E+00    0.2290116787E+00   -0.2370943715E-10   -0.8218666341E-15   -0.8958823130E+00    0.3610425915E-11    0.3610425915E-11    0.1000000000E+01
