    1    0.7750000000E+00    0.4644557413E+00    0.0000000000E+00    0.4863072791E-01    0.0000000000E+00    0.0000000000E+00    0.0000000000E+00    0.0000000000E+00    0.0000000000E+00    0.0000000000E+00    0.2054090741E-12    0.2054090741E-12    0.1000000000E+01
    2    0.7750000000E+00    0.4644557413E+00    0.0000000000E+00   -0.8796307338E-01    0.0000000000E+00    0.0000000000E+00    0.0000000000E+00    0.0000000000E+00    0.0000000000E+00    0.0000000000E+00    0.1262744770E-12    0.1262744770E-12    0.1000000000E+01
    3    0.7750000000E+00    0.4644557413E+00    0.0000000000E+00   -0.7019934487E-01    0.0000000000E+00    0.0000000000E+00    0.0000000000E+00    0.0000000000E+00    0.0000000000E+00    0.0000000000E+00    0.2349342639E-13    0.2349342639E-13    0.1000000000E+01
    1    0.1033333333E+01    0.4644557413E+00    0.0000000000E+00   -0.1503574829E+00    0.0000000000E+00    0.0000000000E+00    0.0000000000E+00    0.0000000000E+00    0.0000000000E+00    0.0000000000E+00    0.5708865466E-16    0.5708865466E-16    0.1000000000E+01
    2    0.1033333333E+01    0.4644557413E+00    0.0000000000E+00   -0.1307775941E+00    0.0000000000E+00    0.0000000000E+00    0.0000000000E+00    0.0000000000E+00    0.0000000000E+00    0.0000000000E+00    0.4707428172E-14    0.4707428172E-14    0.1000000000E+01
    1    0.1291666667E+01    0.4644557413E+00    0.0000000000E+00   -0.1905389800E+00    0.0000000000E+00    0.0000000000E+00    0.0000000000E+00    0.0000000000E+00    0.0000000000E+00    0.0000000000E+00    0.8039375975E-19    0.8039375975E-19    0.1000000000E+01
    2    0.1291666667E+01    0.4644557413E+00    0.0000000000E+00   -0.1809940866E+00    0.0000000000E+00    0.0000000000E+00    0.0000000000E+00    0.0000000000E+00    0.0000000000E+00    0.0000000000E+00    0.1295933068E-15    0.1295933068E-15    0.1000000000E+01
    1    0.1550000000E+01    0.4644557413E+00    0.0000000000E+00   -0.4186777086E-01    0.0000000000E+00    0.0000000000E+00    0.0000000000E+00    0.0000000000E+00    0.0000000000E+00    0.0000000000E+00    0.1352749831E-13    0.1352749831E-13    0.1000000000E+01
    2    0.1550000000E+01    0.4644557413E+00    0.0000000000E+00   -0.2272676150E+00    0.0000000000E+00    0.0000000000E+00    0.0000000000E+00    0.0000000000E+00    0.0000000000E+00    0.0000000000E+00    0.2889671099E-14    0.2889671099E-14    0.1000000000E+01
    3    0.1550000000E+01    0.4644557413E+00    0.0000000000E+00   -0.2279655690E+00    0.0000000000E+00    0.0000000000E+00    0.0000000000E+00    0.0000000000E+00    0.0000000000E+00    0.0000000000E+00    0.1158245208E-14    0.1158245208E-14    0.1000000000E+01
    1    0.1808333333E+01    0.4644557413E+00    0.0000000000E+00   -0.7525812113E-01    0.0000000000E+00    0.0000000000E+00    0.0000000000E+00    0.0000000000E+00    0.0000000000E+00    0.0000000000E+00    0.1209536349E-14    0.1209536349E-14    0.1000000000E+01
    2    0.1808333333E+01    0.4644557413E+00    0.0000000000E+00   -0.2630946761E+00    0.0000000000E+00    0.0000000000E+00    0.0000000000E+00    0.0000000000E+00    0.0000000000E+00    0.0000000000E+00    0.8933213007E-15    0.8933213007E-15    0.1000000000E+01
    3    0.1808333333E+01    0.4644557413E+00    0.0000000000E+00   -0.2736602230E+00    0.0000000000E+00    0.0000000000E+00    0.0000000000E+00    0.0000000000E+00    0.0000000000E+00    0.0000000000E+00    0.3304810381E-14    0.3304810381E-14    0.1000000000E+01
    1    0.2066666667E+01    0.4644557413E+00    0.0000000000E+00   -0.1040940436E+00    0.0000000000E+00    0.0000000000E+00    0.0000000000E+00    0.0000000000E+00    0.0000000000E+00    0.0000000000E+00    0.1117006675E-15    0.1117006675E-15    0.1000000000E+01
    2    0.2066666667E+01    0.4644557413E+00    0.0000000000E+00   -0.2990409287E+00    0.0000000000E+00    0.0000000000E+00    0.0000000000E+00    0.0000000000E+00    0.0000000000E+00    0.0000000000E+00    0.6727924518E-15    0.6727924518E-15    0.1000000000E+01
    3    0.2066666667E+01    0.4644557413E+00    0.0000000000E+00   -0.3190770429E+00    0.0000000000E+00    0.0000000000E+00    0.0000000000E+00    0.0000000000E+00    0.0000000000E+00    0.0000000000E+00    0.2662509404E-14    0.2662509404E-14    0.1000000000E+01
    1    0.2325000000E+01    0.4644557413E+00    0.0000000000E+00   -0.1310967807E+00    0.0000000000E+00    0.0000000000E+00    0.0000000000E+00    0.0000000000E+00    0.0000000000E+00    0.0000000000E+00    0.1109695260E-14    0.1109695260E-14    0.1000000000E+01
    2    0.2325000000E+01    0.4644557413E+00    0.0000000000E+00   -0.3357336204E+00    0.0000000000E+00    0.0000000000E+00    0.0000000000E+00    0.0000000000E+00    0.0000000000E+00    0.0000000000E+00    0.1170245169E-14    0.1170245169E-14    0.1000000000E+01
    3    0.2325000000E+01    0.4644557413E+00    0.0000000000E+00   -0.3649676472E+00    0.0000000000E+00    0.0000000000E+00    0.0000000000E+00    0.0000000000E+00    0.0000000000E+00    0.0000000000E+00    0.3270156044E-15    0.3270156044E-15    0.1000000000E+01
    1    0.2583333333E+01    0.4644557413E+00    0.0000000000E+00   -0.1570592483E+00    0.0000000000E+00    0.0000000000E+00    0.0000000000E+00    0.0000000000E+00    0.0000000000E+00    0.0000000000E+00    0.1812370358E-14    0.1812370358E-14    0.1000000000E+01
    2    0.2583333333E+01    0.4644557413E+00    0.0000000000E+00   -0.3737124000E+00    0.0000000000E+00    0.0000000000E+00    0.0000000000E+00    0.0000000000E+00    0.0000000000E+00    0.0000000000E+00    0.1523493688E-14    0.1523493688E-14    0.1000000000E+01
    3    0.2583333333E+01    0.4644557413E+00    0.0000000000E+00   -0.4120863159E+00    0.0000000000E+00    0.0000000000E+00    0.0000000000E+00    0.0000000000E+00    0.0000000000E+00    0.0000000000E+00    0.8844718490E-15    0.8844718490E-15    0.1000000000E+01
    1    0.2841666667E+01    0.4644557413E+00    0.0000000000E+00   -0.1823449912E+00    0.0000000000E+00    0.0000000000E+00    0.0000000000E+00    0.0000000000E+00    0.0000000000E+00    0.0000000000E+00    0.1405872628E-14    0.1405872628E-14    0.1000000000E+01
    2    0.2841666667E+01    0.4644557413E+00    0.0000000000E+00   -0.4135779942E+00    0.4644557413E+00    0.0000000000E+00   -0.4135779942E+00    0.1122556789E+01   -0.5749753553E-10   -0.1997760859E+01    0.1831590807E-14    0.1831590807E-14    0.1000000000E+01
    3    0.2841666667E+01    0.4644557413E+00    0.0000000000E+00   -0.4613541104E+00    0.0000000000E+00    0.0000000000E+00    0.0000000000E+00    0.0000000000E+00    0.0000000000E+00    0.0000000000E+00    0.4484850628E-14    0.4484850628E-14    0.1000000000E+01
    1    0.3100000000E+01    0.4644557413E+00    0.0000000000E+00   -0.2071606681E+00    0.0000000000E+00    0.0000000000E+00    0.0000000000E+00    0.0000000000E+00    0.0000000000E+00    0.0000000000E+00    0.5251568046E-15    0.5251568046E-15    0.1000000000E+01
    2    0.3100000000E+01    0.4644557413E+00    0.0000000000E+00   -0.4561333371E+00    0.0000000000E+00    0.0000000000E+00    0.0000000000E+00    0.0000000000E+00    0.0000000000E+00    0.0000000000E+00    0.2530728760E-14    0.2530728760E-14    0.1000000000E+01
    3    0.3100000000E+01    0.4644557413E+00    0.0000000000E+00   -0.5140677154E+00    0.0000000000E+00    0.0000000000E+00    0.0000000000E+00    0.0000000000E+00    0.0000000000E+00    0.0000000000E+00    0.3432063954E-14    0.3432063954E-14    0.1000000000E+01
    1    0.3358333333E+01    0.4644557413E+00    0.0000000000E+00   -0.2316402233E+00    0.0000000000E+00    0.0000000000E+00    0.0000000000E+00    0.0000000000E+00    0.0000000000E+00    0.0000000000E+00    0.4001210625E-15    0.4001210626E-15    0.9999999996E+00
    2    0.3358333333E+01    0.4644557413E+00    0.0000000000E+00   -0.5026411947E+00    0.0000000000E+00    0.0000000000E+00    0.0000000000E+00    0.0000000000E+00    0.0000000000E+00    0.0000000000E+00    0.5271187371E-14    0.5271187371E-14    0.1000000000E+01
    3    0.3358333333E+01   -0.3483418059E+00    0.0000000000E+00    0.3688481184E+00    0.0000000000E+00    0.0000000000E+00    0.0000000000E+00    0.0000000000E+00    0.0000000000E+00    0.0000000000E+00    0.1016706689E-12    0.1016706689E-12    0.1000000000E+01
    4    0.3358333333E+01    0.4644557413E+00    0.8127975472E+00    0.3913019408E+00    0.4644557413E+00    0.8127975472E+00    0.3913019408E+00    0.0000000000E+00    0.0000000000E+00    0.0000000000E+00    0.1396743954E-16    0.1396744847E-16    0.9999993604E+00
    5    0.3358333333E+01   -0.3483418059E+00    0.0000000000E+00    0.5499398809E+00    0.0000000000E+00    0.0000000000E+00    0.0000000000E+00    0.0000000000E+00    0.0000000000E+00    0.0000000000E+00    0.1904005528E-12    0.1904005528E-12    0.9999999999E+00
    6    0.3358333333E+01   -0.3483418059E+00    0.0000000000E+00    0.1546844254E+00    0.0000000000E+00    0.0000000000E+00    0.0000000000E+00    0.0000000000E+00    0.0000000000E+00    0.0000000000E+00    0.5782403306E-12    0.5782403331E-12    0.9999999957E+00
    7    0.3358333333E+01    0.4644557413E+00    0.8127975472E+00    0.4136131828E+00    0.4644557413E+00    0.8127975472E+00    0.4136131828E+00    0.0000000000E+00    0.0000000000E+00    0.0000000000E+00    0.9881125194E-14    0.9881125321E-14    0.9999999871E+00
    8    0.3358333333E+01   -0.3483418059E+00    0.0000000000E+00    0.4345881023E+00    0.0000000000E+00    0.0000000000E+00    0.0000000000E+00    0.0000000000E+00    0.0000000000E+00    0.0000000000E+00    0.3135533031E-12    0.3135533033E-12    0.9999999996E+00
    9    0.3358333333E+01    0.4644557413E+00    0.0000000000E+00   -0.5728904143E+00    0.0000000000E+00    0.0000000000E+00    0.0000000000E+00    0.0000000000E+00    0.0000000000E+00    0.0000000000E+00    0.2960336811E-12    0.2960336812E-12    0.9999999998E+00
    1    0.3616666667E+01    0.4644557413E+00    0.0000000000E+00   -0.2558786348E+00    0.0000000000E+00    0.0000000000E+00    0.0000000000E+00    0.0000000000E+00    0.0000000000E+00    0.0000000000E+00    0.5149645427E-14    0.5149645436E-14    0.9999999982E+00
    2    0.3616666667E+01    0.4644557413E+00    0.0000000000E+00   -0.5564410420E+00    0.0000000000E+00    0.0000000000E+00    0.0000000000E+00    0.0000000000E+00    0.0000000000E+00    0.0000000000E+00    0.9444382237E-13    0.9444382239E-13    0.9999999998E+00
    3    0.3616666667E+01   -0.3483418059E+00    0.0000000000E+00    0.3121443601E+00    0.0000000000E+00    0.0000000000E+00    0.0000000000E+00    0.0000000000E+00    0.0000000000E+00    0.0000000000E+00    0.4111673942E-14    0.4111674072E-14    0.9999999682E+00
    4    0.3616666667E+01    0.4644557413E+00    0.8127975472E+00    0.2770976116E+00    0.4644557413E+00    0.8127975472E+00    0.2770976116E+00    0.0000000000E+00    0.0000000000E+00    0.0000000000E+00    0.8326367619E-15    0.8326368835E-15    0.9999998539E+00
    5    0.3616666667E+01    0.4644557413E+00    0.8127975472E+00    0.4774694560E+00    0.4644557413E+00    0.8127975472E+00    0.4774694560E+00    0.0000000000E+00    0.0000000000E+00    0.0000000000E+00    0.1197704588E-13    0.1197704596E-13    0.9999999934E+00
    6    0.3616666667E+01   -0.3483418059E+00    0.0000000000E+00    0.4895182373E+00    0.0000000000E+00    0.0000000000E+00    0.0000000000E+00    0.0000000000E+00    0.0000000000E+00    0.0000000000E+00    0.5612805146E-14    0.5612805169E-14    0.9999999959E+00
    7    0.3616666667E+01    0.4644557413E+00    0.8127975472E+00    0.2767279714E+00    0.4644557413E+00    0.8127975472E+00    0.2767279714E+00    0.0000000000E+00    0.0000000000E+00    0.0000000000E+00    0.6255834839E-13    0.6255834873E-13    0.9999999947E+00
    8    0.3616666667E+01   -0.3483418059E+00    0.0000000000E+00    0.3151992441E+00    0.0000000000E+00    0.0000000000E+00    0.0000000000E+00    0.0000000000E+00    0.0000000000E+00    0.0000000000E+00    0.5436632717E-13    0.5436632717E-13    0.1000000000E+01
    9    0.3616666667E+01    0.4644557413E+00    0.8127975472E+00    0.4931587233E+00    0.4644557413E+00    0.8127975472E+00    0.4931587233E+00    0.0000000000E+00    0.0000000000E+00    0.0000000000E+00    0.2292326888E-13    0.2292327556E-13    0.9999997086E+00
   10    0.3616666667E+01    0.4644557413E+00    0.0000000000E+00    0.5098071622E+00    0.0000000000E+00    0.0000000000E+00    0.0000000000E+00    0.0000000000E+00    0.0000000000E+00    0.0000000000E+00    0.9795837784E-14    0.9795837785E-14    0.9999999999E+00
    1    0.3875000000E+01    0.4644557413E+00    0.0000000000E+00   -0.2799479394E+00    0.0000000000E+00    0.0000000000E+00    0.0000000000E+00    0.0000000000E+00    0.0000000000E+00    0.0000000000E+00    0.1761840859E-14    0.1763388905E-14    0.9991221188E+00
    2    0.3875000000E+01    0.4644557413E+00    0.0000000000E+00    0.5352267824E+00    0.0000000000E+00    0.0000000000E+00    0.0000000000E+00    0.0000000000E+00    0.0000000000E+00    0.0000000000E+00    0.3173167026E-13    0.3173297586E-13    0.9999588568E+00
    3    0.3875000000E+01   -0.3483418059E+00    0.0000000000E+00    0.2666474117E+00    0.0000000000E+00    0.0000000000E+00    0.0000000000E+00    0.0000000000E+00    0.0000000000E+00    0.0000000000E+00    0.6561010667E-14    0.6561012227E-14    0.9999997623E+00
    4    0.3875000000E+01    0.4644557413E+00    0.8127975472E+00    0.1710640500E+00    0.4644557413E+00    0.8127975472E+00    0.1710640500E+00    0.0000000000E+00    0.0000000000E+00    0.0000000000E+00    0.1289173598E-13    0.1294028740E-13    0.9962480414E+00
    5    0.3875000000E+01   -0.3483418059E+00    0.0000000000E+00    0.4412995076E+00    0.0000000000E+00    0.0000000000E+00    0.0000000000E+00    0.0000000000E+00    0.0000000000E+00    0.0000000000E+00    0.4227493419E-14    0.4227509741E-14    0.9999961392E+00
    6    0.3875000000E+01    0.4644557413E+00    0.8127975472E+00    0.4092507670E+00    0.4644557413E+00    0.8127975472E+00    0.4092507670E+00    0.0000000000E+00    0.0000000000E+00    0.0000000000E+00    0.1351139932E-14    0.1354670661E-14    0.9973936620E+00
    7    0.3875000000E+01    0.4644557413E+00    0.8127975472E+00    0.1619626459E+00    0.4644557413E+00    0.8127975472E+00    0.1619626459E+00    0.0000000000E+00    0.0000000000E+00    0.0000000000E+00    0.1315693302E-12    0.1315694084E-12    0.9999994055E+00
    8    0.3875000000E+01   -0.3483418059E+00    0.0000000000E+00    0.1951434463E+00    0.0000000000E+00    0.0000000000E+00    0.0000000000E+00    0.0000000000E+00    0.0000000000E+00    0.0000000000E+00    0.8449899840E-15    0.8449899968E-15    0.9999999848E+00
    9    0.3875000000E+01    0.4644557413E+00    0.8127975472E+00    0.4194987057E+00    0.4644557413E+00    0.8127975472E+00    0.4194987057E+00    0.0000000000E+00    0.0000000000E+00    0.0000000000E+00    0.8016049677E-13    0.8016050529E-13    0.9999998938E+00
   10    0.3875000000E+01    0.4644557413E+00    0.0000000000E+00    0.4245863474E+00    0.0000000000E+00    0.0000000000E+00    0.0000000000E+00    0.0000000000E+00    0.0000000000E+00    0.0000000000E+00    0.1569940599E-13    0.1569940600E-13    0.9999999995E+00
    1    0.4133333333E+01    0.4644557413E+00    0.0000000000E+00   -0.3039065203E+00    0.0000000000E+00    0.0000000000E+00    0.0000000000E+00    0.0000000000E+00    0.0000000000E+00    0.0000000000E+00    0.2009702890E-14    0.2009951007E-14    0.9998765558E+00
    2    0.4133333333E+01   -0.3483418059E+00    0.0000000000E+00    0.2258625310E+00    0.0000000000E+00    0.0000000000E+00    0.0000000000E+00    0.0000000000E+00    0.0000000000E+00    0.0000000000E+00    0.1193549009E-13    0.1193577392E-13    0.9999762196E+00
    3    0.4133333333E+01    0.4644557413E+00    0.0000000000E+00    0.4539849484E+00    0.0000000000E+00    0.0000000000E+00    0.0000000000E+00    0.0000000000E+00    0.0000000000E+00    0.0000000000E+00    0.1167963756E-15    0.1168100386E-15    0.9998830324E+00
    4    0.4133333333E+01   -0.3483418059E+00    0.0000000000E+00    0.3980630430E+00    0.0000000000E+00    0.0000000000E+00    0.0000000000E+00    0.0000000000E+00    0.0000000000E+00    0.0000000000E+00    0.1013412903E-13    0.1013412923E-13    0.9999999798E+00
    5    0.4133333333E+01    0.4644557413E+00    0.8127975472E+00    0.3535119751E+00    0.4644557413E+00    0.8127975472E+00    0.3535119751E+00    0.0000000000E+00    0.0000000000E+00    0.0000000000E+00    0.8796042262E-15    0.8796043311E-15    0.9999998808E+00
    6    0.4133333333E+01    0.4644557413E+00    0.8127975472E+00    0.3603759895E+00    0.4644557413E+00    0.8127975472E+00    0.3603759895E+00    0.0000000000E+00    0.0000000000E+00    0.0000000000E+00    0.9424913449E-15    0.9424913449E-15    0.1000000000E+01
    7    0.4133333333E+01    0.4644557413E+00    0.0000000000E+00    0.2921725795E+00    0.0000000000E+00    0.0000000000E+00    0.0000000000E+00    0.0000000000E+00    0.0000000000E+00    0.0000000000E+00    0.2693862616E-12    0.2693862617E-12    0.9999999997E+00
    1    0.4391666667E+01    0.4644557413E+00    0.0000000000E+00   -0.3277295141E+00    0.0000000000E+00    0.0000000000E+00    0.0000000000E+00    0.0000000000E+00    0.0000000000E+00    0.0000000000E+00    0.2889961079E-13    0.2889961079E-13    0.9999999999E+00
    2    0.4391666667E+01   -0.3483418059E+00    0.8127975472E+00   -0.1476834444E+00   -0.3483418059E+00    0.8127975472E+00   -0.1476834444E+00    0.0000000000E+00    0.0000000000E+00    0.0000000000E+00    0.3624646052E-13    0.3624646052E-13    0.1000000000E+01
    3    0.4391666667E+01   -0.3483418059E+00    0.0000000000E+00    0.1871603695E+00    0.0000000000E+00    0.0000000000E+00    0.0000000000E+00    0.0000000000E+00    0.0000000000E+00    0.0000000000E+00    0.8932451140E-14    0.8932451141E-14    0.9999999999E+00
    4    0.4391666667E+01   -0.3483418059E+00    0.0000000000E+00    0.3573853767E+00    0.0000000000E+00    0.0000000000E+00    0.0000000000E+00    0.0000000000E+00    0.0000000000E+00    0.0000000000E+00    0.9416242307E-14    0.9416242309E-14    0.9999999997E+00
    5    0.4391666667E+01    0.4644557413E+00    0.8127975472E+00    0.3033909742E+00    0.4644557413E+00    0.8127975472E+00    0.3033909742E+00    0.0000000000E+00    0.0000000000E+00    0.0000000000E+00    0.3157732505E-14    0.3157732505E-14    0.9999999998E+00
    6    0.4391666667E+01    0.4644557413E+00    0.0000000000E+00    0.3103373407E+00    0.0000000000E+00    0.0000000000E+00    0.0000000000E+00    0.0000000000E+00    0.0000000000E+00    0.0000000000E+00    0.1926802260E-12    0.1926802260E-12    0.1000000000E+01
    7    0.4391666667E+01   -0.3483418059E+00    0.8127975472E+00   -0.1268340252E+00   -0.3483418059E+00    0.8127975472E+00   -0.1268340252E+00    0.0000000000E+00    0.0000000000E+00    0.0000000000E+00    0.9830590292E-11    0.9830590292E-11    0.1000000000E+01
    8    0.4391666667E+01   -0.3483418059E+00    0.8127975472E+00    0.2332999979E-01   -0.3483418059E+00    0.8127975472E+00    0.2332999979E-01    0.0000000000E+00    0.0000000000E+00    0.0000000000E+00    0.1037974141E-10    0.1037974141E-10    0.1000000000E+01
    9    0.4391666667E+01    0.4644557413E+00    0.8127975472E+00    0.3079242244E+00    0.4644557413E+00    0.8127975472E+00    0.3079242244E+00    0.0000000000E+00    0.0000000000E+00    0.0000000000E+00    0.9877158733E-14    0.9877158733E-14    0.1000000000E+01
    1    0.4650000000E+01    0.4644557413E+00    0.0000000000E+00   -0.3516555208E+00    0.0000000000E+00    0.0000000000E+00    0.0000000000E+00    0.0000000000E+00    0.0000000000E+00    0.0000000000E+00    0.5057812392E-15    0.5059562484E-15    0.9996541021E+00
    2    0.4650000000E+01   -0.3483418059E+00    0.0000000000E+00    0.3179786701E+00    0.0000000000E+00    0.0000000000E+00    0.0000000000E+00    0.0000000000E+00    0.0000000000E+00    0.0000000000E+00    0.4681717215E-14    0.4681717266E-14    0.9999999892E+00
    3    0.4650000000E+01   -0.3483418059E+00    0.0000000000E+00    0.1486881025E+00    0.0000000000E+00    0.0000000000E+00    0.0000000000E+00    0.0000000000E+00    0.0000000000E+00    0.0000000000E+00    0.1143838910E-13    0.1143838910E-13    0.9999999999E+00
    4    0.4650000000E+01   -0.3483418059E+00    0.8127975472E+00   -0.2582547558E+00   -0.3483418059E+00    0.8127975472E+00   -0.2582547558E+00    0.0000000000E+00    0.0000000000E+00    0.0000000000E+00    0.2000068897E-13    0.2000068951E-13    0.9999999728E+00
    5    0.4650000000E+01   -0.3483418059E+00    0.8127975472E+00   -0.1130076288E+00   -0.3483418059E+00    0.8127975472E+00   -0.1130076288E+00    0.0000000000E+00    0.0000000000E+00    0.0000000000E+00    0.1793589502E-13    0.1793589564E-13    0.9999999656E+00
    6    0.4650000000E+01    0.4644557413E+00    0.8127975472E+00    0.2561563479E+00    0.4644557413E+00    0.8127975472E+00    0.2561563479E+00    0.0000000000E+00    0.0000000000E+00    0.0000000000E+00    0.1193294018E-14    0.1193296866E-14    0.9999976137E+00
    7    0.4650000000E+01   -0.3483418059E+00    0.8127975472E+00   -0.2530032222E+00   -0.3483418059E+00    0.8127975472E+00   -0.2530032222E+00    0.0000000000E+00    0.0000000000E+00    0.0000000000E+00    0.1392043385E-13    0.1392043385E-13    0.9999999999E+00
    8    0.4650000000E+01   -0.3483418059E+00    0.8127975472E+00   -0.1020247497E+00   -0.3483418059E+00    0.8127975472E+00   -0.1020247497E+00    0.0000000000E+00    0.0000000000E+00    0.0000000000E+00    0.1718628650E-13    0.1718628651E-13    0.9999999995E+00
    9    0.4650000000E+01    0.4644557413E+00    0.8127975472E+00    0.2591503659E+00    0.4644557413E+00    0.8127975472E+00    0.2591503659E+00    0.0000000000E+00    0.0000000000E+00    0.0000000000E+00    0.1342692023E-13    0.1342692023E-13    0.9999999998E+00
    1    0.4908333333E+01   -0.3483418059E+00    0.0000000000E+00    0.2789355393E+00    0.0000000000E+00    0.0000000000E+00    0.0000000000E+00    0.0000000000E+00    0.0000000000E+00    0.0000000000E+00    0.3862331138E-14    0.3862331221E-14    0.9999999785E+00
    2    0.4908333333E+01   -0.3483418059E+00    0.0000000000E+00    0.1080118544E+00    0.0000000000E+00    0.0000000000E+00    0.0000000000E+00    0.0000000000E+00    0.0000000000E+00    0.0000000000E+00    0.6207994063E-13    0.6207994101E-13    0.9999999939E+00
    3    0.4908333333E+01    0.4644557413E+00    0.8127975472E+00    0.2099718908E+00    0.4644557413E+00    0.8127975472E+00    0.2099718908E+00    0.0000000000E+00    0.0000000000E+00    0.0000000000E+00    0.1007584671E-17    0.1007584763E-17    0.9999999086E+00
    4    0.4908333333E+01   -0.3483418059E+00    0.8127975472E+00   -0.1852588918E+00   -0.3483418059E+00    0.8127975472E+00   -0.1852588918E+00    0.0000000000E+00    0.0000000000E+00    0.0000000000E+00    0.1424096946E-13    0.1424096946E-13    0.1000000000E+01
    5    0.4908333333E+01    0.4644557413E+00    0.0000000000E+00   -0.3755354620E+00    0.0000000000E+00    0.0000000000E+00    0.0000000000E+00    0.0000000000E+00    0.0000000000E+00    0.0000000000E+00    0.3482358478E-16    0.3482493264E-16    0.9999612962E+00
    6    0.4908333333E+01   -0.3483418059E+00    0.8127975472E+00   -0.3317738661E+00   -0.3483418059E+00    0.8127975472E+00   -0.3317738661E+00    0.0000000000E+00    0.0000000000E+00    0.0000000000E+00    0.2865867664E-13    0.2865867664E-13    0.1000000000E+01
    7    0.4908333333E+01    0.4644557413E+00    0.8127975472E+00    0.2121149961E+00    0.4644557413E+00    0.8127975472E+00    0.2121149961E+00    0.0000000000E+00    0.0000000000E+00    0.0000000000E+00    0.3027906566E-14    0.3027906574E-14    0.9999999973E+00
    8    0.4908333333E+01   -0.3483418059E+00    0.8127975472E+00   -0.1775189707E+00   -0.3483418059E+00    0.8127975472E+00   -0.1775189707E+00    0.0000000000E+00    0.0000000000E+00    0.0000000000E+00    0.7073746504E-13    0.7073747675E-13    0.9999998343E+00
    9    0.4908333333E+01   -0.3483418059E+00    0.8127975472E+00   -0.3283170738E+00   -0.3483418059E+00    0.8127975472E+00   -0.3283170738E+00    0.0000000000E+00    0.0000000000E+00    0.0000000000E+00    0.7255209508E-13    0.7255209984E-13    0.9999999344E+00
    1    0.5166666667E+01   -0.3483418059E+00    0.0000000000E+00    0.2394041035E+00    0.0000000000E+00    0.0000000000E+00    0.0000000000E+00    0.0000000000E+00    0.0000000000E+00    0.0000000000E+00    0.1085946647E-13    0.1085946647E-13    0.1000000000E+01
    2    0.5166666667E+01   -0.3483418059E+00    0.0000000000E+00    0.5783530169E-01    0.0000000000E+00    0.0000000000E+00    0.0000000000E+00    0.0000000000E+00    0.0000000000E+00    0.0000000000E+00    0.5218365265E-12    0.5218365265E-12    0.1000000000E+01
    3    0.5166666667E+01    0.4644557413E+00    0.8127975472E+00    0.1627878111E+00    0.4644557413E+00    0.8127975472E+00    0.1627878111E+00    0.0000000000E+00    0.0000000000E+00    0.0000000000E+00    0.1063081262E-14    0.1063081274E-14    0.9999999890E+00
    4    0.5166666667E+01   -0.3483418059E+00    0.8127975472E+00   -0.2483534447E+00   -0.3483418059E+00    0.8127975472E+00   -0.2483534447E+00    0.0000000000E+00    0.0000000000E+00    0.0000000000E+00    0.1231622205E-13    0.1231622205E-13    0.1000000000E+01
    5    0.5166666667E+01   -0.3483418059E+00    0.8127975472E+00   -0.3977726741E+00   -0.3483418059E+00    0.8127975472E+00   -0.3977726741E+00    0.0000000000E+00    0.0000000000E+00    0.0000000000E+00    0.4072861491E-14    0.4072861491E-14    0.9999999999E+00
    6    0.5166666667E+01    0.4644557413E+00    0.0000000000E+00   -0.3994579426E+00    0.0000000000E+00    0.0000000000E+00    0.0000000000E+00    0.0000000000E+00    0.0000000000E+00    0.0000000000E+00    0.1676928897E-15    0.1676928995E-15    0.9999999413E+00
    7    0.5166666667E+01    0.4644557413E+00    0.8127975472E+00    0.1647690789E+00    0.4644557413E+00    0.8127975472E+00    0.1647690789E+00    0.0000000000E+00    0.0000000000E+00    0.0000000000E+00    0.1018117602E-13    0.1018117602E-13    0.1000000000E+01
    8    0.5166666667E+01   -0.3483418059E+00    0.8127975472E+00   -0.2424874431E+00   -0.3483418059E+00    0.8127975472E+00   -0.2424874431E+00    0.0000000000E+00    0.0000000000E+00    0.0000000000E+00    0.6676203594E-13    0.6676203594E-13    0.9999999999E+00
    9    0.5166666667E+01   -0.3483418059E+00    0.8127975472E+00   -0.3946489726E+00   -0.3483418059E+00    0.8127975472E+00   -0.3946489726E+00    0.0000000000E+00    0.0000000000E+00    0.0000000000E+00    0.7018268242E-13    0.7018268242E-13    0.1000000000E+01
    1    0.5425000000E+01   -0.3483418059E+00    0.0000000000E+00    0.1982920406E+00    0.0000000000E+00    0.0000000000E+00    0.0000000000E+00    0.0000000000E+00    0.0000000000E+00    0.0000000000E+00    0.1955207323E-15    0.1955207464E-15    0.9999999277E+00
    2    0.5425000000E+01   -0.3483418059E+00    0.8127975472E+00   -0.3101773555E+00   -0.3483418059E+00    0.8127975472E+00   -0.3101773555E+00    0.0000000000E+00    0.0000000000E+00    0.0000000000E+00    0.2168247225E-13    0.2168247225E-13    0.1000000000E+01
    3    0.5425000000E+01   -0.3483418059E+00    0.8127975472E+00   -0.4675982683E+00   -0.3483418059E+00    0.8127975472E+00   -0.4675982683E+00    0.0000000000E+00    0.0000000000E+00    0.0000000000E+00    0.2603844727E-12    0.2603844727E-12    0.1000000000E+01
    4    0.5425000000E+01    0.4644557413E+00    0.0000000000E+00   -0.4234540871E+00    0.0000000000E+00    0.0000000000E+00    0.0000000000E+00    0.0000000000E+00    0.0000000000E+00    0.0000000000E+00    0.9660052583E-15    0.9660052619E-15    0.9999999962E+00
    5    0.5425000000E+01    0.4644557413E+00    0.8127975472E+00    0.1105080860E+00    0.4644557413E+00    0.8127975472E+00    0.1105080860E+00    0.0000000000E+00    0.0000000000E+00    0.0000000000E+00    0.7992205924E-13    0.7992205925E-13    0.9999999999E+00
    6    0.5425000000E+01   -0.3483418059E+00    0.8127975472E+00   -0.4636736032E+00   -0.3483418059E+00    0.8127975472E+00   -0.4636736032E+00    0.0000000000E+00    0.0000000000E+00    0.0000000000E+00    0.1597093189E-12    0.1597093189E-12    0.9999999999E+00
    7    0.5425000000E+01   -0.3483418059E+00    0.8127975472E+00   -0.3056299227E+00   -0.3483418059E+00    0.8127975472E+00   -0.3056299227E+00    0.0000000000E+00    0.0000000000E+00    0.0000000000E+00    0.6811888055E-14    0.6811888055E-14    0.9999999999E+00
    8    0.5425000000E+01    0.4644557413E+00    0.8127975472E+00    0.1133134649E+00    0.4644557413E+00    0.8127975472E+00    0.1133134649E+00    0.0000000000E+00    0.0000000000E+00    0.0000000000E+00    0.1732328892E-12    0.1732328892E-12    0.1000000000E+01
    1    0.5683333333E+01   -0.3483418059E+00    0.0000000000E+00    0.1536549566E+00    0.0000000000E+00    0.0000000000E+00    0.0000000000E+00    0.0000000000E+00    0.0000000000E+00    0.0000000000E+00    0.1661668056E-13    0.1661668056E-13    0.1000000000E+01
    2    0.5683333333E+01    0.4644557413E+00    0.8127975472E+00    0.2786552947E-01    0.4644557413E+00    0.8127975472E+00    0.2786552947E-01    0.0000000000E+00    0.0000000000E+00    0.0000000000E+00    0.7627574243E-11    0.7627574243E-11    0.1000000000E+01
    3    0.5683333333E+01   -0.3483418059E+00    0.8127975472E+00   -0.3786242062E+00   -0.3483418059E+00    0.8127975472E+00   -0.3786242062E+00    0.0000000000E+00    0.0000000000E+00    0.0000000000E+00    0.3681016219E-15    0.3681017095E-15    0.9999997620E+00
    4    0.5683333333E+01    0.4644557413E+00    0.0000000000E+00   -0.4475527724E+00    0.0000000000E+00    0.0000000000E+00    0.0000000000E+00    0.0000000000E+00    0.0000000000E+00    0.0000000000E+00    0.2066219303E-14    0.2066219316E-14    0.9999999937E+00
    5    0.5683333333E+01   -0.3483418059E+00    0.8127975472E+00   -0.3750261756E+00   -0.3483418059E+00    0.8127975472E+00   -0.3750261756E+00    0.0000000000E+00    0.0000000000E+00    0.0000000000E+00    0.4916744633E-15    0.4916744633E-15    0.1000000000E+01
    6    0.5683333333E+01    0.4644557413E+00    0.8127975472E+00    0.3887487897E-01    0.4644557413E+00    0.8127975472E+00    0.3887487897E-01    0.0000000000E+00    0.0000000000E+00    0.0000000000E+00    0.3702037481E-11    0.3702037481E-11    0.1000000000E+01
    1    0.5941666667E+01   -0.3483418059E+00    0.0000000000E+00    0.1002176022E+00    0.0000000000E+00    0.0000000000E+00    0.0000000000E+00    0.0000000000E+00    0.0000000000E+00    0.0000000000E+00    0.2994521419E-12    0.2994521419E-12    0.1000000000E+01
    2    0.5941666667E+01    0.4644557413E+00    0.0000000000E+00   -0.4717818922E+00    0.0000000000E+00    0.0000000000E+00    0.0000000000E+00    0.0000000000E+00    0.0000000000E+00    0.0000000000E+00    0.2857301852E-14    0.2857301853E-14    0.9999999999E+00
    3    0.5941666667E+01   -0.3483418059E+00    0.8127975472E+00   -0.4887027610E+00   -0.3483418059E+00    0.8127975472E+00   -0.4887027610E+00    0.0000000000E+00    0.0000000000E+00    0.0000000000E+00    0.4204181770E-11    0.4204181770E-11    0.1000000000E+01
    4    0.5941666667E+01   -0.3483418059E+00    0.8127975472E+00   -0.4852714070E+00   -0.3483418059E+00    0.8127975472E+00   -0.4852714070E+00    0.0000000000E+00    0.0000000000E+00    0.0000000000E+00    0.3032283240E-11    0.3032283240E-11    0.1000000000E+01
    1    0.6200000000E+01    0.4644557413E+00    0.0000000000E+00   -0.4961690022E+00    0.0000000000E+00    0.0000000000E+00    0.0000000000E+00    0.0000000000E+00    0.0000000000E+00    0.0000000000E+00    0.2846879596E-14    0.2846879596E-14    0.1000000000E+01
    1    0.6458333333E+01    0.4644557413E+00    0.0000000000E+00   -0.5207418408E+00    0.0000000000E+00    0.0000000000E+00    0.0000000000E+00    0.0000000000E+00    0.0000000000E+00    0.0000000000E+00    0.2003189231E-14    0.2003189231E-14    0.1000000000E+01
    1    0.6716666667E+01    0.4644557413E+00    0.0000000000E+00   -0.5455288486E+00    0.0000000000E+00    0.0000000000E+00    0.0000000000E+00    0.0000000000E+00    0.0000000000E+00    0.0000000000E+00    0.8483833157E-15    0.8483833157E-15    0.1000000000E+01
    1    0.6975000000E+01    0.4644557413E+00    0.0000000000E+00   -0.5705619129E+00    0.0000000000E+00    0.0000000000E+00    0.0000000000E+00    0.0000000000E+00    0.0000000000E+00    0.0000000000E+00    0.5728280478E-15    0.5728280478E-15    0.1000000000E+01
    1    0.7233333333E+01    0.4644557413E+00    0.0000000000E+00    0.5536068177E+00    0.0000000000E+00    0.0000000000E+00    0.0000000000E+00    0.0000000000E+00    0.0000000000E+00    0.0000000000E+00    0.6009766093E-15    0.6009766093E-15    0.1000000000E+01
    1    0.7491666667E+01   -0.3483418059E+00    0.0000000000E+00   -0.6153931865E-01    0.0000000000E+00    0.0000000000E+00    0.0000000000E+00    0.0000000000E+00    0.0000000000E+00    0.0000000000E+00    0.8909127490E-12    0.8909127490E-12    0.1000000000E+01
    2    0.7491666667E+01    0.4644557413E+00    0.0000000000E+00    0.5279947542E+00    0.0000000000E+00    0.0000000000E+00    0.0000000000E+00    0.0000000000E+00    0.0000000000E+00    0.0000000000E+00    0.2003761927E-14    0.2003761927E-14    0.1000000000E+01
    1    0.7750000000E+01   -0.3483418059E+00    0.0000000000E+00   -0.1098072562E+00    0.0000000000E+00    0.0000000000E+00    0.0000000000E+00    0.0000000000E+00    0.0000000000E+00    0.0000000000E+00    0.1300743152E-12    0.1300743152E-12    0.1000000000E+01
    2    0.7750000000E+01    0.4644557413E+00    0.0000000000E+00    0.5020405687E+00    0.0000000000E+00    0.0000000000E+00    0.0000000000E+00    0.0000000000E+00    0.0000000000E+00    0.0000000000E+00    0.3611978952E-14    0.3611978952E-14    0.1000000000E+01
    1    0.8008333333E+01   -0.3483418059E+00    0.0000000000E+00   -0.1491964856E+00    0.0000000000E+00    0.0000000000E+00    0.0000000000E+00    0.0000000000E+00    0.0000000000E+00    0.0000000000E+00    0.1840833673E-13    0.1840833673E-13    0.1000000000E+01
    2    0.8008333333E+01    0.4644557413E+00    0.0000000000E+00    0.4757059403E+00    0.0000000000E+00    0.0000000000E+00    0.0000000000E+00    0.0000000000E+00    0.0000000000E+00    0.0000000000E+00    0.4322890902E-14    0.4322890902E-14    0.1000000000E+01
    1    0.8266666667E+01   -0.3483418059E+00    0.0000000000E+00   -0.1859580999E+00    0.0000000000E+00    0.0000000000E+00    0.0000000000E+00    0.0000000000E+00    0.0000000000E+00    0.0000000000E+00    0.1742618829E-15    0.1742618829E-15    0.1000000000E+01
    2    0.8266666667E+01    0.4644557413E+00    0.0000000000E+00    0.4489492545E+00    0.0000000000E+00    0.0000000000E+00    0.0000000000E+00    0.0000000000E+00    0.0000000000E+00    0.0000000000E+00    0.3524003533E-14    0.3524003533E-14    0.1000000000E+01
    3    0.8266666667E+01    0.4644557413E+00    0.8127975472E+00   -0.5570841084E-01    0.4644557413E+00    0.8127975472E+00   -0.5570841084E-01    0.0000000000E+00    0.0000000000E+00    0.0000000000E+00    0.2698146045E-11    0.2698146045E-11    0.1000000000E+01
    4    0.8266666667E+01    0.4644557413E+00    0.8127975472E+00   -0.5517961396E-01    0.4644557413E+00    0.8127975472E+00   -0.5517961396E-01    0.0000000000E+00    0.0000000000E+00    0.0000000000E+00    0.3045149289E-11    0.3045149289E-11    0.1000000000E+01
    1    0.8525000000E+01    0.4644557413E+00    0.0000000000E+00    0.4217248324E+00    0.0000000000E+00    0.0000000000E+00    0.0000000000E+00    0.0000000000E+00    0.0000000000E+00    0.0000000000E+00    0.1666854447E-14    0.1666854447E-14    0.1000000000E+01
    2    0.8525000000E+01   -0.3483418059E+00    0.0000000000E+00   -0.2219698201E+00    0.0000000000E+00    0.0000000000E+00    0.0000000000E+00    0.0000000000E+00    0.0000000000E+00    0.0000000000E+00    0.2520981042E-14    0.2520981042E-14    0.1000000000E+01
    3    0.8525000000E+01    0.4644557413E+00    0.8127975472E+00   -0.1192440747E+00    0.4644557413E+00    0.8127975472E+00   -0.1192440747E+00    0.0000000000E+00    0.0000000000E+00    0.0000000000E+00    0.1293337440E-12    0.1293337440E-12    0.1000000000E+01
    4    0.8525000000E+01    0.4644557413E+00    0.8127975472E+00   -0.1170236190E+00    0.4644557413E+00    0.8127975472E+00   -0.1170236190E+00    0.0000000000E+00    0.0000000000E+00    0.0000000000E+00    0.3231133917E-12    0.3231133917E-12    0.1000000000E+01
    1    0.8783333333E+01    0.4644557413E+00    0.0000000000E+00    0.3939821873E+00    0.0000000000E+00    0.0000000000E+00    0.0000000000E+00    0.0000000000E+00    0.0000000000E+00    0.0000000000E+00    0.1570525233E-15    0.1570525233E-15    0.1000000000E+01
    2    0.8783333333E+01   -0.3483418059E+00    0.0000000000E+00   -0.2582039081E+00    0.0000000000E+00    0.0000000000E+00    0.0000000000E+00    0.0000000000E+00    0.0000000000E+00    0.0000000000E+00    0.5020908090E-14    0.5020908090E-14    0.1000000000E+01
    3    0.8783333333E+01    0.4644557413E+00    0.8127975472E+00   -0.1663249454E+00    0.4644557413E+00    0.8127975472E+00   -0.1663249454E+00    0.0000000000E+00    0.0000000000E+00    0.0000000000E+00    0.3662534509E-14    0.3662534509E-14    0.1000000000E+01
    4    0.8783333333E+01    0.4644557413E+00    0.8127975472E+00   -0.1631965448E+00    0.4644557413E+00    0.8127975472E+00   -0.1631965448E+00    0.0000000000E+00    0.0000000000E+00    0.0000000000E+00    0.3071502740E-13    0.3071502740E-13    0.1000000000E+01
    1    0.9041666667E+01    0.4644557413E+00    0.0000000000E+00    0.3656651658E+00    0.0000000000E+00    0.0000000000E+00    0.0000000000E+00    0.0000000000E+00    0.0000000000E+00    0.0000000000E+00    0.4270292269E-15    0.4270292269E-15    0.1000000000E+01
    2    0.9041666667E+01   -0.3483418059E+00    0.0000000000E+00   -0.8177511795E-01    0.0000000000E+00    0.0000000000E+00    0.0000000000E+00    0.0000000000E+00    0.0000000000E+00    0.0000000000E+00    0.1743753702E-11    0.1743753702E-11    0.1000000000E+01
    3    0.9041666667E+01   -0.3483418059E+00    0.0000000000E+00   -0.2953759797E+00    0.0000000000E+00    0.0000000000E+00    0.0000000000E+00    0.0000000000E+00    0.0000000000E+00    0.0000000000E+00    0.7767255787E-14    0.7767255787E-14    0.1000000000E+01
    4    0.9041666667E+01    0.4644557413E+00    0.8127975472E+00   -0.2090473054E+00    0.4644557413E+00    0.8127975472E+00   -0.2090473054E+00    0.0000000000E+00    0.0000000000E+00    0.0000000000E+00    0.1890251144E-15    0.1890251145E-15    0.9999999997E+00
    5    0.9041666667E+01    0.4644557413E+00    0.8127975472E+00   -0.2052945374E+00    0.4644557413E+00    0.8127975472E+00   -0.2052945374E+00    0.0000000000E+00    0.0000000000E+00    0.0000000000E+00    0.5040754437E-14    0.5040754437E-14    0.1000000000E+01
    1    0.9300000000E+01    0.4644557413E+00    0.0000000000E+00    0.3367109232E+00    0.0000000000E+00    0.0000000000E+00    0.0000000000E+00    0.0000000000E+00    0.0000000000E+00    0.0000000000E+00    0.2702817246E-14    0.2702817246E-14    0.1000000000E+01
    2    0.9300000000E+01   -0.3483418059E+00    0.0000000000E+00   -0.1473516996E+00    0.0000000000E+00    0.0000000000E+00    0.0000000000E+00    0.0000000000E+00    0.0000000000E+00    0.0000000000E+00    0.6485703840E-13    0.6485703840E-13    0.1000000000E+01
    3    0.9300000000E+01   -0.3483418059E+00    0.0000000000E+00   -0.3341894683E+00    0.0000000000E+00    0.0000000000E+00    0.0000000000E+00    0.0000000000E+00    0.0000000000E+00    0.0000000000E+00    0.2192552360E-14    0.2192552360E-14    0.1000000000E+01
    4    0.9300000000E+01    0.4644557413E+00    0.8127975472E+00   -0.2504111241E+00    0.4644557413E+00    0.8127975472E+00   -0.2504111241E+00    0.0000000000E+00    0.0000000000E+00    0.0000000000E+00    0.1908302499E-15    0.1908302499E-15    0.9999999995E+00
    5    0.9300000000E+01    0.4644557413E+00    0.8127975472E+00   -0.2462520025E+00    0.4644557413E+00    0.8127975472E+00   -0.2462520025E+00    0.0000000000E+00    0.0000000000E+00    0.0000000000E+00    0.5306721247E-13    0.5306721247E-13    0.1000000000E+01
    1    0.9558333333E+01    0.4644557413E+00    0.0000000000E+00    0.3070486720E+00    0.0000000000E+00    0.0000000000E+00    0.0000000000E+00    0.0000000000E+00    0.0000000000E+00    0.0000000000E+00    0.5450063485E-14    0.5450063485E-14    0.1000000000E+01
    2    0.9558333333E+01   -0.3483418059E+00    0.0000000000E+00   -0.2005843510E+00    0.0000000000E+00    0.0000000000E+00    0.0000000000E+00    0.0000000000E+00    0.0000000000E+00    0.0000000000E+00    0.6861336720E-15    0.6861336720E-15    0.1000000000E+01
    3    0.9558333333E+01   -0.3483418059E+00    0.0000000000E+00   -0.3755189347E+00    0.0000000000E+00    0.0000000000E+00    0.0000000000E+00    0.0000000000E+00    0.0000000000E+00    0.0000000000E+00    0.9132356341E-16    0.9132356341E-16    0.1000000000E+01
    4    0.9558333333E+01    0.4644557413E+00    0.8127975472E+00   -0.2919544467E+00    0.4644557413E+00    0.8127975472E+00   -0.2919544467E+00    0.0000000000E+00    0.0000000000E+00    0.0000000000E+00    0.5528331093E-14    0.5528331093E-14    0.1000000000E+01
    5    0.9558333333E+01    0.4644557413E+00    0.8127975472E+00   -0.2876100215E+00    0.4644557413E+00    0.8127975472E+00   -0.2876100215E+00    0.0000000000E+00    0.0000000000E+00    0.0000000000E+00    0.9069631849E-13    0.9069631849E-13    0.1000000000E+01
    1    0.9816666667E+01    0.4644557413E+00    0.0000000000E+00    0.2765981215E+00    0.0000000000E+00    0.0000000000E+00    0.0000000000E+00    0.0000000000E+00    0.0000000000E+00    0.0000000000E+00    0.6295658984E-14    0.6295658985E-14    0.9999999998E+00
    2    0.9816666667E+01   -0.3483418059E+00    0.0000000000E+00   -0.2513775932E+00    0.0000000000E+00    0.0000000000E+00    0.0000000000E+00    0.0000000000E+00    0.0000000000E+00    0.0000000000E+00    0.5783381539E-14    0.5783381539E-14    0.1000000000E+01
    3    0.9816666667E+01   -0.3483418059E+00    0.0000000000E+00   -0.4206913781E+00    0.0000000000E+00    0.0000000000E+00    0.0000000000E+00    0.0000000000E+00    0.0000000000E+00    0.0000000000E+00    0.3286756005E-14    0.3286756008E-14    0.9999999992E+00
    4    0.9816666667E+01    0.4644557413E+00    0.8127975472E+00   -0.3349368852E+00    0.4644557413E+00    0.8127975472E+00   -0.3349368852E+00    0.0000000000E+00    0.0000000000E+00    0.0000000000E+00    0.1041097217E-13    0.1041097217E-13    0.1000000000E+01
    5    0.9816666667E+01    0.4644557413E+00    0.8127975472E+00   -0.3306698710E+00    0.4644557413E+00    0.8127975472E+00   -0.3306698710E+00    0.0000000000E+00    0.0000000000E+00    0.0000000000E+00    0.6611481358E-13    0.6611481358E-13    0.1000000000E+01
    1    0.1007500000E+02    0.4644557413E+00    0.0000000000E+00    0.2452674854E+00    0.0000000000E+00    0.0000000000E+00    0.0000000000E+00    0.0000000000E+00    0.0000000000E+00    0.0000000000E+00    0.4169676365E-14    0.4169676781E-14    0.9999999001E+00
    2    0.1007500000E+02   -0.3483418059E+00    0.8127975472E+00    0.4133348959E+00   -0.3483418059E+00    0.8127975472E+00    0.4133348959E+00    0.0000000000E+00    0.0000000000E+00    0.0000000000E+00    0.8196811908E-13    0.8196811923E-13    0.9999999981E+00
    3    0.1007500000E+02   -0.3483418059E+00    0.0000000000E+00   -0.3042303245E+00    0.0000000000E+00    0.0000000000E+00    0.0000000000E+00    0.0000000000E+00    0.0000000000E+00    0.0000000000E+00    0.3941655074E-15    0.3941845525E-15    0.9999516849E+00
    4    0.1007500000E+02   -0.3483418059E+00    0.0000000000E+00   -0.4722012550E+00    0.0000000000E+00    0.0000000000E+00    0.0000000000E+00    0.0000000000E+00    0.0000000000E+00    0.0000000000E+00    0.8729570952E-15    0.8729579389E-15    0.9999990335E+00
    5    0.1007500000E+02    0.4644557413E+00    0.8127975472E+00   -0.3809533200E+00    0.4644557413E+00    0.8127975472E+00   -0.3809533200E+00    0.0000000000E+00    0.0000000000E+00    0.0000000000E+00    0.8517889631E-16    0.8518609110E-16    0.9999155404E+00
    6    0.1007500000E+02   -0.3483418059E+00    0.8127975472E+00    0.4150485906E+00   -0.3483418059E+00    0.8127975472E+00    0.4150485906E+00    0.0000000000E+00    0.0000000000E+00    0.0000000000E+00    0.2480419902E-12    0.2480419902E-12    0.1000000000E+01
    7    0.1007500000E+02    0.4644557413E+00    0.8127975472E+00   -0.3771221189E+00    0.4644557413E+00    0.8127975472E+00   -0.3771221189E+00    0.0000000000E+00    0.0000000000E+00    0.0000000000E+00    0.1837348912E-14    0.1837348917E-14    0.9999999970E+00
    1    0.1033333333E+02    0.4644557413E+00    0.0000000000E+00    0.2129508693E+00    0.0000000000E+00    0.0000000000E+00    0.0000000000E+00    0.0000000000E+00    0.0000000000E+00    0.0000000000E+00    0.8891622858E-15    0.8891623159E-15    0.9999999661E+00
    2    0.1033333333E+02   -0.3483418059E+00    0.8127975472E+00    0.3374893627E+00   -0.3483418059E+00    0.8127975472E+00    0.3374893627E+00    0.0000000000E+00    0.0000000000E+00    0.0000000000E+00    0.1210571631E-13    0.1210571644E-13    0.9999999894E+00
    3    0.1033333333E+02   -0.3483418059E+00    0.0000000000E+00   -0.3661563140E+00    0.0000000000E+00    0.0000000000E+00    0.0000000000E+00    0.0000000000E+00    0.0000000000E+00    0.0000000000E+00    0.4540092539E-12    0.4540092542E-12    0.9999999994E+00
    4    0.1033333333E+02   -0.3483418059E+00    0.0000000000E+00   -0.5366821953E+00    0.0000000000E+00    0.0000000000E+00    0.0000000000E+00    0.0000000000E+00    0.0000000000E+00    0.0000000000E+00    0.4807450499E-12    0.4807450517E-12    0.9999999962E+00
    5    0.1033333333E+02    0.4644557413E+00    0.8127975472E+00   -0.4331143735E+00    0.4644557413E+00    0.8127975472E+00   -0.4331143735E+00    0.0000000000E+00    0.0000000000E+00    0.0000000000E+00    0.1458493912E-12    0.1458493913E-12    0.9999999994E+00
    6    0.1033333333E+02   -0.3483418059E+00    0.8127975472E+00    0.3387954819E+00   -0.3483418059E+00    0.8127975472E+00    0.3387954819E+00    0.0000000000E+00    0.0000000000E+00    0.0000000000E+00    0.1725680578E-12    0.1725680578E-12    0.1000000000E+01
    7    0.1033333333E+02    0.4644557413E+00    0.8127975472E+00   -0.4303177141E+00    0.4644557413E+00    0.8127975472E+00   -0.4303177141E+00    0.0000000000E+00    0.0000000000E+00    0.0000000000E+00    0.2386573675E-12    0.2386573675E-12    0.1000000000E+01
    1    0.1059166667E+02    0.4644557413E+00    0.0000000000E+00    0.1795247337E+00    0.0000000000E+00    0.0000000000E+00    0.0000000000E+00    0.0000000000E+00    0.0000000000E+00    0.0000000000E+00    0.3141963777E-15    0.3141963812E-15    0.9999999889E+00
    2    0.1059166667E+02   -0.3483418059E+00    0.8127975472E+00    0.2708472680E+00   -0.3483418059E+00    0.8127975472E+00    0.2708472680E+00    0.0000000000E+00    0.0000000000E+00    0.0000000000E+00    0.3775993994E-14    0.3775993996E-14    0.9999999994E+00
    3    0.1059166667E+02    0.4644557413E+00    0.8127975472E+00   -0.5031013274E+00    0.4644557413E+00    0.8127975472E+00   -0.5031013274E+00    0.0000000000E+00    0.0000000000E+00    0.0000000000E+00    0.4081880793E-11    0.4081880793E-11    0.1000000000E+01
    4    0.1059166667E+02   -0.3483418059E+00    0.8127975472E+00    0.5084209681E+00   -0.3483418059E+00    0.8127975472E+00    0.5084209681E+00    0.0000000000E+00    0.0000000000E+00    0.0000000000E+00    0.6984549523E-11    0.6984549523E-11    0.1000000000E+01
    5    0.1059166667E+02   -0.3483418059E+00    0.8127975472E+00    0.2717794394E+00   -0.3483418059E+00    0.8127975472E+00    0.2717794394E+00    0.0000000000E+00    0.0000000000E+00    0.0000000000E+00    0.3525717081E-12    0.3525717081E-12    0.1000000000E+01
    6    0.1059166667E+02    0.4644557413E+00    0.8127975472E+00   -0.5031495476E+00    0.4644557413E+00    0.8127975472E+00   -0.5031495476E+00    0.0000000000E+00    0.0000000000E+00    0.0000000000E+00    0.5390274574E-11    0.5390274574E-11    0.1000000000E+01
    7    0.1059166667E+02   -0.3483418059E+00    0.8127975472E+00    0.5061682919E+00   -0.3483418059E+00    0.8127975472E+00    0.5061682919E+00    0.0000000000E+00    0.0000000000E+00    0.0000000000E+00    0.7358226823E-11    0.7358226823E-11    0.1000000000E+01
    1    0.1085000000E+02    0.4644557413E+00    0.0000000000E+00    0.1448429012E+00    0.0000000000E+00    0.0000000000E+00    0.0000000000E+00    0.0000000000E+00    0.0000000000E+00    0.0000000000E+00    0.4195452536E-14    0.4195452536E-14    0.1000000000E+01
    2    0.1085000000E+02   -0.3483418059E+00    0.8127975472E+00    0.2016151424E+00   -0.3483418059E+00    0.8127975472E+00    0.2016151424E+00    0.0000000000E+00    0.0000000000E+00    0.0000000000E+00    0.3221539170E-14    0.3221539170E-14    0.1000000000E+01
    3    0.1085000000E+02   -0.3483418059E+00    0.8127975472E+00    0.4268730167E+00   -0.3483418059E+00    0.8127975472E+00    0.4268730167E+00    0.0000000000E+00    0.0000000000E+00    0.0000000000E+00    0.1541747568E-12    0.1541747568E-12    0.1000000000E+01
    4    0.1085000000E+02   -0.3483418059E+00    0.8127975472E+00    0.2020462799E+00   -0.3483418059E+00    0.8127975472E+00    0.2020462799E+00    0.0000000000E+00    0.0000000000E+00    0.0000000000E+00    0.6198697086E-13    0.6198697086E-13    0.1000000000E+01
    5    0.1085000000E+02   -0.3483418059E+00    0.8127975472E+00    0.4253863570E+00   -0.3483418059E+00    0.8127975472E+00    0.4253863570E+00    0.0000000000E+00    0.0000000000E+00    0.0000000000E+00    0.3094645631E-12    0.3094645631E-12    0.1000000000E+01
    1    0.1110833333E+02   -0.3483418059E+00    0.8127975472E+00    0.3654708359E+00   -0.3483418059E+00    0.8127975472E+00    0.3654708359E+00    0.0000000000E+00    0.0000000000E+00    0.0000000000E+00    0.9028205545E-14    0.9028205545E-14    0.1000000000E+01
    2    0.1110833333E+02   -0.3483418059E+00    0.8127975472E+00    0.1138401813E+00   -0.3483418059E+00    0.8127975472E+00    0.1138401813E+00    0.0000000000E+00    0.0000000000E+00    0.0000000000E+00    0.2289378956E-11    0.2289378956E-11    0.1000000000E+01
    3    0.1110833333E+02    0.4644557413E+00    0.0000000000E+00    0.1087290928E+00    0.0000000000E+00    0.0000000000E+00    0.0000000000E+00    0.0000000000E+00    0.0000000000E+00    0.0000000000E+00    0.8578995283E-14    0.8578995284E-14    0.9999999999E+00
    4    0.1110833333E+02   -0.3483418059E+00    0.8127975472E+00    0.1132303934E+00   -0.3483418059E+00    0.8127975472E+00    0.1132303934E+00    0.0000000000E+00    0.0000000000E+00    0.0000000000E+00    0.3789538308E-11    0.3789538308E-11    0.1000000000E+01
    5    0.1110833333E+02   -0.3483418059E+00    0.8127975472E+00    0.3640911448E+00   -0.3483418059E+00    0.8127975472E+00    0.3640911448E+00    0.0000000000E+00    0.0000000000E+00    0.0000000000E+00    0.8797596761E-13    0.8797596761E-13    0.1000000000E+01
    1    0.1136666667E+02    0.4644557413E+00    0.0000000000E+00    0.7096456549E-01    0.0000000000E+00    0.0000000000E+00    0.0000000000E+00    0.0000000000E+00    0.0000000000E+00    0.0000000000E+00    0.6343444560E-14    0.6343444560E-14    0.1000000000E+01
    2    0.1136666667E+02   -0.3483418059E+00    0.8127975472E+00    0.3077917705E+00   -0.3483418059E+00    0.8127975472E+00    0.3077917705E+00    0.0000000000E+00    0.0000000000E+00    0.0000000000E+00    0.1186573152E-13    0.1186573152E-13    0.1000000000E+01
    3    0.1136666667E+02   -0.3483418059E+00    0.8127975472E+00    0.3064269069E+00   -0.3483418059E+00    0.8127975472E+00    0.3064269069E+00    0.0000000000E+00    0.0000000000E+00    0.0000000000E+00    0.2640249874E-12    0.2640249874E-12    0.1000000000E+01
    1    0.1162500000E+02   -0.3483418059E+00    0.0000000000E+00   -0.2656540208E+00    0.0000000000E+00    0.0000000000E+00    0.0000000000E+00    0.0000000000E+00    0.0000000000E+00    0.0000000000E+00    0.1073522335E-11    0.1073522335E-11    0.1000000000E+01
    2    0.1162500000E+02    0.4644557413E+00    0.0000000000E+00    0.3125873441E-01    0.0000000000E+00    0.0000000000E+00    0.0000000000E+00    0.0000000000E+00    0.0000000000E+00    0.0000000000E+00    0.1017479379E-15    0.1017479379E-15    0.1000000000E+01
    3    0.1162500000E+02   -0.3483418059E+00    0.8127975472E+00    0.2486834107E+00   -0.3483418059E+00    0.8127975472E+00    0.2486834107E+00    0.0000000000E+00    0.0000000000E+00    0.0000000000E+00    0.1315592960E-14    0.1315592960E-14    0.1000000000E+01
    4    0.1162500000E+02   -0.3483418059E+00    0.8127975472E+00    0.2472762264E+00   -0.3483418059E+00    0.8127975472E+00    0.2472762264E+00    0.0000000000E+00    0.0000000000E+00    0.0000000000E+00    0.2319517104E-12    0.2319517104E-12    0.1000000000E+01
    1    0.1188333333E+02   -0.3483418059E+00    0.0000000000E+00   -0.4649525376E+00    0.0000000000E+00    0.0000000000E+00    0.0000000000E+00    0.0000000000E+00    0.0000000000E+00    0.0000000000E+00    0.4282075568E-13    0.4282075588E-13    0.9999999953E+00
    2    0.1188333333E+02    0.4644557413E+00    0.0000000000E+00   -0.1053650552E-01    0.0000000000E+00    0.0000000000E+00    0.0000000000E+00    0.0000000000E+00    0.0000000000E+00    0.0000000000E+00    0.4421443545E-13    0.4421443545E-13    0.9999999999E+00
    3    0.1188333333E+02   -0.3483418059E+00    0.8127975472E+00    0.1828783639E+00   -0.3483418059E+00    0.8127975472E+00    0.1828783639E+00    0.0000000000E+00    0.0000000000E+00    0.0000000000E+00    0.2555322962E-14    0.2555323548E-14    0.9999997707E+00
    4    0.1188333333E+02   -0.3483418059E+00    0.8127975472E+00    0.1813363723E+00   -0.3483418059E+00    0.8127975472E+00    0.1813363723E+00    0.0000000000E+00    0.0000000000E+00    0.0000000000E+00    0.2183694200E-13    0.2183694217E-13    0.9999999919E+00
    1    0.1214166667E+02   -0.3483418059E+00    0.0000000000E+00   -0.5623225964E+00    0.0000000000E+00    0.0000000000E+00    0.0000000000E+00    0.0000000000E+00    0.0000000000E+00    0.0000000000E+00    0.3680119544E-12    0.3680119544E-12    0.1000000000E+01
    2    0.1214166667E+02    0.4644557413E+00    0.0000000000E+00   -0.5544393963E-01    0.0000000000E+00    0.0000000000E+00    0.0000000000E+00    0.0000000000E+00    0.0000000000E+00    0.0000000000E+00    0.5577901786E-14    0.5577901786E-14    0.1000000000E+01
    3    0.1214166667E+02    0.4644557413E+00    0.8127975472E+00    0.3436232661E+00    0.4644557413E+00    0.8127975472E+00    0.3436232661E+00    0.0000000000E+00    0.0000000000E+00    0.0000000000E+00    0.4642704152E-13    0.4642704152E-13    0.1000000000E+01
    4    0.1214166667E+02   -0.3483418059E+00    0.8127975472E+00    0.9483828162E-01   -0.3483418059E+00    0.8127975472E+00    0.9483828162E-01    0.0000000000E+00    0.0000000000E+00    0.0000000000E+00    0.4598545841E-11    0.4598545841E-11    0.1000000000E+01
    5    0.1214166667E+02    0.4644557413E+00    0.8127975472E+00    0.3040889221E+00    0.4644557413E+00    0.8127975472E+00    0.3040889221E+00    0.0000000000E+00    0.0000000000E+00    0.0000000000E+00    0.1344941390E-10    0.1344941390E-10    0.1000000000E+01
    6    0.1214166667E+02   -0.3483418059E+00    0.8127975472E+00    0.9267125324E-01   -0.3483418059E+00    0.8127975472E+00    0.9267125324E-01    0.0000000000E+00    0.0000000000E+00    0.0000000000E+00    0.7612759703E-11    0.7612759703E-11    0.1000000000E+01
    1    0.1240000000E+02   -0.3483418059E+00    0.0000000000E+00    0.4973491184E+00    0.0000000000E+00    0.0000000000E+00    0.0000000000E+00    0.0000000000E+00    0.0000000000E+00    0.0000000000E+00    0.5926874246E-14    0.5926874262E-14    0.9999999972E+00
    2    0.1240000000E+02    0.4644557413E+00    0.0000000000E+00   -0.1039508530E+00    0.0000000000E+00    0.0000000000E+00    0.0000000000E+00    0.0000000000E+00    0.0000000000E+00    0.0000000000E+00    0.2319540923E-13    0.2319540923E-13    0.1000000000E+01
    1    0.1265833333E+02   -0.3483418059E+00    0.0000000000E+00    0.3846796520E+00    0.0000000000E+00    0.0000000000E+00    0.0000000000E+00    0.0000000000E+00    0.0000000000E+00    0.0000000000E+00    0.3740728828E-16    0.3740728828E-16    0.1000000000E+01
    2    0.1265833333E+02    0.4644557413E+00    0.0000000000E+00   -0.1578543632E+00    0.0000000000E+00    0.0000000000E+00    0.0000000000E+00    0.0000000000E+00    0.0000000000E+00    0.0000000000E+00    0.1095052312E-13    0.1095052312E-13    0.1000000000E+01
    1    0.1291666667E+02    0.4644557413E+00    0.0000000000E+00   -0.2217081012E+00    0.0000000000E+00    0.0000000000E+00    0.0000000000E+00    0.0000000000E+00    0.0000000000E+00    0.0000000000E+00    0.1753945142E-13    0.1753945142E-13    0.1000000000E+01
    1    0.1317500000E+02    0.4644557413E+00    0.0000000000E+00   -0.3131407757E+00    0.0000000000E+00    0.0000000000E+00    0.0000000000E+00    0.0000000000E+00    0.0000000000E+00    0.0000000000E+00    0.1629544241E-12    0.1629544241E-12    0.1000000000E+01
    1    0.1343333333E+02   -0.3483418059E+00    0.8127975472E+00   -0.1120063203E+00   -0.3483418059E+00    0.8127975472E+00   -0.1120063203E+00    0.0000000000E+00    0.0000000000E+00    0.0000000000E+00    0.2073439784E-11    0.2073439784E-11    0.1000000000E+01
    2    0.1343333333E+02    0.4644557413E+00    0.0000000000E+00   -0.1796822854E+00    0.4644557413E+00    0.0000000000E+00    0.9697870296E+00    0.7758525223E+00   -0.1162485634E-14   -0.1056014418E+01    0.8527073987E-12    0.8527073987E-12    0.1000000000E+01
    3    0.1343333333E+02   -0.3483418059E+00    0.8127975472E+00   -0.4238231524E+00   -0.3483418059E+00    0.8127975472E+00   -0.4238231524E+00    0.0000000000E+00    0.0000000000E+00    0.0000000000E+00    0.4435414389E-10    0.4435414389E-10    0.1000000000E+01
    4    0.1343333333E+02    0.4644557413E+00    0.0000000000E+00   -0.4510212332E+00    0.0000000000E+00    0.0000000000E+00    0.0000000000E+00    0.0000000000E+00    0.0000000000E+00    0.0000000000E+00    0.5162198097E-12    0.5162198097E-12    0.1000000000E+01
    5    0.1343333333E+02   -0.3483418059E+00    0.8127975472E+00   -0.1263024780E+00   -0.3483418059E+00    0.8127975472E+00   -0.1263024780E+00    0.0000000000E+00    0.0000000000E+00    0.0000000000E+00    0.8065440244E-10    0.8065440244E-10    0.1000000000E+01
    6    0.1343333333E+02   -0.3483418059E+00    0.8127975472E+00   -0.4635506346E+00   -0.3483418059E+00    0.8127975472E+00   -0.4635506346E+00    0.0000000000E+00    0.0000000000E+00    0.0000000000E+00    0.3208935599E-09    0.3208935599E-09    0.1000000000E+01
    7    0.1343333333E+02    0.4644557413E+00    0.0000000000E+00   -0.3874039506E+00    0.0000000000E+00    0.0000000000E+00    0.0000000000E+00    0.0000000000E+00    0.0000000000E+00    0.0000000000E+00    0.1225826369E-13    0.1225826369E-13    0.1000000000E+01
    1    0.1369166667E+02    0.4644557413E+00    0.0000000000E+00   -0.3308413760E+00    0.0000000000E+00    0.0000000000E+00    0.0000000000E+00    0.0000000000E+00    0.0000000000E+00    0.0000000000E+00    0.4922233998E-12    0.4922233998E-12    0.1000000000E+01
    2    0.1369166667E+02    0.4644557413E+00    0.0000000000E+00   -0.5706133932E+00    0.0000000000E+00    0.0000000000E+00    0.0000000000E+00    0.0000000000E+00    0.0000000000E+00    0.0000000000E+00    0.2519888962E-10    0.2519888962E-10    0.1000000000E+01
    3    0.1369166667E+02   -0.3483418059E+00    0.0000000000E+00   -0.1952721290E+00    0.0000000000E+00    0.0000000000E+00    0.0000000000E+00    0.0000000000E+00    0.0000000000E+00    0.0000000000E+00    0.2328519948E-13    0.2328519948E-13    0.1000000000E+01
    4    0.1369166667E+02    0.4644557413E+00    0.0000000000E+00   -0.5390704293E+00    0.0000000000E+00    0.0000000000E+00    0.0000000000E+00    0.0000000000E+00    0.0000000000E+00    0.0000000000E+00    0.3986374645E-12    0.3986374645E-12    0.1000000000E+01
    1    0.1395000000E+02    0.4644557413E+00    0.0000000000E+00    0.4848995150E+00    0.0000000000E+00    0.0000000000E+00    0.0000000000E+00    0.0000000000E+00    0.0000000000E+00    0.0000000000E+00    0.1567089278E-12    0.1567089278E-12    0.1000000000E+01
    2    0.1395000000E+02    0.4644557413E+00    0.0000000000E+00   -0.4230369323E+00    0.0000000000E+00    0.0000000000E+00    0.0000000000E+00    0.0000000000E+00    0.0000000000E+00    0.0000000000E+00    0.6295394486E-13    0.6295394486E-13    0.1000000000E+01
    3    0.1395000000E+02    0.4644557413E+00    0.8127975472E+00   -0.3091874515E+00    0.4644557413E+00    0.8127975472E+00   -0.3091874515E+00    0.0000000000E+00    0.0000000000E+00    0.0000000000E+00    0.7047053949E-13    0.7047053949E-13    0.1000000000E+01
    4    0.1395000000E+02   -0.3483418059E+00    0.0000000000E+00   -0.7929511075E-01    0.0000000000E+00    0.0000000000E+00    0.0000000000E+00    0.0000000000E+00    0.0000000000E+00    0.0000000000E+00    0.4603036498E-09    0.4603036498E-09    0.1000000000E+01
    5    0.1395000000E+02    0.4644557413E+00    0.0000000000E+00    0.5041064043E+00    0.0000000000E+00    0.0000000000E+00    0.0000000000E+00    0.0000000000E+00    0.0000000000E+00    0.0000000000E+00    0.4588497098E-12    0.4588497098E-12    0.1000000000E+01
    6    0.1395000000E+02   -0.3483418059E+00    0.0000000000E+00   -0.3713766987E+00   -0.3483418059E+00    0.0000000000E+00    0.7780926164E+00   -0.8468611896E+00    0.1149656878E-12   -0.1108038020E+01    0.1596573172E-11    0.1596573172E-11    0.1000000000E+01
    7    0.1395000000E+02    0.4644557413E+00    0.8127975472E+00   -0.3092985842E+00    0.4644557413E+00    0.8127975472E+00   -0.3092985842E+00    0.0000000000E+00    0.0000000000E+00    0.0000000000E+00    0.5511564140E-11    0.5511564140E-11    0.1000000000E+01
    1    0.1420833333E+02   -0.3483418059E+00    0.0000000000E+00    0.1465369940E+00    0.0000000000E+00    0.0000000000E+00    0.0000000000E+00    0.0000000000E+00    0.0000000000E+00    0.0000000000E+00    0.7767790096E-08    0.7767790096E-08    0.1000000000E+01
    2    0.1420833333E+02   -0.3483418059E+00    0.0000000000E+00   -0.3142377371E+00    0.0000000000E+00    0.0000000000E+00    0.0000000000E+00    0.0000000000E+00    0.0000000000E+00    0.0000000000E+00    0.5893802507E-08    0.5893802507E-08    0.1000000000E+01
    3    0.1420833333E+02   -0.3483418059E+00    0.0000000000E+00   -0.4281134584E+00    0.0000000000E+00    0.0000000000E+00    0.0000000000E+00    0.0000000000E+00    0.0000000000E+00    0.0000000000E+00    0.8268526623E-09    0.8268526623E-09    0.1000000000E+01
    4    0.1420833333E+02    0.4644557413E+00    0.0000000000E+00    0.3944876538E+00    0.4644557413E+00    0.0000000000E+00    0.3944876538E+00   -0.1374039426E+00    0.5855706577E-15   -0.9467863836E+00    0.1920158011E-13    0.1920158011E-13    0.1000000000E+01
    5    0.1420833333E+02    0.4644557413E+00    0.0000000000E+00   -0.5174724778E+00    0.0000000000E+00    0.0000000000E+00    0.0000000000E+00    0.0000000000E+00    0.0000000000E+00    0.0000000000E+00    0.1596795021E-12    0.1596795021E-12    0.1000000000E+01
    6    0.1420833333E+02    0.4644557413E+00    0.0000000000E+00    0.4084065049E+00    0.0000000000E+00    0.0000000000E+00    0.0000000000E+00    0.0000000000E+00    0.0000000000E+00    0.0000000000E+00    0.8483742316E-13    0.8483742316E-13    0.1000000000E+01
    1    0.1446666667E+02    0.4644557413E+00    0.0000000000E+00    0.5227029444E+00    0.0000000000E+00    0.0000000000E+00    0.0000000000E+00    0.0000000000E+00    0.0000000000E+00    0.0000000000E+00    0.2552072197E-12    0.2552072197E-12    0.1000000000E+01
    2    0.1446666667E+02    0.4644557413E+00    0.0000000000E+00    0.2995294913E+00    0.0000000000E+00    0.0000000000E+00    0.0000000000E+00    0.0000000000E+00    0.0000000000E+00    0.0000000000E+00    0.5360587129E-12    0.5360587129E-12    0.1000000000E+01
    3    0.1446666667E+02    0.4644557413E+00    0.0000000000E+00    0.3095325497E+00    0.0000000000E+00    0.0000000000E+00    0.0000000000E+00    0.0000000000E+00    0.0000000000E+00    0.0000000000E+00    0.8187326033E-12    0.8187326033E-12    0.1000000000E+01
    1    0.1472500000E+02    0.4644557413E+00    0.0000000000E+00    0.3818362079E+00    0.0000000000E+00    0.0000000000E+00    0.0000000000E+00    0.0000000000E+00    0.0000000000E+00    0.0000000000E+00    0.4956070827E-13    0.4956070827E-13    0.1000000000E+01
    2    0.1472500000E+02    0.4644557413E+00    0.0000000000E+00    0.1807470776E+00    0.0000000000E+00    0.0000000000E+00    0.0000000000E+00    0.0000000000E+00    0.0000000000E+00    0.0000000000E+00    0.1668834451E-12    0.1668834451E-12    0.1000000000E+01
    3    0.1472500000E+02    0.4644557413E+00    0.0000000000E+00    0.1869523872E+00    0.0000000000E+00    0.0000000000E+00    0.0000000000E+00    0.0000000000E+00    0.0000000000E+00    0.0000000000E+00    0.2734190148E-13    0.2734190148E-13    0.1000000000E+01
    1    0.1498333333E+02    0.4644557413E+00    0.0000000000E+00    0.1261065959E+00    0.0000000000E+00    0.0000000000E+00    0.0000000000E+00    0.0000000000E+00    0.0000000000E+00    0.0000000000E+00    0.9028837585E-10    0.9028837585E-10    0.1000000000E+01
