    1    0.2066666667E+01   -0.4644557413E+00   -0.5805696766E+00   -0.6552686440E-01    0.0000000000E+00    0.0000000000E+00    0.0000000000E+00    0.0000000000E+00    0.0000000000E+00    0.0000000000E+00    0.9788957991E-12    0.9788957991E-12    0.1000000000E+01
    1    0.2325000000E+01   -0.4644557413E+00   -0.5805696766E+00   -0.1850110231E+00    0.0000000000E+00    0.0000000000E+00    0.0000000000E+00    0.0000000000E+00    0.0000000000E+00    0.0000000000E+00    0.9801850051E-16    0.9801850051E-16    0.1000000000E+01
    1    0.2583333333E+01   -0.4644557413E+00   -0.5805696766E+00    0.1312833257E+00    0.0000000000E+00    0.0000000000E+00    0.0000000000E+00    0.0000000000E+00    0.0000000000E+00    0.0000000000E+00    0.2209187486E-12    0.2209187486E-12    0.1000000000E+01
    2    0.2583333333E+01   -0.4644557413E+00   -0.5805696766E+00   -0.3426335864E+00    0.0000000000E+00    0.0000000000E+00    0.0000000000E+00    0.0000000000E+00    0.0000000000E+00    0.0000000000E+00    0.1942920896E-12    0.1942920896E-12    0.1000000000E+01
    3    0.2583333333E+01   -0.4644557413E+00   -0.5805696766E+00   -0.2406372932E+00    0.0000000000E+00    0.0000000000E+00    0.0000000000E+00    0.0000000000E+00    0.0000000000E+00    0.0000000000E+00    0.2173618236E-13    0.2173618236E-13    0.1000000000E+01
    1    0.2841666667E+01   -0.4644557413E+00   -0.5805696766E+00   -0.4190064884E+00    0.0000000000E+00    0.0000000000E+00    0.0000000000E+00    0.0000000000E+00    0.0000000000E+00    0.0000000000E+00    0.4188047100E-15    0.4188047100E-15    0.1000000000E+01
    2    0.2841666667E+01   -0.4644557413E+00   -0.5805696766E+00   -0.3010174253E+00    0.0000000000E+00    0.0000000000E+00    0.0000000000E+00    0.0000000000E+00    0.0000000000E+00    0.0000000000E+00    0.4454550053E-14    0.4454550054E-14    0.9999999999E+00
    3    0.2841666667E+01   -0.4644557413E+00    0.2322278706E+00   -0.3005790327E+00    0.0000000000E+00    0.0000000000E+00    0.0000000000E+00    0.0000000000E+00    0.0000000000E+00    0.0000000000E+00    0.1544870417E-14    0.1544870419E-14    0.9999999991E+00
    1    0.3100000000E+01   -0.4644557413E+00    0.2322278706E+00    0.2327841257E+00    0.0000000000E+00    0.0000000000E+00    0.0000000000E+00    0.0000000000E+00    0.0000000000E+00    0.0000000000E+00    0.6222270561E-12    0.6222270611E-12    0.9999999920E+00
    2    0.3100000000E+01   -0.4644557413E+00   -0.5805696766E+00   -0.4843970254E+00    0.0000000000E+00    0.0000000000E+00    0.0000000000E+00    0.0000000000E+00    0.0000000000E+00    0.0000000000E+00    0.2387678896E-14    0.2387678899E-14    0.9999999988E+00
    3    0.3100000000E+01   -0.4644557413E+00    0.2322278706E+00   -0.4623697829E+00    0.0000000000E+00    0.0000000000E+00    0.0000000000E+00    0.0000000000E+00    0.0000000000E+00    0.0000000000E+00    0.4362539624E-12    0.4362539648E-12    0.9999999946E+00
    4    0.3100000000E+01   -0.4644557413E+00    0.2322278706E+00   -0.3425994475E+00    0.0000000000E+00    0.0000000000E+00    0.0000000000E+00    0.0000000000E+00    0.0000000000E+00    0.0000000000E+00    0.1970732177E-12    0.1970732190E-12    0.9999999934E+00
    5    0.3100000000E+01   -0.4644557413E+00   -0.5805696766E+00   -0.3517144977E+00    0.0000000000E+00    0.0000000000E+00    0.0000000000E+00    0.0000000000E+00    0.0000000000E+00    0.0000000000E+00    0.9017247354E-15    0.9017247371E-15    0.9999999981E+00
    1    0.3358333333E+01   -0.4644557413E+00    0.2322278706E+00    0.1439357072E+00    0.0000000000E+00    0.0000000000E+00    0.0000000000E+00    0.0000000000E+00    0.0000000000E+00    0.0000000000E+00    0.1272992653E-13    0.1272992653E-13    0.1000000000E+01
    2    0.3358333333E+01   -0.4644557413E+00    0.2322278706E+00   -0.5662750301E+00    0.0000000000E+00    0.0000000000E+00    0.0000000000E+00    0.0000000000E+00    0.0000000000E+00    0.0000000000E+00    0.3041776211E-12    0.3041776211E-12    0.1000000000E+01
    3    0.3358333333E+01   -0.4644557413E+00   -0.5805696766E+00   -0.5494032578E+00    0.0000000000E+00    0.0000000000E+00    0.0000000000E+00    0.0000000000E+00    0.0000000000E+00    0.0000000000E+00    0.2362220336E-13    0.2362220336E-13    0.1000000000E+01
    4    0.3358333333E+01   -0.4644557413E+00   -0.5805696766E+00   -0.3978843737E+00    0.0000000000E+00    0.0000000000E+00    0.0000000000E+00    0.0000000000E+00    0.0000000000E+00    0.0000000000E+00    0.2717871388E-14    0.2717871388E-14    0.1000000000E+01
    5    0.3358333333E+01   -0.4644557413E+00    0.2322278706E+00   -0.4185350430E+00   -0.4644557413E+00    0.2322278706E+00   -0.4185350430E+00   -0.2255906954E+01    0.3584029990E+01   -0.9249446556E+00    0.1046116670E-14    0.1046116670E-14    0.1000000000E+01
    1    0.3616666667E+01   -0.4644557413E+00    0.2322278706E+00    0.6942210525E-01    0.0000000000E+00    0.0000000000E+00    0.0000000000E+00    0.0000000000E+00    0.0000000000E+00    0.0000000000E+00    0.3524667939E-12    0.3524667939E-12    0.1000000000E+01
    2    0.3616666667E+01   -0.4644557413E+00   -0.5805696766E+00   -0.4414046313E+00    0.0000000000E+00    0.0000000000E+00    0.0000000000E+00    0.0000000000E+00    0.0000000000E+00    0.0000000000E+00    0.6479480581E-15    0.6479480587E-15    0.9999999991E+00
    3    0.3616666667E+01   -0.4644557413E+00    0.2322278706E+00   -0.4723087419E+00    0.0000000000E+00    0.0000000000E+00    0.0000000000E+00    0.0000000000E+00    0.0000000000E+00    0.0000000000E+00    0.1024732218E-13    0.1024732218E-13    0.1000000000E+01
    4    0.3616666667E+01   -0.4644557413E+00   -0.5805696766E+00    0.5327467387E+00    0.0000000000E+00    0.0000000000E+00    0.0000000000E+00    0.0000000000E+00    0.0000000000E+00    0.0000000000E+00    0.9807609801E-14    0.9807609801E-14    0.1000000000E+01
    5    0.3616666667E+01   -0.4644557413E+00    0.2322278706E+00    0.4950056744E+00    0.0000000000E+00    0.0000000000E+00    0.0000000000E+00    0.0000000000E+00    0.0000000000E+00    0.0000000000E+00    0.1561375554E-13    0.1561375554E-13    0.1000000000E+01
    1    0.3875000000E+01    0.3483418059E+00   -0.5805696766E+00   -0.3160683344E+00    0.0000000000E+00    0.0000000000E+00    0.0000000000E+00    0.0000000000E+00    0.0000000000E+00    0.0000000000E+00    0.7410101219E-11    0.7410101219E-11    0.1000000000E+01
    2    0.3875000000E+01   -0.4644557413E+00   -0.5805696766E+00   -0.4834825876E+00    0.0000000000E+00    0.0000000000E+00    0.0000000000E+00    0.0000000000E+00    0.0000000000E+00    0.0000000000E+00    0.2201450784E-14    0.2201450784E-14    0.1000000000E+01
    3    0.3875000000E+01   -0.4644557413E+00    0.2322278706E+00   -0.5192273025E+00    0.0000000000E+00    0.0000000000E+00    0.0000000000E+00    0.0000000000E+00    0.0000000000E+00    0.0000000000E+00    0.9902188936E-15    0.9902188936E-15    0.9999999999E+00
    4    0.3875000000E+01    0.3483418059E+00   -0.5805696766E+00    0.2200663645E+00    0.0000000000E+00    0.0000000000E+00    0.0000000000E+00    0.0000000000E+00    0.0000000000E+00    0.0000000000E+00    0.7404389983E-11    0.7404389983E-11    0.1000000000E+01
    5    0.3875000000E+01   -0.4644557413E+00   -0.5805696766E+00    0.4550926940E+00    0.0000000000E+00    0.0000000000E+00    0.0000000000E+00    0.0000000000E+00    0.0000000000E+00    0.0000000000E+00    0.1589882139E-14    0.1589882139E-14    0.1000000000E+01
    6    0.3875000000E+01   -0.4644557413E+00    0.2322278706E+00    0.4061482844E+00    0.0000000000E+00    0.0000000000E+00    0.0000000000E+00    0.0000000000E+00    0.0000000000E+00    0.0000000000E+00    0.9561515755E-15    0.9561515758E-15    0.9999999997E+00
    1    0.4133333333E+01    0.3483418059E+00   -0.5805696766E+00   -0.4771961898E+00    0.0000000000E+00    0.0000000000E+00    0.0000000000E+00    0.0000000000E+00    0.0000000000E+00    0.0000000000E+00    0.4925330701E-12    0.4925330874E-12    0.9999999648E+00
    2    0.4133333333E+01    0.3483418059E+00   -0.5805696766E+00    0.9893770810E-01    0.0000000000E+00    0.0000000000E+00    0.0000000000E+00    0.0000000000E+00    0.0000000000E+00    0.0000000000E+00    0.5258488992E-13    0.5258488993E-13    0.9999999998E+00
    3    0.4133333333E+01   -0.4644557413E+00   -0.5805696766E+00   -0.5252563885E+00    0.0000000000E+00    0.0000000000E+00    0.0000000000E+00    0.0000000000E+00    0.0000000000E+00    0.0000000000E+00    0.1041303097E-14    0.1041303110E-14    0.9999999879E+00
    4    0.4133333333E+01   -0.4644557413E+00    0.2322278706E+00   -0.5632824157E+00    0.0000000000E+00    0.0000000000E+00    0.0000000000E+00    0.0000000000E+00    0.0000000000E+00    0.0000000000E+00    0.1307905553E-13    0.1307905597E-13    0.9999999662E+00
    5    0.4133333333E+01   -0.4644557413E+00   -0.5805696766E+00    0.3599715520E+00    0.0000000000E+00    0.0000000000E+00    0.0000000000E+00    0.0000000000E+00    0.0000000000E+00    0.0000000000E+00    0.1639948982E-14    0.1639949097E-14    0.9999999298E+00
    6    0.4133333333E+01    0.3483418059E+00   -0.5805696766E+00    0.3304239912E+00    0.0000000000E+00    0.0000000000E+00    0.0000000000E+00    0.0000000000E+00    0.0000000000E+00    0.0000000000E+00    0.6491202461E-13    0.6491202543E-13    0.9999999873E+00
    7    0.4133333333E+01   -0.4644557413E+00    0.2322278706E+00    0.3095273107E+00    0.0000000000E+00    0.0000000000E+00    0.0000000000E+00    0.0000000000E+00    0.0000000000E+00    0.0000000000E+00    0.2165704112E-13    0.2165704125E-13    0.9999999937E+00
    1    0.4391666667E+01    0.3483418059E+00    0.2322278706E+00   -0.3463907849E+00    0.0000000000E+00    0.0000000000E+00    0.0000000000E+00    0.0000000000E+00    0.0000000000E+00    0.0000000000E+00    0.2281996165E-12    0.2281996166E-12    0.9999999998E+00
    2    0.4391666667E+01    0.3483418059E+00    0.2322278706E+00   -0.4371842006E+00    0.0000000000E+00    0.0000000000E+00    0.0000000000E+00    0.0000000000E+00    0.0000000000E+00    0.0000000000E+00    0.1385537317E-11    0.1385537317E-11    0.9999999999E+00
    3    0.4391666667E+01   -0.4644557413E+00    0.2322278706E+00    0.5439496557E+00    0.0000000000E+00    0.0000000000E+00    0.0000000000E+00    0.0000000000E+00    0.0000000000E+00    0.0000000000E+00    0.2323646006E-14    0.2323646599E-14    0.9999997450E+00
    4    0.4391666667E+01   -0.4644557413E+00   -0.5805696766E+00   -0.5678030070E+00    0.0000000000E+00    0.0000000000E+00    0.0000000000E+00    0.0000000000E+00    0.0000000000E+00    0.0000000000E+00    0.1485969886E-13    0.1485969887E-13    0.9999999995E+00
    5    0.4391666667E+01   -0.4644557413E+00    0.2322278706E+00    0.1873856620E+00    0.0000000000E+00    0.0000000000E+00    0.0000000000E+00    0.0000000000E+00    0.0000000000E+00    0.0000000000E+00    0.1469084819E-14    0.1469085175E-14    0.9999997579E+00
    6    0.4391666667E+01    0.3483418059E+00    0.2322278706E+00    0.2418490372E+00    0.0000000000E+00    0.0000000000E+00    0.0000000000E+00    0.0000000000E+00    0.0000000000E+00    0.0000000000E+00    0.1492801895E-11    0.1492801895E-11    0.1000000000E+01
    7    0.4391666667E+01    0.3483418059E+00   -0.5805696766E+00    0.2347208229E+00    0.0000000000E+00    0.0000000000E+00    0.0000000000E+00    0.0000000000E+00    0.0000000000E+00    0.0000000000E+00    0.1131696866E-14    0.1131696895E-14    0.9999999741E+00
    8    0.4391666667E+01   -0.4644557413E+00   -0.5805696766E+00    0.2237824239E+00    0.0000000000E+00    0.0000000000E+00    0.0000000000E+00    0.0000000000E+00    0.0000000000E+00    0.0000000000E+00    0.6181976119E-13    0.6181976121E-13    0.9999999996E+00
    9    0.4391666667E+01    0.3483418059E+00    0.2322278706E+00    0.1428845474E-01    0.0000000000E+00    0.0000000000E+00    0.0000000000E+00    0.0000000000E+00    0.0000000000E+00    0.0000000000E+00    0.1046339651E-11    0.1046339651E-11    0.1000000000E+01
    1    0.4650000000E+01    0.3483418059E+00    0.2322278706E+00   -0.4460499419E+00    0.0000000000E+00    0.0000000000E+00    0.0000000000E+00    0.0000000000E+00    0.0000000000E+00    0.0000000000E+00    0.1208506450E-11    0.1208506451E-11    0.9999999996E+00
    2    0.4650000000E+01    0.3483418059E+00    0.2322278706E+00   -0.5677413946E+00    0.0000000000E+00    0.0000000000E+00    0.0000000000E+00    0.0000000000E+00    0.0000000000E+00    0.0000000000E+00    0.9302531004E-11    0.9302531012E-11    0.9999999991E+00
    3    0.4650000000E+01   -0.4644557413E+00    0.2322278706E+00    0.5013328573E+00    0.0000000000E+00    0.0000000000E+00    0.0000000000E+00    0.0000000000E+00    0.0000000000E+00    0.0000000000E+00    0.1226800807E-14    0.1226800842E-14    0.9999999714E+00
    4    0.4650000000E+01   -0.4644557413E+00   -0.5805696766E+00    0.5374346080E+00    0.0000000000E+00    0.0000000000E+00    0.0000000000E+00    0.0000000000E+00    0.0000000000E+00    0.0000000000E+00    0.8362457518E-14    0.8362457522E-14    0.9999999996E+00
    5    0.4650000000E+01    0.3483418059E+00   -0.5805696766E+00    0.1646831221E+00    0.0000000000E+00    0.0000000000E+00    0.0000000000E+00    0.0000000000E+00    0.0000000000E+00    0.0000000000E+00    0.1217946608E-14    0.1217946611E-14    0.9999999979E+00
    6    0.4650000000E+01    0.3483418059E+00    0.2322278706E+00    0.1384266983E+00    0.0000000000E+00    0.0000000000E+00    0.0000000000E+00    0.0000000000E+00    0.0000000000E+00    0.0000000000E+00    0.1048828717E-12    0.1048828756E-12    0.9999999624E+00
    7    0.4650000000E+01   -0.4644557413E+00   -0.5805696766E+00   -0.7121437398E-01    0.0000000000E+00    0.0000000000E+00    0.0000000000E+00    0.0000000000E+00    0.0000000000E+00    0.0000000000E+00    0.3008601596E-12    0.3008601596E-12    0.1000000000E+01
    8    0.4650000000E+01    0.3483418059E+00    0.2322278706E+00   -0.5079920667E-01    0.0000000000E+00    0.0000000000E+00    0.0000000000E+00    0.0000000000E+00    0.0000000000E+00    0.0000000000E+00    0.1346960227E-12    0.1346960228E-12    0.9999999994E+00
    1    0.4908333333E+01    0.3483418059E+00   -0.5805696766E+00    0.1006052547E+00    0.0000000000E+00    0.0000000000E+00    0.0000000000E+00    0.0000000000E+00    0.0000000000E+00    0.0000000000E+00    0.4310757427E-13    0.4314095326E-13    0.9992262807E+00
    2    0.4908333333E+01    0.3483418059E+00    0.2322278706E+00    0.6495706155E-01    0.0000000000E+00    0.0000000000E+00    0.0000000000E+00    0.0000000000E+00    0.0000000000E+00    0.0000000000E+00    0.6062524095E-14    0.6098981849E-14    0.9940223212E+00
    3    0.4908333333E+01    0.3483418059E+00   -0.5805696766E+00   -0.7157023862E-01    0.0000000000E+00    0.0000000000E+00    0.0000000000E+00    0.0000000000E+00    0.0000000000E+00    0.0000000000E+00    0.1489303015E-12    0.1509838813E-12    0.9863986819E+00
    4    0.4908333333E+01   -0.4644557413E+00   -0.5805696766E+00   -0.1224009606E+00    0.0000000000E+00    0.0000000000E+00    0.0000000000E+00    0.0000000000E+00    0.0000000000E+00    0.0000000000E+00    0.3275392870E-13    0.3275977563E-13    0.9998215208E+00
    5    0.4908333333E+01    0.3483418059E+00    0.2322278706E+00   -0.1142998003E+00    0.0000000000E+00    0.0000000000E+00    0.0000000000E+00    0.0000000000E+00    0.0000000000E+00    0.0000000000E+00    0.9040723668E-14    0.9156480624E-14    0.9873579205E+00
    6    0.4908333333E+01   -0.4644557413E+00    0.2322278706E+00    0.4576248332E+00    0.0000000000E+00    0.0000000000E+00    0.0000000000E+00    0.0000000000E+00    0.0000000000E+00    0.0000000000E+00    0.1217789508E-14    0.1217794551E-14    0.9999958583E+00
    7    0.4908333333E+01   -0.4644557413E+00   -0.5805696766E+00    0.4891808622E+00    0.0000000000E+00    0.0000000000E+00    0.0000000000E+00    0.0000000000E+00    0.0000000000E+00    0.0000000000E+00    0.5290191888E-14    0.5291467953E-14    0.9997588449E+00
    1    0.5166666667E+01    0.3483418059E+00   -0.5805696766E+00    0.2997712311E-01    0.0000000000E+00    0.0000000000E+00    0.0000000000E+00    0.0000000000E+00    0.0000000000E+00    0.0000000000E+00    0.1150972757E-11    0.1150972757E-11    0.1000000000E+01
    2    0.5166666667E+01    0.3483418059E+00   -0.5805696766E+00   -0.1496710374E+00    0.0000000000E+00    0.0000000000E+00    0.0000000000E+00    0.0000000000E+00    0.0000000000E+00    0.0000000000E+00    0.3368878697E-12    0.3368878697E-12    0.1000000000E+01
    3    0.5166666667E+01    0.3483418059E+00    0.2322278706E+00   -0.1770671274E+00    0.0000000000E+00    0.0000000000E+00    0.0000000000E+00    0.0000000000E+00    0.0000000000E+00    0.0000000000E+00    0.3667048189E-16    0.3667048753E-16    0.9999998463E+00
    4    0.5166666667E+01   -0.4644557413E+00   -0.5805696766E+00   -0.1644943586E+00    0.0000000000E+00    0.0000000000E+00    0.0000000000E+00    0.0000000000E+00    0.0000000000E+00    0.0000000000E+00    0.1002772286E-13    0.1002772286E-13    0.9999999999E+00
    5    0.5166666667E+01    0.3483418059E+00   -0.5805696766E+00    0.5564017885E+00    0.0000000000E+00    0.0000000000E+00    0.0000000000E+00    0.0000000000E+00    0.0000000000E+00    0.0000000000E+00    0.9075970950E-12    0.9075970950E-12    0.1000000000E+01
    6    0.5166666667E+01    0.3483418059E+00   -0.5805696766E+00    0.3969658159E+00    0.0000000000E+00    0.0000000000E+00    0.0000000000E+00    0.0000000000E+00    0.0000000000E+00    0.0000000000E+00    0.1030909163E-11    0.1030909163E-11    0.1000000000E+01
    7    0.5166666667E+01   -0.4644557413E+00   -0.5805696766E+00    0.4335827784E+00    0.0000000000E+00    0.0000000000E+00    0.0000000000E+00    0.0000000000E+00    0.0000000000E+00    0.0000000000E+00    0.1518064349E-13    0.1518064349E-13    0.1000000000E+01
    8    0.5166666667E+01   -0.4644557413E+00    0.2322278706E+00    0.4114096525E+00    0.0000000000E+00    0.0000000000E+00    0.0000000000E+00    0.0000000000E+00    0.0000000000E+00    0.0000000000E+00    0.6026154506E-15    0.6026154511E-15    0.9999999991E+00
    1    0.5425000000E+01    0.3483418059E+00    0.2322278706E+00   -0.2507655055E+00    0.0000000000E+00    0.0000000000E+00    0.0000000000E+00    0.0000000000E+00    0.0000000000E+00    0.0000000000E+00    0.1329852491E-14    0.1329852509E-14    0.9999999865E+00
    2    0.5425000000E+01   -0.4644557413E+00   -0.5805696766E+00   -0.2036073627E+00    0.0000000000E+00    0.0000000000E+00    0.0000000000E+00    0.0000000000E+00    0.0000000000E+00    0.0000000000E+00    0.1502176229E-13    0.1502176229E-13    0.9999999998E+00
    3    0.5425000000E+01    0.3483418059E+00    0.2322278706E+00   -0.6373920815E-01    0.0000000000E+00    0.0000000000E+00    0.0000000000E+00    0.0000000000E+00    0.0000000000E+00    0.0000000000E+00    0.2149847721E-14    0.2149847732E-14    0.9999999950E+00
    4    0.5425000000E+01    0.3483418059E+00   -0.5805696766E+00    0.4738815128E+00    0.0000000000E+00    0.0000000000E+00    0.0000000000E+00    0.0000000000E+00    0.0000000000E+00    0.0000000000E+00    0.1056681902E-13    0.1056681902E-13    0.9999999994E+00
    5    0.5425000000E+01   -0.4644557413E+00   -0.5805696766E+00    0.3617825218E+00    0.0000000000E+00    0.0000000000E+00    0.0000000000E+00    0.0000000000E+00    0.0000000000E+00    0.0000000000E+00    0.2450561596E-13    0.2450561598E-13    0.9999999993E+00
    6    0.5425000000E+01   -0.4644557413E+00    0.2322278706E+00    0.3605458113E+00    0.0000000000E+00    0.0000000000E+00    0.0000000000E+00    0.0000000000E+00    0.0000000000E+00    0.0000000000E+00    0.9901068901E-15    0.9901069039E-15    0.9999999860E+00
    1    0.5683333333E+01    0.3483418059E+00    0.2322278706E+00   -0.5514918031E+00    0.0000000000E+00    0.0000000000E+00    0.0000000000E+00    0.0000000000E+00    0.0000000000E+00    0.0000000000E+00    0.6066108900E-13    0.6074649663E-13    0.9985940321E+00
    2    0.5683333333E+01    0.3483418059E+00   -0.5805696766E+00    0.3897299501E+00    0.0000000000E+00    0.0000000000E+00    0.0000000000E+00    0.0000000000E+00    0.0000000000E+00    0.0000000000E+00    0.1216672075E-12    0.1221264496E-12    0.9962396179E+00
    3    0.5683333333E+01   -0.4644557413E+00   -0.5805696766E+00    0.2240223430E+00    0.0000000000E+00    0.0000000000E+00    0.0000000000E+00    0.0000000000E+00    0.0000000000E+00    0.0000000000E+00    0.3914338140E-12    0.3914338145E-12    0.9999999988E+00
    4    0.5683333333E+01   -0.4644557413E+00    0.2322278706E+00    0.3008032534E+00    0.0000000000E+00    0.0000000000E+00    0.0000000000E+00    0.0000000000E+00    0.0000000000E+00    0.0000000000E+00    0.5610138662E-13    0.5611336990E-13    0.9997864453E+00
    5    0.5683333333E+01   -0.4644557413E+00   -0.5805696766E+00   -0.2416004732E+00    0.0000000000E+00    0.0000000000E+00    0.0000000000E+00    0.0000000000E+00    0.0000000000E+00    0.0000000000E+00    0.4374383096E-13    0.4374383225E-13    0.9999999706E+00
    6    0.5683333333E+01   -0.4644557413E+00    0.2322278706E+00   -0.4778313662E-01    0.0000000000E+00    0.0000000000E+00    0.0000000000E+00    0.0000000000E+00    0.0000000000E+00    0.0000000000E+00    0.1339197913E-11    0.1339600818E-11    0.9996992346E+00
    7    0.5683333333E+01    0.3483418059E+00    0.2322278706E+00   -0.1303230625E+00    0.3483418059E+00    0.2322278706E+00    0.1019146253E+01    0.4352491999E+01   -0.4115157223E+00    0.6088571140E+00    0.4702538019E-13    0.4703347134E-13    0.9998279704E+00
    8    0.5683333333E+01    0.3483418059E+00   -0.5805696766E+00   -0.8690711148E-01    0.0000000000E+00    0.0000000000E+00    0.0000000000E+00    0.0000000000E+00    0.0000000000E+00    0.0000000000E+00    0.2743291317E-12    0.2743457910E-12    0.9999392765E+00
    1    0.5941666667E+01    0.3483418059E+00    0.2322278706E+00    0.4939728162E+00    0.0000000000E+00    0.0000000000E+00    0.0000000000E+00    0.0000000000E+00    0.0000000000E+00    0.0000000000E+00    0.2436071682E-12    0.2436071683E-12    0.9999999997E+00
    2    0.5941666667E+01   -0.4644557413E+00    0.2322278706E+00    0.2202783861E+00    0.0000000000E+00    0.0000000000E+00    0.0000000000E+00    0.0000000000E+00    0.0000000000E+00    0.0000000000E+00    0.4811177026E-13    0.4811177026E-13    0.1000000000E+01
    3    0.5941666667E+01   -0.4644557413E+00    0.2322278706E+00   -0.1067829750E+00    0.0000000000E+00    0.0000000000E+00    0.0000000000E+00    0.0000000000E+00    0.0000000000E+00    0.0000000000E+00    0.1241377661E-12    0.1241377661E-12    0.1000000000E+01
    4    0.5941666667E+01   -0.4644557413E+00   -0.5805696766E+00   -0.2794295865E+00    0.0000000000E+00    0.0000000000E+00    0.0000000000E+00    0.0000000000E+00    0.0000000000E+00    0.0000000000E+00    0.1308176991E-14    0.1308177003E-14    0.9999999907E+00
    5    0.5941666667E+01    0.3483418059E+00    0.2322278706E+00   -0.2092446394E+00    0.0000000000E+00    0.0000000000E+00    0.0000000000E+00    0.0000000000E+00    0.0000000000E+00    0.0000000000E+00    0.2285926385E-12    0.2285926385E-12    0.1000000000E+01
    1    0.6200000000E+01   -0.4644557413E+00    0.2322278706E+00   -0.1504771517E+00    0.0000000000E+00    0.0000000000E+00    0.0000000000E+00    0.0000000000E+00    0.0000000000E+00    0.0000000000E+00    0.1331138981E-13    0.1331139030E-13    0.9999999630E+00
    2    0.6200000000E+01   -0.4644557413E+00   -0.5805696766E+00   -0.3176699608E+00    0.0000000000E+00    0.0000000000E+00    0.0000000000E+00    0.0000000000E+00    0.0000000000E+00    0.0000000000E+00    0.5797476374E-15    0.5797476512E-15    0.9999999762E+00
    1    0.6458333333E+01   -0.4644557413E+00   -0.5805696766E+00   -0.3568043369E+00    0.0000000000E+00    0.0000000000E+00    0.0000000000E+00    0.0000000000E+00    0.0000000000E+00    0.0000000000E+00    0.7326714236E-16    0.7326714237E-16    0.1000000000E+01
    2    0.6458333333E+01   -0.4644557413E+00    0.2322278706E+00   -0.1903057101E+00    0.0000000000E+00    0.0000000000E+00    0.0000000000E+00    0.0000000000E+00    0.0000000000E+00    0.0000000000E+00    0.6245090524E-17    0.6245090524E-17    0.9999999999E+00
    1    0.6716666667E+01   -0.4644557413E+00    0.2322278706E+00   -0.2288315854E+00    0.0000000000E+00    0.0000000000E+00    0.0000000000E+00    0.0000000000E+00    0.0000000000E+00    0.0000000000E+00    0.2574390836E-14    0.2574390836E-14    0.1000000000E+01
    2    0.6716666667E+01   -0.4644557413E+00   -0.5805696766E+00   -0.3972576818E+00    0.0000000000E+00    0.0000000000E+00    0.0000000000E+00    0.0000000000E+00    0.0000000000E+00    0.0000000000E+00    0.1140494134E-16    0.1140494135E-16    0.9999999990E+00
    1    0.6975000000E+01   -0.4644557413E+00    0.2322278706E+00   -0.2672939571E+00    0.0000000000E+00    0.0000000000E+00    0.0000000000E+00    0.0000000000E+00    0.0000000000E+00    0.0000000000E+00    0.4449161744E-14    0.4449161744E-14    0.1000000000E+01
    2    0.6975000000E+01   -0.4644557413E+00   -0.5805696766E+00   -0.4394327275E+00    0.0000000000E+00    0.0000000000E+00    0.0000000000E+00    0.0000000000E+00    0.0000000000E+00    0.0000000000E+00    0.5966732739E-16    0.5966732739E-16    0.1000000000E+01
    1    0.7233333333E+01   -0.4644557413E+00    0.2322278706E+00   -0.3065228535E+00    0.0000000000E+00    0.0000000000E+00    0.0000000000E+00    0.0000000000E+00    0.0000000000E+00    0.0000000000E+00    0.3202054467E-14    0.3202055179E-14    0.9999997778E+00
    2    0.7233333333E+01   -0.4644557413E+00   -0.5805696766E+00   -0.4836964142E+00    0.0000000000E+00    0.0000000000E+00    0.0000000000E+00    0.0000000000E+00    0.0000000000E+00    0.0000000000E+00    0.2682471098E-16    0.2682474696E-16    0.9999986588E+00
    1    0.7491666667E+01   -0.4644557413E+00    0.2322278706E+00   -0.3472620820E+00    0.0000000000E+00    0.0000000000E+00    0.0000000000E+00    0.0000000000E+00    0.0000000000E+00    0.0000000000E+00    0.8597756489E-15    0.8597756489E-15    0.1000000000E+01
    2    0.7491666667E+01   -0.4644557413E+00   -0.5805696766E+00   -0.5303096846E+00    0.0000000000E+00    0.0000000000E+00    0.0000000000E+00    0.0000000000E+00    0.0000000000E+00    0.0000000000E+00    0.1371874089E-16    0.1371874089E-16    0.9999999999E+00
    1    0.7750000000E+01   -0.4644557413E+00    0.2322278706E+00   -0.3903418285E+00    0.0000000000E+00    0.0000000000E+00    0.0000000000E+00    0.0000000000E+00    0.0000000000E+00    0.0000000000E+00    0.3352843138E-16    0.3352843138E-16    0.9999999999E+00
    2    0.7750000000E+01   -0.4644557413E+00   -0.5805696766E+00    0.5702016468E+00    0.0000000000E+00    0.0000000000E+00    0.0000000000E+00    0.0000000000E+00    0.0000000000E+00    0.0000000000E+00    0.4261246874E-14    0.4261246874E-14    0.1000000000E+01
    1    0.8008333333E+01   -0.4644557413E+00    0.2322278706E+00   -0.4368511661E+00    0.0000000000E+00    0.0000000000E+00    0.0000000000E+00    0.0000000000E+00    0.0000000000E+00    0.0000000000E+00    0.1403204061E-14    0.1403204061E-14    0.1000000000E+01
    2    0.8008333333E+01   -0.4644557413E+00   -0.5805696766E+00    0.5193282554E+00    0.0000000000E+00    0.0000000000E+00    0.0000000000E+00    0.0000000000E+00    0.0000000000E+00    0.0000000000E+00    0.1242318820E-15    0.1242318820E-15    0.1000000000E+01
    1    0.8266666667E+01   -0.4644557413E+00   -0.5805696766E+00    0.4675633420E+00    0.0000000000E+00    0.0000000000E+00    0.0000000000E+00    0.0000000000E+00    0.0000000000E+00    0.0000000000E+00    0.8223431287E-15    0.8223431287E-15    0.1000000000E+01
    2    0.8266666667E+01   -0.4644557413E+00    0.2322278706E+00   -0.4884075684E+00    0.0000000000E+00    0.0000000000E+00    0.0000000000E+00    0.0000000000E+00    0.0000000000E+00    0.0000000000E+00    0.2680359278E-14    0.2680359278E-14    0.1000000000E+01
    1    0.8525000000E+01    0.3483418059E+00   -0.5805696766E+00   -0.2442479333E+00    0.0000000000E+00    0.0000000000E+00    0.0000000000E+00    0.0000000000E+00    0.0000000000E+00    0.0000000000E+00    0.1196078724E-12    0.1196078724E-12    0.1000000000E+01
    2    0.8525000000E+01   -0.4644557413E+00   -0.5805696766E+00    0.4161686760E+00    0.0000000000E+00    0.0000000000E+00    0.0000000000E+00    0.0000000000E+00    0.0000000000E+00    0.0000000000E+00    0.4402864246E-15    0.4402864246E-15    0.1000000000E+01
    3    0.8525000000E+01   -0.4644557413E+00    0.2322278706E+00   -0.5476833530E+00    0.0000000000E+00    0.0000000000E+00    0.0000000000E+00    0.0000000000E+00    0.0000000000E+00    0.0000000000E+00    0.2048737534E-14    0.2048737534E-14    0.1000000000E+01
    1    0.8783333333E+01    0.3483418059E+00   -0.5805696766E+00   -0.3308594960E+00    0.0000000000E+00    0.0000000000E+00    0.0000000000E+00    0.0000000000E+00    0.0000000000E+00    0.0000000000E+00    0.1040610732E-13    0.1040610732E-13    0.1000000000E+01
    2    0.8783333333E+01   -0.4644557413E+00    0.2322278706E+00    0.5300083907E+00    0.0000000000E+00    0.0000000000E+00    0.0000000000E+00    0.0000000000E+00    0.0000000000E+00    0.0000000000E+00    0.2983773223E-14    0.2983773223E-14    0.1000000000E+01
    3    0.8783333333E+01   -0.4644557413E+00   -0.5805696766E+00    0.3661325183E+00    0.0000000000E+00    0.0000000000E+00    0.0000000000E+00    0.0000000000E+00    0.0000000000E+00    0.0000000000E+00    0.1955335101E-15    0.1955335101E-15    0.1000000000E+01
    1    0.9041666667E+01    0.3483418059E+00    0.2322278706E+00    0.1532386974E+00    0.0000000000E+00    0.0000000000E+00    0.0000000000E+00    0.0000000000E+00    0.0000000000E+00    0.0000000000E+00    0.2527391181E-11    0.2527391181E-11    0.1000000000E+01
    2    0.9041666667E+01   -0.4644557413E+00    0.2322278706E+00    0.4378819217E+00    0.0000000000E+00    0.0000000000E+00    0.0000000000E+00    0.0000000000E+00    0.0000000000E+00    0.0000000000E+00    0.1723324428E-14    0.1723324428E-14    0.1000000000E+01
    3    0.9041666667E+01   -0.4644557413E+00   -0.5805696766E+00    0.3178309972E+00    0.0000000000E+00    0.0000000000E+00    0.0000000000E+00    0.0000000000E+00    0.0000000000E+00    0.0000000000E+00    0.2735607451E-14    0.2735607451E-14    0.1000000000E+01
    4    0.9041666667E+01    0.3483418059E+00    0.2322278706E+00   -0.4303975418E+00    0.0000000000E+00    0.0000000000E+00    0.0000000000E+00    0.0000000000E+00    0.0000000000E+00    0.0000000000E+00    0.9750352902E-12    0.9750352902E-12    0.1000000000E+01
    5    0.9041666667E+01    0.3483418059E+00   -0.5805696766E+00   -0.3972732950E+00    0.0000000000E+00    0.0000000000E+00    0.0000000000E+00    0.0000000000E+00    0.0000000000E+00    0.0000000000E+00    0.1516431484E-15    0.1516431484E-15    0.1000000000E+01
    1    0.9300000000E+01    0.3483418059E+00   -0.5805696766E+00   -0.1216698507E+00    0.0000000000E+00    0.0000000000E+00    0.0000000000E+00    0.0000000000E+00    0.0000000000E+00    0.0000000000E+00    0.1378184211E-10    0.1378184211E-10    0.1000000000E+01
    2    0.9300000000E+01    0.3483418059E+00    0.2322278706E+00   -0.5228738436E+00    0.0000000000E+00    0.0000000000E+00    0.0000000000E+00    0.0000000000E+00    0.0000000000E+00    0.0000000000E+00    0.4042276571E-14    0.4042276571E-14    0.1000000000E+01
    3    0.9300000000E+01    0.3483418059E+00   -0.5805696766E+00   -0.4601452038E+00    0.0000000000E+00    0.0000000000E+00    0.0000000000E+00    0.0000000000E+00    0.0000000000E+00    0.0000000000E+00    0.3423412734E-13    0.3423412734E-13    0.1000000000E+01
    4    0.9300000000E+01   -0.4644557413E+00    0.2322278706E+00    0.3264168413E+00    0.0000000000E+00    0.0000000000E+00    0.0000000000E+00    0.0000000000E+00    0.0000000000E+00    0.0000000000E+00    0.2086411275E-15    0.2086411275E-15    0.1000000000E+01
    5    0.9300000000E+01   -0.4644557413E+00   -0.5805696766E+00    0.2711110063E+00    0.0000000000E+00    0.0000000000E+00    0.0000000000E+00    0.0000000000E+00    0.0000000000E+00    0.0000000000E+00    0.4318817584E-14    0.4318817584E-14    0.9999999999E+00
    1    0.9558333333E+01    0.3483418059E+00   -0.5805696766E+00   -0.2937157365E+00    0.0000000000E+00    0.0000000000E+00    0.0000000000E+00    0.0000000000E+00    0.0000000000E+00    0.0000000000E+00    0.1227117424E-12    0.1227117424E-12    0.1000000000E+01
    2    0.9558333333E+01    0.3483418059E+00   -0.5805696766E+00   -0.5285386148E+00    0.0000000000E+00    0.0000000000E+00    0.0000000000E+00    0.0000000000E+00    0.0000000000E+00    0.0000000000E+00    0.6853766715E-13    0.6853766715E-13    0.1000000000E+01
    3    0.9558333333E+01    0.3483418059E+00    0.2322278706E+00    0.5301455466E+00    0.0000000000E+00    0.0000000000E+00    0.0000000000E+00    0.0000000000E+00    0.0000000000E+00    0.0000000000E+00    0.1349536732E-13    0.1349536732E-13    0.1000000000E+01
    4    0.9558333333E+01   -0.4644557413E+00    0.2322278706E+00    0.2248852078E+00    0.0000000000E+00    0.0000000000E+00    0.0000000000E+00    0.0000000000E+00    0.0000000000E+00    0.0000000000E+00    0.5535303277E-14    0.5535303277E-14    0.1000000000E+01
    5    0.9558333333E+01   -0.4644557413E+00   -0.5805696766E+00    0.2255373745E+00    0.0000000000E+00    0.0000000000E+00    0.0000000000E+00    0.0000000000E+00    0.0000000000E+00    0.0000000000E+00    0.1700930161E-14    0.1700930161E-14    0.1000000000E+01
    1    0.9816666667E+01    0.3483418059E+00   -0.5805696766E+00   -0.4313779327E+00    0.0000000000E+00    0.0000000000E+00    0.0000000000E+00    0.0000000000E+00    0.0000000000E+00    0.0000000000E+00    0.3721982175E-10    0.3721982175E-10    0.1000000000E+01
    2    0.9816666667E+01    0.3483418059E+00   -0.5805696766E+00    0.5124861775E+00    0.0000000000E+00    0.0000000000E+00    0.0000000000E+00    0.0000000000E+00    0.0000000000E+00    0.0000000000E+00    0.3745777330E-10    0.3745777330E-10    0.1000000000E+01
    3    0.9816666667E+01   -0.4644557413E+00   -0.5805696766E+00    0.1805749421E+00    0.0000000000E+00    0.0000000000E+00    0.0000000000E+00    0.0000000000E+00    0.0000000000E+00    0.0000000000E+00    0.2766126795E-15    0.2766127111E-15    0.9999998858E+00
    4    0.9816666667E+01   -0.4644557413E+00    0.2322278706E+00    0.1414152624E+00    0.0000000000E+00    0.0000000000E+00    0.0000000000E+00    0.0000000000E+00    0.0000000000E+00    0.0000000000E+00    0.7593340536E-13    0.7593340537E-13    0.9999999999E+00
    5    0.9816666667E+01    0.3483418059E+00    0.2322278706E+00    0.1566273546E+00    0.3483418059E+00    0.2322278706E+00   -0.9928419605E+00   -0.1653998956E+01   -0.1252001793E+01   -0.5122773776E+01    0.2671310241E-11    0.2671310241E-11    0.1000000000E+01
    1    0.1007500000E+02   -0.4644557413E+00    0.2322278706E+00    0.6114329405E-01    0.0000000000E+00    0.0000000000E+00    0.0000000000E+00    0.0000000000E+00    0.0000000000E+00    0.0000000000E+00    0.2510693130E-11    0.2510693130E-11    0.1000000000E+01
    2    0.1007500000E+02   -0.4644557413E+00   -0.5805696766E+00    0.1356603892E+00    0.0000000000E+00    0.0000000000E+00    0.0000000000E+00    0.0000000000E+00    0.0000000000E+00    0.0000000000E+00    0.9284983911E-14    0.9284983911E-14    0.1000000000E+01
    1    0.1033333333E+02   -0.4644557413E+00   -0.5805696766E+00    0.9016962869E-01    0.0000000000E+00    0.0000000000E+00    0.0000000000E+00    0.0000000000E+00    0.0000000000E+00    0.0000000000E+00    0.4084348884E-13    0.4084348884E-13    0.1000000000E+01
    1    0.1059166667E+02   -0.4644557413E+00   -0.5805696766E+00    0.4300320006E-01    0.0000000000E+00    0.0000000000E+00    0.0000000000E+00    0.0000000000E+00    0.0000000000E+00    0.0000000000E+00    0.2107126319E-12    0.2107126319E-12    0.1000000000E+01
    1    0.1085000000E+02   -0.4644557413E+00    0.2322278706E+00   -0.6470791092E-01    0.0000000000E+00    0.0000000000E+00    0.0000000000E+00    0.0000000000E+00    0.0000000000E+00    0.0000000000E+00    0.2107906509E-11    0.2107906509E-11    0.1000000000E+01
    1    0.1110833333E+02   -0.4644557413E+00    0.2322278706E+00   -0.1348105399E+00    0.0000000000E+00    0.0000000000E+00    0.0000000000E+00    0.0000000000E+00    0.0000000000E+00    0.0000000000E+00    0.1055314393E-12    0.1055314393E-12    0.1000000000E+01
    2    0.1110833333E+02   -0.4644557413E+00   -0.5805696766E+00   -0.5001131729E-01    0.0000000000E+00    0.0000000000E+00    0.0000000000E+00    0.0000000000E+00    0.0000000000E+00    0.0000000000E+00    0.1964951009E-12    0.1964951009E-12    0.1000000000E+01
    1    0.1136666667E+02   -0.4644557413E+00    0.2322278706E+00   -0.1988643093E+00    0.0000000000E+00    0.0000000000E+00    0.0000000000E+00    0.0000000000E+00    0.0000000000E+00    0.0000000000E+00    0.5327991957E-15    0.5327991957E-15    0.1000000000E+01
    2    0.1136666667E+02   -0.4644557413E+00   -0.5805696766E+00   -0.1031808628E+00    0.0000000000E+00    0.0000000000E+00    0.0000000000E+00    0.0000000000E+00    0.0000000000E+00    0.0000000000E+00    0.3896838922E-13    0.3896838922E-13    0.1000000000E+01
    3    0.1136666667E+02    0.3483418059E+00    0.2322278706E+00    0.2831576611E+00    0.0000000000E+00    0.0000000000E+00    0.0000000000E+00    0.0000000000E+00    0.0000000000E+00    0.0000000000E+00    0.3390170251E-12    0.3390170251E-12    0.1000000000E+01
    4    0.1136666667E+02    0.3483418059E+00    0.2322278706E+00    0.5478537471E+00    0.0000000000E+00    0.0000000000E+00    0.0000000000E+00    0.0000000000E+00    0.0000000000E+00    0.0000000000E+00    0.1589064925E-12    0.1589064925E-12    0.1000000000E+01
    1    0.1162500000E+02   -0.4644557413E+00    0.2322278706E+00   -0.2625901651E+00    0.0000000000E+00    0.0000000000E+00    0.0000000000E+00    0.0000000000E+00    0.0000000000E+00    0.0000000000E+00    0.9999187435E-14    0.9999187468E-14    0.9999999967E+00
    2    0.1162500000E+02   -0.4644557413E+00   -0.5805696766E+00   -0.1591033479E+00    0.0000000000E+00    0.0000000000E+00    0.0000000000E+00    0.0000000000E+00    0.0000000000E+00    0.0000000000E+00    0.3604472969E-14    0.3604472978E-14    0.9999999976E+00
    3    0.1162500000E+02    0.3483418059E+00   -0.5805696766E+00    0.7804026332E-01    0.0000000000E+00    0.0000000000E+00    0.0000000000E+00    0.0000000000E+00    0.0000000000E+00    0.0000000000E+00    0.5422008769E-09    0.5422008769E-09    0.1000000000E+01
    4    0.1162500000E+02    0.3483418059E+00    0.2322278706E+00    0.1212046077E+00    0.0000000000E+00    0.0000000000E+00    0.0000000000E+00    0.0000000000E+00    0.0000000000E+00    0.0000000000E+00    0.1157434909E-10    0.1157434909E-10    0.1000000000E+01
    5    0.1162500000E+02    0.3483418059E+00   -0.5805696766E+00    0.5694676345E+00    0.0000000000E+00    0.0000000000E+00    0.0000000000E+00    0.0000000000E+00    0.0000000000E+00    0.0000000000E+00    0.1788398909E-11    0.1788398909E-11    0.1000000000E+01
    6    0.1162500000E+02    0.3483418059E+00    0.2322278706E+00    0.4774027744E+00    0.0000000000E+00    0.0000000000E+00    0.0000000000E+00    0.0000000000E+00    0.0000000000E+00    0.0000000000E+00    0.5475277482E-13    0.5475277482E-13    0.9999999999E+00
    1    0.1188333333E+02   -0.4644557413E+00    0.2322278706E+00   -0.3270497838E+00    0.0000000000E+00    0.0000000000E+00    0.0000000000E+00    0.0000000000E+00    0.0000000000E+00    0.0000000000E+00    0.2312484199E-14    0.2312484199E-14    0.1000000000E+01
    2    0.1188333333E+02   -0.4644557413E+00   -0.5805696766E+00   -0.2189284543E+00    0.0000000000E+00    0.0000000000E+00    0.0000000000E+00    0.0000000000E+00    0.0000000000E+00    0.0000000000E+00    0.1230670424E-14    0.1230670424E-14    0.1000000000E+01
    3    0.1188333333E+02    0.3483418059E+00   -0.5805696766E+00    0.4908280846E+00    0.0000000000E+00    0.0000000000E+00    0.0000000000E+00    0.0000000000E+00    0.0000000000E+00    0.0000000000E+00    0.2552604575E-14    0.2552604575E-14    0.1000000000E+01
    4    0.1188333333E+02    0.3483418059E+00    0.2322278706E+00    0.4145656895E+00    0.0000000000E+00    0.0000000000E+00    0.0000000000E+00    0.0000000000E+00    0.0000000000E+00    0.0000000000E+00    0.2058176021E-16    0.2058176022E-16    0.9999999998E+00
    1    0.1214166667E+02   -0.4644557413E+00    0.2322278706E+00   -0.3923391856E+00    0.0000000000E+00    0.0000000000E+00    0.0000000000E+00    0.0000000000E+00    0.0000000000E+00    0.0000000000E+00    0.1565865512E-16    0.1565865518E-16    0.9999999963E+00
    2    0.1214166667E+02   -0.4644557413E+00   -0.5805696766E+00   -0.2831755137E+00    0.0000000000E+00    0.0000000000E+00    0.0000000000E+00    0.0000000000E+00    0.0000000000E+00    0.0000000000E+00    0.2577415414E-14    0.2577415414E-14    0.1000000000E+01
    3    0.1214166667E+02    0.3483418059E+00   -0.5805696766E+00    0.4191003803E+00    0.0000000000E+00    0.0000000000E+00    0.0000000000E+00    0.0000000000E+00    0.0000000000E+00    0.0000000000E+00    0.4471840447E-16    0.4471840621E-16    0.9999999610E+00
    4    0.1214166667E+02    0.3483418059E+00    0.2322278706E+00    0.3526165495E+00    0.0000000000E+00    0.0000000000E+00    0.0000000000E+00    0.0000000000E+00    0.0000000000E+00    0.0000000000E+00    0.2767006267E-15    0.2767006268E-15    0.9999999997E+00
    1    0.1240000000E+02    0.3483418059E+00   -0.5805696766E+00    0.3446507799E+00    0.0000000000E+00    0.0000000000E+00    0.0000000000E+00    0.0000000000E+00    0.0000000000E+00    0.0000000000E+00    0.2055230277E-14    0.2055230277E-14    0.1000000000E+01
    2    0.1240000000E+02    0.3483418059E+00    0.2322278706E+00    0.2876883917E+00    0.0000000000E+00    0.0000000000E+00    0.0000000000E+00    0.0000000000E+00    0.0000000000E+00    0.0000000000E+00    0.7994590929E-14    0.7994590929E-14    0.1000000000E+01
    3    0.1240000000E+02   -0.4644557413E+00    0.2322278706E+00   -0.4584088552E+00    0.0000000000E+00    0.0000000000E+00    0.0000000000E+00    0.0000000000E+00    0.0000000000E+00    0.0000000000E+00    0.4384288435E-17    0.4384288436E-17    0.9999999997E+00
    4    0.1240000000E+02   -0.4644557413E+00   -0.5805696766E+00   -0.3516443901E+00    0.0000000000E+00    0.0000000000E+00    0.0000000000E+00    0.0000000000E+00    0.0000000000E+00    0.0000000000E+00    0.8504301591E-16    0.8504301594E-16    0.9999999997E+00
    1    0.1265833333E+02    0.3483418059E+00   -0.5805696766E+00    0.2581858257E+00    0.0000000000E+00    0.0000000000E+00    0.0000000000E+00    0.0000000000E+00    0.0000000000E+00    0.0000000000E+00    0.7503864574E-13    0.7503864574E-13    0.1000000000E+01
    2    0.1265833333E+02    0.3483418059E+00    0.2322278706E+00    0.2145473602E+00    0.0000000000E+00    0.0000000000E+00    0.0000000000E+00    0.0000000000E+00    0.0000000000E+00    0.0000000000E+00    0.8852346846E-14    0.8852346846E-14    0.1000000000E+01
    3    0.1265833333E+02   -0.4644557413E+00   -0.5805696766E+00   -0.4231868099E+00    0.0000000000E+00    0.0000000000E+00    0.0000000000E+00    0.0000000000E+00    0.0000000000E+00    0.0000000000E+00    0.1221572968E-15    0.1221572968E-15    0.1000000000E+01
    4    0.1265833333E+02   -0.4644557413E+00    0.2322278706E+00   -0.5255639938E+00    0.0000000000E+00    0.0000000000E+00    0.0000000000E+00    0.0000000000E+00    0.0000000000E+00    0.0000000000E+00    0.9795233096E-15    0.9795233096E-15    0.1000000000E+01
    1    0.1291666667E+02   -0.4644557413E+00   -0.5805696766E+00   -0.4961948650E+00    0.0000000000E+00    0.0000000000E+00    0.0000000000E+00    0.0000000000E+00    0.0000000000E+00    0.0000000000E+00    0.3974516987E-14    0.3974516987E-14    0.1000000000E+01
    2    0.1291666667E+02   -0.4644557413E+00    0.2322278706E+00    0.5546841504E+00    0.0000000000E+00    0.0000000000E+00    0.0000000000E+00    0.0000000000E+00    0.0000000000E+00    0.0000000000E+00    0.3550549871E-14    0.3550549871E-14    0.1000000000E+01
    3    0.1291666667E+02    0.3483418059E+00   -0.5805696766E+00    0.1094106460E+00    0.0000000000E+00    0.0000000000E+00    0.0000000000E+00    0.0000000000E+00    0.0000000000E+00    0.0000000000E+00    0.2848719294E-10    0.2848719294E-10    0.1000000000E+01
    4    0.1291666667E+02    0.3483418059E+00    0.2322278706E+00    0.1137780467E+00    0.0000000000E+00    0.0000000000E+00    0.0000000000E+00    0.0000000000E+00    0.0000000000E+00    0.0000000000E+00    0.3250917162E-11    0.3250917162E-11    0.1000000000E+01
    1    0.1317500000E+02   -0.4644557413E+00   -0.5805696766E+00   -0.5697831683E+00    0.0000000000E+00    0.0000000000E+00    0.0000000000E+00    0.0000000000E+00    0.0000000000E+00    0.0000000000E+00    0.1257470964E-12    0.1257470964E-12    0.1000000000E+01
    2    0.1317500000E+02   -0.4644557413E+00    0.2322278706E+00    0.4813899304E+00    0.0000000000E+00    0.0000000000E+00    0.0000000000E+00    0.0000000000E+00    0.0000000000E+00    0.0000000000E+00    0.8089669951E-14    0.8089669951E-14    0.1000000000E+01
    1    0.1343333333E+02   -0.4644557413E+00   -0.5805696766E+00    0.5050420877E+00    0.0000000000E+00    0.0000000000E+00    0.0000000000E+00    0.0000000000E+00    0.0000000000E+00    0.0000000000E+00    0.2085083207E-13    0.2085083207E-13    0.1000000000E+01
    2    0.1343333333E+02   -0.4644557413E+00    0.2322278706E+00    0.4001158910E+00    0.0000000000E+00    0.0000000000E+00    0.0000000000E+00    0.0000000000E+00    0.0000000000E+00    0.0000000000E+00    0.5852576269E-14    0.5852576270E-14    0.9999999999E+00
    3    0.1343333333E+02    0.3483418059E+00    0.2322278706E+00   -0.3391407596E+00    0.0000000000E+00    0.0000000000E+00    0.0000000000E+00    0.0000000000E+00    0.0000000000E+00    0.0000000000E+00    0.8678863768E-10    0.8678863768E-10    0.1000000000E+01
    4    0.1343333333E+02    0.3483418059E+00    0.2322278706E+00    0.1010625780E+00    0.0000000000E+00    0.0000000000E+00    0.0000000000E+00    0.0000000000E+00    0.0000000000E+00    0.0000000000E+00    0.4159499727E-09    0.4159499727E-09    0.1000000000E+01
    5    0.1343333333E+02    0.3483418059E+00    0.2322278706E+00    0.6846706628E-01    0.0000000000E+00    0.0000000000E+00    0.0000000000E+00    0.0000000000E+00    0.0000000000E+00    0.0000000000E+00    0.6153770522E-09    0.6153770522E-09    0.1000000000E+01
    6    0.1343333333E+02   -0.4644557413E+00   -0.5805696766E+00   -0.2241032014E+00    0.0000000000E+00    0.0000000000E+00    0.0000000000E+00    0.0000000000E+00    0.0000000000E+00    0.0000000000E+00    0.1338761589E-11    0.1338761589E-11    0.1000000000E+01
    7    0.1343333333E+02    0.3483418059E+00    0.2322278706E+00   -0.1501008616E+00    0.0000000000E+00    0.0000000000E+00    0.0000000000E+00    0.0000000000E+00    0.0000000000E+00    0.0000000000E+00    0.6201002177E-09    0.6201002177E-09    0.1000000000E+01
    8    0.1343333333E+02   -0.4644557413E+00    0.2322278706E+00   -0.1680461530E+00    0.0000000000E+00    0.0000000000E+00    0.0000000000E+00    0.0000000000E+00    0.0000000000E+00    0.0000000000E+00    0.1537191975E-11    0.1537191975E-11    0.1000000000E+01
    1    0.1369166667E+02   -0.4644557413E+00    0.2322278706E+00    0.3009531350E+00    0.0000000000E+00    0.0000000000E+00    0.0000000000E+00    0.0000000000E+00    0.0000000000E+00    0.0000000000E+00    0.2439648853E-12    0.2439648853E-12    0.1000000000E+01
    2    0.1369166667E+02   -0.4644557413E+00   -0.5805696766E+00    0.4262807716E+00    0.0000000000E+00    0.0000000000E+00    0.0000000000E+00    0.0000000000E+00    0.0000000000E+00    0.0000000000E+00    0.1235709909E-10    0.1235709909E-10    0.1000000000E+01
    3    0.1369166667E+02    0.3483418059E+00   -0.5805696766E+00   -0.3032844895E+00    0.0000000000E+00    0.0000000000E+00    0.0000000000E+00    0.0000000000E+00    0.0000000000E+00    0.0000000000E+00    0.5221360551E-13    0.5221360551E-13    0.9999999999E+00
    4    0.1369166667E+02    0.3483418059E+00   -0.5805696766E+00   -0.4582618608E+00    0.0000000000E+00    0.0000000000E+00    0.0000000000E+00    0.0000000000E+00    0.0000000000E+00    0.0000000000E+00    0.4115112189E-12    0.4115112189E-12    0.1000000000E+01
    5    0.1369166667E+02   -0.4644557413E+00   -0.5805696766E+00   -0.4222047256E+00    0.0000000000E+00    0.0000000000E+00    0.0000000000E+00    0.0000000000E+00    0.0000000000E+00    0.0000000000E+00    0.1223593123E-10    0.1223593123E-10    0.1000000000E+01
    6    0.1369166667E+02   -0.4644557413E+00    0.2322278706E+00   -0.3648695837E+00    0.0000000000E+00    0.0000000000E+00    0.0000000000E+00    0.0000000000E+00    0.0000000000E+00    0.0000000000E+00    0.1326742648E-12    0.1326742648E-12    0.1000000000E+01
    7    0.1369166667E+02    0.3483418059E+00    0.2322278706E+00   -0.1472565692E+00    0.0000000000E+00    0.0000000000E+00    0.0000000000E+00    0.0000000000E+00    0.0000000000E+00    0.0000000000E+00    0.6401204904E-12    0.6401204904E-12    0.1000000000E+01
    8    0.1369166667E+02    0.3483418059E+00    0.2322278706E+00   -0.8637740256E-01    0.0000000000E+00    0.0000000000E+00    0.0000000000E+00    0.0000000000E+00    0.0000000000E+00    0.0000000000E+00    0.2719434386E-10    0.2719434386E-10    0.1000000000E+01
    1    0.1395000000E+02   -0.4644557413E+00    0.2322278706E+00    0.1019637325E+00    0.0000000000E+00    0.0000000000E+00    0.0000000000E+00    0.0000000000E+00    0.0000000000E+00    0.0000000000E+00    0.1667921832E-09    0.1667921832E-09    0.1000000000E+01
    2    0.1395000000E+02   -0.4644557413E+00   -0.5805696766E+00    0.3392967759E+00    0.0000000000E+00    0.0000000000E+00    0.0000000000E+00    0.0000000000E+00    0.0000000000E+00    0.0000000000E+00    0.1225898372E-11    0.1225898372E-11    0.1000000000E+01
    3    0.1395000000E+02    0.3483418059E+00   -0.5805696766E+00   -0.2267391815E+00    0.0000000000E+00    0.0000000000E+00    0.0000000000E+00    0.0000000000E+00    0.0000000000E+00    0.0000000000E+00    0.4757354282E-11    0.4757354282E-11    0.1000000000E+01
    4    0.1395000000E+02   -0.4644557413E+00    0.2322278706E+00   -0.2867794407E+00    0.0000000000E+00    0.0000000000E+00    0.0000000000E+00    0.0000000000E+00    0.0000000000E+00    0.0000000000E+00    0.1764801470E-10    0.1764801470E-10    0.1000000000E+01
    5    0.1395000000E+02    0.3483418059E+00   -0.5805696766E+00   -0.3250540178E+00    0.0000000000E+00    0.0000000000E+00    0.0000000000E+00    0.0000000000E+00    0.0000000000E+00    0.0000000000E+00    0.2635732391E-11    0.2635732391E-11    0.1000000000E+01
    6    0.1395000000E+02   -0.4644557413E+00   -0.5805696766E+00   -0.4073492289E+00    0.0000000000E+00    0.0000000000E+00    0.0000000000E+00    0.0000000000E+00    0.0000000000E+00    0.0000000000E+00    0.1241542853E-11    0.1241542853E-11    0.1000000000E+01
    7    0.1395000000E+02   -0.4644557413E+00    0.2322278706E+00   -0.5377184630E+00    0.0000000000E+00    0.0000000000E+00    0.0000000000E+00    0.0000000000E+00    0.0000000000E+00    0.0000000000E+00    0.9122540519E-12    0.9122540519E-12    0.1000000000E+01
    1    0.1420833333E+02   -0.4644557413E+00   -0.5805696766E+00    0.2193624541E+00    0.0000000000E+00    0.0000000000E+00    0.0000000000E+00    0.0000000000E+00    0.0000000000E+00    0.0000000000E+00    0.5430053276E-12    0.5430053276E-12    0.1000000000E+01
    2    0.1420833333E+02   -0.4644557413E+00   -0.5805696766E+00    0.5181336900E+00    0.0000000000E+00    0.0000000000E+00    0.0000000000E+00    0.0000000000E+00    0.0000000000E+00    0.0000000000E+00    0.5035034818E-12    0.5035034818E-12    0.1000000000E+01
    3    0.1420833333E+02   -0.4644557413E+00    0.2322278706E+00    0.4586032853E+00    0.0000000000E+00    0.0000000000E+00    0.0000000000E+00    0.0000000000E+00    0.0000000000E+00    0.0000000000E+00    0.1820661317E-11    0.1820661317E-11    0.1000000000E+01
    4    0.1420833333E+02   -0.4644557413E+00    0.2322278706E+00    0.3616281226E+00    0.0000000000E+00    0.0000000000E+00    0.0000000000E+00    0.0000000000E+00    0.0000000000E+00    0.0000000000E+00    0.1921564587E-11    0.1921564587E-11    0.1000000000E+01
    5    0.1420833333E+02   -0.4644557413E+00   -0.5805696766E+00    0.4022536248E+00    0.0000000000E+00    0.0000000000E+00    0.0000000000E+00    0.0000000000E+00    0.0000000000E+00    0.0000000000E+00    0.5035363573E-12    0.5035363573E-12    0.1000000000E+01
    1    0.1446666667E+02   -0.4644557413E+00   -0.5805696766E+00    0.2604513854E+00    0.0000000000E+00    0.0000000000E+00    0.0000000000E+00    0.0000000000E+00    0.0000000000E+00    0.0000000000E+00    0.2374635829E-12    0.2374635829E-12    0.1000000000E+01
    2    0.1446666667E+02   -0.4644557413E+00   -0.5805696766E+00    0.1368285186E+00    0.0000000000E+00    0.0000000000E+00    0.0000000000E+00    0.0000000000E+00    0.0000000000E+00    0.0000000000E+00    0.6477751318E-11    0.6477751318E-11    0.1000000000E+01
