    1    0.1291666667E+01    0.1161139353E+00    0.0000000000E+00   -0.6999595572E-01    0.0000000000E+00    0.0000000000E+00    0.0000000000E+00    0.0000000000E+00    0.0000000000E+00    0.0000000000E+00    0.1975832985E-12    0.1975832985E-12    0.1000000000E+01
    1    0.1550000000E+01    0.1161139353E+00    0.0000000000E+00   -0.1638951732E+00    0.0000000000E+00    0.0000000000E+00    0.0000000000E+00    0.0000000000E+00    0.0000000000E+00    0.0000000000E+00    0.3256118292E-14    0.3256118292E-14    0.1000000000E+01
    1    0.1808333333E+01    0.1161139353E+00    0.0000000000E+00   -0.2211581228E+00    0.0000000000E+00    0.0000000000E+00    0.0000000000E+00    0.0000000000E+00    0.0000000000E+00    0.0000000000E+00    0.1974885770E-16    0.1974885770E-16    0.1000000000E+01
    2    0.1808333333E+01    0.1161139353E+00    0.0000000000E+00   -0.2303834052E+00    0.0000000000E+00    0.0000000000E+00    0.0000000000E+00    0.0000000000E+00    0.0000000000E+00    0.0000000000E+00    0.3045768395E-14    0.3045768395E-14    0.1000000000E+01
    1    0.2066666667E+01    0.1161139353E+00    0.0000000000E+00   -0.2691685504E+00    0.0000000000E+00    0.0000000000E+00    0.0000000000E+00    0.0000000000E+00    0.0000000000E+00    0.0000000000E+00    0.2742226569E-18    0.2742226569E-18    0.1000000000E+01
    2    0.2066666667E+01    0.1161139353E+00    0.0000000000E+00   -0.2896222855E+00    0.0000000000E+00    0.0000000000E+00    0.0000000000E+00    0.0000000000E+00    0.0000000000E+00    0.0000000000E+00    0.6558406670E-14    0.6558406670E-14    0.1000000000E+01
    1    0.2325000000E+01    0.1161139353E+00    0.0000000000E+00   -0.3085827515E+00    0.0000000000E+00    0.0000000000E+00    0.0000000000E+00    0.0000000000E+00    0.0000000000E+00    0.0000000000E+00    0.9422743326E-17    0.9422743326E-17    0.1000000000E+01
    2    0.2325000000E+01    0.1161139353E+00    0.0000000000E+00   -0.3461587085E+00    0.0000000000E+00    0.0000000000E+00    0.0000000000E+00    0.0000000000E+00    0.0000000000E+00    0.0000000000E+00    0.1945784894E-14    0.1945784894E-14    0.1000000000E+01
    1    0.2583333333E+01    0.1161139353E+00    0.0000000000E+00   -0.3447764365E+00    0.0000000000E+00    0.0000000000E+00    0.0000000000E+00    0.0000000000E+00    0.0000000000E+00    0.0000000000E+00    0.1246840216E-16    0.1246840216E-16    0.1000000000E+01
    2    0.2583333333E+01    0.1161139353E+00    0.0000000000E+00   -0.4022154473E+00    0.0000000000E+00    0.0000000000E+00    0.0000000000E+00    0.0000000000E+00    0.0000000000E+00    0.0000000000E+00    0.5738937956E-15    0.5738937956E-15    0.1000000000E+01
    1    0.2841666667E+01    0.1161139353E+00    0.0000000000E+00   -0.3796670064E+00    0.0000000000E+00    0.0000000000E+00    0.0000000000E+00    0.0000000000E+00    0.0000000000E+00    0.0000000000E+00    0.2381722984E-18    0.2381722984E-18    0.1000000000E+01
    2    0.2841666667E+01    0.1161139353E+00    0.0000000000E+00   -0.4594517347E+00    0.1161139353E+00    0.0000000000E+00   -0.4594517347E+00    0.2913922866E-01    0.1676166225E-13   -0.5060063955E+01    0.5893001401E-14    0.5893001401E-14    0.1000000000E+01
    1    0.3100000000E+01    0.1161139353E+00    0.0000000000E+00   -0.6548918699E-01    0.0000000000E+00    0.0000000000E+00    0.0000000000E+00    0.0000000000E+00    0.0000000000E+00    0.0000000000E+00    0.6329269992E-13    0.6329269992E-13    0.1000000000E+01
    2    0.3100000000E+01   -0.6966836119E+00    0.0000000000E+00    0.3338182170E+00    0.0000000000E+00    0.0000000000E+00    0.0000000000E+00    0.0000000000E+00    0.0000000000E+00    0.0000000000E+00    0.8240903663E-12    0.8240903663E-12    0.1000000000E+01
    3    0.3100000000E+01    0.1161139353E+00    0.0000000000E+00   -0.4143093236E+00    0.0000000000E+00    0.0000000000E+00    0.0000000000E+00    0.0000000000E+00    0.0000000000E+00    0.0000000000E+00    0.8516130136E-15    0.8516130136E-15    0.1000000000E+01
    4    0.3100000000E+01   -0.6966836119E+00    0.0000000000E+00   -0.4507548216E+00    0.0000000000E+00    0.0000000000E+00    0.0000000000E+00    0.0000000000E+00    0.0000000000E+00    0.0000000000E+00    0.8253285846E-12    0.8253285846E-12    0.1000000000E+01
    5    0.3100000000E+01    0.1161139353E+00    0.0000000000E+00   -0.5195968928E+00    0.0000000000E+00    0.0000000000E+00    0.0000000000E+00    0.0000000000E+00    0.0000000000E+00    0.0000000000E+00    0.3531327037E-14    0.3531327037E-14    0.9999999999E+00
    6    0.3100000000E+01   -0.6966836119E+00    0.0000000000E+00   -0.5304107978E+00    0.0000000000E+00    0.0000000000E+00    0.0000000000E+00    0.0000000000E+00    0.0000000000E+00    0.0000000000E+00    0.1461241048E-13    0.1461241048E-13    0.1000000000E+01
    1    0.3358333333E+01    0.1161139353E+00    0.0000000000E+00   -0.1054166652E+00    0.0000000000E+00    0.0000000000E+00    0.0000000000E+00    0.0000000000E+00    0.0000000000E+00    0.0000000000E+00    0.1683067677E-13    0.1683067677E-13    0.1000000000E+01
    2    0.3358333333E+01   -0.6966836119E+00    0.0000000000E+00    0.2587234743E+00    0.0000000000E+00    0.0000000000E+00    0.0000000000E+00    0.0000000000E+00    0.0000000000E+00    0.0000000000E+00    0.4361340121E-13    0.4361340121E-13    0.1000000000E+01
    3    0.3358333333E+01    0.1161139353E+00    0.0000000000E+00   -0.4494948590E+00    0.0000000000E+00    0.0000000000E+00    0.0000000000E+00    0.0000000000E+00    0.0000000000E+00    0.0000000000E+00    0.2858616380E-14    0.2858616380E-14    0.1000000000E+01
    4    0.3358333333E+01   -0.6966836119E+00    0.0000000000E+00   -0.5277839924E+00    0.0000000000E+00    0.0000000000E+00    0.0000000000E+00    0.0000000000E+00    0.0000000000E+00    0.0000000000E+00    0.4396151816E-13    0.4396151816E-13    0.1000000000E+01
    5    0.3358333333E+01   -0.6966836119E+00    0.0000000000E+00    0.4820866763E+00    0.0000000000E+00    0.0000000000E+00    0.0000000000E+00    0.0000000000E+00    0.0000000000E+00    0.0000000000E+00    0.3234566461E-13    0.3234566461E-13    0.1000000000E+01
    6    0.3358333333E+01    0.1161139353E+00    0.0000000000E+00    0.5647063723E+00    0.0000000000E+00    0.0000000000E+00    0.0000000000E+00    0.0000000000E+00    0.0000000000E+00    0.0000000000E+00    0.8974024275E-14    0.8974024275E-14    0.1000000000E+01
    1    0.3616666667E+01    0.1161139353E+00    0.0000000000E+00   -0.1398796965E+00    0.0000000000E+00    0.0000000000E+00    0.0000000000E+00    0.0000000000E+00    0.0000000000E+00    0.0000000000E+00    0.6190348800E-14    0.6190348801E-14    0.9999999999E+00
    2    0.3616666667E+01   -0.6966836119E+00    0.0000000000E+00    0.2082764650E+00    0.0000000000E+00    0.0000000000E+00    0.0000000000E+00    0.0000000000E+00    0.0000000000E+00    0.0000000000E+00    0.9168261422E-13    0.9168261422E-13    0.1000000000E+01
    3    0.3616666667E+01    0.1161139353E+00    0.0000000000E+00   -0.4860048103E+00    0.0000000000E+00    0.0000000000E+00    0.0000000000E+00    0.0000000000E+00    0.0000000000E+00    0.0000000000E+00    0.3023021613E-14    0.3023021613E-14    0.1000000000E+01
    4    0.3616666667E+01    0.1161139353E+00    0.8127975472E+00   -0.5360035796E+00    0.1161139353E+00    0.8127975472E+00   -0.5360035796E+00    0.0000000000E+00    0.0000000000E+00    0.0000000000E+00    0.2615903623E-10    0.2615903623E-10    0.1000000000E+01
    5    0.3616666667E+01   -0.6966836119E+00    0.0000000000E+00    0.5727098569E+00    0.0000000000E+00    0.0000000000E+00    0.0000000000E+00    0.0000000000E+00    0.0000000000E+00    0.0000000000E+00    0.1006233653E-11    0.1006233653E-11    0.1000000000E+01
    6    0.3616666667E+01    0.1161139353E+00    0.8127975472E+00    0.3711305944E+00    0.1161139353E+00    0.8127975472E+00    0.3711305944E+00    0.0000000000E+00    0.0000000000E+00    0.0000000000E+00    0.2037753999E-11    0.2037753999E-11    0.1000000000E+01
    7    0.3616666667E+01    0.1161139353E+00    0.0000000000E+00    0.4902391403E+00    0.0000000000E+00    0.0000000000E+00    0.0000000000E+00    0.0000000000E+00    0.0000000000E+00    0.0000000000E+00    0.1718315505E-13    0.1718315505E-13    0.1000000000E+01
    8    0.3616666667E+01   -0.6966836119E+00    0.0000000000E+00    0.3753546692E+00    0.0000000000E+00    0.0000000000E+00    0.0000000000E+00    0.0000000000E+00    0.0000000000E+00    0.0000000000E+00    0.6992582636E-15    0.6992582647E-15    0.9999999985E+00
    1    0.3875000000E+01    0.1161139353E+00    0.0000000000E+00   -0.1722262285E+00    0.0000000000E+00    0.0000000000E+00    0.0000000000E+00    0.0000000000E+00    0.0000000000E+00    0.0000000000E+00    0.1881309730E-14    0.1881309730E-14    0.9999999999E+00
    2    0.3875000000E+01    0.1161139353E+00    0.0000000000E+00   -0.5248313176E+00    0.0000000000E+00    0.0000000000E+00    0.0000000000E+00    0.0000000000E+00    0.0000000000E+00    0.0000000000E+00    0.2632523969E-14    0.2632523969E-14    0.9999999999E+00
    3    0.3875000000E+01   -0.6966836119E+00    0.0000000000E+00    0.5255246858E+00    0.0000000000E+00    0.0000000000E+00    0.0000000000E+00    0.0000000000E+00    0.0000000000E+00    0.0000000000E+00    0.6513494822E-14    0.6513495130E-14    0.9999999527E+00
    4    0.3875000000E+01   -0.6966836119E+00    0.0000000000E+00    0.1642683919E+00    0.0000000000E+00    0.0000000000E+00    0.0000000000E+00    0.0000000000E+00    0.0000000000E+00    0.0000000000E+00    0.7668760340E-14    0.7668760346E-14    0.9999999991E+00
    5    0.3875000000E+01    0.1161139353E+00    0.0000000000E+00    0.3990732301E+00    0.0000000000E+00    0.0000000000E+00    0.0000000000E+00    0.0000000000E+00    0.0000000000E+00    0.0000000000E+00    0.3143314834E-14    0.3143314836E-14    0.9999999995E+00
    6    0.3875000000E+01    0.1161139353E+00    0.8127975472E+00    0.2543825282E+00    0.1161139353E+00    0.8127975472E+00    0.2543825282E+00    0.0000000000E+00    0.0000000000E+00    0.0000000000E+00    0.4875786437E-14    0.4875786437E-14    0.9999999999E+00
    7    0.3875000000E+01   -0.6966836119E+00    0.0000000000E+00    0.2710187935E+00    0.0000000000E+00    0.0000000000E+00    0.0000000000E+00    0.0000000000E+00    0.0000000000E+00    0.0000000000E+00    0.8517770085E-13    0.8517770085E-13    0.1000000000E+01
    8    0.3875000000E+01    0.1161139353E+00    0.8127975472E+00    0.2543709770E+00    0.1161139353E+00    0.8127975472E+00    0.2543709770E+00    0.0000000000E+00    0.0000000000E+00    0.0000000000E+00    0.2266028883E-14    0.2266028884E-14    0.9999999999E+00
    1    0.4133333333E+01    0.1161139353E+00    0.0000000000E+00   -0.2035526807E+00    0.0000000000E+00    0.0000000000E+00    0.0000000000E+00    0.0000000000E+00    0.0000000000E+00    0.0000000000E+00    0.9055383317E-14    0.9055383317E-14    0.1000000000E+01
    2    0.4133333333E+01   -0.6966836119E+00    0.0000000000E+00    0.4841250433E+00    0.0000000000E+00    0.0000000000E+00    0.0000000000E+00    0.0000000000E+00    0.0000000000E+00    0.0000000000E+00    0.1351947763E-13    0.1351947763E-13    0.1000000000E+01
    3    0.4133333333E+01    0.1161139353E+00    0.0000000000E+00   -0.5687598664E+00    0.0000000000E+00    0.0000000000E+00    0.0000000000E+00    0.0000000000E+00    0.0000000000E+00    0.0000000000E+00    0.1909418274E-12    0.1909418274E-12    0.1000000000E+01
    4    0.4133333333E+01   -0.6966836119E+00    0.0000000000E+00    0.1215908494E+00    0.0000000000E+00    0.0000000000E+00    0.0000000000E+00    0.0000000000E+00    0.0000000000E+00    0.0000000000E+00    0.3490865278E-13    0.3490865278E-13    0.1000000000E+01
    5    0.4133333333E+01    0.1161139353E+00    0.8127975472E+00    0.1768028037E+00    0.1161139353E+00    0.8127975472E+00    0.1768028037E+00    0.0000000000E+00    0.0000000000E+00    0.0000000000E+00    0.1154264901E-14    0.1154264902E-14    0.9999999988E+00
    6    0.4133333333E+01    0.1161139353E+00    0.0000000000E+00    0.2677702221E+00    0.0000000000E+00    0.0000000000E+00    0.0000000000E+00    0.0000000000E+00    0.0000000000E+00    0.0000000000E+00    0.2390579621E-12    0.2390579621E-12    0.1000000000E+01
    7    0.4133333333E+01    0.1161139353E+00    0.8127975472E+00    0.1739873351E+00    0.1161139353E+00    0.8127975472E+00    0.1739873351E+00    0.0000000000E+00    0.0000000000E+00    0.0000000000E+00    0.2107009280E-14    0.2107009281E-14    0.9999999998E+00
    8    0.4133333333E+01   -0.6966836119E+00    0.0000000000E+00    0.1404583158E+00    0.0000000000E+00    0.0000000000E+00    0.0000000000E+00    0.0000000000E+00    0.0000000000E+00    0.0000000000E+00    0.4631836286E-12    0.4631836286E-12    0.1000000000E+01
    1    0.4391666667E+01    0.1161139353E+00    0.0000000000E+00    0.5344289620E+00    0.0000000000E+00    0.0000000000E+00    0.0000000000E+00    0.0000000000E+00    0.0000000000E+00    0.0000000000E+00    0.6164572044E-14    0.6164572056E-14    0.9999999981E+00
    2    0.4391666667E+01   -0.6966836119E+00    0.0000000000E+00    0.4443503047E+00    0.0000000000E+00    0.0000000000E+00    0.0000000000E+00    0.0000000000E+00    0.0000000000E+00    0.0000000000E+00    0.2199310874E-13    0.2199310875E-13    0.9999999995E+00
    3    0.4391666667E+01    0.1161139353E+00    0.8127975472E+00    0.4691197268E+00    0.1161139353E+00    0.8127975472E+00    0.4691197268E+00    0.0000000000E+00    0.0000000000E+00    0.0000000000E+00    0.1063114954E-12    0.1063114955E-12    0.9999999991E+00
    4    0.4391666667E+01   -0.6966836119E+00    0.8127975472E+00   -0.2352672593E+00   -0.6966836119E+00    0.8127975472E+00   -0.2352672593E+00    0.0000000000E+00    0.0000000000E+00    0.0000000000E+00    0.2775196086E-11    0.2775196086E-11    0.9999999999E+00
    5    0.4391666667E+01    0.1161139353E+00    0.0000000000E+00   -0.2343776435E+00    0.0000000000E+00    0.0000000000E+00    0.0000000000E+00    0.0000000000E+00    0.0000000000E+00    0.0000000000E+00    0.1572878877E-14    0.1572878913E-14    0.9999999771E+00
    6    0.4391666667E+01   -0.6966836119E+00    0.0000000000E+00    0.7462569842E-01    0.0000000000E+00    0.0000000000E+00    0.0000000000E+00    0.0000000000E+00    0.0000000000E+00    0.0000000000E+00    0.1770613535E-12    0.1770613536E-12    0.9999999995E+00
    7    0.4391666667E+01   -0.6966836119E+00    0.8127975472E+00    0.7958535422E-01   -0.6966836119E+00    0.8127975472E+00    0.7958535422E-01    0.0000000000E+00    0.0000000000E+00    0.0000000000E+00    0.2768064315E-11    0.2768064315E-11    0.1000000000E+01
    8    0.4391666667E+01    0.1161139353E+00    0.8127975472E+00    0.4783065990E+00    0.1161139353E+00    0.8127975472E+00    0.4783065990E+00    0.0000000000E+00    0.0000000000E+00    0.0000000000E+00    0.4877732410E-12    0.4877732410E-12    0.1000000000E+01
    9    0.4391666667E+01    0.1161139353E+00    0.8127975472E+00    0.9742398166E-01    0.1161139353E+00    0.8127975472E+00    0.9742398166E-01    0.0000000000E+00    0.0000000000E+00    0.0000000000E+00    0.2799854061E-12    0.2799854061E-12    0.1000000000E+01
   10    0.4391666667E+01   -0.6966836119E+00    0.8127975472E+00   -0.2260275523E+00   -0.6966836119E+00    0.8127975472E+00   -0.2260275523E+00    0.0000000000E+00    0.0000000000E+00    0.0000000000E+00    0.4861617636E-11    0.4861617636E-11    0.1000000000E+01
   11    0.4391666667E+01    0.1161139353E+00    0.8127975472E+00    0.9212261188E-01    0.1161139353E+00    0.8127975472E+00    0.9212261188E-01    0.0000000000E+00    0.0000000000E+00    0.0000000000E+00    0.3644353072E-12    0.3644353072E-12    0.1000000000E+01
   12    0.4391666667E+01   -0.6966836119E+00    0.8127975472E+00    0.9619466998E-01   -0.6966836119E+00    0.8127975472E+00    0.9619466998E-01    0.0000000000E+00    0.0000000000E+00    0.0000000000E+00    0.4969824893E-11    0.4969824893E-11    0.1000000000E+01
    1    0.4650000000E+01    0.1161139353E+00    0.0000000000E+00   -0.2649982997E+00    0.0000000000E+00    0.0000000000E+00    0.0000000000E+00    0.0000000000E+00    0.0000000000E+00    0.0000000000E+00    0.1954600996E-14    0.1954601070E-14    0.9999999623E+00
    2    0.4650000000E+01   -0.6966836119E+00    0.8127975472E+00   -0.3479820062E+00   -0.6966836119E+00    0.8127975472E+00   -0.3479820062E+00    0.0000000000E+00    0.0000000000E+00    0.0000000000E+00    0.1320876471E-13    0.1320876499E-13    0.9999999791E+00
    3    0.4650000000E+01    0.1161139353E+00    0.0000000000E+00    0.4744426531E+00    0.0000000000E+00    0.0000000000E+00    0.0000000000E+00    0.0000000000E+00    0.0000000000E+00    0.0000000000E+00    0.1912003910E-14    0.1912003927E-14    0.9999999908E+00
    4    0.4650000000E+01    0.1161139353E+00    0.8127975472E+00    0.3969509963E+00    0.1161139353E+00    0.8127975472E+00    0.3969509963E+00    0.0000000000E+00    0.0000000000E+00    0.0000000000E+00    0.2664918137E-15    0.2665150514E-15    0.9999128090E+00
    5    0.4650000000E+01   -0.6966836119E+00    0.0000000000E+00    0.4050949922E+00    0.0000000000E+00    0.0000000000E+00    0.0000000000E+00    0.0000000000E+00    0.0000000000E+00    0.0000000000E+00    0.1338219628E-15    0.1338220968E-15    0.9999989987E+00
    6    0.4650000000E+01   -0.6966836119E+00    0.8127975472E+00   -0.2921142767E-01   -0.6966836119E+00    0.8127975472E+00   -0.2921142767E-01    0.0000000000E+00    0.0000000000E+00    0.0000000000E+00    0.5495227534E-13    0.5495227607E-13    0.9999999867E+00
    7    0.4650000000E+01   -0.6966836119E+00    0.8127975472E+00   -0.3436292819E+00   -0.6966836119E+00    0.8127975472E+00   -0.3436292819E+00    0.0000000000E+00    0.0000000000E+00    0.0000000000E+00    0.1312739507E-13    0.1312739507E-13    0.1000000000E+01
    8    0.4650000000E+01    0.1161139353E+00    0.8127975472E+00    0.4040102253E+00    0.1161139353E+00    0.8127975472E+00    0.4040102253E+00    0.0000000000E+00    0.0000000000E+00    0.0000000000E+00    0.1753230407E-14    0.1753230407E-14    0.1000000000E+01
    9    0.4650000000E+01   -0.6966836119E+00    0.8127975472E+00   -0.1975481831E-01   -0.6966836119E+00    0.8127975472E+00   -0.1975481831E-01    0.0000000000E+00    0.0000000000E+00    0.0000000000E+00    0.9017914493E-13    0.9017914494E-13    0.9999999998E+00
    1    0.4908333333E+01    0.1161139353E+00    0.0000000000E+00   -0.2956193602E+00    0.0000000000E+00    0.0000000000E+00    0.0000000000E+00    0.0000000000E+00    0.0000000000E+00    0.0000000000E+00    0.1439009003E-14    0.1439009009E-14    0.9999999957E+00
    2    0.4908333333E+01   -0.6966836119E+00    0.8127975472E+00   -0.4269021180E+00   -0.6966836119E+00    0.8127975472E+00   -0.4269021180E+00    0.0000000000E+00    0.0000000000E+00    0.0000000000E+00    0.6333161750E-13    0.6333161750E-13    0.1000000000E+01
    3    0.4908333333E+01    0.1161139353E+00    0.0000000000E+00    0.3853137989E+00    0.0000000000E+00    0.0000000000E+00    0.0000000000E+00    0.0000000000E+00    0.0000000000E+00    0.0000000000E+00    0.1139951973E-14    0.1139952007E-14    0.9999999700E+00
    4    0.4908333333E+01   -0.6966836119E+00    0.0000000000E+00    0.3655106957E+00    0.0000000000E+00    0.0000000000E+00    0.0000000000E+00    0.0000000000E+00    0.0000000000E+00    0.0000000000E+00    0.1382204898E-15    0.1382205453E-15    0.9999995990E+00
    5    0.4908333333E+01   -0.6966836119E+00    0.8127975472E+00   -0.1026113316E+00   -0.6966836119E+00    0.8127975472E+00   -0.1026113316E+00    0.0000000000E+00    0.0000000000E+00    0.0000000000E+00    0.2088961973E-13    0.2088961975E-13    0.9999999990E+00
    6    0.4908333333E+01    0.1161139353E+00    0.8127975472E+00    0.3279125698E+00    0.1161139353E+00    0.8127975472E+00    0.3279125698E+00    0.0000000000E+00    0.0000000000E+00    0.0000000000E+00    0.2961964625E-17    0.2962003406E-17    0.9999869073E+00
    7    0.4908333333E+01   -0.6966836119E+00    0.8127975472E+00   -0.4217666903E+00   -0.6966836119E+00    0.8127975472E+00   -0.4217666903E+00    0.0000000000E+00    0.0000000000E+00    0.0000000000E+00    0.9713520710E-13    0.9713520768E-13    0.9999999941E+00
    8    0.4908333333E+01    0.1161139353E+00    0.8127975472E+00    0.3335299245E+00    0.1161139353E+00    0.8127975472E+00    0.3335299245E+00    0.0000000000E+00    0.0000000000E+00    0.0000000000E+00    0.1067197416E-14    0.1067197416E-14    0.9999999993E+00
    9    0.4908333333E+01   -0.6966836119E+00    0.8127975472E+00   -0.9424285466E-01   -0.6966836119E+00    0.8127975472E+00   -0.9424285466E-01    0.0000000000E+00    0.0000000000E+00    0.0000000000E+00    0.8095211851E-13    0.8095211930E-13    0.9999999902E+00
    1    0.5166666667E+01    0.1161139353E+00    0.0000000000E+00   -0.3262681766E+00    0.0000000000E+00    0.0000000000E+00    0.0000000000E+00    0.0000000000E+00    0.0000000000E+00    0.0000000000E+00    0.3068930615E-15    0.3068932021E-15    0.9999995421E+00
    2    0.5166666667E+01   -0.6966836119E+00    0.8127975472E+00   -0.5117753062E+00   -0.6966836119E+00    0.8127975472E+00   -0.5117753062E+00    0.0000000000E+00    0.0000000000E+00    0.0000000000E+00    0.1429212788E-11    0.1429212788E-11    0.1000000000E+01
    3    0.5166666667E+01   -0.6966836119E+00    0.0000000000E+00    0.3247433886E+00    0.0000000000E+00    0.0000000000E+00    0.0000000000E+00    0.0000000000E+00    0.0000000000E+00    0.0000000000E+00    0.2027720472E-14    0.2027720507E-14    0.9999999830E+00
    4    0.5166666667E+01    0.1161139353E+00    0.8127975472E+00    0.2495625560E+00    0.1161139353E+00    0.8127975472E+00    0.2495625560E+00    0.0000000000E+00    0.0000000000E+00    0.0000000000E+00    0.2750304215E-15    0.2750304229E-15    0.9999999953E+00
    5    0.5166666667E+01   -0.6966836119E+00    0.8127975472E+00   -0.1661680832E+00   -0.6966836119E+00    0.8127975472E+00   -0.1661680832E+00    0.0000000000E+00    0.0000000000E+00    0.0000000000E+00    0.4735473802E-14    0.4735473803E-14    0.1000000000E+01
    6    0.5166666667E+01   -0.6966836119E+00    0.8127975472E+00   -0.5021506770E+00   -0.6966836119E+00    0.8127975472E+00   -0.5021506770E+00    0.0000000000E+00    0.0000000000E+00    0.0000000000E+00    0.9236070826E-12    0.9236070826E-12    0.1000000000E+01
    7    0.5166666667E+01    0.1161139353E+00    0.8127975472E+00    0.2544789137E+00    0.1161139353E+00    0.8127975472E+00    0.2544789137E+00    0.0000000000E+00    0.0000000000E+00    0.0000000000E+00    0.1172340703E-14    0.1172340781E-14    0.9999999336E+00
    8    0.5166666667E+01   -0.6966836119E+00    0.8127975472E+00   -0.1586668162E+00   -0.6966836119E+00    0.8127975472E+00   -0.1586668162E+00    0.0000000000E+00    0.0000000000E+00    0.0000000000E+00    0.4136046567E-13    0.4136046568E-13    0.1000000000E+01
    1    0.5425000000E+01   -0.6966836119E+00    0.0000000000E+00    0.2816967945E+00    0.0000000000E+00    0.0000000000E+00    0.0000000000E+00    0.0000000000E+00    0.0000000000E+00    0.0000000000E+00    0.6283263761E-14    0.6283264258E-14    0.9999999209E+00
    2    0.5425000000E+01    0.1161139353E+00    0.0000000000E+00   -0.3571905562E+00    0.0000000000E+00    0.0000000000E+00    0.0000000000E+00    0.0000000000E+00    0.0000000000E+00    0.0000000000E+00    0.1496147848E-15    0.1496148025E-15    0.9999998814E+00
    3    0.5425000000E+01   -0.6966836119E+00    0.8127975472E+00   -0.2281124278E+00   -0.6966836119E+00    0.8127975472E+00   -0.2281124278E+00    0.0000000000E+00    0.0000000000E+00    0.0000000000E+00    0.4268573634E-14    0.4268577170E-14    0.9999991715E+00
    4    0.5425000000E+01    0.1161139353E+00    0.8127975472E+00    0.1063394690E+00    0.1161139353E+00    0.8127975472E+00    0.1063394690E+00    0.0000000000E+00    0.0000000000E+00    0.0000000000E+00    0.3238741906E-11    0.3238741969E-11    0.9999999806E+00
    5    0.5425000000E+01   -0.6966836119E+00    0.8127975472E+00   -0.2213732784E+00   -0.6966836119E+00    0.8127975472E+00   -0.2213732784E+00    0.0000000000E+00    0.0000000000E+00    0.0000000000E+00    0.1036957096E-14    0.1036957241E-14    0.9999998592E+00
    6    0.5425000000E+01    0.1161139353E+00    0.8127975472E+00    0.1251877016E+00    0.1161139353E+00    0.8127975472E+00    0.1251877016E+00    0.0000000000E+00    0.0000000000E+00    0.0000000000E+00    0.1129334592E-11    0.1129334592E-11    0.9999999999E+00
    1    0.5683333333E+01   -0.6966836119E+00    0.0000000000E+00    0.2346044236E+00    0.0000000000E+00    0.0000000000E+00    0.0000000000E+00    0.0000000000E+00    0.0000000000E+00    0.0000000000E+00    0.6985958035E-14    0.6985958035E-14    0.1000000000E+01
    2    0.5683333333E+01    0.1161139353E+00    0.0000000000E+00   -0.3883532247E+00    0.0000000000E+00    0.0000000000E+00    0.0000000000E+00    0.0000000000E+00    0.0000000000E+00    0.0000000000E+00    0.9534060920E-17    0.9534605277E-17    0.9999429072E+00
    3    0.5683333333E+01   -0.6966836119E+00    0.8127975472E+00   -0.2958269243E+00   -0.6966836119E+00    0.8127975472E+00   -0.2958269243E+00    0.0000000000E+00    0.0000000000E+00    0.0000000000E+00    0.2745476669E-13    0.2745476669E-13    0.1000000000E+01
    4    0.5683333333E+01   -0.6966836119E+00    0.8127975472E+00   -0.2896541552E+00   -0.6966836119E+00    0.8127975472E+00   -0.2896541552E+00    0.0000000000E+00    0.0000000000E+00    0.0000000000E+00    0.1155392424E-13    0.1155392426E-13    0.9999999981E+00
    1    0.5941666667E+01   -0.6966836119E+00    0.0000000000E+00    0.1797830039E+00    0.0000000000E+00    0.0000000000E+00    0.0000000000E+00    0.0000000000E+00    0.0000000000E+00    0.0000000000E+00    0.2394296747E-14    0.2394296751E-14    0.9999999986E+00
    2    0.5941666667E+01    0.1161139353E+00    0.0000000000E+00   -0.4197964674E+00    0.0000000000E+00    0.0000000000E+00    0.0000000000E+00    0.0000000000E+00    0.0000000000E+00    0.0000000000E+00    0.5840436805E-15    0.5840436857E-15    0.9999999911E+00
    3    0.5941666667E+01   -0.6966836119E+00    0.8127975472E+00   -0.3973522477E+00   -0.6966836119E+00    0.8127975472E+00   -0.3973522477E+00    0.0000000000E+00    0.0000000000E+00    0.0000000000E+00    0.2264618556E-13    0.2264618837E-13    0.9999998761E+00
    4    0.5941666667E+01   -0.6966836119E+00    0.8127975472E+00   -0.3897755589E+00   -0.6966836119E+00    0.8127975472E+00   -0.3897755589E+00    0.0000000000E+00    0.0000000000E+00    0.0000000000E+00    0.2622217347E-14    0.2622217354E-14    0.9999999975E+00
    1    0.6200000000E+01   -0.6966836119E+00    0.0000000000E+00    0.1050042103E+00    0.0000000000E+00    0.0000000000E+00    0.0000000000E+00    0.0000000000E+00    0.0000000000E+00    0.0000000000E+00    0.7838454396E-12    0.7838454396E-12    0.1000000000E+01
    2    0.6200000000E+01    0.1161139353E+00    0.0000000000E+00   -0.4515249194E+00    0.0000000000E+00    0.0000000000E+00    0.0000000000E+00    0.0000000000E+00    0.0000000000E+00    0.0000000000E+00    0.1941083239E-14    0.1941083239E-14    0.1000000000E+01
    1    0.6458333333E+01    0.1161139353E+00    0.0000000000E+00   -0.4835181775E+00    0.0000000000E+00    0.0000000000E+00    0.0000000000E+00    0.0000000000E+00    0.0000000000E+00    0.0000000000E+00    0.2944017663E-14    0.2944017664E-14    0.9999999997E+00
    2    0.6458333333E+01   -0.6966836119E+00    0.0000000000E+00   -0.1383217403E-01    0.0000000000E+00    0.0000000000E+00    0.0000000000E+00    0.0000000000E+00    0.0000000000E+00    0.0000000000E+00    0.1513278713E-10    0.1513278713E-10    0.1000000000E+01
    1    0.6716666667E+01    0.1161139353E+00    0.0000000000E+00   -0.5157352026E+00    0.0000000000E+00    0.0000000000E+00    0.0000000000E+00    0.0000000000E+00    0.0000000000E+00    0.0000000000E+00    0.2260595749E-14    0.2260595749E-14    0.1000000000E+01
    2    0.6716666667E+01   -0.6966836119E+00    0.0000000000E+00   -0.8352712620E-01    0.0000000000E+00    0.0000000000E+00    0.0000000000E+00    0.0000000000E+00    0.0000000000E+00    0.0000000000E+00    0.2444369099E-12    0.2444369099E-12    0.1000000000E+01
    1    0.6975000000E+01   -0.6966836119E+00    0.0000000000E+00   -0.1247673305E+00    0.0000000000E+00    0.0000000000E+00    0.0000000000E+00    0.0000000000E+00    0.0000000000E+00    0.0000000000E+00    0.4583426454E-13    0.4583426454E-13    0.1000000000E+01
    2    0.6975000000E+01    0.1161139353E+00    0.0000000000E+00   -0.5481221629E+00    0.0000000000E+00    0.0000000000E+00    0.0000000000E+00    0.0000000000E+00    0.0000000000E+00    0.0000000000E+00    0.3977403403E-15    0.3977403403E-15    0.1000000000E+01
    1    0.7233333333E+01   -0.6966836119E+00    0.0000000000E+00   -0.1615714135E+00    0.0000000000E+00    0.0000000000E+00    0.0000000000E+00    0.0000000000E+00    0.0000000000E+00    0.0000000000E+00    0.5202353969E-14    0.5202353969E-14    0.1000000000E+01
    2    0.7233333333E+01    0.1161139353E+00    0.0000000000E+00    0.5688858674E+00    0.0000000000E+00    0.0000000000E+00    0.0000000000E+00    0.0000000000E+00    0.0000000000E+00    0.0000000000E+00    0.3197855251E-14    0.3197855251E-14    0.1000000000E+01
    1    0.7491666667E+01   -0.6966836119E+00    0.0000000000E+00   -0.1969420345E+00    0.0000000000E+00    0.0000000000E+00    0.0000000000E+00    0.0000000000E+00    0.0000000000E+00    0.0000000000E+00    0.9135024309E-16    0.9135024309E-16    0.1000000000E+01
    2    0.7491666667E+01    0.1161139353E+00    0.0000000000E+00    0.5363191699E+00    0.0000000000E+00    0.0000000000E+00    0.0000000000E+00    0.0000000000E+00    0.0000000000E+00    0.0000000000E+00    0.1493420633E-14    0.1493420633E-14    0.1000000000E+01
    1    0.7750000000E+01   -0.6966836119E+00    0.0000000000E+00   -0.2321001858E+00    0.0000000000E+00    0.0000000000E+00    0.0000000000E+00    0.0000000000E+00    0.0000000000E+00    0.0000000000E+00    0.2570892443E-14    0.2570892443E-14    0.1000000000E+01
    2    0.7750000000E+01    0.1161139353E+00    0.0000000000E+00    0.5037545127E+00    0.0000000000E+00    0.0000000000E+00    0.0000000000E+00    0.0000000000E+00    0.0000000000E+00    0.0000000000E+00    0.5065174472E-14    0.5065174472E-14    0.1000000000E+01
    1    0.8008333333E+01   -0.6966836119E+00    0.0000000000E+00   -0.2677928946E+00    0.0000000000E+00    0.0000000000E+00    0.0000000000E+00    0.0000000000E+00    0.0000000000E+00    0.0000000000E+00    0.3663151100E-14    0.3663151100E-14    0.1000000000E+01
    2    0.8008333333E+01    0.1161139353E+00    0.0000000000E+00    0.4711860888E+00    0.0000000000E+00    0.0000000000E+00    0.0000000000E+00    0.0000000000E+00    0.0000000000E+00    0.0000000000E+00    0.6700751929E-14    0.6700751929E-14    0.1000000000E+01
    1    0.8266666667E+01   -0.6966836119E+00    0.0000000000E+00   -0.3046416807E+00    0.0000000000E+00    0.0000000000E+00    0.0000000000E+00    0.0000000000E+00    0.0000000000E+00    0.0000000000E+00    0.2248006742E-14    0.2248006742E-14    0.1000000000E+01
    2    0.8266666667E+01    0.1161139353E+00    0.0000000000E+00    0.4385979124E+00    0.0000000000E+00    0.0000000000E+00    0.0000000000E+00    0.0000000000E+00    0.0000000000E+00    0.0000000000E+00    0.4587745912E-14    0.4587745912E-14    0.1000000000E+01
    1    0.8525000000E+01    0.1161139353E+00    0.0000000000E+00    0.4059473948E+00    0.0000000000E+00    0.0000000000E+00    0.0000000000E+00    0.0000000000E+00    0.0000000000E+00    0.0000000000E+00    0.1041736137E-14    0.1041736137E-14    0.1000000000E+01
    2    0.8525000000E+01   -0.6966836119E+00    0.0000000000E+00   -0.3433076916E+00    0.0000000000E+00    0.0000000000E+00    0.0000000000E+00    0.0000000000E+00    0.0000000000E+00    0.0000000000E+00    0.4983027249E-15    0.4983027249E-15    0.1000000000E+01
    3    0.8525000000E+01    0.1161139353E+00    0.8127975472E+00   -0.1050642036E+00    0.1161139353E+00    0.8127975472E+00   -0.1050642036E+00    0.0000000000E+00    0.0000000000E+00    0.0000000000E+00    0.9398503127E-12    0.9398503127E-12    0.1000000000E+01
    4    0.8525000000E+01    0.1161139353E+00    0.8127975472E+00   -0.1028496952E+00    0.1161139353E+00    0.8127975472E+00   -0.1028496952E+00    0.0000000000E+00    0.0000000000E+00    0.0000000000E+00    0.1624441311E-11    0.1624441311E-11    0.1000000000E+01
    1    0.8783333333E+01    0.1161139353E+00    0.0000000000E+00    0.3731676145E+00    0.0000000000E+00    0.0000000000E+00    0.0000000000E+00    0.0000000000E+00    0.0000000000E+00    0.0000000000E+00    0.2180531488E-15    0.2180531488E-15    0.1000000000E+01
    2    0.8783333333E+01   -0.6966836119E+00    0.0000000000E+00   -0.3846409673E+00    0.0000000000E+00    0.0000000000E+00    0.0000000000E+00    0.0000000000E+00    0.0000000000E+00    0.0000000000E+00    0.3476367217E-18    0.3476367342E-18    0.9999999640E+00
    3    0.8783333333E+01    0.1161139353E+00    0.8127975472E+00   -0.1775375379E+00    0.1161139353E+00    0.8127975472E+00   -0.1775375379E+00    0.0000000000E+00    0.0000000000E+00    0.0000000000E+00    0.2330184189E-14    0.2330184189E-14    0.1000000000E+01
    4    0.8783333333E+01    0.1161139353E+00    0.8127975472E+00   -0.1735889733E+00    0.1161139353E+00    0.8127975472E+00   -0.1735889733E+00    0.0000000000E+00    0.0000000000E+00    0.0000000000E+00    0.2537825579E-13    0.2537825579E-13    0.1000000000E+01
    1    0.9041666667E+01    0.1161139353E+00    0.0000000000E+00    0.3401707320E+00    0.0000000000E+00    0.0000000000E+00    0.0000000000E+00    0.0000000000E+00    0.0000000000E+00    0.0000000000E+00    0.3593317401E-14    0.3593317401E-14    0.1000000000E+01
    2    0.9041666667E+01   -0.6966836119E+00    0.0000000000E+00   -0.4299197355E+00    0.0000000000E+00    0.0000000000E+00    0.0000000000E+00    0.0000000000E+00    0.0000000000E+00    0.0000000000E+00    0.7055267355E-16    0.7055267355E-16    0.1000000000E+01
    3    0.9041666667E+01    0.1161139353E+00    0.8127975472E+00   -0.2339542301E+00    0.1161139353E+00    0.8127975472E+00   -0.2339542301E+00    0.0000000000E+00    0.0000000000E+00    0.0000000000E+00    0.3569007385E-15    0.3569007385E-15    0.1000000000E+01
    4    0.9041666667E+01    0.1161139353E+00    0.8127975472E+00   -0.2293306900E+00    0.1161139353E+00    0.8127975472E+00   -0.2293306900E+00    0.0000000000E+00    0.0000000000E+00    0.0000000000E+00    0.5463016629E-13    0.5463016629E-13    0.1000000000E+01
    1    0.9300000000E+01    0.1161139353E+00    0.0000000000E+00    0.3068509148E+00    0.0000000000E+00    0.0000000000E+00    0.0000000000E+00    0.0000000000E+00    0.0000000000E+00    0.0000000000E+00    0.8036644313E-14    0.8036644491E-14    0.9999999778E+00
    2    0.9300000000E+01   -0.6966836119E+00    0.0000000000E+00   -0.4814066620E+00    0.0000000000E+00    0.0000000000E+00    0.0000000000E+00    0.0000000000E+00    0.0000000000E+00    0.0000000000E+00    0.4263925068E-15    0.4263925071E-15    0.9999999993E+00
    3    0.9300000000E+01    0.1161139353E+00    0.8127975472E+00   -0.2852861832E+00    0.1161139353E+00    0.8127975472E+00   -0.2852861832E+00    0.0000000000E+00    0.0000000000E+00    0.0000000000E+00    0.4926953269E-14    0.4926953280E-14    0.9999999979E+00
    4    0.9300000000E+01    0.1161139353E+00    0.8127975472E+00   -0.2804975537E+00    0.1161139353E+00    0.8127975472E+00   -0.2804975537E+00    0.0000000000E+00    0.0000000000E+00    0.0000000000E+00    0.1333131612E-12    0.1333131612E-12    0.1000000000E+01
    1    0.9558333333E+01    0.1161139353E+00    0.0000000000E+00    0.2730859241E+00    0.0000000000E+00    0.0000000000E+00    0.0000000000E+00    0.0000000000E+00    0.0000000000E+00    0.0000000000E+00    0.8790201709E-14    0.8790201709E-14    0.1000000000E+01
    2    0.9558333333E+01   -0.6966836119E+00    0.0000000000E+00   -0.5441922996E+00    0.0000000000E+00    0.0000000000E+00    0.0000000000E+00    0.0000000000E+00    0.0000000000E+00    0.0000000000E+00    0.2146540983E-13    0.2146540983E-13    0.1000000000E+01
    3    0.9558333333E+01    0.1161139353E+00    0.8127975472E+00   -0.3354847257E+00    0.1161139353E+00    0.8127975472E+00   -0.3354847257E+00    0.0000000000E+00    0.0000000000E+00    0.0000000000E+00    0.1335097020E-13    0.1335097020E-13    0.1000000000E+01
    4    0.9558333333E+01    0.1161139353E+00    0.8127975472E+00   -0.3309329470E+00    0.1161139353E+00    0.8127975472E+00   -0.3309329470E+00    0.0000000000E+00    0.0000000000E+00    0.0000000000E+00    0.8776943325E-13    0.8776943325E-13    0.1000000000E+01
    1    0.9816666667E+01   -0.6966836119E+00    0.0000000000E+00   -0.2547354875E+00    0.0000000000E+00    0.0000000000E+00    0.0000000000E+00    0.0000000000E+00    0.0000000000E+00    0.0000000000E+00    0.2163198432E-11    0.2163198432E-11    0.1000000000E+01
    2    0.9816666667E+01    0.1161139353E+00    0.0000000000E+00    0.2387369228E+00    0.0000000000E+00    0.0000000000E+00    0.0000000000E+00    0.0000000000E+00    0.0000000000E+00    0.0000000000E+00    0.4726133632E-14    0.4726133632E-14    0.9999999999E+00
    3    0.9816666667E+01   -0.6966836119E+00    0.0000000000E+00    0.5127480799E+00    0.0000000000E+00    0.0000000000E+00    0.0000000000E+00    0.0000000000E+00    0.0000000000E+00    0.0000000000E+00    0.2065889383E-11    0.2065889383E-11    0.1000000000E+01
    4    0.9816666667E+01   -0.6966836119E+00    0.8127975472E+00    0.3218436756E+00   -0.6966836119E+00    0.8127975472E+00    0.3218436756E+00    0.0000000000E+00    0.0000000000E+00    0.0000000000E+00    0.1795134497E-13    0.1795134498E-13    0.9999999999E+00
    5    0.9816666667E+01    0.1161139353E+00    0.8127975472E+00   -0.3875302448E+00    0.1161139353E+00    0.8127975472E+00   -0.3875302448E+00    0.0000000000E+00    0.0000000000E+00    0.0000000000E+00    0.4870898441E-15    0.4870898448E-15    0.9999999986E+00
    6    0.9816666667E+01   -0.6966836119E+00    0.8127975472E+00    0.3256604227E+00   -0.6966836119E+00    0.8127975472E+00    0.3256604227E+00    0.0000000000E+00    0.0000000000E+00    0.0000000000E+00    0.5774005803E-12    0.5774005803E-12    0.1000000000E+01
    7    0.9816666667E+01    0.1161139353E+00    0.8127975472E+00   -0.3836462122E+00    0.1161139353E+00    0.8127975472E+00   -0.3836462122E+00    0.0000000000E+00    0.0000000000E+00    0.0000000000E+00    0.1604101450E-16    0.1604101452E-16    0.9999999990E+00
    1    0.1007500000E+02    0.1161139353E+00    0.0000000000E+00    0.2036462014E+00    0.0000000000E+00    0.0000000000E+00    0.0000000000E+00    0.0000000000E+00    0.0000000000E+00    0.0000000000E+00    0.3896622342E-15    0.3896622345E-15    0.9999999992E+00
    2    0.1007500000E+02   -0.6966836119E+00    0.8127975472E+00    0.2268691379E+00   -0.6966836119E+00    0.8127975472E+00    0.2268691379E+00    0.0000000000E+00    0.0000000000E+00    0.0000000000E+00    0.2393692927E-13    0.2393692927E-13    0.9999999999E+00
    3    0.1007500000E+02    0.1161139353E+00    0.8127975472E+00   -0.4462147472E+00    0.1161139353E+00    0.8127975472E+00   -0.4462147472E+00    0.0000000000E+00    0.0000000000E+00    0.0000000000E+00    0.3515369413E-12    0.3515369413E-12    0.1000000000E+01
    4    0.1007500000E+02   -0.6966836119E+00    0.8127975472E+00    0.2285705143E+00   -0.6966836119E+00    0.8127975472E+00    0.2285705143E+00    0.0000000000E+00    0.0000000000E+00    0.0000000000E+00    0.2540447149E-12    0.2540447149E-12    0.1000000000E+01
    5    0.1007500000E+02    0.1161139353E+00    0.8127975472E+00   -0.4436549684E+00    0.1161139353E+00    0.8127975472E+00   -0.4436549684E+00    0.0000000000E+00    0.0000000000E+00    0.0000000000E+00    0.5281073078E-12    0.5281073078E-12    0.1000000000E+01
    1    0.1033333333E+02    0.1161139353E+00    0.8127975472E+00   -0.5373859281E+00    0.1161139353E+00    0.8127975472E+00   -0.5373859281E+00    0.0000000000E+00    0.0000000000E+00    0.0000000000E+00    0.2351339511E-10    0.2351339511E-10    0.1000000000E+01
    2    0.1033333333E+02    0.1161139353E+00    0.0000000000E+00    0.1676323972E+00    0.0000000000E+00    0.0000000000E+00    0.0000000000E+00    0.0000000000E+00    0.0000000000E+00    0.0000000000E+00    0.1519750161E-14    0.1519750162E-14    0.9999999989E+00
    3    0.1033333333E+02   -0.6966836119E+00    0.8127975472E+00    0.1228043098E+00   -0.6966836119E+00    0.8127975472E+00    0.1228043098E+00    0.0000000000E+00    0.0000000000E+00    0.0000000000E+00    0.2013031113E-11    0.2013031114E-11    0.1000000000E+01
    4    0.1033333333E+02   -0.6966836119E+00    0.8127975472E+00    0.1222141034E+00   -0.6966836119E+00    0.8127975472E+00    0.1222141034E+00    0.0000000000E+00    0.0000000000E+00    0.0000000000E+00    0.3578685016E-11    0.3578685016E-11    0.1000000000E+01
    5    0.1033333333E+02    0.1161139353E+00    0.8127975472E+00   -0.5396342456E+00    0.1161139353E+00    0.8127975472E+00   -0.5396342456E+00    0.0000000000E+00    0.0000000000E+00    0.0000000000E+00    0.3168709080E-10    0.3168709080E-10    0.1000000000E+01
    1    0.1059166667E+02    0.1161139353E+00    0.0000000000E+00    0.1304822781E+00    0.0000000000E+00    0.0000000000E+00    0.0000000000E+00    0.0000000000E+00    0.0000000000E+00    0.0000000000E+00    0.7276866280E-14    0.7276866280E-14    0.1000000000E+01
    1    0.1085000000E+02    0.1161139353E+00    0.0000000000E+00    0.9193661228E-01    0.0000000000E+00    0.0000000000E+00    0.0000000000E+00    0.0000000000E+00    0.0000000000E+00    0.0000000000E+00    0.8441851824E-14    0.8441851824E-14    0.1000000000E+01
    1    0.1110833333E+02   -0.6966836119E+00    0.0000000000E+00   -0.1393135033E+00    0.0000000000E+00    0.0000000000E+00    0.0000000000E+00    0.0000000000E+00    0.0000000000E+00    0.0000000000E+00    0.5437458118E-12    0.5437458118E-12    0.1000000000E+01
    2    0.1110833333E+02    0.1161139353E+00    0.0000000000E+00    0.5165861555E-01    0.0000000000E+00    0.0000000000E+00    0.0000000000E+00    0.0000000000E+00    0.0000000000E+00    0.0000000000E+00    0.4998789215E-15    0.4998789264E-15    0.9999999902E+00
    3    0.1110833333E+02   -0.6966836119E+00    0.8127975472E+00    0.4483958212E+00   -0.6966836119E+00    0.8127975472E+00    0.4483958212E+00    0.0000000000E+00    0.0000000000E+00    0.0000000000E+00    0.6449014449E-12    0.6449014449E-12    0.1000000000E+01
    4    0.1110833333E+02   -0.6966836119E+00    0.8127975472E+00    0.4454840028E+00   -0.6966836119E+00    0.8127975472E+00    0.4454840028E+00    0.0000000000E+00    0.0000000000E+00    0.0000000000E+00    0.9143070695E-12    0.9143070695E-12    0.1000000000E+01
    1    0.1136666667E+02   -0.6966836119E+00    0.0000000000E+00   -0.2395272244E+00    0.0000000000E+00    0.0000000000E+00    0.0000000000E+00    0.0000000000E+00    0.0000000000E+00    0.0000000000E+00    0.9870552228E-15    0.9870552232E-15    0.9999999997E+00
    2    0.1136666667E+02    0.1161139353E+00    0.0000000000E+00    0.8815191224E-02    0.0000000000E+00    0.0000000000E+00    0.0000000000E+00    0.0000000000E+00    0.0000000000E+00    0.0000000000E+00    0.2634580520E-12    0.2634580520E-12    0.1000000000E+01
    3    0.1136666667E+02   -0.6966836119E+00    0.8127975472E+00    0.3796111329E+00   -0.6966836119E+00    0.8127975472E+00    0.3796111329E+00    0.0000000000E+00    0.0000000000E+00    0.0000000000E+00    0.4984887285E-15    0.4984887289E-15    0.9999999993E+00
    4    0.1136666667E+02   -0.6966836119E+00    0.8127975472E+00    0.3766398187E+00   -0.6966836119E+00    0.8127975472E+00    0.3766398187E+00    0.0000000000E+00    0.0000000000E+00    0.0000000000E+00    0.5343256861E-14    0.5343256861E-14    0.1000000000E+01
    1    0.1162500000E+02   -0.6966836119E+00    0.0000000000E+00   -0.3207854196E+00    0.0000000000E+00    0.0000000000E+00    0.0000000000E+00    0.0000000000E+00    0.0000000000E+00    0.0000000000E+00    0.1206426296E-13    0.1206426296E-13    0.1000000000E+01
    2    0.1162500000E+02    0.1161139353E+00    0.0000000000E+00   -0.3542035463E-01    0.0000000000E+00    0.0000000000E+00    0.0000000000E+00    0.0000000000E+00    0.0000000000E+00    0.0000000000E+00    0.2870944983E-14    0.2870945118E-14    0.9999999528E+00
    3    0.1162500000E+02   -0.6966836119E+00    0.8127975472E+00    0.3159349423E+00   -0.6966836119E+00    0.8127975472E+00    0.3159349423E+00    0.0000000000E+00    0.0000000000E+00    0.0000000000E+00    0.2375765765E-13    0.2375765846E-13    0.9999999659E+00
    4    0.1162500000E+02   -0.6966836119E+00    0.8127975472E+00    0.3127613055E+00   -0.6966836119E+00    0.8127975472E+00    0.3127613055E+00    0.0000000000E+00    0.0000000000E+00    0.0000000000E+00    0.3150912745E-12    0.3150912745E-12    0.1000000000E+01
    1    0.1188333333E+02   -0.6966836119E+00    0.0000000000E+00   -0.3940291549E+00    0.0000000000E+00    0.0000000000E+00    0.0000000000E+00    0.0000000000E+00    0.0000000000E+00    0.0000000000E+00    0.7960647883E-15    0.7960648182E-15    0.9999999624E+00
    2    0.1188333333E+02    0.1161139353E+00    0.0000000000E+00   -0.8394709912E-01    0.0000000000E+00    0.0000000000E+00    0.0000000000E+00    0.0000000000E+00    0.0000000000E+00    0.0000000000E+00    0.1407050376E-13    0.1407050376E-13    0.9999999999E+00
    3    0.1188333333E+02    0.1161139353E+00    0.8127975472E+00    0.4483184392E+00    0.1161139353E+00    0.8127975472E+00    0.4483184392E+00    0.0000000000E+00    0.0000000000E+00    0.0000000000E+00    0.2185212490E-11    0.2185212490E-11    0.1000000000E+01
    4    0.1188333333E+02   -0.6966836119E+00    0.8127975472E+00    0.2498655884E+00   -0.6966836119E+00    0.8127975472E+00    0.2498655884E+00    0.0000000000E+00    0.0000000000E+00    0.0000000000E+00    0.5364171238E-15    0.5364210111E-15    0.9999927532E+00
    5    0.1188333333E+02    0.1161139353E+00    0.8127975472E+00    0.4375696026E+00    0.1161139353E+00    0.8127975472E+00    0.4375696026E+00    0.0000000000E+00    0.0000000000E+00    0.0000000000E+00    0.3275706507E-11    0.3275706507E-11    0.1000000000E+01
    6    0.1188333333E+02   -0.6966836119E+00    0.8127975472E+00    0.2464347905E+00   -0.6966836119E+00    0.8127975472E+00    0.2464347905E+00    0.0000000000E+00    0.0000000000E+00    0.0000000000E+00    0.3049843563E-12    0.3049843563E-12    0.1000000000E+01
    1    0.1214166667E+02   -0.6966836119E+00    0.0000000000E+00   -0.4632891069E+00    0.0000000000E+00    0.0000000000E+00    0.0000000000E+00    0.0000000000E+00    0.0000000000E+00    0.0000000000E+00    0.1798180434E-13    0.1798180434E-13    0.1000000000E+01
    2    0.1214166667E+02    0.1161139353E+00    0.0000000000E+00   -0.1369970159E+00    0.0000000000E+00    0.0000000000E+00    0.0000000000E+00    0.0000000000E+00    0.0000000000E+00    0.0000000000E+00    0.1801964633E-13    0.1801964633E-13    0.1000000000E+01
    3    0.1214166667E+02    0.1161139353E+00    0.8127975472E+00    0.2896391658E+00    0.1161139353E+00    0.8127975472E+00    0.2896391658E+00    0.0000000000E+00    0.0000000000E+00    0.0000000000E+00    0.4470056169E-13    0.4470056169E-13    0.1000000000E+01
    4    0.1214166667E+02   -0.6966836119E+00    0.8127975472E+00    0.1732991476E+00   -0.6966836119E+00    0.8127975472E+00    0.1732991476E+00    0.0000000000E+00    0.0000000000E+00    0.0000000000E+00    0.2131309252E-13    0.2131309252E-13    0.9999999999E+00
    5    0.1214166667E+02   -0.6966836119E+00    0.8127975472E+00    0.1694447268E+00   -0.6966836119E+00    0.8127975472E+00    0.1694447268E+00    0.0000000000E+00    0.0000000000E+00    0.0000000000E+00    0.1693688125E-12    0.1693688125E-12    0.1000000000E+01
    6    0.1214166667E+02    0.1161139353E+00    0.8127975472E+00    0.2637244401E+00    0.1161139353E+00    0.8127975472E+00    0.2637244401E+00    0.0000000000E+00    0.0000000000E+00    0.0000000000E+00    0.5377563623E-11    0.5377563623E-11    0.1000000000E+01
    1    0.1240000000E+02   -0.6966836119E+00    0.0000000000E+00   -0.5318333633E+00    0.0000000000E+00    0.0000000000E+00    0.0000000000E+00    0.0000000000E+00    0.0000000000E+00    0.0000000000E+00    0.5848866003E-14    0.5848866003E-14    0.1000000000E+01
    2    0.1240000000E+02    0.1161139353E+00    0.0000000000E+00   -0.1963993708E+00    0.0000000000E+00    0.0000000000E+00    0.0000000000E+00    0.0000000000E+00    0.0000000000E+00    0.0000000000E+00    0.2744332161E-15    0.2744332163E-15    0.9999999992E+00
    3    0.1240000000E+02   -0.6966836119E+00    0.8127975472E+00    0.4046762554E-01   -0.6966836119E+00    0.8127975472E+00    0.4046762554E-01    0.0000000000E+00    0.0000000000E+00    0.0000000000E+00    0.1094814369E-09    0.1094814369E-09    0.1000000000E+01
    4    0.1240000000E+02   -0.6966836119E+00    0.8127975472E+00    0.2952013561E-01   -0.6966836119E+00    0.8127975472E+00    0.2952013561E-01    0.0000000000E+00    0.0000000000E+00    0.0000000000E+00    0.2259992261E-09    0.2259992261E-09    0.1000000000E+01
    1    0.1265833333E+02   -0.6966836119E+00    0.0000000000E+00    0.5464303905E+00    0.0000000000E+00    0.0000000000E+00    0.0000000000E+00    0.0000000000E+00    0.0000000000E+00    0.0000000000E+00    0.2146131113E-13    0.2146131113E-13    0.1000000000E+01
    2    0.1265833333E+02    0.1161139353E+00    0.0000000000E+00   -0.2648099085E+00    0.0000000000E+00    0.0000000000E+00    0.0000000000E+00    0.0000000000E+00    0.0000000000E+00    0.0000000000E+00    0.5106837711E-13    0.5106837711E-13    0.1000000000E+01
    1    0.1291666667E+02   -0.6966836119E+00    0.0000000000E+00    0.4672643119E+00    0.0000000000E+00    0.0000000000E+00    0.0000000000E+00    0.0000000000E+00    0.0000000000E+00    0.0000000000E+00    0.5973402278E-15    0.5973402298E-15    0.9999999968E+00
    2    0.1291666667E+02    0.1161139353E+00    0.0000000000E+00   -0.3449490857E+00    0.0000000000E+00    0.0000000000E+00    0.0000000000E+00    0.0000000000E+00    0.0000000000E+00    0.0000000000E+00    0.2021459624E-13    0.2021459624E-13    0.1000000000E+01
    1    0.1317500000E+02   -0.6966836119E+00    0.0000000000E+00    0.3692631647E+00    0.0000000000E+00    0.0000000000E+00    0.0000000000E+00    0.0000000000E+00    0.0000000000E+00    0.0000000000E+00    0.2268393374E-14    0.2268393374E-14    0.1000000000E+01
    2    0.1317500000E+02    0.1161139353E+00    0.0000000000E+00   -0.4351534615E+00    0.0000000000E+00    0.0000000000E+00    0.0000000000E+00    0.0000000000E+00    0.0000000000E+00    0.0000000000E+00    0.1278971306E-13    0.1278971306E-13    0.1000000000E+01
    1    0.1343333333E+02   -0.6966836119E+00    0.0000000000E+00    0.1932374620E+00    0.0000000000E+00    0.0000000000E+00    0.0000000000E+00    0.0000000000E+00    0.0000000000E+00    0.0000000000E+00    0.7735190155E-14    0.7735190155E-14    0.1000000000E+01
    2    0.1343333333E+02    0.1161139353E+00    0.0000000000E+00   -0.5272146051E+00    0.0000000000E+00    0.0000000000E+00    0.0000000000E+00    0.0000000000E+00    0.0000000000E+00    0.0000000000E+00    0.2971812307E-13    0.2971812307E-13    0.1000000000E+01
    3    0.1343333333E+02   -0.6966836119E+00    0.8127975472E+00   -0.3907290572E+00   -0.6966836119E+00    0.8127975472E+00   -0.3907290572E+00    0.0000000000E+00    0.0000000000E+00    0.0000000000E+00    0.3468404414E-12    0.3468404414E-12    0.1000000000E+01
    4    0.1343333333E+02   -0.6966836119E+00    0.8127975472E+00   -0.4130105247E+00   -0.6966836119E+00    0.8127975472E+00   -0.4130105247E+00   -0.2131702978E+00   -0.7009333599E+00   -0.3535847560E+00    0.6923892812E-11    0.6923892812E-11    0.1000000000E+01
    5    0.1343333333E+02    0.1161139353E+00    0.0000000000E+00   -0.3379227983E+00    0.0000000000E+00    0.0000000000E+00    0.0000000000E+00    0.0000000000E+00    0.0000000000E+00    0.0000000000E+00    0.1662832933E-11    0.1662832933E-11    0.1000000000E+01
    6    0.1343333333E+02   -0.6966836119E+00    0.0000000000E+00   -0.7124589023E-01    0.0000000000E+00    0.0000000000E+00    0.0000000000E+00    0.0000000000E+00    0.0000000000E+00    0.0000000000E+00    0.2007537810E-09    0.2007537810E-09    0.1000000000E+01
    1    0.1369166667E+02    0.1161139353E+00    0.0000000000E+00    0.5336329236E+00    0.0000000000E+00    0.0000000000E+00    0.0000000000E+00    0.0000000000E+00    0.0000000000E+00    0.0000000000E+00    0.1489473953E-12    0.1489473953E-12    0.1000000000E+01
    2    0.1369166667E+02    0.1161139353E+00    0.8127975472E+00   -0.3974588659E-01    0.1161139353E+00    0.8127975472E+00   -0.3974588659E-01    0.0000000000E+00    0.0000000000E+00    0.0000000000E+00    0.1222425932E-07    0.1222425932E-07    0.1000000000E+01
    3    0.1369166667E+02    0.1161139353E+00    0.0000000000E+00   -0.2527320668E+00    0.0000000000E+00    0.0000000000E+00    0.0000000000E+00    0.0000000000E+00    0.0000000000E+00    0.0000000000E+00    0.1869144375E-11    0.1869144375E-11    0.1000000000E+01
    4    0.1369166667E+02   -0.6966836119E+00    0.8127975472E+00   -0.2680077769E+00   -0.6966836119E+00    0.8127975472E+00   -0.2680077769E+00    0.0000000000E+00    0.0000000000E+00    0.0000000000E+00    0.2564705059E-11    0.2564705059E-11    0.1000000000E+01
    5    0.1369166667E+02    0.1161139353E+00    0.0000000000E+00   -0.5091792754E+00    0.0000000000E+00    0.0000000000E+00    0.0000000000E+00    0.0000000000E+00    0.0000000000E+00    0.0000000000E+00    0.8092884418E-12    0.8092884418E-12    0.1000000000E+01
    6    0.1369166667E+02   -0.6966836119E+00    0.8127975472E+00   -0.2851170559E+00   -0.6966836119E+00    0.8127975472E+00   -0.2851170559E+00    0.0000000000E+00    0.0000000000E+00    0.0000000000E+00    0.6677238056E-11    0.6677238056E-11    0.1000000000E+01
    7    0.1369166667E+02   -0.6966836119E+00    0.0000000000E+00   -0.2900060509E+00    0.0000000000E+00    0.0000000000E+00    0.0000000000E+00    0.0000000000E+00    0.0000000000E+00    0.0000000000E+00    0.2271079157E-11    0.2271079157E-11    0.1000000000E+01
    1    0.1395000000E+02    0.1161139353E+00    0.0000000000E+00    0.4456391560E+00    0.0000000000E+00    0.0000000000E+00    0.0000000000E+00    0.0000000000E+00    0.0000000000E+00    0.0000000000E+00    0.3837508155E-12    0.3837508155E-12    0.1000000000E+01
    2    0.1395000000E+02    0.1161139353E+00    0.8127975472E+00   -0.1171767308E+00    0.1161139353E+00    0.8127975472E+00   -0.1171767308E+00    0.0000000000E+00    0.0000000000E+00    0.0000000000E+00    0.5762675088E-10    0.5762675088E-10    0.1000000000E+01
    3    0.1395000000E+02    0.1161139353E+00    0.0000000000E+00   -0.4160584041E+00    0.0000000000E+00    0.0000000000E+00    0.0000000000E+00    0.0000000000E+00    0.0000000000E+00    0.0000000000E+00    0.4261965354E-12    0.4261965354E-12    0.1000000000E+01
    4    0.1395000000E+02    0.1161139353E+00    0.8127975472E+00   -0.4490727982E+00    0.1161139353E+00    0.8127975472E+00   -0.4490727982E+00    0.0000000000E+00    0.0000000000E+00    0.0000000000E+00    0.5210549622E-11    0.5210549622E-11    0.1000000000E+01
    5    0.1395000000E+02    0.1161139353E+00    0.8127975472E+00   -0.1363150110E+00    0.1161139353E+00    0.8127975472E+00   -0.1363150110E+00    0.0000000000E+00    0.0000000000E+00    0.0000000000E+00    0.5518925343E-10    0.5518925343E-10    0.1000000000E+01
    6    0.1395000000E+02    0.1161139353E+00    0.0000000000E+00    0.5183434883E+00    0.0000000000E+00    0.0000000000E+00    0.0000000000E+00    0.0000000000E+00    0.0000000000E+00    0.0000000000E+00    0.5210689585E-12    0.5210689585E-12    0.1000000000E+01
    7    0.1395000000E+02   -0.6966836119E+00    0.0000000000E+00   -0.4569601585E+00    0.0000000000E+00    0.0000000000E+00    0.0000000000E+00    0.0000000000E+00    0.0000000000E+00    0.0000000000E+00    0.1614139438E-11    0.1614139438E-11    0.1000000000E+01
    8    0.1395000000E+02    0.1161139353E+00    0.8127975472E+00   -0.4658081546E+00    0.1161139353E+00    0.8127975472E+00   -0.4658081546E+00    0.0000000000E+00    0.0000000000E+00    0.0000000000E+00    0.4049754961E-10    0.4049754961E-10    0.1000000000E+01
    1    0.1420833333E+02    0.1161139353E+00    0.0000000000E+00    0.3529834758E+00    0.0000000000E+00    0.0000000000E+00    0.0000000000E+00    0.0000000000E+00    0.0000000000E+00    0.0000000000E+00    0.1581976578E-12    0.1581976578E-12    0.1000000000E+01
    2    0.1420833333E+02   -0.6966836119E+00    0.0000000000E+00   -0.5624133538E+00    0.0000000000E+00    0.0000000000E+00    0.0000000000E+00    0.0000000000E+00    0.0000000000E+00    0.0000000000E+00    0.8310227195E-08    0.8310227195E-08    0.1000000000E+01
    3    0.1420833333E+02    0.1161139353E+00    0.0000000000E+00   -0.5520495110E+00    0.0000000000E+00    0.0000000000E+00    0.0000000000E+00    0.0000000000E+00    0.0000000000E+00    0.0000000000E+00    0.3187192865E-12    0.3187192865E-12    0.1000000000E+01
    4    0.1420833333E+02    0.1161139353E+00    0.0000000000E+00    0.4070646692E+00    0.1161139353E+00    0.0000000000E+00    0.4070646692E+00   -0.2534813923E-01    0.2799775553E-13   -0.2714248087E+01    0.1070210835E-12    0.1070210835E-12    0.1000000000E+01
    1    0.1446666667E+02    0.1161139353E+00    0.0000000000E+00    0.4460204392E+00    0.0000000000E+00    0.0000000000E+00    0.0000000000E+00    0.0000000000E+00    0.0000000000E+00    0.0000000000E+00    0.6714802639E-12    0.6714802639E-12    0.1000000000E+01
    2    0.1446666667E+02    0.1161139353E+00    0.0000000000E+00    0.2424808202E+00    0.0000000000E+00    0.0000000000E+00    0.0000000000E+00    0.0000000000E+00    0.0000000000E+00    0.0000000000E+00    0.7708244563E-12    0.7708244563E-12    0.1000000000E+01
    3    0.1446666667E+02    0.1161139353E+00    0.0000000000E+00    0.2877993839E+00    0.0000000000E+00    0.0000000000E+00    0.0000000000E+00    0.0000000000E+00    0.0000000000E+00    0.0000000000E+00    0.1644230161E-11    0.1644230161E-11    0.1000000000E+01
    1    0.1472500000E+02    0.1161139353E+00    0.0000000000E+00    0.2323860589E+00    0.0000000000E+00    0.0000000000E+00    0.0000000000E+00    0.0000000000E+00    0.0000000000E+00    0.0000000000E+00    0.3682496721E-11    0.3682496721E-11    0.1000000000E+01
    2    0.1472500000E+02    0.1161139353E+00    0.0000000000E+00    0.1111835027E+00    0.0000000000E+00    0.0000000000E+00    0.0000000000E+00    0.0000000000E+00    0.0000000000E+00    0.0000000000E+00    0.4502278176E-10    0.4502278176E-10    0.1000000000E+01
