    1    0.1550000000E+01    0.1161139353E+00   -0.4644557413E+00   -0.4785967890E-01    0.0000000000E+00    0.0000000000E+00    0.0000000000E+00    0.0000000000E+00    0.0000000000E+00    0.0000000000E+00    0.3505913866E-12    0.3505913866E-12    0.1000000000E+01
    1    0.1808333333E+01    0.1161139353E+00   -0.4644557413E+00    0.1207181649E+00    0.0000000000E+00    0.0000000000E+00    0.0000000000E+00    0.0000000000E+00    0.0000000000E+00    0.0000000000E+00    0.2066186841E-11    0.2066186841E-11    0.1000000000E+01
    2    0.1808333333E+01    0.1161139353E+00   -0.4644557413E+00   -0.1306391194E+00    0.0000000000E+00    0.0000000000E+00    0.0000000000E+00    0.0000000000E+00    0.0000000000E+00    0.0000000000E+00    0.3609988446E-13    0.3609988446E-13    0.1000000000E+01
    3    0.1808333333E+01    0.1161139353E+00   -0.4644557413E+00   -0.1846740884E+00    0.0000000000E+00    0.0000000000E+00    0.0000000000E+00    0.0000000000E+00    0.0000000000E+00    0.0000000000E+00    0.2126811404E-11    0.2126811404E-11    0.1000000000E+01
    1    0.2066666667E+01    0.1161139353E+00   -0.4644557413E+00   -0.2853673994E+00    0.0000000000E+00    0.0000000000E+00    0.0000000000E+00    0.0000000000E+00    0.0000000000E+00    0.0000000000E+00    0.1113633858E-14    0.1113633858E-14    0.1000000000E+01
    2    0.2066666667E+01    0.1161139353E+00   -0.4644557413E+00   -0.1853514114E+00    0.0000000000E+00    0.0000000000E+00    0.0000000000E+00    0.0000000000E+00    0.0000000000E+00    0.0000000000E+00    0.8193776569E-15    0.8193776569E-15    0.1000000000E+01
    1    0.2325000000E+01    0.1161139353E+00   -0.4644557413E+00   -0.3437697693E+00    0.0000000000E+00    0.0000000000E+00    0.0000000000E+00    0.0000000000E+00    0.0000000000E+00    0.0000000000E+00    0.1864890353E-14    0.1864890353E-14    0.1000000000E+01
    2    0.2325000000E+01    0.1161139353E+00   -0.4644557413E+00   -0.2323837900E+00    0.0000000000E+00    0.0000000000E+00    0.0000000000E+00    0.0000000000E+00    0.0000000000E+00    0.0000000000E+00    0.3072206092E-14    0.3072206092E-14    0.1000000000E+01
    1    0.2583333333E+01    0.1161139353E+00   -0.4644557413E+00   -0.2761999729E+00    0.0000000000E+00    0.0000000000E+00    0.0000000000E+00    0.0000000000E+00    0.0000000000E+00    0.0000000000E+00    0.4475156512E-14    0.4475156512E-14    0.1000000000E+01
    2    0.2583333333E+01    0.1161139353E+00   -0.4644557413E+00   -0.3946152958E+00    0.0000000000E+00    0.0000000000E+00    0.0000000000E+00    0.0000000000E+00    0.0000000000E+00    0.0000000000E+00    0.4855941666E-15    0.4855941666E-15    0.1000000000E+01
    1    0.2841666667E+01    0.1161139353E+00   -0.4644557413E+00   -0.3185857889E+00    0.0000000000E+00    0.0000000000E+00    0.0000000000E+00    0.0000000000E+00    0.0000000000E+00    0.0000000000E+00    0.2327660507E-14    0.2327660507E-14    0.1000000000E+01
    2    0.2841666667E+01    0.1161139353E+00   -0.4644557413E+00   -0.4431651098E+00    0.0000000000E+00    0.0000000000E+00    0.0000000000E+00    0.0000000000E+00    0.0000000000E+00    0.0000000000E+00    0.1325040649E-14    0.1325040649E-14    0.1000000000E+01
    1    0.3100000000E+01   -0.6966836119E+00   -0.4644557413E+00    0.1781625094E+00    0.0000000000E+00    0.0000000000E+00    0.0000000000E+00    0.0000000000E+00    0.0000000000E+00    0.0000000000E+00    0.2323149390E-11    0.2323149391E-11    0.9999999999E+00
    2    0.3100000000E+01    0.1161139353E+00   -0.4644557413E+00   -0.4919344054E+00    0.0000000000E+00    0.0000000000E+00    0.0000000000E+00    0.0000000000E+00    0.0000000000E+00    0.0000000000E+00    0.3539445845E-14    0.3539445845E-14    0.1000000000E+01
    3    0.3100000000E+01   -0.6966836119E+00   -0.4644557413E+00   -0.3628468288E+00    0.0000000000E+00    0.0000000000E+00    0.0000000000E+00    0.0000000000E+00    0.0000000000E+00    0.0000000000E+00    0.2296691581E-11    0.2296691581E-11    0.9999999999E+00
    4    0.3100000000E+01    0.1161139353E+00   -0.4644557413E+00   -0.3606368459E+00    0.0000000000E+00    0.0000000000E+00    0.0000000000E+00    0.0000000000E+00    0.0000000000E+00    0.0000000000E+00    0.7754320411E-15    0.7754320412E-15    0.9999999999E+00
    1    0.3358333333E+01    0.1161139353E+00   -0.4644557413E+00   -0.6103035351E-01    0.0000000000E+00    0.0000000000E+00    0.0000000000E+00    0.0000000000E+00    0.0000000000E+00    0.0000000000E+00    0.1593414165E-12    0.1593414305E-12    0.9999999121E+00
    2    0.3358333333E+01   -0.6966836119E+00   -0.4644557413E+00    0.3768836363E+00    0.0000000000E+00    0.0000000000E+00    0.0000000000E+00    0.0000000000E+00    0.0000000000E+00    0.0000000000E+00    0.2874260564E-11    0.2874260564E-11    0.1000000000E+01
    3    0.3358333333E+01    0.1161139353E+00   -0.4644557413E+00   -0.4032380002E+00    0.0000000000E+00    0.0000000000E+00    0.0000000000E+00    0.0000000000E+00    0.0000000000E+00    0.0000000000E+00    0.3780871996E-14    0.3780872098E-14    0.9999999730E+00
    4    0.3358333333E+01   -0.6966836119E+00   -0.4644557413E+00   -0.4438806690E+00    0.0000000000E+00    0.0000000000E+00    0.0000000000E+00    0.0000000000E+00    0.0000000000E+00    0.0000000000E+00    0.1375218745E-11    0.1375218745E-11    0.1000000000E+01
    5    0.3358333333E+01   -0.6966836119E+00   -0.4644557413E+00    0.5612535382E+00    0.0000000000E+00    0.0000000000E+00    0.0000000000E+00    0.0000000000E+00    0.0000000000E+00    0.0000000000E+00    0.2313142485E-11    0.2313142485E-11    0.1000000000E+01
    6    0.3358333333E+01    0.1161139353E+00   -0.4644557413E+00   -0.5429575289E+00    0.0000000000E+00    0.0000000000E+00    0.0000000000E+00    0.0000000000E+00    0.0000000000E+00    0.0000000000E+00    0.2869789737E-13    0.2869789809E-13    0.9999999746E+00
    1    0.3616666667E+01    0.1161139353E+00   -0.4644557413E+00   -0.1111123849E+00    0.0000000000E+00    0.0000000000E+00    0.0000000000E+00    0.0000000000E+00    0.0000000000E+00    0.0000000000E+00    0.1737067033E-13    0.1737067033E-13    0.1000000000E+01
    2    0.3616666667E+01    0.1161139353E+00    0.3483418059E+00    0.2295840460E+00    0.0000000000E+00    0.0000000000E+00    0.0000000000E+00    0.0000000000E+00    0.0000000000E+00    0.0000000000E+00    0.6112052953E-12    0.6112052953E-12    0.1000000000E+01
    3    0.3616666667E+01   -0.6966836119E+00   -0.4644557413E+00    0.2660578154E+00    0.0000000000E+00    0.0000000000E+00    0.0000000000E+00    0.0000000000E+00    0.0000000000E+00    0.0000000000E+00    0.1281676868E-13    0.1281676868E-13    0.1000000000E+01
    4    0.3616666667E+01   -0.6966836119E+00   -0.4644557413E+00    0.4432174312E+00    0.0000000000E+00    0.0000000000E+00    0.0000000000E+00    0.0000000000E+00    0.0000000000E+00    0.0000000000E+00    0.3132984853E-13    0.3132984853E-13    0.1000000000E+01
    5    0.3616666667E+01    0.1161139353E+00   -0.4644557413E+00   -0.4473002364E+00    0.0000000000E+00    0.0000000000E+00    0.0000000000E+00    0.0000000000E+00    0.0000000000E+00    0.0000000000E+00    0.5631437049E-14    0.5631437049E-14    0.1000000000E+01
    6    0.3616666667E+01    0.1161139353E+00   -0.4644557413E+00    0.5507585177E+00    0.0000000000E+00    0.0000000000E+00    0.0000000000E+00    0.0000000000E+00    0.0000000000E+00    0.0000000000E+00    0.4335403468E-14    0.4335403468E-14    0.1000000000E+01
    7    0.3616666667E+01   -0.6966836119E+00   -0.4644557413E+00   -0.5269256906E+00    0.0000000000E+00    0.0000000000E+00    0.0000000000E+00    0.0000000000E+00    0.0000000000E+00    0.0000000000E+00    0.9973588918E-14    0.9973588918E-14    0.1000000000E+01
    8    0.3616666667E+01    0.1161139353E+00    0.3483418059E+00   -0.4953018455E+00    0.0000000000E+00    0.0000000000E+00    0.0000000000E+00    0.0000000000E+00    0.0000000000E+00    0.0000000000E+00    0.8774659848E-11    0.8774659848E-11    0.1000000000E+01
    1    0.3875000000E+01    0.1161139353E+00   -0.4644557413E+00   -0.1509577108E+00    0.0000000000E+00    0.0000000000E+00    0.0000000000E+00    0.0000000000E+00    0.0000000000E+00    0.0000000000E+00    0.2660921267E-14    0.2660921267E-14    0.9999999999E+00
    2    0.3875000000E+01    0.1161139353E+00   -0.4644557413E+00   -0.4936830438E+00    0.0000000000E+00    0.0000000000E+00    0.0000000000E+00    0.0000000000E+00    0.0000000000E+00    0.0000000000E+00    0.7831521058E-13    0.7831521058E-13    0.1000000000E+01
    3    0.3875000000E+01    0.1161139353E+00    0.3483418059E+00    0.1290536403E+00    0.0000000000E+00    0.0000000000E+00    0.0000000000E+00    0.0000000000E+00    0.0000000000E+00    0.0000000000E+00    0.6053270261E-13    0.6053270262E-13    0.9999999999E+00
    4    0.3875000000E+01   -0.6966836119E+00   -0.4644557413E+00    0.1986678181E+00    0.0000000000E+00    0.0000000000E+00    0.0000000000E+00    0.0000000000E+00    0.0000000000E+00    0.0000000000E+00    0.1445357571E-13    0.1445357592E-13    0.9999999852E+00
    5    0.3875000000E+01   -0.6966836119E+00   -0.4644557413E+00    0.5670041435E+00    0.0000000000E+00    0.0000000000E+00    0.0000000000E+00    0.0000000000E+00    0.0000000000E+00    0.0000000000E+00    0.5042749878E-13    0.5042749878E-13    0.9999999999E+00
    6    0.3875000000E+01    0.1161139353E+00   -0.4644557413E+00    0.4863160093E+00    0.0000000000E+00    0.0000000000E+00    0.0000000000E+00    0.0000000000E+00    0.0000000000E+00    0.0000000000E+00    0.6384306212E-13    0.6384306212E-13    0.9999999999E+00
    7    0.3875000000E+01   -0.6966836119E+00   -0.4644557413E+00    0.3489411870E+00    0.0000000000E+00    0.0000000000E+00    0.0000000000E+00    0.0000000000E+00    0.0000000000E+00    0.0000000000E+00    0.3403628665E-13    0.3403628666E-13    0.9999999999E+00
    8    0.3875000000E+01    0.1161139353E+00    0.3483418059E+00    0.3634910180E+00    0.0000000000E+00    0.0000000000E+00    0.0000000000E+00    0.0000000000E+00    0.0000000000E+00    0.0000000000E+00    0.3123817336E-15    0.3123826225E-15    0.9999971543E+00
    1    0.4133333333E+01    0.1161139353E+00   -0.4644557413E+00   -0.1871870633E+00    0.0000000000E+00    0.0000000000E+00    0.0000000000E+00    0.0000000000E+00    0.0000000000E+00    0.0000000000E+00    0.1322695819E-14    0.1322695967E-14    0.9999998878E+00
    2    0.4133333333E+01   -0.6966836119E+00   -0.4644557413E+00    0.1400422979E+00    0.0000000000E+00    0.0000000000E+00    0.0000000000E+00    0.0000000000E+00    0.0000000000E+00    0.0000000000E+00    0.2031568298E-13    0.2031568302E-13    0.9999999983E+00
    3    0.4133333333E+01   -0.6966836119E+00   -0.4644557413E+00    0.2530497597E+00    0.0000000000E+00    0.0000000000E+00    0.0000000000E+00    0.0000000000E+00    0.0000000000E+00    0.0000000000E+00    0.6736736855E-13    0.6736736855E-13    0.1000000000E+01
    4    0.4133333333E+01    0.1161139353E+00    0.3483418059E+00    0.2790068879E+00    0.0000000000E+00    0.0000000000E+00    0.0000000000E+00    0.0000000000E+00    0.0000000000E+00    0.0000000000E+00    0.4532353890E-14    0.4532353890E-14    0.9999999999E+00
    5    0.4133333333E+01    0.1161139353E+00   -0.4644557413E+00    0.4027093113E+00    0.0000000000E+00    0.0000000000E+00    0.0000000000E+00    0.0000000000E+00    0.0000000000E+00    0.0000000000E+00    0.8010402862E-14    0.8010402865E-14    0.9999999996E+00
    6    0.4133333333E+01    0.1161139353E+00   -0.4644557413E+00   -0.5449799163E+00    0.0000000000E+00    0.0000000000E+00    0.0000000000E+00    0.0000000000E+00    0.0000000000E+00    0.0000000000E+00    0.1396971555E-13    0.1396971556E-13    0.9999999996E+00
    7    0.4133333333E+01   -0.6966836119E+00   -0.4644557413E+00    0.5170019174E+00    0.0000000000E+00    0.0000000000E+00    0.0000000000E+00    0.0000000000E+00    0.0000000000E+00    0.0000000000E+00    0.8465920613E-14    0.8465920625E-14    0.9999999986E+00
    1    0.4391666667E+01    0.1161139353E+00   -0.4644557413E+00   -0.2216289319E+00    0.0000000000E+00    0.0000000000E+00    0.0000000000E+00    0.0000000000E+00    0.0000000000E+00    0.0000000000E+00    0.2948914937E-14    0.2948915379E-14    0.9999998503E+00
    2    0.4391666667E+01   -0.6966836119E+00    0.3483418059E+00   -0.1934097310E+00    0.0000000000E+00    0.0000000000E+00    0.0000000000E+00    0.0000000000E+00    0.0000000000E+00    0.0000000000E+00    0.7152672954E-12    0.7152675441E-12    0.9999996523E+00
    3    0.4391666667E+01    0.1161139353E+00   -0.4644557413E+00    0.5472549610E+00    0.0000000000E+00    0.0000000000E+00    0.0000000000E+00    0.0000000000E+00    0.0000000000E+00    0.0000000000E+00    0.2951843579E-13    0.2951843606E-13    0.9999999906E+00
    4    0.4391666667E+01    0.1161139353E+00    0.3483418059E+00    0.5418437870E+00    0.0000000000E+00    0.0000000000E+00    0.0000000000E+00    0.0000000000E+00    0.0000000000E+00    0.0000000000E+00    0.9738188537E-13    0.9738237685E-13    0.9999949530E+00
    5    0.4391666667E+01   -0.6966836119E+00   -0.4644557413E+00    0.4705691727E+00    0.0000000000E+00    0.0000000000E+00    0.0000000000E+00    0.0000000000E+00    0.0000000000E+00    0.0000000000E+00    0.6491018259E-13    0.6491021436E-13    0.9999995104E+00
    6    0.4391666667E+01    0.1161139353E+00    0.3483418059E+00    0.3919651315E+00    0.0000000000E+00    0.0000000000E+00    0.0000000000E+00    0.0000000000E+00    0.0000000000E+00    0.0000000000E+00    0.1573809834E-12    0.1573809977E-12    0.9999999094E+00
    7    0.4391666667E+01   -0.6966836119E+00    0.3483418059E+00   -0.2061039844E-01    0.0000000000E+00    0.0000000000E+00    0.0000000000E+00    0.0000000000E+00    0.0000000000E+00    0.0000000000E+00    0.1307649405E-11    0.1307649517E-11    0.9999999146E+00
    8    0.4391666667E+01   -0.6966836119E+00   -0.4644557413E+00    0.7714977369E-01    0.0000000000E+00    0.0000000000E+00    0.0000000000E+00    0.0000000000E+00    0.0000000000E+00    0.0000000000E+00    0.3468630202E-12    0.3468630395E-12    0.9999999444E+00
    9    0.4391666667E+01   -0.6966836119E+00   -0.4644557413E+00    0.1273005993E+00    0.0000000000E+00    0.0000000000E+00    0.0000000000E+00    0.0000000000E+00    0.0000000000E+00    0.0000000000E+00    0.8095276936E-12    0.8095281732E-12    0.9999994075E+00
   10    0.4391666667E+01    0.1161139353E+00   -0.4644557413E+00    0.2650517989E+00    0.0000000000E+00    0.0000000000E+00    0.0000000000E+00    0.0000000000E+00    0.0000000000E+00    0.0000000000E+00    0.3534114745E-12    0.3534114746E-12    0.9999999999E+00
   11    0.4391666667E+01    0.1161139353E+00    0.3483418059E+00    0.2058686594E+00    0.0000000000E+00    0.0000000000E+00    0.0000000000E+00    0.0000000000E+00    0.0000000000E+00    0.0000000000E+00    0.6295609016E-13    0.6295610212E-13    0.9999998100E+00
    1    0.4650000000E+01   -0.6966836119E+00    0.3483418059E+00   -0.4012950245E+00    0.0000000000E+00    0.0000000000E+00    0.0000000000E+00    0.0000000000E+00    0.0000000000E+00    0.0000000000E+00    0.5467816195E-13    0.5467816195E-13    0.1000000000E+01
    2    0.4650000000E+01   -0.6966836119E+00    0.3483418059E+00   -0.2882197354E+00    0.0000000000E+00    0.0000000000E+00    0.0000000000E+00    0.0000000000E+00    0.0000000000E+00    0.0000000000E+00    0.1905586671E-13    0.1905586671E-13    0.9999999998E+00
    3    0.4650000000E+01    0.1161139353E+00   -0.4644557413E+00   -0.2550393102E+00    0.0000000000E+00    0.0000000000E+00    0.0000000000E+00    0.0000000000E+00    0.0000000000E+00    0.0000000000E+00    0.1226060578E-14    0.1226060579E-14    0.9999999994E+00
    4    0.4650000000E+01   -0.6966836119E+00    0.3483418059E+00   -0.1132272428E+00    0.0000000000E+00    0.0000000000E+00    0.0000000000E+00    0.0000000000E+00    0.0000000000E+00    0.0000000000E+00    0.6909746364E-13    0.6909746364E-13    0.1000000000E+01
    5    0.4650000000E+01   -0.6966836119E+00    0.3483418059E+00    0.7183950443E-01    0.0000000000E+00    0.0000000000E+00    0.0000000000E+00    0.0000000000E+00    0.0000000000E+00    0.0000000000E+00    0.1015300137E-12    0.1015300138E-12    0.9999999998E+00
    6    0.4650000000E+01    0.1161139353E+00    0.3483418059E+00    0.1269291659E+00    0.0000000000E+00    0.0000000000E+00    0.0000000000E+00    0.0000000000E+00    0.0000000000E+00    0.0000000000E+00    0.1453384578E-12    0.1453384578E-12    0.1000000000E+01
    7    0.4650000000E+01    0.1161139353E+00    0.3483418059E+00    0.3040167121E+00    0.0000000000E+00    0.0000000000E+00    0.0000000000E+00    0.0000000000E+00    0.0000000000E+00    0.0000000000E+00    0.5445637846E-14    0.5445637846E-14    0.1000000000E+01
    8    0.4650000000E+01   -0.6966836119E+00   -0.4644557413E+00    0.4255363401E+00    0.0000000000E+00    0.0000000000E+00    0.0000000000E+00    0.0000000000E+00    0.0000000000E+00    0.0000000000E+00    0.1834434033E-15    0.1834434042E-15    0.9999999948E+00
    9    0.4650000000E+01    0.1161139353E+00    0.3483418059E+00    0.4714823189E+00    0.0000000000E+00    0.0000000000E+00    0.0000000000E+00    0.0000000000E+00    0.0000000000E+00    0.0000000000E+00    0.2860531151E-13    0.2860531151E-13    0.9999999999E+00
   10    0.4650000000E+01    0.1161139353E+00   -0.4644557413E+00    0.4756334231E+00    0.0000000000E+00    0.0000000000E+00    0.0000000000E+00    0.0000000000E+00    0.0000000000E+00    0.0000000000E+00    0.1912458924E-14    0.1912458930E-14    0.9999999967E+00
    1    0.4908333333E+01   -0.6966836119E+00    0.3483418059E+00   -0.4887497203E+00    0.0000000000E+00    0.0000000000E+00    0.0000000000E+00    0.0000000000E+00    0.0000000000E+00    0.0000000000E+00    0.7471580720E-13    0.7471580721E-13    0.9999999999E+00
    2    0.4908333333E+01   -0.6966836119E+00    0.3483418059E+00   -0.3627005978E+00    0.0000000000E+00    0.0000000000E+00    0.0000000000E+00    0.0000000000E+00    0.0000000000E+00    0.0000000000E+00    0.8052250103E-13    0.8052250104E-13    0.9999999998E+00
    3    0.4908333333E+01    0.1161139353E+00   -0.4644557413E+00   -0.2879300083E+00    0.0000000000E+00    0.0000000000E+00    0.0000000000E+00    0.0000000000E+00    0.0000000000E+00    0.0000000000E+00    0.2247393421E-14    0.2247393436E-14    0.9999999935E+00
    4    0.4908333333E+01   -0.6966836119E+00    0.3483418059E+00   -0.1824857684E+00    0.0000000000E+00    0.0000000000E+00    0.0000000000E+00    0.0000000000E+00    0.0000000000E+00    0.0000000000E+00    0.6351900387E-13    0.6351900387E-13    0.1000000000E+01
    5    0.4908333333E+01   -0.6966836119E+00    0.3483418059E+00   -0.9470042050E-02    0.0000000000E+00    0.0000000000E+00    0.0000000000E+00    0.0000000000E+00    0.0000000000E+00    0.0000000000E+00    0.4345926475E-12    0.4345926481E-12    0.9999999988E+00
    6    0.4908333333E+01    0.1161139353E+00    0.3483418059E+00    0.1966554475E+00    0.0000000000E+00    0.0000000000E+00    0.0000000000E+00    0.0000000000E+00    0.0000000000E+00    0.0000000000E+00    0.1599214652E-15    0.1599214843E-15    0.9999998810E+00
    7    0.4908333333E+01    0.1161139353E+00    0.3483418059E+00    0.4067055149E+00    0.0000000000E+00    0.0000000000E+00    0.0000000000E+00    0.0000000000E+00    0.0000000000E+00    0.0000000000E+00    0.1239410098E-15    0.1239410109E-15    0.9999999908E+00
    8    0.4908333333E+01   -0.6966836119E+00   -0.4644557413E+00    0.3806867053E+00    0.0000000000E+00    0.0000000000E+00    0.0000000000E+00    0.0000000000E+00    0.0000000000E+00    0.0000000000E+00    0.1691025798E-17    0.1691026474E-17    0.9999996006E+00
    9    0.4908333333E+01    0.1161139353E+00   -0.4644557413E+00    0.3704469019E+00    0.0000000000E+00    0.0000000000E+00    0.0000000000E+00    0.0000000000E+00    0.0000000000E+00    0.0000000000E+00    0.2744413970E-14    0.2744413971E-14    0.9999999998E+00
    1    0.5166666667E+01    0.1161139353E+00    0.3483418059E+00    0.3399444410E+00    0.0000000000E+00    0.0000000000E+00    0.0000000000E+00    0.0000000000E+00    0.0000000000E+00    0.0000000000E+00    0.2988490659E-16    0.2988494590E-16    0.9999986846E+00
    2    0.5166666667E+01   -0.6966836119E+00   -0.4644557413E+00    0.3348987656E+00    0.0000000000E+00    0.0000000000E+00    0.0000000000E+00    0.0000000000E+00    0.0000000000E+00    0.0000000000E+00    0.1243205180E-14    0.1243205183E-14    0.9999999979E+00
    3    0.5166666667E+01   -0.6966836119E+00    0.3483418059E+00   -0.4449741014E+00    0.0000000000E+00    0.0000000000E+00    0.0000000000E+00    0.0000000000E+00    0.0000000000E+00    0.0000000000E+00    0.2086991267E-13    0.2086991272E-13    0.9999999975E+00
    4    0.5166666667E+01    0.1161139353E+00   -0.4644557413E+00   -0.3204319769E+00    0.0000000000E+00    0.0000000000E+00    0.0000000000E+00    0.0000000000E+00    0.0000000000E+00    0.0000000000E+00    0.3190758462E-15    0.3190758687E-15    0.9999999294E+00
    5    0.5166666667E+01   -0.6966836119E+00    0.3483418059E+00   -0.2472216894E+00    0.0000000000E+00    0.0000000000E+00    0.0000000000E+00    0.0000000000E+00    0.0000000000E+00    0.0000000000E+00    0.1826565936E-13    0.1826565938E-13    0.9999999990E+00
    6    0.5166666667E+01   -0.6966836119E+00    0.3483418059E+00   -0.7971030349E-01    0.0000000000E+00    0.0000000000E+00    0.0000000000E+00    0.0000000000E+00    0.0000000000E+00    0.0000000000E+00    0.9545126047E-14    0.9545126048E-14    0.9999999999E+00
    1    0.5425000000E+01    0.1161139353E+00    0.3483418059E+00    0.2644473910E+00    0.0000000000E+00    0.0000000000E+00    0.0000000000E+00    0.0000000000E+00    0.0000000000E+00    0.0000000000E+00    0.2516067917E-14    0.2516067918E-14    0.9999999993E+00
    2    0.5425000000E+01   -0.6966836119E+00   -0.4644557413E+00    0.2867880710E+00    0.0000000000E+00    0.0000000000E+00    0.0000000000E+00    0.0000000000E+00    0.0000000000E+00    0.0000000000E+00    0.6378930913E-14    0.6378930914E-14    0.9999999999E+00
    3    0.5425000000E+01   -0.6966836119E+00    0.3483418059E+00   -0.1442998293E+00    0.0000000000E+00    0.0000000000E+00    0.0000000000E+00    0.0000000000E+00    0.0000000000E+00    0.0000000000E+00    0.3749335158E-14    0.3749335160E-14    0.9999999994E+00
    4    0.5425000000E+01   -0.6966836119E+00    0.3483418059E+00   -0.3181096749E+00    0.0000000000E+00    0.0000000000E+00    0.0000000000E+00    0.0000000000E+00    0.0000000000E+00    0.0000000000E+00    0.5560571105E-14    0.5560571106E-14    0.9999999998E+00
    5    0.5425000000E+01    0.1161139353E+00   -0.4644557413E+00   -0.3528919088E+00    0.0000000000E+00    0.0000000000E+00    0.0000000000E+00    0.0000000000E+00    0.0000000000E+00    0.0000000000E+00    0.1922910415E-15    0.1922910418E-15    0.9999999984E+00
    1    0.5683333333E+01   -0.6966836119E+00   -0.4644557413E+00    0.2341057756E+00    0.0000000000E+00    0.0000000000E+00    0.0000000000E+00    0.0000000000E+00    0.0000000000E+00    0.0000000000E+00    0.8300758310E-14    0.8300777959E-14    0.9999976329E+00
    2    0.5683333333E+01    0.1161139353E+00    0.3483418059E+00    0.1609893413E+00    0.0000000000E+00    0.0000000000E+00    0.0000000000E+00    0.0000000000E+00    0.0000000000E+00    0.0000000000E+00    0.4517836022E-13    0.4517837603E-13    0.9999996502E+00
    3    0.5683333333E+01   -0.6966836119E+00    0.3483418059E+00   -0.2097068612E+00    0.0000000000E+00    0.0000000000E+00    0.0000000000E+00    0.0000000000E+00    0.0000000000E+00    0.0000000000E+00    0.4140838877E-13    0.4140838885E-13    0.9999999980E+00
    4    0.5683333333E+01   -0.6966836119E+00    0.3483418059E+00   -0.4229726415E+00    0.0000000000E+00    0.0000000000E+00    0.0000000000E+00    0.0000000000E+00    0.0000000000E+00    0.0000000000E+00    0.4196200514E-13    0.4196200556E-13    0.9999999900E+00
    5    0.5683333333E+01    0.1161139353E+00   -0.4644557413E+00   -0.3853390755E+00    0.0000000000E+00    0.0000000000E+00    0.0000000000E+00    0.0000000000E+00    0.0000000000E+00    0.0000000000E+00    0.1672381295E-17    0.1687841072E-17    0.9908405021E+00
    1    0.5941666667E+01   -0.6966836119E+00   -0.4644557413E+00    0.1718495983E+00    0.0000000000E+00    0.0000000000E+00    0.0000000000E+00    0.0000000000E+00    0.0000000000E+00    0.0000000000E+00    0.1004059170E-13    0.1004059170E-13    0.1000000000E+01
    2    0.5941666667E+01   -0.6966836119E+00    0.3483418059E+00   -0.5496223580E+00    0.0000000000E+00    0.0000000000E+00    0.0000000000E+00    0.0000000000E+00    0.0000000000E+00    0.0000000000E+00    0.7768858534E-13    0.7768858534E-13    0.1000000000E+01
    3    0.5941666667E+01   -0.6966836119E+00    0.3483418059E+00   -0.2835972376E+00    0.0000000000E+00    0.0000000000E+00    0.0000000000E+00    0.0000000000E+00    0.0000000000E+00    0.0000000000E+00    0.7442531951E-13    0.7442531951E-13    0.1000000000E+01
    4    0.5941666667E+01    0.1161139353E+00   -0.4644557413E+00   -0.4178603213E+00    0.0000000000E+00    0.0000000000E+00    0.0000000000E+00    0.0000000000E+00    0.0000000000E+00    0.0000000000E+00    0.5262859318E-15    0.5262859318E-15    0.9999999999E+00
    1    0.6200000000E+01   -0.6966836119E+00   -0.4644557413E+00    0.7858125683E-01    0.0000000000E+00    0.0000000000E+00    0.0000000000E+00    0.0000000000E+00    0.0000000000E+00    0.0000000000E+00    0.3122526479E-11    0.3122526479E-11    0.1000000000E+01
    2    0.6200000000E+01   -0.6966836119E+00    0.3483418059E+00    0.4418955092E+00    0.0000000000E+00    0.0000000000E+00    0.0000000000E+00    0.0000000000E+00    0.0000000000E+00    0.0000000000E+00    0.1505465354E-08    0.1505465354E-08    0.1000000000E+01
    3    0.6200000000E+01   -0.6966836119E+00    0.3483418059E+00   -0.4319861817E+00    0.0000000000E+00    0.0000000000E+00    0.0000000000E+00    0.0000000000E+00    0.0000000000E+00    0.0000000000E+00    0.1509197328E-08    0.1509197328E-08    0.1000000000E+01
    4    0.6200000000E+01    0.1161139353E+00   -0.4644557413E+00   -0.4505022043E+00    0.0000000000E+00    0.0000000000E+00    0.0000000000E+00    0.0000000000E+00    0.0000000000E+00    0.0000000000E+00    0.1876173989E-14    0.1876173991E-14    0.9999999993E+00
    1    0.6458333333E+01    0.1161139353E+00   -0.4644557413E+00   -0.4832844194E+00    0.0000000000E+00    0.0000000000E+00    0.0000000000E+00    0.0000000000E+00    0.0000000000E+00    0.0000000000E+00    0.2855631699E-14    0.2855631699E-14    0.1000000000E+01
    1    0.6716666667E+01   -0.6966836119E+00   -0.4644557413E+00   -0.6570911299E-01    0.0000000000E+00    0.0000000000E+00    0.0000000000E+00    0.0000000000E+00    0.0000000000E+00    0.0000000000E+00    0.8275467050E-12    0.8275467050E-12    0.1000000000E+01
    2    0.6716666667E+01    0.1161139353E+00   -0.4644557413E+00   -0.5162061540E+00    0.0000000000E+00    0.0000000000E+00    0.0000000000E+00    0.0000000000E+00    0.0000000000E+00    0.0000000000E+00    0.2120868519E-14    0.2120868519E-14    0.1000000000E+01
    1    0.6975000000E+01   -0.6966836119E+00   -0.4644557413E+00   -0.1181185176E+00    0.0000000000E+00    0.0000000000E+00    0.0000000000E+00    0.0000000000E+00    0.0000000000E+00    0.0000000000E+00    0.9599161501E-13    0.9599161501E-13    0.1000000000E+01
    2    0.6975000000E+01    0.1161139353E+00   -0.4644557413E+00   -0.5492539222E+00    0.0000000000E+00    0.0000000000E+00    0.0000000000E+00    0.0000000000E+00    0.0000000000E+00    0.0000000000E+00    0.3027258316E-15    0.3027258316E-15    0.1000000000E+01
    1    0.7233333333E+01   -0.6966836119E+00   -0.4644557413E+00   -0.1602489461E+00    0.0000000000E+00    0.0000000000E+00    0.0000000000E+00    0.0000000000E+00    0.0000000000E+00    0.0000000000E+00    0.8445699610E-14    0.8445699610E-14    0.1000000000E+01
    2    0.7233333333E+01    0.1161139353E+00   -0.4644557413E+00    0.5670961069E+00    0.0000000000E+00    0.0000000000E+00    0.0000000000E+00    0.0000000000E+00    0.0000000000E+00    0.0000000000E+00    0.1833786616E-14    0.1833786616E-14    0.1000000000E+01
    1    0.7491666667E+01    0.1161139353E+00   -0.4644557413E+00    0.5338541981E+00    0.0000000000E+00    0.0000000000E+00    0.0000000000E+00    0.0000000000E+00    0.0000000000E+00    0.0000000000E+00    0.1593654289E-14    0.1593654289E-14    0.1000000000E+01
    2    0.7491666667E+01   -0.6966836119E+00   -0.4644557413E+00   -0.1992405034E+00    0.0000000000E+00    0.0000000000E+00    0.0000000000E+00    0.0000000000E+00    0.0000000000E+00    0.0000000000E+00    0.2451873018E-15    0.2451873018E-15    0.1000000000E+01
    1    0.7750000000E+01    0.1161139353E+00   -0.4644557413E+00    0.5005595996E+00    0.0000000000E+00    0.0000000000E+00    0.0000000000E+00    0.0000000000E+00    0.0000000000E+00    0.0000000000E+00    0.5033443139E-14    0.5033443139E-14    0.1000000000E+01
    2    0.7750000000E+01   -0.6966836119E+00   -0.4644557413E+00   -0.2372244926E+00    0.0000000000E+00    0.0000000000E+00    0.0000000000E+00    0.0000000000E+00    0.0000000000E+00    0.0000000000E+00    0.3766033441E-14    0.3766033441E-14    0.1000000000E+01
    3    0.7750000000E+01    0.1161139353E+00    0.3483418059E+00   -0.2835247111E-01    0.0000000000E+00    0.0000000000E+00    0.0000000000E+00    0.0000000000E+00    0.0000000000E+00    0.0000000000E+00    0.4030373299E-10    0.4030373299E-10    0.1000000000E+01
    1    0.8008333333E+01    0.1161139353E+00   -0.4644557413E+00    0.4671963579E+00    0.0000000000E+00    0.0000000000E+00    0.0000000000E+00    0.0000000000E+00    0.0000000000E+00    0.0000000000E+00    0.6277337673E-14    0.6277337673E-14    0.1000000000E+01
    2    0.8008333333E+01   -0.6966836119E+00   -0.4644557413E+00   -0.2753070539E+00    0.0000000000E+00    0.0000000000E+00    0.0000000000E+00    0.0000000000E+00    0.0000000000E+00    0.0000000000E+00    0.4344521764E-14    0.4344521764E-14    0.1000000000E+01
    3    0.8008333333E+01    0.1161139353E+00    0.3483418059E+00   -0.1367672781E+00    0.0000000000E+00    0.0000000000E+00    0.0000000000E+00    0.0000000000E+00    0.0000000000E+00    0.0000000000E+00    0.1903728665E-12    0.1903728665E-12    0.1000000000E+01
    1    0.8266666667E+01    0.1161139353E+00   -0.4644557413E+00    0.4337427094E+00    0.0000000000E+00    0.0000000000E+00    0.0000000000E+00    0.0000000000E+00    0.0000000000E+00    0.0000000000E+00    0.3858912613E-14    0.3858912613E-14    0.1000000000E+01
    2    0.8266666667E+01   -0.6966836119E+00   -0.4644557413E+00   -0.3143036188E+00    0.0000000000E+00    0.0000000000E+00    0.0000000000E+00    0.0000000000E+00    0.0000000000E+00    0.0000000000E+00    0.2037747921E-14    0.2037747921E-14    0.1000000000E+01
    3    0.8266666667E+01    0.1161139353E+00    0.3483418059E+00   -0.1967515342E+00    0.0000000000E+00    0.0000000000E+00    0.0000000000E+00    0.0000000000E+00    0.0000000000E+00    0.0000000000E+00    0.4725499972E-15    0.4725499972E-15    0.1000000000E+01
    1    0.8525000000E+01    0.1161139353E+00   -0.4644557413E+00    0.4001569913E+00    0.0000000000E+00    0.0000000000E+00    0.0000000000E+00    0.0000000000E+00    0.0000000000E+00    0.0000000000E+00    0.5731434286E-15    0.5731434286E-15    0.1000000000E+01
    2    0.8525000000E+01   -0.6966836119E+00   -0.4644557413E+00   -0.3550143844E+00    0.0000000000E+00    0.0000000000E+00    0.0000000000E+00    0.0000000000E+00    0.0000000000E+00    0.0000000000E+00    0.2447181211E-15    0.2447181211E-15    0.9999999999E+00
    3    0.8525000000E+01    0.1161139353E+00    0.3483418059E+00   -0.2476943478E+00    0.0000000000E+00    0.0000000000E+00    0.0000000000E+00    0.0000000000E+00    0.0000000000E+00    0.0000000000E+00    0.1608244279E-13    0.1608244279E-13    0.1000000000E+01
    1    0.8783333333E+01    0.1161139353E+00   -0.4644557413E+00    0.3663770942E+00    0.0000000000E+00    0.0000000000E+00    0.0000000000E+00    0.0000000000E+00    0.0000000000E+00    0.0000000000E+00    0.5898166300E-15    0.5898166301E-15    0.9999999999E+00
    2    0.8783333333E+01   -0.6966836119E+00   -0.4644557413E+00   -0.3984279626E+00    0.0000000000E+00    0.0000000000E+00    0.0000000000E+00    0.0000000000E+00    0.0000000000E+00    0.0000000000E+00    0.2684449275E-16    0.2684449276E-16    0.9999999997E+00
    3    0.8783333333E+01    0.1161139353E+00    0.3483418059E+00   -0.2953990860E+00    0.0000000000E+00    0.0000000000E+00    0.0000000000E+00    0.0000000000E+00    0.0000000000E+00    0.0000000000E+00    0.1276121520E-13    0.1276121520E-13    0.1000000000E+01
    1    0.9041666667E+01    0.1161139353E+00   -0.4644557413E+00    0.3323210967E+00    0.0000000000E+00    0.0000000000E+00    0.0000000000E+00    0.0000000000E+00    0.0000000000E+00    0.0000000000E+00    0.9412973750E-14    0.9412973815E-14    0.9999999932E+00
    2    0.9041666667E+01    0.1161139353E+00    0.3483418059E+00   -0.8898726070E-01    0.0000000000E+00    0.0000000000E+00    0.0000000000E+00    0.0000000000E+00    0.0000000000E+00    0.0000000000E+00    0.4273573206E-11    0.4273573207E-11    0.9999999998E+00
    3    0.9041666667E+01   -0.6966836119E+00   -0.4644557413E+00   -0.4460218339E+00    0.0000000000E+00    0.0000000000E+00    0.0000000000E+00    0.0000000000E+00    0.0000000000E+00    0.0000000000E+00    0.7757322207E-16    0.7757641598E-16    0.9999588289E+00
    4    0.9041666667E+01    0.1161139353E+00    0.3483418059E+00   -0.3424850819E+00    0.0000000000E+00    0.0000000000E+00    0.0000000000E+00    0.0000000000E+00    0.0000000000E+00    0.0000000000E+00    0.2802209056E-13    0.2802209222E-13    0.9999999406E+00
    1    0.9300000000E+01    0.1161139353E+00    0.3483418059E+00   -0.1806598415E+00    0.0000000000E+00    0.0000000000E+00    0.0000000000E+00    0.0000000000E+00    0.0000000000E+00    0.0000000000E+00    0.7411664099E-13    0.7411664099E-13    0.1000000000E+01
    2    0.9300000000E+01   -0.6966836119E+00    0.3483418059E+00    0.3549841881E+00    0.0000000000E+00    0.0000000000E+00    0.0000000000E+00    0.0000000000E+00    0.0000000000E+00    0.0000000000E+00    0.9680614216E-11    0.9680614216E-11    0.1000000000E+01
    3    0.9300000000E+01    0.1161139353E+00   -0.4644557413E+00    0.2978878999E+00    0.0000000000E+00    0.0000000000E+00    0.0000000000E+00    0.0000000000E+00    0.0000000000E+00    0.0000000000E+00    0.8519053701E-14    0.8519053701E-14    0.1000000000E+01
    4    0.9300000000E+01    0.1161139353E+00    0.3483418059E+00   -0.3908631060E+00    0.0000000000E+00    0.0000000000E+00    0.0000000000E+00    0.0000000000E+00    0.0000000000E+00    0.0000000000E+00    0.6815216017E-13    0.6815216017E-13    0.1000000000E+01
    5    0.9300000000E+01   -0.6966836119E+00   -0.4644557413E+00   -0.5004736568E+00    0.0000000000E+00    0.0000000000E+00    0.0000000000E+00    0.0000000000E+00    0.0000000000E+00    0.0000000000E+00    0.1002138855E-14    0.1002138855E-14    0.1000000000E+01
    6    0.9300000000E+01   -0.6966836119E+00    0.3483418059E+00   -0.5004536315E+00    0.0000000000E+00    0.0000000000E+00    0.0000000000E+00    0.0000000000E+00    0.0000000000E+00    0.0000000000E+00    0.9696856511E-11    0.9696856511E-11    0.1000000000E+01
    1    0.9558333333E+01    0.1161139353E+00    0.3483418059E+00   -0.2500173146E+00    0.0000000000E+00    0.0000000000E+00    0.0000000000E+00    0.0000000000E+00    0.0000000000E+00    0.0000000000E+00    0.8935485870E-13    0.8935485870E-13    0.1000000000E+01
    2    0.9558333333E+01    0.1161139353E+00    0.3483418059E+00   -0.4427203913E+00    0.0000000000E+00    0.0000000000E+00    0.0000000000E+00    0.0000000000E+00    0.0000000000E+00    0.0000000000E+00    0.4289614741E-13    0.4289614741E-13    0.1000000000E+01
    3    0.9558333333E+01   -0.6966836119E+00   -0.4644557413E+00   -0.5685708566E+00    0.0000000000E+00    0.0000000000E+00    0.0000000000E+00    0.0000000000E+00    0.0000000000E+00    0.0000000000E+00    0.7977932121E-12    0.7977932121E-12    0.1000000000E+01
    4    0.9558333333E+01   -0.6966836119E+00    0.3483418059E+00    0.5436353137E+00    0.0000000000E+00    0.0000000000E+00    0.0000000000E+00    0.0000000000E+00    0.0000000000E+00    0.0000000000E+00    0.2601742277E-13    0.2601742277E-13    0.1000000000E+01
    5    0.9558333333E+01   -0.6966836119E+00    0.3483418059E+00    0.2469665343E+00    0.0000000000E+00    0.0000000000E+00    0.0000000000E+00    0.0000000000E+00    0.0000000000E+00    0.0000000000E+00    0.1766614803E-12    0.1766614803E-12    0.1000000000E+01
    6    0.9558333333E+01    0.1161139353E+00   -0.4644557413E+00    0.2629571471E+00    0.0000000000E+00    0.0000000000E+00    0.0000000000E+00    0.0000000000E+00    0.0000000000E+00    0.0000000000E+00    0.7787486846E-14    0.7787486851E-14    0.9999999995E+00
    1    0.9816666667E+01   -0.6966836119E+00    0.3483418059E+00    0.1514706655E+00    0.0000000000E+00    0.0000000000E+00    0.0000000000E+00    0.0000000000E+00    0.0000000000E+00    0.0000000000E+00    0.6458680864E-12    0.6458680864E-12    0.1000000000E+01
    2    0.9816666667E+01    0.1161139353E+00   -0.4644557413E+00    0.2273877554E+00    0.0000000000E+00    0.0000000000E+00    0.0000000000E+00    0.0000000000E+00    0.0000000000E+00    0.0000000000E+00    0.2947738144E-14    0.2947738149E-14    0.9999999983E+00
    3    0.9816666667E+01   -0.6966836119E+00   -0.4644557413E+00   -0.2891888150E+00    0.0000000000E+00    0.0000000000E+00    0.0000000000E+00    0.0000000000E+00    0.0000000000E+00    0.0000000000E+00    0.1372049387E-10    0.1372049387E-10    0.1000000000E+01
    4    0.9816666667E+01    0.1161139353E+00    0.3483418059E+00   -0.3174220369E+00    0.0000000000E+00    0.0000000000E+00    0.0000000000E+00    0.0000000000E+00    0.0000000000E+00    0.0000000000E+00    0.9059729141E-13    0.9059729141E-13    0.1000000000E+01
    5    0.9816666667E+01    0.1161139353E+00    0.3483418059E+00   -0.5020349740E+00    0.0000000000E+00    0.0000000000E+00    0.0000000000E+00    0.0000000000E+00    0.0000000000E+00    0.0000000000E+00    0.7021726881E-13    0.7021726881E-13    0.1000000000E+01
    6    0.9816666667E+01   -0.6966836119E+00   -0.4644557413E+00    0.4698952736E+00    0.0000000000E+00    0.0000000000E+00    0.0000000000E+00    0.0000000000E+00    0.0000000000E+00    0.0000000000E+00    0.1348134159E-10    0.1348134159E-10    0.1000000000E+01
    7    0.9816666667E+01   -0.6966836119E+00    0.3483418059E+00    0.4545410364E+00    0.0000000000E+00    0.0000000000E+00    0.0000000000E+00    0.0000000000E+00    0.0000000000E+00    0.0000000000E+00    0.2974639426E-12    0.2974639426E-12    0.1000000000E+01
    1    0.1007500000E+02    0.1161139353E+00   -0.4644557413E+00    0.1910145589E+00    0.0000000000E+00    0.0000000000E+00    0.0000000000E+00    0.0000000000E+00    0.0000000000E+00    0.0000000000E+00    0.8558234136E-18    0.8558234707E-18    0.9999999333E+00
    2    0.1007500000E+02   -0.6966836119E+00    0.3483418059E+00    0.3559058106E+00    0.0000000000E+00    0.0000000000E+00    0.0000000000E+00    0.0000000000E+00    0.0000000000E+00    0.0000000000E+00    0.1796443725E-13    0.1796443725E-13    0.1000000000E+01
    3    0.1007500000E+02    0.1161139353E+00    0.3483418059E+00   -0.4005345783E+00    0.0000000000E+00    0.0000000000E+00    0.0000000000E+00    0.0000000000E+00    0.0000000000E+00    0.0000000000E+00    0.4676717586E-11    0.4676717586E-11    0.1000000000E+01
    4    0.1007500000E+02    0.1161139353E+00    0.3483418059E+00    0.5664578366E+00    0.0000000000E+00    0.0000000000E+00    0.0000000000E+00    0.0000000000E+00    0.0000000000E+00    0.0000000000E+00    0.4758923233E-11    0.4758923233E-11    0.1000000000E+01
    1    0.1033333333E+02   -0.6966836119E+00    0.3483418059E+00    0.2554045724E+00    0.0000000000E+00    0.0000000000E+00    0.0000000000E+00    0.0000000000E+00    0.0000000000E+00    0.0000000000E+00    0.2234767151E-12    0.2234767151E-12    0.9999999998E+00
    2    0.1033333333E+02    0.1161139353E+00   -0.4644557413E+00    0.1536422623E+00    0.0000000000E+00    0.0000000000E+00    0.0000000000E+00    0.0000000000E+00    0.0000000000E+00    0.0000000000E+00    0.3506267165E-14    0.3506307880E-14    0.9999883878E+00
    1    0.1059166667E+02   -0.6966836119E+00    0.3483418059E+00    0.1405315372E+00    0.0000000000E+00    0.0000000000E+00    0.0000000000E+00    0.0000000000E+00    0.0000000000E+00    0.0000000000E+00    0.1599186479E-11    0.1599186479E-11    0.1000000000E+01
    2    0.1059166667E+02    0.1161139353E+00   -0.4644557413E+00    0.1150353998E+00    0.0000000000E+00    0.0000000000E+00    0.0000000000E+00    0.0000000000E+00    0.0000000000E+00    0.0000000000E+00    0.9165438637E-14    0.9165438637E-14    0.1000000000E+01
    1    0.1085000000E+02   -0.6966836119E+00    0.3483418059E+00   -0.5211682441E+00    0.0000000000E+00    0.0000000000E+00    0.0000000000E+00    0.0000000000E+00    0.0000000000E+00    0.0000000000E+00    0.2552250617E-10    0.2552250617E-10    0.1000000000E+01
    2    0.1085000000E+02   -0.6966836119E+00    0.3483418059E+00    0.4220209844E+00    0.0000000000E+00    0.0000000000E+00    0.0000000000E+00    0.0000000000E+00    0.0000000000E+00    0.0000000000E+00    0.2570533459E-10    0.2570533459E-10    0.1000000000E+01
    3    0.1085000000E+02    0.1161139353E+00   -0.4644557413E+00    0.7490118502E-01    0.0000000000E+00    0.0000000000E+00    0.0000000000E+00    0.0000000000E+00    0.0000000000E+00    0.0000000000E+00    0.6887962547E-14    0.6887962547E-14    0.1000000000E+01
    1    0.1110833333E+02   -0.6966836119E+00   -0.4644557413E+00   -0.1519136347E+00    0.0000000000E+00    0.0000000000E+00    0.0000000000E+00    0.0000000000E+00    0.0000000000E+00    0.0000000000E+00    0.3070508835E-12    0.3070508835E-12    0.1000000000E+01
    2    0.1110833333E+02   -0.6966836119E+00    0.3483418059E+00    0.5290948197E+00    0.0000000000E+00    0.0000000000E+00    0.0000000000E+00    0.0000000000E+00    0.0000000000E+00    0.0000000000E+00    0.2243013669E-12    0.2243013669E-12    0.1000000000E+01
    3    0.1110833333E+02   -0.6966836119E+00    0.3483418059E+00    0.3090732972E+00    0.0000000000E+00    0.0000000000E+00    0.0000000000E+00    0.0000000000E+00    0.0000000000E+00    0.0000000000E+00    0.4005837408E-12    0.4005837408E-12    0.1000000000E+01
    4    0.1110833333E+02    0.1161139353E+00   -0.4644557413E+00    0.3284752902E-01    0.0000000000E+00    0.0000000000E+00    0.0000000000E+00    0.0000000000E+00    0.0000000000E+00    0.0000000000E+00    0.5419800306E-15    0.5419800306E-15    0.1000000000E+01
    1    0.1136666667E+02   -0.6966836119E+00   -0.4644557413E+00   -0.2585930780E+00    0.0000000000E+00    0.0000000000E+00    0.0000000000E+00    0.0000000000E+00    0.0000000000E+00    0.0000000000E+00    0.2019589039E-15    0.2019589039E-15    0.9999999998E+00
    2    0.1136666667E+02   -0.6966836119E+00    0.3483418059E+00    0.4643511049E+00    0.0000000000E+00    0.0000000000E+00    0.0000000000E+00    0.0000000000E+00    0.0000000000E+00    0.0000000000E+00    0.1201135247E-12    0.1201135247E-12    0.1000000000E+01
    3    0.1136666667E+02   -0.6966836119E+00    0.3483418059E+00    0.2161897564E+00    0.0000000000E+00    0.0000000000E+00    0.0000000000E+00    0.0000000000E+00    0.0000000000E+00    0.0000000000E+00    0.1927158480E-12    0.1927158480E-12    0.1000000000E+01
    4    0.1136666667E+02    0.1161139353E+00   -0.4644557413E+00   -0.1124906699E-01    0.0000000000E+00    0.0000000000E+00    0.0000000000E+00    0.0000000000E+00    0.0000000000E+00    0.0000000000E+00    0.7092055647E-13    0.7092055647E-13    0.1000000000E+01
    1    0.1162500000E+02   -0.6966836119E+00    0.3483418059E+00    0.4067804987E+00    0.0000000000E+00    0.0000000000E+00    0.0000000000E+00    0.0000000000E+00    0.0000000000E+00    0.0000000000E+00    0.6901376435E-13    0.6901376435E-13    0.1000000000E+01
    2    0.1162500000E+02    0.1161139353E+00    0.3483418059E+00   -0.4476674887E+00    0.0000000000E+00    0.0000000000E+00    0.0000000000E+00    0.0000000000E+00    0.0000000000E+00    0.0000000000E+00    0.1413447759E-12    0.1413447759E-12    0.1000000000E+01
    3    0.1162500000E+02   -0.6966836119E+00   -0.4644557413E+00   -0.3435587104E+00    0.0000000000E+00    0.0000000000E+00    0.0000000000E+00    0.0000000000E+00    0.0000000000E+00    0.0000000000E+00    0.6791625620E-14    0.6791625620E-14    0.1000000000E+01
    4    0.1162500000E+02    0.1161139353E+00   -0.4644557413E+00   -0.5885421620E-01    0.0000000000E+00    0.0000000000E+00    0.0000000000E+00    0.0000000000E+00    0.0000000000E+00    0.0000000000E+00    0.4508088004E-14    0.4508088004E-14    0.1000000000E+01
    5    0.1162500000E+02   -0.6966836119E+00    0.3483418059E+00    0.8408950282E-01    0.9289114825E+00    0.3483418059E+00    0.8408950282E-01   -0.6147820131E+01    0.4243281817E+00   -0.2849910947E+00    0.2559226096E-10    0.2559226096E-10    0.1000000000E+01
    1    0.1188333333E+02   -0.6966836119E+00    0.3483418059E+00    0.3510688045E+00    0.0000000000E+00    0.0000000000E+00    0.0000000000E+00    0.0000000000E+00    0.0000000000E+00    0.0000000000E+00    0.1458703802E-14    0.1458703802E-14    0.9999999999E+00
    2    0.1188333333E+02    0.1161139353E+00    0.3483418059E+00   -0.5679503471E+00    0.0000000000E+00    0.0000000000E+00    0.0000000000E+00    0.0000000000E+00    0.0000000000E+00    0.0000000000E+00    0.2617038023E-13    0.2617038023E-13    0.1000000000E+01
    3    0.1188333333E+02   -0.6966836119E+00   -0.4644557413E+00   -0.4186617180E+00    0.0000000000E+00    0.0000000000E+00    0.0000000000E+00    0.0000000000E+00    0.0000000000E+00    0.0000000000E+00    0.6766821728E-14    0.6766821728E-14    0.1000000000E+01
    4    0.1188333333E+02    0.1161139353E+00   -0.4644557413E+00   -0.1103135769E+00    0.0000000000E+00    0.0000000000E+00    0.0000000000E+00    0.0000000000E+00    0.0000000000E+00    0.0000000000E+00    0.1798724853E-13    0.1798724853E-13    0.1000000000E+01
    1    0.1214166667E+02    0.1161139353E+00   -0.4644557413E+00   -0.1672105689E+00    0.0000000000E+00    0.0000000000E+00    0.0000000000E+00    0.0000000000E+00    0.0000000000E+00    0.0000000000E+00    0.3986088055E-14    0.3986088055E-14    0.1000000000E+01
    2    0.1214166667E+02   -0.6966836119E+00    0.3483418059E+00    0.2944208913E+00    0.0000000000E+00    0.0000000000E+00    0.0000000000E+00    0.0000000000E+00    0.0000000000E+00    0.0000000000E+00    0.1306792223E-13    0.1306792223E-13    0.1000000000E+01
    3    0.1214166667E+02   -0.6966836119E+00   -0.4644557413E+00   -0.4888357140E+00    0.0000000000E+00    0.0000000000E+00    0.0000000000E+00    0.0000000000E+00    0.0000000000E+00    0.0000000000E+00    0.1309136298E-13    0.1309136298E-13    0.1000000000E+01
    4    0.1214166667E+02    0.1161139353E+00    0.3483418059E+00    0.4964661682E+00    0.0000000000E+00    0.0000000000E+00    0.0000000000E+00    0.0000000000E+00    0.0000000000E+00    0.0000000000E+00    0.3750139039E-14    0.3750139039E-14    0.1000000000E+01
    1    0.1240000000E+02    0.1161139353E+00   -0.4644557413E+00   -0.2316827941E+00    0.0000000000E+00    0.0000000000E+00    0.0000000000E+00    0.0000000000E+00    0.0000000000E+00    0.0000000000E+00    0.1163058000E-13    0.1163058000E-13    0.1000000000E+01
    2    0.1240000000E+02   -0.6966836119E+00   -0.4644557413E+00   -0.5579003395E+00    0.0000000000E+00    0.0000000000E+00    0.0000000000E+00    0.0000000000E+00    0.0000000000E+00    0.0000000000E+00    0.5651141868E-13    0.5651141868E-13    0.1000000000E+01
    3    0.1240000000E+02   -0.6966836119E+00    0.3483418059E+00    0.2342903239E+00    0.0000000000E+00    0.0000000000E+00    0.0000000000E+00    0.0000000000E+00    0.0000000000E+00    0.0000000000E+00    0.1489030457E-13    0.1489030457E-13    0.1000000000E+01
    4    0.1240000000E+02    0.1161139353E+00    0.3483418059E+00    0.4101439182E+00    0.0000000000E+00    0.0000000000E+00    0.0000000000E+00    0.0000000000E+00    0.0000000000E+00    0.0000000000E+00    0.5938585834E-14    0.5938585834E-14    0.1000000000E+01
    1    0.1265833333E+02    0.1161139353E+00   -0.4644557413E+00   -0.3062818025E+00    0.0000000000E+00    0.0000000000E+00    0.0000000000E+00    0.0000000000E+00    0.0000000000E+00    0.0000000000E+00    0.2537111890E-13    0.2537111890E-13    0.1000000000E+01
    2    0.1265833333E+02   -0.6966836119E+00   -0.4644557413E+00    0.5202679032E+00    0.0000000000E+00    0.0000000000E+00    0.0000000000E+00    0.0000000000E+00    0.0000000000E+00    0.0000000000E+00    0.3283187001E-14    0.3283187001E-14    0.1000000000E+01
    3    0.1265833333E+02   -0.6966836119E+00    0.3483418059E+00    0.1668111450E+00    0.0000000000E+00    0.0000000000E+00    0.0000000000E+00    0.0000000000E+00    0.0000000000E+00    0.0000000000E+00    0.2485172176E-13    0.2485172176E-13    0.1000000000E+01
    4    0.1265833333E+02    0.1161139353E+00    0.3483418059E+00    0.3053589524E+00    0.0000000000E+00    0.0000000000E+00    0.0000000000E+00    0.0000000000E+00    0.0000000000E+00    0.0000000000E+00    0.2564281523E-12    0.2564281523E-12    0.1000000000E+01
    1    0.1291666667E+02   -0.6966836119E+00   -0.4644557413E+00    0.4416422303E+00    0.0000000000E+00    0.0000000000E+00    0.0000000000E+00    0.0000000000E+00    0.0000000000E+00    0.0000000000E+00    0.3988259036E-15    0.3988259051E-15    0.9999999964E+00
    2    0.1291666667E+02    0.1161139353E+00   -0.4644557413E+00   -0.3912754376E+00    0.0000000000E+00    0.0000000000E+00    0.0000000000E+00    0.0000000000E+00    0.0000000000E+00    0.0000000000E+00    0.1867840479E-15    0.1867840479E-15    0.9999999999E+00
    3    0.1291666667E+02   -0.6966836119E+00    0.3483418059E+00    0.7965641539E-01    0.0000000000E+00    0.0000000000E+00    0.0000000000E+00    0.0000000000E+00    0.0000000000E+00    0.0000000000E+00    0.4343490869E-11    0.4343490869E-11    0.1000000000E+01
    1    0.1317500000E+02   -0.6966836119E+00   -0.4644557413E+00    0.3457302228E+00    0.0000000000E+00    0.0000000000E+00    0.0000000000E+00    0.0000000000E+00    0.0000000000E+00    0.0000000000E+00    0.1622879131E-13    0.1622879131E-13    0.1000000000E+01
    2    0.1317500000E+02    0.1161139353E+00   -0.4644557413E+00   -0.4803568662E+00    0.1161139353E+00   -0.4644557413E+00   -0.4803568662E+00   -0.1545852340E+01    0.3132935621E+01    0.3428595113E+01    0.1377686855E-14    0.1377686856E-14    0.9999999994E+00
    1    0.1343333333E+02    0.1161139353E+00   -0.4644557413E+00   -0.5663303379E+00    0.0000000000E+00    0.0000000000E+00    0.0000000000E+00    0.0000000000E+00    0.0000000000E+00    0.0000000000E+00    0.1145834858E-11    0.1145834858E-11    0.1000000000E+01
    2    0.1343333333E+02   -0.6966836119E+00    0.3483418059E+00   -0.4976246844E+00    0.0000000000E+00    0.0000000000E+00    0.0000000000E+00    0.0000000000E+00    0.0000000000E+00    0.0000000000E+00    0.4563347658E-11    0.4563347658E-11    0.1000000000E+01
    3    0.1343333333E+02   -0.6966836119E+00   -0.4644557413E+00    0.1712971638E+00   -0.6966836119E+00   -0.4644557413E+00    0.1712971638E+00    0.5709763275E+00    0.9670098109E+00    0.5274702365E+00    0.2177247310E-11    0.2177247310E-11    0.1000000000E+01
    4    0.1343333333E+02    0.1161139353E+00   -0.4644557413E+00   -0.2585203527E+00    0.0000000000E+00    0.0000000000E+00    0.0000000000E+00    0.0000000000E+00    0.0000000000E+00    0.0000000000E+00    0.5399791920E-11    0.5399791920E-11    0.1000000000E+01
    5    0.1343333333E+02   -0.6966836119E+00    0.3483418059E+00   -0.2301603378E+00    0.0000000000E+00    0.0000000000E+00    0.0000000000E+00    0.0000000000E+00    0.0000000000E+00    0.0000000000E+00    0.1257323414E-11    0.1257323414E-11    0.1000000000E+01
    6    0.1343333333E+02   -0.6966836119E+00   -0.4644557413E+00   -0.5150681164E-01   -0.6966836119E+00   -0.4644557413E+00   -0.5150681164E-01   -0.5402238753E-01    0.1483176198E+01    0.3975719538E+00    0.5136226675E-09    0.5136226675E-09    0.1000000000E+01
    1    0.1369166667E+02    0.1161139353E+00   -0.4644557413E+00    0.5023218635E+00    0.0000000000E+00    0.0000000000E+00    0.0000000000E+00    0.0000000000E+00    0.0000000000E+00    0.0000000000E+00    0.1161613215E-12    0.1161613215E-12    0.1000000000E+01
    2    0.1369166667E+02    0.1161139353E+00   -0.4644557413E+00   -0.4613480185E+00    0.0000000000E+00    0.0000000000E+00    0.0000000000E+00    0.0000000000E+00    0.0000000000E+00    0.0000000000E+00    0.7292283249E-12    0.7292283249E-12    0.1000000000E+01
    3    0.1369166667E+02   -0.6966836119E+00    0.3483418059E+00   -0.3689475971E+00    0.0000000000E+00    0.0000000000E+00    0.0000000000E+00    0.0000000000E+00    0.0000000000E+00    0.0000000000E+00    0.6187463419E-11    0.6187463419E-11    0.1000000000E+01
    4    0.1369166667E+02   -0.6966836119E+00    0.3483418059E+00   -0.2123459790E+00    0.0000000000E+00    0.0000000000E+00    0.0000000000E+00    0.0000000000E+00    0.0000000000E+00    0.0000000000E+00    0.6076209296E-11    0.6076209296E-11    0.1000000000E+01
    5    0.1369166667E+02   -0.6966836119E+00   -0.4644557413E+00   -0.2921172219E+00    0.0000000000E+00    0.0000000000E+00    0.0000000000E+00    0.0000000000E+00    0.0000000000E+00    0.0000000000E+00    0.2246543978E-11    0.2246543978E-11    0.1000000000E+01
    6    0.1369166667E+02    0.1161139353E+00   -0.4644557413E+00   -0.2813974860E+00    0.0000000000E+00    0.0000000000E+00    0.0000000000E+00    0.0000000000E+00    0.0000000000E+00    0.0000000000E+00    0.1487060719E-11    0.1487060719E-11    0.1000000000E+01
    7    0.1369166667E+02    0.1161139353E+00    0.3483418059E+00   -0.2556251132E+00    0.0000000000E+00    0.0000000000E+00    0.0000000000E+00    0.0000000000E+00    0.0000000000E+00    0.0000000000E+00    0.1385765438E-11    0.1385765438E-11    0.1000000000E+01
    1    0.1395000000E+02    0.1161139353E+00    0.3483418059E+00   -0.5122164250E-01    0.0000000000E+00    0.0000000000E+00    0.0000000000E+00    0.0000000000E+00    0.0000000000E+00    0.0000000000E+00    0.4581064396E-10    0.4581064396E-10    0.1000000000E+01
    2    0.1395000000E+02    0.1161139353E+00    0.3483418059E+00   -0.2014372222E+00    0.0000000000E+00    0.0000000000E+00    0.0000000000E+00    0.0000000000E+00    0.0000000000E+00    0.0000000000E+00    0.1076007333E-10    0.1076007333E-10    0.1000000000E+01
    3    0.1395000000E+02    0.1161139353E+00   -0.4644557413E+00    0.4224097275E+00    0.0000000000E+00    0.0000000000E+00    0.0000000000E+00    0.0000000000E+00    0.0000000000E+00    0.0000000000E+00    0.8590196563E-12    0.8590196563E-12    0.1000000000E+01
    4    0.1395000000E+02    0.1161139353E+00   -0.4644557413E+00    0.5467317946E+00    0.0000000000E+00    0.0000000000E+00    0.0000000000E+00    0.0000000000E+00    0.0000000000E+00    0.0000000000E+00    0.5258990868E-12    0.5258990868E-12    0.1000000000E+01
    5    0.1395000000E+02    0.1161139353E+00    0.3483418059E+00   -0.5308431109E+00    0.0000000000E+00    0.0000000000E+00    0.0000000000E+00    0.0000000000E+00    0.0000000000E+00    0.0000000000E+00    0.2320116846E-10    0.2320116846E-10    0.1000000000E+01
    6    0.1395000000E+02    0.1161139353E+00    0.3483418059E+00   -0.3862944575E+00    0.0000000000E+00    0.0000000000E+00    0.0000000000E+00    0.0000000000E+00    0.0000000000E+00    0.0000000000E+00    0.1851444959E-10    0.1851444959E-10    0.1000000000E+01
    7    0.1395000000E+02   -0.6966836119E+00   -0.4644557413E+00   -0.4716398516E+00    0.0000000000E+00    0.0000000000E+00    0.0000000000E+00    0.0000000000E+00    0.0000000000E+00    0.0000000000E+00    0.1578009909E-11    0.1578009909E-11    0.1000000000E+01
    8    0.1395000000E+02    0.1161139353E+00   -0.4644557413E+00   -0.4412322379E+00    0.0000000000E+00    0.0000000000E+00    0.0000000000E+00    0.0000000000E+00    0.0000000000E+00    0.0000000000E+00    0.1258385513E-11    0.1258385513E-11    0.1000000000E+01
    1    0.1420833333E+02   -0.6966836119E+00   -0.4644557413E+00   -0.9905267479E-01    0.0000000000E+00    0.0000000000E+00    0.0000000000E+00    0.0000000000E+00    0.0000000000E+00    0.0000000000E+00    0.3347303714E-09    0.3347303714E-09    0.1000000000E+01
    2    0.1420833333E+02    0.1161139353E+00   -0.4644557413E+00    0.5669293933E+00    0.0000000000E+00    0.0000000000E+00    0.0000000000E+00    0.0000000000E+00    0.0000000000E+00    0.0000000000E+00    0.2563284483E-11    0.2563284483E-11    0.1000000000E+01
    3    0.1420833333E+02    0.1161139353E+00   -0.4644557413E+00    0.4125273113E+00    0.0000000000E+00    0.0000000000E+00    0.0000000000E+00    0.0000000000E+00    0.0000000000E+00    0.0000000000E+00    0.2103901839E-12    0.2103901839E-12    0.1000000000E+01
    4    0.1420833333E+02    0.1161139353E+00   -0.4644557413E+00    0.3372833534E+00    0.1161139353E+00   -0.4644557413E+00    0.3372833534E+00   -0.7788512017E+00    0.7227334732E+00   -0.2010767365E+00    0.2255602809E-12    0.2255602809E-12    0.1000000000E+01
    5    0.1420833333E+02   -0.6966836119E+00   -0.4644557413E+00    0.3512434850E+00    0.0000000000E+00    0.0000000000E+00    0.0000000000E+00    0.0000000000E+00    0.0000000000E+00    0.0000000000E+00    0.2682830233E-09    0.2682830233E-09    0.1000000000E+01
    1    0.1446666667E+02    0.1161139353E+00   -0.4644557413E+00    0.4043871572E+00    0.0000000000E+00    0.0000000000E+00    0.0000000000E+00    0.0000000000E+00    0.0000000000E+00    0.0000000000E+00    0.5232204333E-12    0.5232204333E-12    0.1000000000E+01
    2    0.1446666667E+02    0.1161139353E+00   -0.4644557413E+00    0.2631891268E+00    0.0000000000E+00    0.0000000000E+00    0.0000000000E+00    0.0000000000E+00    0.0000000000E+00    0.0000000000E+00    0.1865277424E-11    0.1865277424E-11    0.1000000000E+01
    3    0.1446666667E+02    0.1161139353E+00   -0.4644557413E+00    0.2251149766E+00    0.0000000000E+00    0.0000000000E+00    0.0000000000E+00    0.0000000000E+00    0.0000000000E+00    0.0000000000E+00    0.1488664518E-11    0.1488664518E-11    0.1000000000E+01
    1    0.1472500000E+02    0.1161139353E+00   -0.4644557413E+00    0.1505710628E+00    0.0000000000E+00    0.0000000000E+00    0.0000000000E+00    0.0000000000E+00    0.0000000000E+00    0.0000000000E+00    0.7869128867E-10    0.7869128867E-10    0.1000000000E+01
    2    0.1472500000E+02    0.1161139353E+00   -0.4644557413E+00    0.8832537648E-01    0.0000000000E+00    0.0000000000E+00    0.0000000000E+00    0.0000000000E+00    0.0000000000E+00    0.0000000000E+00    0.5714681624E-10    0.5714681624E-10    0.1000000000E+01
