    1    0.1808333333E+01    0.0000000000E+00    0.5805696766E+00   -0.6985160501E-01    0.0000000000E+00    0.0000000000E+00    0.0000000000E+00    0.0000000000E+00    0.0000000000E+00    0.0000000000E+00    0.9999971510E+00    0.9999971510E+00    0.1000000000E+01
    1    0.2066666667E+01    0.0000000000E+00    0.5805696766E+00   -0.2015459857E+00    0.0000000000E+00    0.0000000000E+00    0.0000000000E+00    0.0000000000E+00    0.0000000000E+00    0.0000000000E+00    0.9999986553E+00    0.9999986553E+00    0.1000000000E+01
    1    0.2325000000E+01    0.0000000000E+00    0.5805696766E+00   -0.2887357586E+00    0.0000000000E+00    0.0000000000E+00    0.0000000000E+00    0.0000000000E+00    0.0000000000E+00    0.0000000000E+00    0.9999987459E+00    0.9999987459E+00    0.1000000000E+01
    2    0.2325000000E+01    0.0000000000E+00    0.5805696766E+00   -0.2757621280E+00    0.0000000000E+00    0.0000000000E+00    0.0000000000E+00    0.0000000000E+00    0.0000000000E+00    0.0000000000E+00    0.9999986364E+00    0.9999986364E+00    0.1000000000E+01
    3    0.2325000000E+01    0.0000000000E+00    0.5805696766E+00    0.1564621459E+00    0.0000000000E+00    0.0000000000E+00    0.0000000000E+00    0.0000000000E+00    0.0000000000E+00    0.0000000000E+00    0.9999984877E+00    0.9999984877E+00    0.1000000000E+01
    1    0.2583333333E+01    0.0000000000E+00   -0.2322278706E+00   -0.2618195716E+00    0.0000000000E+00    0.0000000000E+00    0.0000000000E+00    0.0000000000E+00    0.0000000000E+00    0.0000000000E+00    0.9999968180E+00    0.9999968180E+00    0.1000000000E+01
    2    0.2583333333E+01    0.0000000000E+00    0.5805696766E+00   -0.3665408540E+00    0.0000000000E+00    0.0000000000E+00    0.0000000000E+00    0.0000000000E+00    0.0000000000E+00    0.0000000000E+00    0.9999986949E+00    0.9999986949E+00    0.1000000000E+01
    3    0.2583333333E+01    0.0000000000E+00    0.5805696766E+00    0.8261979125E-01    0.0000000000E+00    0.0000000000E+00    0.0000000000E+00    0.0000000000E+00    0.0000000000E+00    0.0000000000E+00    0.9999988465E+00    0.9999988465E+00    0.1000000000E+01
    4    0.2583333333E+01    0.0000000000E+00    0.5805696766E+00   -0.3368390861E+00    0.0000000000E+00    0.0000000000E+00    0.0000000000E+00    0.0000000000E+00    0.0000000000E+00    0.0000000000E+00    0.9999991572E+00    0.9999991572E+00    0.1000000000E+01
    1    0.2841666667E+01    0.0000000000E+00    0.5805696766E+00   -0.4419404228E+00    0.0000000000E+00    0.0000000000E+00    0.0000000000E+00    0.0000000000E+00    0.0000000000E+00    0.0000000000E+00    0.9999985756E+00    0.9999985756E+00    0.1000000000E+01
    2    0.2841666667E+01    0.0000000000E+00   -0.2322278706E+00   -0.4117919685E+00    0.0000000000E+00    0.0000000000E+00    0.0000000000E+00    0.0000000000E+00    0.0000000000E+00    0.0000000000E+00    0.9999975929E+00    0.9999975929E+00    0.1000000000E+01
    3    0.2841666667E+01    0.0000000000E+00   -0.2322278706E+00    0.2263630020E+00    0.0000000000E+00    0.0000000000E+00    0.0000000000E+00    0.0000000000E+00    0.0000000000E+00    0.0000000000E+00    0.9999984344E+00    0.9999984344E+00    0.1000000000E+01
    4    0.2841666667E+01    0.0000000000E+00   -0.2322278706E+00   -0.3718691427E+00    0.0000000000E+00    0.0000000000E+00    0.0000000000E+00    0.0000000000E+00    0.0000000000E+00    0.0000000000E+00    0.9999984382E+00    0.9999984382E+00    0.1000000000E+01
    5    0.2841666667E+01    0.0000000000E+00    0.5805696766E+00   -0.3798127156E+00    0.0000000000E+00    0.0000000000E+00    0.0000000000E+00    0.0000000000E+00    0.0000000000E+00    0.0000000000E+00    0.9999992563E+00    0.9999992563E+00    0.1000000000E+01
    1    0.3100000000E+01    0.0000000000E+00   -0.2322278706E+00   -0.5280398227E+00    0.0000000000E+00    0.0000000000E+00    0.0000000000E+00    0.0000000000E+00    0.0000000000E+00    0.0000000000E+00    0.9999977850E+00    0.9999977850E+00    0.1000000000E+01
    2    0.3100000000E+01    0.0000000000E+00    0.5805696766E+00   -0.5185847469E+00    0.0000000000E+00    0.0000000000E+00    0.0000000000E+00    0.0000000000E+00    0.0000000000E+00    0.0000000000E+00    0.9999983871E+00    0.9999983871E+00    0.1000000000E+01
    3    0.3100000000E+01    0.0000000000E+00   -0.2322278706E+00    0.1628311005E+00    0.0000000000E+00    0.0000000000E+00    0.0000000000E+00    0.0000000000E+00    0.0000000000E+00    0.0000000000E+00    0.9999989157E+00    0.9999989157E+00    0.1000000000E+01
    4    0.3100000000E+01    0.0000000000E+00   -0.2322278706E+00   -0.4330805824E+00    0.0000000000E+00    0.0000000000E+00    0.0000000000E+00    0.0000000000E+00    0.0000000000E+00    0.0000000000E+00    0.9999989619E+00    0.9999989619E+00    0.1000000000E+01
    5    0.3100000000E+01    0.0000000000E+00    0.5805696766E+00   -0.4172144527E+00    0.0000000000E+00    0.0000000000E+00    0.0000000000E+00    0.0000000000E+00    0.0000000000E+00    0.0000000000E+00    0.9999992635E+00    0.9999992635E+00    0.1000000000E+01
    1    0.3358333333E+01    0.0000000000E+00   -0.2322278706E+00    0.5190633558E+00    0.0000000000E+00    0.0000000000E+00    0.0000000000E+00    0.0000000000E+00    0.0000000000E+00    0.0000000000E+00    0.9999977949E+00    0.9999977949E+00    0.1000000000E+01
    2    0.3358333333E+01    0.0000000000E+00    0.5805696766E+00    0.5524864895E+00    0.0000000000E+00    0.0000000000E+00    0.0000000000E+00    0.0000000000E+00    0.0000000000E+00    0.0000000000E+00    0.9999980466E+00    0.9999980466E+00    0.1000000000E+01
    3    0.3358333333E+01    0.0000000000E+00   -0.2322278706E+00    0.1123636992E+00    0.0000000000E+00    0.0000000000E+00    0.0000000000E+00    0.0000000000E+00    0.0000000000E+00    0.0000000000E+00    0.9999989127E+00    0.9999989127E+00    0.1000000000E+01
    4    0.3358333333E+01    0.0000000000E+00   -0.2322278706E+00   -0.4783777455E+00    0.0000000000E+00    0.0000000000E+00    0.0000000000E+00    0.0000000000E+00    0.0000000000E+00    0.0000000000E+00    0.9999990535E+00    0.9999990535E+00    0.1000000000E+01
    5    0.3358333333E+01    0.0000000000E+00    0.5805696766E+00   -0.4521255326E+00    0.0000000000E+00    0.0000000000E+00    0.0000000000E+00    0.0000000000E+00    0.0000000000E+00    0.0000000000E+00    0.9999992400E+00    0.9999992400E+00    0.1000000000E+01
    1    0.3616666667E+01    0.0000000000E+00   -0.2322278706E+00    0.4210106413E+00    0.0000000000E+00    0.0000000000E+00    0.0000000000E+00    0.0000000000E+00    0.0000000000E+00    0.0000000000E+00    0.9999976518E+00    0.9999976518E+00    0.1000000000E+01
    2    0.3616666667E+01    0.0000000000E+00    0.5805696766E+00    0.4640099582E+00    0.0000000000E+00    0.0000000000E+00    0.0000000000E+00    0.0000000000E+00    0.0000000000E+00    0.0000000000E+00    0.9999977782E+00    0.9999977782E+00    0.1000000000E+01
    3    0.3616666667E+01    0.0000000000E+00   -0.2322278706E+00    0.5800612984E-01    0.0000000000E+00    0.0000000000E+00    0.0000000000E+00    0.0000000000E+00    0.0000000000E+00    0.0000000000E+00    0.9999984694E+00    0.9999984694E+00    0.1000000000E+01
    4    0.3616666667E+01    0.0000000000E+00   -0.2322278706E+00   -0.5182933039E+00    0.0000000000E+00    0.0000000000E+00    0.0000000000E+00    0.0000000000E+00    0.0000000000E+00    0.0000000000E+00    0.9999990446E+00    0.9999990446E+00    0.1000000000E+01
    5    0.3616666667E+01    0.0000000000E+00    0.5805696766E+00   -0.4859577851E+00    0.0000000000E+00    0.0000000000E+00    0.0000000000E+00    0.0000000000E+00    0.0000000000E+00    0.0000000000E+00    0.9999991966E+00    0.9999991966E+00    0.1000000000E+01
    1    0.3875000000E+01    0.0000000000E+00   -0.2322278706E+00    0.3193727441E+00    0.0000000000E+00    0.0000000000E+00    0.0000000000E+00    0.0000000000E+00    0.0000000000E+00    0.0000000000E+00    0.9999972540E+00    0.9999972540E+00    0.1000000000E+01
    2    0.3875000000E+01    0.0000000000E+00    0.5805696766E+00    0.3630507091E+00    0.0000000000E+00    0.0000000000E+00    0.0000000000E+00    0.0000000000E+00    0.0000000000E+00    0.0000000000E+00    0.9999971518E+00    0.9999971518E+00    0.1000000000E+01
    3    0.3875000000E+01    0.0000000000E+00    0.5805696766E+00   -0.5196002189E+00    0.0000000000E+00    0.0000000000E+00    0.0000000000E+00    0.0000000000E+00    0.0000000000E+00    0.0000000000E+00    0.9999991353E+00    0.9999991353E+00    0.1000000000E+01
    4    0.3875000000E+01    0.0000000000E+00   -0.2322278706E+00   -0.5558769294E+00    0.0000000000E+00    0.0000000000E+00    0.0000000000E+00    0.0000000000E+00    0.0000000000E+00    0.0000000000E+00    0.9999990489E+00    0.9999990489E+00    0.1000000000E+01
    1    0.4133333333E+01    0.8127975472E+00    0.5805696766E+00   -0.5048047637E+00    0.8127975472E+00    0.5805696766E+00   -0.5048047637E+00    0.0000000000E+00    0.0000000000E+00    0.0000000000E+00    0.9999953770E+00    0.9999953770E+00    0.1000000000E+01
    2    0.4133333333E+01    0.0000000000E+00   -0.2322278706E+00    0.1973102428E+00    0.0000000000E+00    0.0000000000E+00    0.0000000000E+00    0.0000000000E+00    0.0000000000E+00    0.0000000000E+00    0.9999959870E+00    0.9999959870E+00    0.1000000000E+01
    3    0.4133333333E+01    0.0000000000E+00    0.5805696766E+00    0.2315044880E+00    0.0000000000E+00    0.0000000000E+00    0.0000000000E+00    0.0000000000E+00    0.0000000000E+00    0.0000000000E+00    0.9999955474E+00    0.9999955474E+00    0.1000000000E+01
    4    0.4133333333E+01    0.8127975472E+00    0.5805696766E+00    0.2170599095E+00    0.8127975472E+00    0.5805696766E+00    0.2170599095E+00    0.0000000000E+00    0.0000000000E+00    0.0000000000E+00    0.9999972022E+00    0.9999972022E+00    0.1000000000E+01
    5    0.4133333333E+01    0.8127975472E+00    0.5805696766E+00   -0.5335221695E+00    0.8127975472E+00    0.5805696766E+00   -0.5335221695E+00    0.0000000000E+00    0.0000000000E+00    0.0000000000E+00    0.9999934308E+00    0.9999934308E+00    0.1000000000E+01
    6    0.4133333333E+01    0.0000000000E+00    0.5805696766E+00   -0.5537943718E+00    0.0000000000E+00    0.0000000000E+00    0.0000000000E+00    0.0000000000E+00    0.0000000000E+00    0.0000000000E+00    0.9999990525E+00    0.9999990525E+00    0.1000000000E+01
    7    0.4133333333E+01    0.0000000000E+00   -0.2322278706E+00    0.5576401886E+00    0.0000000000E+00    0.0000000000E+00    0.0000000000E+00    0.0000000000E+00    0.0000000000E+00    0.0000000000E+00    0.9999989981E+00    0.9999989981E+00    0.1000000000E+01
    8    0.4133333333E+01    0.8127975472E+00    0.5805696766E+00    0.2079714687E+00    0.8127975472E+00    0.5805696766E+00    0.2079714687E+00    0.0000000000E+00    0.0000000000E+00    0.0000000000E+00    0.9999972665E+00    0.9999972665E+00    0.1000000000E+01
    1    0.4391666667E+01    0.8127975472E+00   -0.2322278706E+00   -0.3891114574E+00    0.8127975472E+00   -0.2322278706E+00   -0.3891114574E+00    0.0000000000E+00    0.0000000000E+00    0.0000000000E+00    0.9999966729E+00    0.9999966729E+00    0.1000000000E+01
    2    0.4391666667E+01    0.8127975472E+00    0.5805696766E+00    0.1357135800E+00    0.8127975472E+00    0.5805696766E+00    0.1357135800E+00    0.0000000000E+00    0.0000000000E+00    0.0000000000E+00    0.9999979698E+00    0.9999979698E+00    0.1000000000E+01
    3    0.4391666667E+01    0.8127975472E+00   -0.2322278706E+00    0.1283626596E+00    0.8127975472E+00   -0.2322278706E+00    0.1283626596E+00    0.0000000000E+00    0.0000000000E+00    0.0000000000E+00    0.9999968775E+00    0.9999968775E+00    0.1000000000E+01
    4    0.4391666667E+01    0.8127975472E+00   -0.2322278706E+00   -0.4013097569E+00    0.8127975472E+00   -0.2322278706E+00   -0.4013097569E+00    0.0000000000E+00    0.0000000000E+00    0.0000000000E+00    0.9999968514E+00    0.9999968514E+00    0.1000000000E+01
    5    0.4391666667E+01    0.0000000000E+00    0.5805696766E+00   -0.5363675252E-01    0.0000000000E+00    0.0000000000E+00    0.0000000000E+00    0.0000000000E+00    0.0000000000E+00    0.0000000000E+00    0.9999983416E+00    0.9999983416E+00    0.1000000000E+01
    6    0.4391666667E+01    0.0000000000E+00    0.5805696766E+00    0.5603073710E+00    0.0000000000E+00    0.0000000000E+00    0.0000000000E+00    0.0000000000E+00    0.0000000000E+00    0.0000000000E+00    0.9999988856E+00    0.9999988856E+00    0.1000000000E+01
    7    0.4391666667E+01    0.0000000000E+00   -0.2322278706E+00    0.5211660489E+00    0.0000000000E+00    0.0000000000E+00    0.0000000000E+00    0.0000000000E+00    0.0000000000E+00    0.0000000000E+00    0.9999989410E+00    0.9999989410E+00    0.1000000000E+01
    8    0.4391666667E+01    0.8127975472E+00   -0.2322278706E+00    0.1189640387E+00    0.8127975472E+00   -0.2322278706E+00    0.1189640387E+00    0.0000000000E+00    0.0000000000E+00    0.0000000000E+00    0.9999970853E+00    0.9999970853E+00    0.1000000000E+01
    9    0.4391666667E+01    0.8127975472E+00    0.5805696766E+00    0.1303380306E+00    0.8127975472E+00    0.5805696766E+00    0.1303380306E+00    0.0000000000E+00    0.0000000000E+00    0.0000000000E+00    0.9999980270E+00    0.9999980270E+00    0.1000000000E+01
    1    0.4650000000E+01    0.8127975472E+00   -0.2322278706E+00   -0.4923068228E+00    0.8127975472E+00   -0.2322278706E+00   -0.4923068228E+00    0.0000000000E+00    0.0000000000E+00    0.0000000000E+00    0.9999967394E+00    0.9999967394E+00    0.1000000000E+01
    2    0.4650000000E+01    0.8127975472E+00    0.5805696766E+00    0.6920491247E-01    0.8127975472E+00    0.5805696766E+00    0.6920491247E-01    0.0000000000E+00    0.0000000000E+00    0.0000000000E+00    0.9999979816E+00    0.9999979816E+00    0.1000000000E+01
    3    0.4650000000E+01    0.8127975472E+00   -0.2322278706E+00    0.4359838422E-01    0.8127975472E+00   -0.2322278706E+00    0.4359838422E-01    0.0000000000E+00    0.0000000000E+00    0.0000000000E+00    0.9999977212E+00    0.9999977212E+00    0.1000000000E+01
    4    0.4650000000E+01    0.8127975472E+00   -0.2322278706E+00   -0.5054769934E+00    0.8127975472E+00   -0.2322278706E+00   -0.5054769934E+00    0.0000000000E+00    0.0000000000E+00    0.0000000000E+00    0.9999963799E+00    0.9999963799E+00    0.1000000000E+01
    5    0.4650000000E+01    0.0000000000E+00    0.5805696766E+00    0.5225253258E+00    0.0000000000E+00    0.0000000000E+00    0.0000000000E+00    0.0000000000E+00    0.0000000000E+00    0.0000000000E+00    0.9999987452E+00    0.9999987452E+00    0.1000000000E+01
    6    0.4650000000E+01    0.0000000000E+00   -0.2322278706E+00    0.4841447092E+00    0.0000000000E+00    0.0000000000E+00    0.0000000000E+00    0.0000000000E+00    0.0000000000E+00    0.0000000000E+00    0.9999988474E+00    0.9999988474E+00    0.1000000000E+01
    7    0.4650000000E+01    0.0000000000E+00    0.5805696766E+00   -0.1007072781E+00    0.0000000000E+00    0.0000000000E+00    0.0000000000E+00    0.0000000000E+00    0.0000000000E+00    0.0000000000E+00    0.9999988032E+00    0.9999988032E+00    0.1000000000E+01
    8    0.4650000000E+01    0.8127975472E+00    0.5805696766E+00    0.6519059310E-01    0.8127975472E+00    0.5805696766E+00    0.6519059310E-01    0.0000000000E+00    0.0000000000E+00    0.0000000000E+00    0.9999980076E+00    0.9999980076E+00    0.1000000000E+01
    9    0.4650000000E+01    0.8127975472E+00   -0.2322278706E+00    0.3785606573E-01    0.8127975472E+00   -0.2322278706E+00    0.3785606573E-01    0.0000000000E+00    0.0000000000E+00    0.0000000000E+00    0.9999977754E+00    0.9999977754E+00    0.1000000000E+01
    1    0.4908333333E+01    0.8127975472E+00   -0.2322278706E+00   -0.2252736826E-01    0.8127975472E+00   -0.2322278706E+00   -0.2252736826E-01    0.0000000000E+00    0.0000000000E+00    0.0000000000E+00    0.9999979813E+00    0.9999979813E+00    0.1000000000E+01
    2    0.4908333333E+01    0.0000000000E+00    0.5805696766E+00   -0.1389072725E+00    0.0000000000E+00    0.0000000000E+00    0.0000000000E+00    0.0000000000E+00    0.0000000000E+00    0.0000000000E+00    0.9999987876E+00    0.9999987876E+00    0.1000000000E+01
    3    0.4908333333E+01    0.0000000000E+00   -0.2322278706E+00    0.4456210367E+00    0.0000000000E+00    0.0000000000E+00    0.0000000000E+00    0.0000000000E+00    0.0000000000E+00    0.0000000000E+00    0.9999987192E+00    0.9999987192E+00    0.1000000000E+01
    4    0.4908333333E+01    0.0000000000E+00    0.5805696766E+00    0.4809494928E+00    0.0000000000E+00    0.0000000000E+00    0.0000000000E+00    0.0000000000E+00    0.0000000000E+00    0.0000000000E+00    0.9999986016E+00    0.9999986016E+00    0.1000000000E+01
    5    0.4908333333E+01    0.8127975472E+00   -0.2322278706E+00   -0.2691014686E-01    0.8127975472E+00   -0.2322278706E+00   -0.2691014686E-01    0.0000000000E+00    0.0000000000E+00    0.0000000000E+00    0.9999980087E+00    0.9999980087E+00    0.1000000000E+01
    1    0.5166666667E+01    0.8127975472E+00    0.5805696766E+00    0.4893534971E+00    0.8127975472E+00    0.5805696766E+00    0.4893534971E+00    0.0000000000E+00    0.0000000000E+00    0.0000000000E+00    0.9999967122E+00    0.9999967122E+00    0.1000000000E+01
    2    0.5166666667E+01    0.8127975472E+00    0.5805696766E+00   -0.2268137992E-01    0.8127975472E+00    0.5805696766E+00   -0.2268137992E-01    0.0000000000E+00    0.0000000000E+00    0.0000000000E+00    0.9999963388E+00    0.9999963388E+00    0.1000000000E+01
    3    0.5166666667E+01    0.8127975472E+00   -0.2322278706E+00   -0.8327606999E-01    0.8127975472E+00   -0.2322278706E+00   -0.8327606999E-01    0.0000000000E+00    0.0000000000E+00    0.0000000000E+00    0.9999979580E+00    0.9999979580E+00    0.1000000000E+01
    4    0.5166666667E+01    0.8127975472E+00    0.5805696766E+00    0.4877810432E+00    0.8127975472E+00    0.5805696766E+00    0.4877810432E+00    0.0000000000E+00    0.0000000000E+00    0.0000000000E+00    0.9999966931E+00    0.9999966931E+00    0.1000000000E+01
    5    0.5166666667E+01    0.0000000000E+00    0.5805696766E+00    0.4325857914E+00    0.0000000000E+00    0.0000000000E+00    0.0000000000E+00    0.0000000000E+00    0.0000000000E+00    0.0000000000E+00    0.9999981752E+00    0.9999981752E+00    0.1000000000E+01
    6    0.5166666667E+01    0.0000000000E+00   -0.2322278706E+00    0.4044570387E+00    0.0000000000E+00    0.0000000000E+00    0.0000000000E+00    0.0000000000E+00    0.0000000000E+00    0.0000000000E+00    0.9999985372E+00    0.9999985372E+00    0.1000000000E+01
    7    0.5166666667E+01    0.0000000000E+00    0.5805696766E+00   -0.1745284648E+00    0.0000000000E+00    0.0000000000E+00    0.0000000000E+00    0.0000000000E+00    0.0000000000E+00    0.0000000000E+00    0.9999988129E+00    0.9999988129E+00    0.1000000000E+01
    8    0.5166666667E+01    0.8127975472E+00   -0.2322278706E+00   -0.8701418616E-01    0.8127975472E+00   -0.2322278706E+00   -0.8701418616E-01    0.0000000000E+00    0.0000000000E+00    0.0000000000E+00    0.9999979738E+00    0.9999979738E+00    0.1000000000E+01
    9    0.5166666667E+01    0.8127975472E+00    0.5805696766E+00   -0.2993018509E-01    0.8127975472E+00    0.5805696766E+00   -0.2993018509E-01    0.0000000000E+00    0.0000000000E+00    0.0000000000E+00    0.9999969940E+00    0.9999969940E+00    0.1000000000E+01
    1    0.5425000000E+01    0.8127975472E+00    0.5805696766E+00    0.4018058645E+00    0.8127975472E+00    0.5805696766E+00    0.4018058645E+00    0.0000000000E+00    0.0000000000E+00    0.0000000000E+00    0.9999968088E+00    0.9999968088E+00    0.1000000000E+01
    2    0.5425000000E+01    0.8127975472E+00   -0.2322278706E+00   -0.1444522422E+00    0.8127975472E+00   -0.2322278706E+00   -0.1444522422E+00    0.0000000000E+00    0.0000000000E+00    0.0000000000E+00    0.9999977342E+00    0.9999977342E+00    0.1000000000E+01
    3    0.5425000000E+01    0.8127975472E+00    0.5805696766E+00   -0.1017050922E+00    0.8127975472E+00    0.5805696766E+00   -0.1017050922E+00    0.0000000000E+00    0.0000000000E+00    0.0000000000E+00    0.9999971447E+00    0.9999971447E+00    0.1000000000E+01
    4    0.5425000000E+01    0.8127975472E+00    0.5805696766E+00    0.3993969878E+00    0.8127975472E+00    0.5805696766E+00    0.3993969878E+00    0.0000000000E+00    0.0000000000E+00    0.0000000000E+00    0.9999967869E+00    0.9999967869E+00    0.1000000000E+01
    5    0.5425000000E+01    0.0000000000E+00   -0.2322278706E+00    0.3588172979E+00    0.0000000000E+00    0.0000000000E+00    0.0000000000E+00    0.0000000000E+00    0.0000000000E+00    0.0000000000E+00    0.9999982562E+00    0.9999982562E+00    0.1000000000E+01
    6    0.5425000000E+01    0.0000000000E+00    0.5805696766E+00    0.3698895296E+00    0.0000000000E+00    0.0000000000E+00    0.0000000000E+00    0.0000000000E+00    0.0000000000E+00    0.0000000000E+00    0.9999973023E+00    0.9999973023E+00    0.1000000000E+01
    7    0.5425000000E+01    0.0000000000E+00    0.5805696766E+00   -0.2092945463E+00    0.0000000000E+00    0.0000000000E+00    0.0000000000E+00    0.0000000000E+00    0.0000000000E+00    0.0000000000E+00    0.9999987555E+00    0.9999987555E+00    0.1000000000E+01
    8    0.5425000000E+01    0.8127975472E+00   -0.2322278706E+00   -0.1478881617E+00    0.8127975472E+00   -0.2322278706E+00   -0.1478881617E+00    0.0000000000E+00    0.0000000000E+00    0.0000000000E+00    0.9999977387E+00    0.9999977387E+00    0.1000000000E+01
    9    0.5425000000E+01    0.8127975472E+00    0.5805696766E+00   -0.1059228443E+00    0.8127975472E+00    0.5805696766E+00   -0.1059228443E+00    0.0000000000E+00    0.0000000000E+00    0.0000000000E+00    0.9999971190E+00    0.9999971190E+00    0.1000000000E+01
    1    0.5683333333E+01    0.8127975472E+00   -0.2322278706E+00    0.5372926336E+00    0.8127975472E+00   -0.2322278706E+00    0.5372926336E+00    0.0000000000E+00    0.0000000000E+00    0.0000000000E+00    0.9999919422E+00    0.9999919422E+00    0.1000000000E+01
    2    0.5683333333E+01    0.8127975472E+00   -0.2322278706E+00   -0.2140412638E+00    0.8127975472E+00   -0.2322278706E+00   -0.2140412638E+00    0.0000000000E+00    0.0000000000E+00    0.0000000000E+00    0.9999968250E+00    0.9999968250E+00    0.1000000000E+01
    3    0.5683333333E+01    0.8127975472E+00    0.5805696766E+00   -0.2385433597E+00    0.8127975472E+00    0.5805696766E+00   -0.2385433597E+00    0.0000000000E+00    0.0000000000E+00    0.0000000000E+00    0.9999592893E+00    0.9999592893E+00    0.1000000000E+01
    4    0.5683333333E+01    0.8127975472E+00    0.5805696766E+00    0.2569997170E+00    0.8127975472E+00    0.5805696766E+00    0.2569997170E+00    0.0000000000E+00    0.0000000000E+00    0.0000000000E+00    0.9999598065E+00    0.9999598065E+00    0.1000000000E+01
    5    0.5683333333E+01    0.0000000000E+00   -0.2322278706E+00   -0.7883583246E-01    0.0000000000E+00    0.0000000000E+00    0.0000000000E+00    0.0000000000E+00    0.0000000000E+00    0.0000000000E+00    0.9999982586E+00    0.9999982586E+00    0.1000000000E+01
    6    0.5683333333E+01    0.8127975472E+00   -0.2322278706E+00    0.5343624736E+00    0.8127975472E+00   -0.2322278706E+00    0.5343624736E+00    0.0000000000E+00    0.0000000000E+00    0.0000000000E+00    0.9999923123E+00    0.9999923123E+00    0.1000000000E+01
    7    0.5683333333E+01    0.0000000000E+00   -0.2322278706E+00    0.3050243151E+00    0.0000000000E+00    0.0000000000E+00    0.0000000000E+00    0.0000000000E+00    0.0000000000E+00    0.0000000000E+00    0.9999977595E+00    0.9999977595E+00    0.1000000000E+01
    8    0.5683333333E+01    0.0000000000E+00    0.5805696766E+00    0.2521886661E+00    0.0000000000E+00    0.0000000000E+00    0.0000000000E+00    0.0000000000E+00    0.0000000000E+00    0.0000000000E+00    0.9999914834E+00    0.9999914834E+00    0.1000000000E+01
    9    0.5683333333E+01    0.8127975472E+00   -0.2322278706E+00   -0.2176702356E+00    0.8127975472E+00   -0.2322278706E+00   -0.2176702356E+00    0.0000000000E+00    0.0000000000E+00    0.0000000000E+00    0.9999967336E+00    0.9999967336E+00    0.1000000000E+01
   10    0.5683333333E+01    0.0000000000E+00    0.5805696766E+00   -0.2440760342E+00    0.0000000000E+00    0.0000000000E+00    0.0000000000E+00    0.0000000000E+00    0.0000000000E+00    0.0000000000E+00    0.9999985874E+00    0.9999985874E+00    0.1000000000E+01
    1    0.5941666667E+01    0.0000000000E+00   -0.2322278706E+00    0.2329478711E+00    0.0000000000E+00    0.0000000000E+00    0.0000000000E+00    0.0000000000E+00    0.0000000000E+00    0.0000000000E+00    0.9999965255E+00    0.9999965255E+00    0.1000000000E+01
    2    0.5941666667E+01    0.0000000000E+00   -0.2322278706E+00   -0.1202107087E+00    0.0000000000E+00    0.0000000000E+00    0.0000000000E+00    0.0000000000E+00    0.0000000000E+00    0.0000000000E+00    0.9999984715E+00    0.9999984715E+00    0.1000000000E+01
    3    0.5941666667E+01    0.0000000000E+00    0.5805696766E+00   -0.2792108375E+00    0.0000000000E+00    0.0000000000E+00    0.0000000000E+00    0.0000000000E+00    0.0000000000E+00    0.0000000000E+00    0.9999986095E+00    0.9999986095E+00    0.1000000000E+01
    1    0.6200000000E+01    0.0000000000E+00   -0.2322278706E+00    0.6440041197E-01    0.0000000000E+00    0.0000000000E+00    0.0000000000E+00    0.0000000000E+00    0.0000000000E+00    0.0000000000E+00    0.9999788786E+00    0.9999788786E+00    0.1000000000E+01
    2    0.6200000000E+01    0.0000000000E+00    0.5805696766E+00   -0.3152908017E+00    0.0000000000E+00    0.0000000000E+00    0.0000000000E+00    0.0000000000E+00    0.0000000000E+00    0.0000000000E+00    0.9999985058E+00    0.9999985058E+00    0.1000000000E+01
    3    0.6200000000E+01    0.0000000000E+00   -0.2322278706E+00   -0.1569820474E+00    0.0000000000E+00    0.0000000000E+00    0.0000000000E+00    0.0000000000E+00    0.0000000000E+00    0.0000000000E+00    0.9999985148E+00    0.9999985148E+00    0.1000000000E+01
    1    0.6458333333E+01    0.0000000000E+00   -0.2322278706E+00   -0.1923764016E+00    0.0000000000E+00    0.0000000000E+00    0.0000000000E+00    0.0000000000E+00    0.0000000000E+00    0.0000000000E+00    0.9999985076E+00    0.9999985076E+00    0.1000000000E+01
    2    0.6458333333E+01    0.0000000000E+00    0.5805696766E+00   -0.3526285031E+00    0.0000000000E+00    0.0000000000E+00    0.0000000000E+00    0.0000000000E+00    0.0000000000E+00    0.0000000000E+00    0.9999983824E+00    0.9999983824E+00    0.1000000000E+01
    1    0.6716666667E+01    0.0000000000E+00   -0.2322278706E+00   -0.2275721467E+00    0.0000000000E+00    0.0000000000E+00    0.0000000000E+00    0.0000000000E+00    0.0000000000E+00    0.0000000000E+00    0.9999984384E+00    0.9999984384E+00    0.1000000000E+01
    2    0.6716666667E+01    0.0000000000E+00    0.5805696766E+00   -0.3916083003E+00    0.0000000000E+00    0.0000000000E+00    0.0000000000E+00    0.0000000000E+00    0.0000000000E+00    0.0000000000E+00    0.9999982367E+00    0.9999982367E+00    0.1000000000E+01
    1    0.6975000000E+01    0.0000000000E+00   -0.2322278706E+00   -0.2633169667E+00    0.0000000000E+00    0.0000000000E+00    0.0000000000E+00    0.0000000000E+00    0.0000000000E+00    0.0000000000E+00    0.9999983394E+00    0.9999983394E+00    0.1000000000E+01
    2    0.6975000000E+01    0.0000000000E+00    0.5805696766E+00   -0.4326375809E+00    0.0000000000E+00    0.0000000000E+00    0.0000000000E+00    0.0000000000E+00    0.0000000000E+00    0.0000000000E+00    0.9999980656E+00    0.9999980656E+00    0.1000000000E+01
    1    0.7233333333E+01    0.0000000000E+00   -0.2322278706E+00   -0.3002054341E+00    0.0000000000E+00    0.0000000000E+00    0.0000000000E+00    0.0000000000E+00    0.0000000000E+00    0.0000000000E+00    0.9999982100E+00    0.9999982100E+00    0.1000000000E+01
    2    0.7233333333E+01    0.0000000000E+00    0.5805696766E+00   -0.4761337485E+00    0.0000000000E+00    0.0000000000E+00    0.0000000000E+00    0.0000000000E+00    0.0000000000E+00    0.0000000000E+00    0.9999978675E+00    0.9999978675E+00    0.1000000000E+01
    1    0.7491666667E+01    0.0000000000E+00   -0.2322278706E+00   -0.3388438758E+00    0.0000000000E+00    0.0000000000E+00    0.0000000000E+00    0.0000000000E+00    0.0000000000E+00    0.0000000000E+00    0.9999980436E+00    0.9999980436E+00    0.1000000000E+01
    2    0.7491666667E+01    0.0000000000E+00    0.5805696766E+00   -0.5224512273E+00    0.0000000000E+00    0.0000000000E+00    0.0000000000E+00    0.0000000000E+00    0.0000000000E+00    0.0000000000E+00    0.9999976470E+00    0.9999976470E+00    0.1000000000E+01
    1    0.7750000000E+01    0.0000000000E+00    0.5805696766E+00   -0.5717036928E+00    0.0000000000E+00    0.0000000000E+00    0.0000000000E+00    0.0000000000E+00    0.0000000000E+00    0.0000000000E+00    0.9999974128E+00    0.9999974128E+00    0.1000000000E+01
    2    0.7750000000E+01    0.0000000000E+00   -0.2322278706E+00   -0.3799678254E+00    0.0000000000E+00    0.0000000000E+00    0.0000000000E+00    0.0000000000E+00    0.0000000000E+00    0.0000000000E+00    0.9999978272E+00    0.9999978272E+00    0.1000000000E+01
    1    0.8008333333E+01    0.0000000000E+00   -0.2322278706E+00   -0.4245921486E+00    0.0000000000E+00    0.0000000000E+00    0.0000000000E+00    0.0000000000E+00    0.0000000000E+00    0.0000000000E+00    0.9999975363E+00    0.9999975363E+00    0.1000000000E+01
    2    0.8008333333E+01    0.0000000000E+00    0.5805696766E+00    0.5260856322E+00    0.0000000000E+00    0.0000000000E+00    0.0000000000E+00    0.0000000000E+00    0.0000000000E+00    0.0000000000E+00    0.9999972351E+00    0.9999972351E+00    0.1000000000E+01
    1    0.8266666667E+01    0.0000000000E+00   -0.2322278706E+00   -0.4742777890E+00    0.0000000000E+00    0.0000000000E+00    0.0000000000E+00    0.0000000000E+00    0.0000000000E+00    0.0000000000E+00    0.9999971236E+00    0.9999971236E+00    0.1000000000E+01
    2    0.8266666667E+01    0.0000000000E+00    0.5805696766E+00    0.4732384133E+00    0.0000000000E+00    0.0000000000E+00    0.0000000000E+00    0.0000000000E+00    0.0000000000E+00    0.0000000000E+00    0.9999971314E+00    0.9999971314E+00    0.1000000000E+01
    1    0.8525000000E+01    0.0000000000E+00   -0.2322278706E+00   -0.5317022198E+00    0.0000000000E+00    0.0000000000E+00    0.0000000000E+00    0.0000000000E+00    0.0000000000E+00    0.0000000000E+00    0.9999964896E+00    0.9999964896E+00    0.1000000000E+01
    2    0.8525000000E+01    0.0000000000E+00    0.5805696766E+00    0.4210224301E+00    0.0000000000E+00    0.0000000000E+00    0.0000000000E+00    0.0000000000E+00    0.0000000000E+00    0.0000000000E+00    0.9999971236E+00    0.9999971236E+00    0.1000000000E+01
    1    0.8783333333E+01    0.0000000000E+00   -0.2322278706E+00    0.5474644399E+00    0.0000000000E+00    0.0000000000E+00    0.0000000000E+00    0.0000000000E+00    0.0000000000E+00    0.0000000000E+00    0.9999954064E+00    0.9999954064E+00    0.1000000000E+01
    2    0.8783333333E+01    0.0000000000E+00    0.5805696766E+00    0.3708052745E+00    0.0000000000E+00    0.0000000000E+00    0.0000000000E+00    0.0000000000E+00    0.0000000000E+00    0.0000000000E+00    0.9999971731E+00    0.9999971731E+00    0.1000000000E+01
    1    0.9041666667E+01    0.8127975472E+00    0.5805696766E+00   -0.2366661815E+00    0.8127975472E+00    0.5805696766E+00   -0.2366661815E+00    0.0000000000E+00    0.0000000000E+00    0.0000000000E+00    0.9999929817E+00    0.9999929817E+00    0.1000000000E+01
    2    0.9041666667E+01    0.8127975472E+00    0.5805696766E+00   -0.2416257676E+00    0.8127975472E+00    0.5805696766E+00   -0.2416257676E+00    0.0000000000E+00    0.0000000000E+00    0.0000000000E+00    0.9999932363E+00    0.9999932363E+00    0.1000000000E+01
    3    0.9041666667E+01    0.0000000000E+00   -0.2322278706E+00    0.4541233001E+00    0.0000000000E+00    0.0000000000E+00    0.0000000000E+00    0.0000000000E+00    0.0000000000E+00    0.0000000000E+00    0.9999935221E+00    0.9999935221E+00    0.1000000000E+01
    4    0.9041666667E+01    0.0000000000E+00    0.5805696766E+00    0.3230023823E+00    0.0000000000E+00    0.0000000000E+00    0.0000000000E+00    0.0000000000E+00    0.0000000000E+00    0.0000000000E+00    0.9999972291E+00    0.9999972291E+00    0.1000000000E+01
    1    0.9300000000E+01    0.8127975472E+00    0.5805696766E+00   -0.3288000243E+00    0.8127975472E+00    0.5805696766E+00   -0.3288000243E+00    0.0000000000E+00    0.0000000000E+00    0.0000000000E+00    0.9999952414E+00    0.9999952414E+00    0.1000000000E+01
    2    0.9300000000E+01    0.8127975472E+00    0.5805696766E+00   -0.3318163642E+00    0.8127975472E+00    0.5805696766E+00   -0.3318163642E+00    0.0000000000E+00    0.0000000000E+00    0.0000000000E+00    0.9999952919E+00    0.9999952919E+00    0.1000000000E+01
    3    0.9300000000E+01    0.0000000000E+00    0.5805696766E+00    0.2772984091E+00    0.0000000000E+00    0.0000000000E+00    0.0000000000E+00    0.0000000000E+00    0.0000000000E+00    0.0000000000E+00    0.9999972608E+00    0.9999972608E+00    0.1000000000E+01
    4    0.9300000000E+01    0.0000000000E+00   -0.2322278706E+00    0.3348655166E+00    0.0000000000E+00    0.0000000000E+00    0.0000000000E+00    0.0000000000E+00    0.0000000000E+00    0.0000000000E+00    0.9999927250E+00    0.9999927250E+00    0.1000000000E+01
    1    0.9558333333E+01    0.8127975472E+00   -0.2322278706E+00   -0.4819819078E+00    0.8127975472E+00   -0.2322278706E+00   -0.4819819078E+00    0.0000000000E+00    0.0000000000E+00    0.0000000000E+00    0.9999885895E+00    0.9999885895E+00    0.1000000000E+01
    2    0.9558333333E+01    0.8127975472E+00    0.5805696766E+00   -0.4028600757E+00    0.8127975472E+00    0.5805696766E+00   -0.4028600757E+00    0.0000000000E+00    0.0000000000E+00    0.0000000000E+00    0.9999953993E+00    0.9999953993E+00    0.1000000000E+01
    3    0.9558333333E+01    0.8127975472E+00   -0.2322278706E+00    0.9264804575E-01    0.8127975472E+00   -0.2322278706E+00    0.9264804575E-01    0.0000000000E+00    0.0000000000E+00    0.0000000000E+00    0.9999828431E+00    0.9999828431E+00    0.1000000000E+01
    4    0.9558333333E+01    0.8127975472E+00    0.5805696766E+00   -0.4054874070E+00    0.8127975472E+00    0.5805696766E+00   -0.4054874070E+00    0.0000000000E+00    0.0000000000E+00    0.0000000000E+00    0.9999953992E+00    0.9999953992E+00    0.1000000000E+01
    5    0.9558333333E+01    0.8127975472E+00   -0.2322278706E+00   -0.4871303210E+00    0.8127975472E+00   -0.2322278706E+00   -0.4871303210E+00    0.0000000000E+00    0.0000000000E+00    0.0000000000E+00    0.9999882019E+00    0.9999882019E+00    0.1000000000E+01
    6    0.9558333333E+01    0.8127975472E+00   -0.2322278706E+00    0.8399111395E-01    0.8127975472E+00   -0.2322278706E+00    0.8399111395E-01    0.0000000000E+00    0.0000000000E+00    0.0000000000E+00    0.9999815601E+00    0.9999815601E+00    0.1000000000E+01
    7    0.9558333333E+01    0.0000000000E+00   -0.2322278706E+00    0.2305422996E+00    0.0000000000E+00    0.0000000000E+00    0.0000000000E+00    0.0000000000E+00    0.0000000000E+00    0.0000000000E+00    0.9999943623E+00    0.9999943623E+00    0.1000000000E+01
    8    0.9558333333E+01    0.0000000000E+00    0.5805696766E+00    0.2330777165E+00    0.0000000000E+00    0.0000000000E+00    0.0000000000E+00    0.0000000000E+00    0.0000000000E+00    0.0000000000E+00    0.9999972571E+00    0.9999972571E+00    0.1000000000E+01
    1    0.9816666667E+01    0.8127975472E+00    0.5805696766E+00   -0.4838040297E+00    0.8127975472E+00    0.5805696766E+00   -0.4838040297E+00    0.0000000000E+00    0.0000000000E+00    0.0000000000E+00    0.9999936712E+00    0.9999936712E+00    0.1000000000E+01
    2    0.9816666667E+01    0.8127975472E+00    0.5805696766E+00   -0.4872193624E+00    0.8127975472E+00    0.5805696766E+00   -0.4872193624E+00    0.0000000000E+00    0.0000000000E+00    0.0000000000E+00    0.9999935021E+00    0.9999935021E+00    0.1000000000E+01
    3    0.9816666667E+01    0.0000000000E+00    0.5805696766E+00    0.1896803475E+00    0.0000000000E+00    0.0000000000E+00    0.0000000000E+00    0.0000000000E+00    0.0000000000E+00    0.0000000000E+00    0.9999972156E+00    0.9999972156E+00    0.1000000000E+01
    4    0.9816666667E+01    0.0000000000E+00   -0.2322278706E+00    0.1499476409E+00    0.0000000000E+00    0.0000000000E+00    0.0000000000E+00    0.0000000000E+00    0.0000000000E+00    0.0000000000E+00    0.9999952264E+00    0.9999952264E+00    0.1000000000E+01
    1    0.1007500000E+02    0.0000000000E+00    0.5805696766E+00    0.1464816669E+00    0.0000000000E+00    0.0000000000E+00    0.0000000000E+00    0.0000000000E+00    0.0000000000E+00    0.0000000000E+00    0.9999971356E+00    0.9999971356E+00    0.1000000000E+01
    2    0.1007500000E+02    0.0000000000E+00   -0.2322278706E+00    0.7704257625E-01    0.0000000000E+00    0.0000000000E+00    0.0000000000E+00    0.0000000000E+00    0.0000000000E+00    0.0000000000E+00    0.9999949783E+00    0.9999949783E+00    0.1000000000E+01
    1    0.1033333333E+02    0.0000000000E+00    0.5805696766E+00    0.1028681867E+00    0.0000000000E+00    0.0000000000E+00    0.0000000000E+00    0.0000000000E+00    0.0000000000E+00    0.0000000000E+00    0.9999970118E+00    0.9999970118E+00    0.1000000000E+01
    1    0.1059166667E+02    0.0000000000E+00    0.5805696766E+00    0.5804383065E-01    0.0000000000E+00    0.0000000000E+00    0.0000000000E+00    0.0000000000E+00    0.0000000000E+00    0.0000000000E+00    0.9999968070E+00    0.9999968070E+00    0.1000000000E+01
    1    0.1085000000E+02    0.0000000000E+00   -0.2322278706E+00   -0.4593166894E-01    0.0000000000E+00    0.0000000000E+00    0.0000000000E+00    0.0000000000E+00    0.0000000000E+00    0.0000000000E+00    0.9999936450E+00    0.9999936450E+00    0.1000000000E+01
    2    0.1085000000E+02    0.0000000000E+00    0.5805696766E+00    0.4355871335E-02    0.0000000000E+00    0.0000000000E+00    0.0000000000E+00    0.0000000000E+00    0.0000000000E+00    0.0000000000E+00    0.9999893387E+00    0.9999893387E+00    0.1000000000E+01
    1    0.1110833333E+02    0.0000000000E+00   -0.2322278706E+00   -0.1162056940E+00    0.0000000000E+00    0.0000000000E+00    0.0000000000E+00    0.0000000000E+00    0.0000000000E+00    0.0000000000E+00    0.9999953958E+00    0.9999953958E+00    0.1000000000E+01
    2    0.1110833333E+02    0.0000000000E+00    0.5805696766E+00   -0.3048943572E-01    0.0000000000E+00    0.0000000000E+00    0.0000000000E+00    0.0000000000E+00    0.0000000000E+00    0.0000000000E+00    0.9999961381E+00    0.9999961381E+00    0.1000000000E+01
    1    0.1136666667E+02    0.8127975472E+00   -0.2322278706E+00    0.4590951590E+00    0.8127975472E+00   -0.2322278706E+00    0.4590951590E+00    0.0000000000E+00    0.0000000000E+00    0.0000000000E+00    0.9999931373E+00    0.9999931373E+00    0.1000000000E+01
    2    0.1136666667E+02    0.0000000000E+00    0.5805696766E+00   -0.8204485491E-01    0.0000000000E+00    0.0000000000E+00    0.0000000000E+00    0.0000000000E+00    0.0000000000E+00    0.0000000000E+00    0.9999961231E+00    0.9999961231E+00    0.1000000000E+01
    3    0.1136666667E+02    0.0000000000E+00   -0.2322278706E+00   -0.1779280026E+00    0.0000000000E+00    0.0000000000E+00    0.0000000000E+00    0.0000000000E+00    0.0000000000E+00    0.0000000000E+00    0.9999954399E+00    0.9999954399E+00    0.1000000000E+01
    4    0.1136666667E+02    0.8127975472E+00   -0.2322278706E+00    0.4629655671E+00    0.8127975472E+00   -0.2322278706E+00    0.4629655671E+00    0.0000000000E+00    0.0000000000E+00    0.0000000000E+00    0.9999930183E+00    0.9999930183E+00    0.1000000000E+01
    1    0.1162500000E+02    0.8127975472E+00    0.5805696766E+00    0.4641312002E+00    0.8127975472E+00    0.5805696766E+00    0.4641312002E+00    0.0000000000E+00    0.0000000000E+00    0.0000000000E+00    0.9999910855E+00    0.9999910855E+00    0.1000000000E+01
    2    0.1162500000E+02    0.8127975472E+00   -0.2322278706E+00    0.3774892801E+00    0.8127975472E+00   -0.2322278706E+00    0.3774892801E+00    0.0000000000E+00    0.0000000000E+00    0.0000000000E+00    0.9999941333E+00    0.9999941333E+00    0.1000000000E+01
    3    0.1162500000E+02    0.0000000000E+00    0.5805696766E+00   -0.1354226706E+00    0.0000000000E+00    0.0000000000E+00    0.0000000000E+00    0.0000000000E+00    0.0000000000E+00    0.0000000000E+00    0.9999958025E+00    0.9999958025E+00    0.1000000000E+01
    4    0.1162500000E+02    0.0000000000E+00   -0.2322278706E+00   -0.2392313495E+00    0.0000000000E+00    0.0000000000E+00    0.0000000000E+00    0.0000000000E+00    0.0000000000E+00    0.0000000000E+00    0.9999952933E+00    0.9999952933E+00    0.1000000000E+01
    5    0.1162500000E+02    0.8127975472E+00    0.5805696766E+00    0.4701668829E+00    0.8127975472E+00    0.5805696766E+00    0.4701668829E+00    0.0000000000E+00    0.0000000000E+00    0.0000000000E+00    0.9999908427E+00    0.9999908427E+00    0.1000000000E+01
    6    0.1162500000E+02    0.8127975472E+00   -0.2322278706E+00    0.3809376615E+00    0.8127975472E+00   -0.2322278706E+00    0.3809376615E+00    0.0000000000E+00    0.0000000000E+00    0.0000000000E+00    0.9999941493E+00    0.9999941493E+00    0.1000000000E+01
    1    0.1188333333E+02    0.8127975472E+00    0.5805696766E+00    0.3590987736E+00    0.8127975472E+00    0.5805696766E+00    0.3590987736E+00    0.0000000000E+00    0.0000000000E+00    0.0000000000E+00    0.9999918798E+00    0.9999918798E+00    0.1000000000E+01
    2    0.1188333333E+02    0.8127975472E+00   -0.2322278706E+00    0.2996297193E+00    0.8127975472E+00   -0.2322278706E+00    0.2996297193E+00    0.0000000000E+00    0.0000000000E+00    0.0000000000E+00    0.9999936864E+00    0.9999936864E+00    0.1000000000E+01
    3    0.1188333333E+02    0.0000000000E+00   -0.2322278706E+00   -0.3014746368E+00    0.0000000000E+00    0.0000000000E+00    0.0000000000E+00    0.0000000000E+00    0.0000000000E+00    0.0000000000E+00    0.9999950983E+00    0.9999950983E+00    0.1000000000E+01
    4    0.1188333333E+02    0.0000000000E+00    0.5805696766E+00   -0.1923592963E+00    0.0000000000E+00    0.0000000000E+00    0.0000000000E+00    0.0000000000E+00    0.0000000000E+00    0.0000000000E+00    0.9999953994E+00    0.9999953994E+00    0.1000000000E+01
    5    0.1188333333E+02    0.8127975472E+00    0.5805696766E+00    0.3649184682E+00    0.8127975472E+00    0.5805696766E+00    0.3649184682E+00    0.0000000000E+00    0.0000000000E+00    0.0000000000E+00    0.9999919949E+00    0.9999919949E+00    0.1000000000E+01
    6    0.1188333333E+02    0.8127975472E+00   -0.2322278706E+00    0.3036886200E+00    0.8127975472E+00   -0.2322278706E+00    0.3036886200E+00    0.0000000000E+00    0.0000000000E+00    0.0000000000E+00    0.9999937690E+00    0.9999937690E+00    0.1000000000E+01
    1    0.1214166667E+02    0.8127975472E+00    0.5805696766E+00    0.2398172514E+00    0.8127975472E+00    0.5805696766E+00    0.2398172514E+00    0.0000000000E+00    0.0000000000E+00    0.0000000000E+00    0.9999882187E+00    0.9999882187E+00    0.1000000000E+01
    2    0.1214166667E+02    0.8127975472E+00   -0.2322278706E+00    0.2098724202E+00    0.8127975472E+00   -0.2322278706E+00    0.2098724202E+00    0.0000000000E+00    0.0000000000E+00    0.0000000000E+00    0.9999917337E+00    0.9999917337E+00    0.1000000000E+01
    3    0.1214166667E+02    0.0000000000E+00    0.5805696766E+00   -0.2535389691E+00    0.0000000000E+00    0.0000000000E+00    0.0000000000E+00    0.0000000000E+00    0.0000000000E+00    0.0000000000E+00    0.9999949463E+00    0.9999949463E+00    0.1000000000E+01
    4    0.1214166667E+02    0.0000000000E+00   -0.2322278706E+00   -0.3649293509E+00    0.0000000000E+00    0.0000000000E+00    0.0000000000E+00    0.0000000000E+00    0.0000000000E+00    0.0000000000E+00    0.9999948937E+00    0.9999948937E+00    0.1000000000E+01
    5    0.1214166667E+02    0.8127975472E+00    0.5805696766E+00    0.2495013700E+00    0.8127975472E+00    0.5805696766E+00    0.2495013700E+00    0.0000000000E+00    0.0000000000E+00    0.0000000000E+00    0.9999888900E+00    0.9999888900E+00    0.1000000000E+01
    6    0.1214166667E+02    0.8127975472E+00   -0.2322278706E+00    0.2158939382E+00    0.8127975472E+00   -0.2322278706E+00    0.2158939382E+00    0.0000000000E+00    0.0000000000E+00    0.0000000000E+00    0.9999920130E+00    0.9999920130E+00    0.1000000000E+01
    1    0.1240000000E+02    0.8127975472E+00   -0.2322278706E+00    0.3275134752E-01    0.8127975472E+00   -0.2322278706E+00    0.3275134752E-01    0.0000000000E+00    0.0000000000E+00    0.0000000000E+00    0.9999452837E+00    0.9999452837E+00    0.1000000000E+01
    2    0.1240000000E+02    0.0000000000E+00   -0.2322278706E+00   -0.4296649062E+00    0.0000000000E+00    0.0000000000E+00    0.0000000000E+00    0.0000000000E+00    0.0000000000E+00    0.0000000000E+00    0.9999946725E+00    0.9999946725E+00    0.1000000000E+01
    3    0.1240000000E+02    0.0000000000E+00    0.5805696766E+00   -0.3191269354E+00    0.0000000000E+00    0.0000000000E+00    0.0000000000E+00    0.0000000000E+00    0.0000000000E+00    0.0000000000E+00    0.9999944923E+00    0.9999944923E+00    0.1000000000E+01
    4    0.1240000000E+02    0.8127975472E+00   -0.2322278706E+00    0.6508361640E-01    0.8127975472E+00   -0.2322278706E+00    0.6508361640E-01    0.0000000000E+00    0.0000000000E+00    0.0000000000E+00    0.9999732302E+00    0.9999732302E+00    0.1000000000E+01
    1    0.1265833333E+02    0.0000000000E+00    0.5805696766E+00   -0.3885770618E+00    0.0000000000E+00    0.0000000000E+00    0.0000000000E+00    0.0000000000E+00    0.0000000000E+00    0.0000000000E+00    0.9999940980E+00    0.9999940980E+00    0.1000000000E+01
    2    0.1265833333E+02    0.0000000000E+00   -0.2322278706E+00   -0.4960658406E+00    0.0000000000E+00    0.0000000000E+00    0.0000000000E+00    0.0000000000E+00    0.0000000000E+00    0.0000000000E+00    0.9999943901E+00    0.9999943901E+00    0.1000000000E+01
    1    0.1291666667E+02    0.0000000000E+00    0.5805696766E+00   -0.4608429966E+00    0.0000000000E+00    0.0000000000E+00    0.0000000000E+00    0.0000000000E+00    0.0000000000E+00    0.0000000000E+00    0.9999937806E+00    0.9999937806E+00    0.1000000000E+01
    2    0.1291666667E+02    0.0000000000E+00   -0.2322278706E+00   -0.5652275008E+00    0.0000000000E+00    0.0000000000E+00    0.0000000000E+00    0.0000000000E+00    0.0000000000E+00    0.0000000000E+00    0.9999939658E+00    0.9999939658E+00    0.1000000000E+01
    1    0.1317500000E+02    0.0000000000E+00   -0.2322278706E+00    0.5101082215E+00    0.0000000000E+00    0.0000000000E+00    0.0000000000E+00    0.0000000000E+00    0.0000000000E+00    0.0000000000E+00    0.9999932726E+00    0.9999932726E+00    0.1000000000E+01
    2    0.1317500000E+02    0.0000000000E+00    0.5805696766E+00   -0.5352408548E+00    0.0000000000E+00    0.0000000000E+00    0.0000000000E+00    0.0000000000E+00    0.0000000000E+00    0.0000000000E+00    0.9999934693E+00    0.9999934693E+00    0.1000000000E+01
    1    0.1343333333E+02    0.8127975472E+00   -0.2322278706E+00    0.8473701659E-01    0.8127975472E+00   -0.2322278706E+00    0.8473701659E-01    0.0000000000E+00    0.0000000000E+00    0.0000000000E+00    0.9999644653E+00    0.9999644653E+00    0.1000000000E+01
    2    0.1343333333E+02    0.0000000000E+00   -0.2322278706E+00   -0.1862083456E+00    0.0000000000E+00    0.0000000000E+00    0.0000000000E+00    0.0000000000E+00    0.0000000000E+00    0.0000000000E+00    0.9999788517E+00    0.9999788517E+00    0.1000000000E+01
    3    0.1343333333E+02    0.8127975472E+00   -0.2322278706E+00   -0.2677092869E+00    0.8127975472E+00   -0.2322278706E+00   -0.2677092869E+00    0.0000000000E+00    0.0000000000E+00    0.0000000000E+00    0.9999593903E+00    0.9999593903E+00    0.1000000000E+01
    4    0.1343333333E+02    0.0000000000E+00    0.5805696766E+00   -0.2644065671E+00    0.0000000000E+00    0.0000000000E+00    0.0000000000E+00    0.0000000000E+00    0.0000000000E+00    0.0000000000E+00    0.9999785023E+00    0.9999785023E+00    0.1000000000E+01
    5    0.1343333333E+02    0.0000000000E+00    0.5805696766E+00    0.5371003974E+00    0.0000000000E+00    0.0000000000E+00    0.0000000000E+00    0.0000000000E+00    0.0000000000E+00    0.0000000000E+00    0.9999930225E+00    0.9999930225E+00    0.1000000000E+01
    6    0.1343333333E+02    0.0000000000E+00   -0.2322278706E+00    0.4266438545E+00    0.0000000000E+00    0.0000000000E+00    0.0000000000E+00    0.0000000000E+00    0.0000000000E+00    0.0000000000E+00    0.9999920101E+00    0.9999920101E+00    0.1000000000E+01
    7    0.1343333333E+02    0.8127975472E+00   -0.2322278706E+00    0.9925311029E-01    0.8127975472E+00   -0.2322278706E+00    0.9925311029E-01    0.0000000000E+00    0.0000000000E+00    0.0000000000E+00    0.9999584856E+00    0.9999584856E+00    0.1000000000E+01
    8    0.1343333333E+02    0.8127975472E+00   -0.2322278706E+00   -0.2471503842E+00    0.8127975472E+00   -0.2322278706E+00   -0.2471503842E+00    0.0000000000E+00    0.0000000000E+00    0.0000000000E+00    0.9999532829E+00    0.9999532829E+00    0.1000000000E+01
    1    0.1369166667E+02    0.8127975472E+00    0.5805696766E+00   -0.2420099631E-01    0.8127975472E+00    0.5805696766E+00   -0.2420099631E-01    0.0000000000E+00    0.0000000000E+00    0.0000000000E+00    0.9999718738E+00    0.9999718738E+00    0.1000000000E+01
    2    0.1369166667E+02    0.8127975472E+00   -0.2322278706E+00   -0.1371047694E+00    0.8127975472E+00   -0.2322278706E+00   -0.1371047694E+00    0.0000000000E+00    0.0000000000E+00    0.0000000000E+00    0.9999792539E+00    0.9999792539E+00    0.1000000000E+01
    3    0.1369166667E+02    0.0000000000E+00    0.5805696766E+00   -0.4544530245E+00    0.0000000000E+00    0.0000000000E+00    0.0000000000E+00    0.0000000000E+00    0.0000000000E+00    0.0000000000E+00    0.9999856227E+00    0.9999856227E+00    0.1000000000E+01
    4    0.1369166667E+02    0.8127975472E+00    0.5805696766E+00   -0.3916296443E+00    0.8127975472E+00    0.5805696766E+00   -0.3916296443E+00    0.0000000000E+00    0.0000000000E+00    0.0000000000E+00    0.9999732929E+00    0.9999732929E+00    0.1000000000E+01
    5    0.1369166667E+02    0.0000000000E+00   -0.2322278706E+00   -0.3737252018E+00    0.0000000000E+00    0.0000000000E+00    0.0000000000E+00    0.0000000000E+00    0.0000000000E+00    0.0000000000E+00    0.9999850987E+00    0.9999850987E+00    0.1000000000E+01
    6    0.1369166667E+02    0.0000000000E+00   -0.2322278706E+00    0.3235403904E+00    0.0000000000E+00    0.0000000000E+00    0.0000000000E+00    0.0000000000E+00    0.0000000000E+00    0.0000000000E+00    0.9999891707E+00    0.9999891707E+00    0.1000000000E+01
    7    0.1369166667E+02    0.0000000000E+00    0.5805696766E+00    0.4547153123E+00    0.0000000000E+00    0.0000000000E+00    0.0000000000E+00    0.0000000000E+00    0.0000000000E+00    0.0000000000E+00    0.9999922250E+00    0.9999922250E+00    0.1000000000E+01
    8    0.1369166667E+02    0.8127975472E+00   -0.2322278706E+00   -0.1324497586E+00    0.8127975472E+00   -0.2322278706E+00   -0.1324497586E+00    0.0000000000E+00    0.0000000000E+00    0.0000000000E+00    0.9999796401E+00    0.9999796401E+00    0.1000000000E+01
    9    0.1369166667E+02    0.8127975472E+00    0.5805696766E+00   -0.5619165011E-02    0.8127975472E+00    0.5805696766E+00   -0.5619165011E-02    0.0000000000E+00    0.0000000000E+00    0.0000000000E+00    0.9999012584E+00    0.9999012584E+00    0.1000000000E+01
   10    0.1369166667E+02    0.8127975472E+00    0.5805696766E+00   -0.3790006126E+00    0.8127975472E+00    0.5805696766E+00   -0.3790006126E+00    0.0000000000E+00    0.0000000000E+00    0.0000000000E+00    0.9999717526E+00    0.9999717526E+00    0.1000000000E+01
    1    0.1395000000E+02    0.0000000000E+00    0.5805696766E+00    0.5465555957E+00    0.0000000000E+00    0.0000000000E+00    0.0000000000E+00    0.0000000000E+00    0.0000000000E+00    0.0000000000E+00    0.9999867966E+00    0.9999867966E+00    0.1000000000E+01
    2    0.1395000000E+02    0.0000000000E+00   -0.2322278706E+00   -0.5418815065E+00    0.0000000000E+00    0.0000000000E+00    0.0000000000E+00    0.0000000000E+00    0.0000000000E+00    0.0000000000E+00    0.9999836191E+00    0.9999836191E+00    0.1000000000E+01
    3    0.1395000000E+02    0.8127975472E+00    0.5805696766E+00   -0.3061014437E+00    0.8127975472E+00    0.5805696766E+00   -0.3061014437E+00    0.0000000000E+00    0.0000000000E+00    0.0000000000E+00    0.9999599568E+00    0.9999599568E+00    0.1000000000E+01
    4    0.1395000000E+02    0.0000000000E+00   -0.2322278706E+00    0.1542122742E+00    0.0000000000E+00    0.0000000000E+00    0.0000000000E+00    0.0000000000E+00    0.0000000000E+00    0.0000000000E+00    0.9999730476E+00    0.9999730476E+00    0.1000000000E+01
    5    0.1395000000E+02    0.0000000000E+00   -0.2322278706E+00   -0.1946210616E+00    0.0000000000E+00    0.0000000000E+00    0.0000000000E+00    0.0000000000E+00    0.0000000000E+00    0.0000000000E+00    0.9999477200E+00    0.9999477200E+00    0.1000000000E+01
    6    0.1395000000E+02    0.8127975472E+00    0.5805696766E+00   -0.2962143684E+00    0.8127975472E+00    0.5805696766E+00   -0.2962143684E+00    0.0000000000E+00    0.0000000000E+00    0.0000000000E+00    0.9999619234E+00    0.9999619234E+00    0.1000000000E+01
    1    0.1420833333E+02    0.0000000000E+00    0.5805696766E+00    0.4018479847E+00    0.0000000000E+00    0.0000000000E+00    0.0000000000E+00    0.0000000000E+00    0.0000000000E+00    0.0000000000E+00    0.9999859379E+00    0.9999859379E+00    0.1000000000E+01
    2    0.1420833333E+02    0.0000000000E+00   -0.2322278706E+00    0.3961508490E+00    0.0000000000E+00    0.0000000000E+00    0.0000000000E+00    0.0000000000E+00    0.0000000000E+00    0.0000000000E+00    0.9999749017E+00    0.9999749017E+00    0.1000000000E+01
    3    0.1420833333E+02    0.0000000000E+00    0.5805696766E+00    0.2416869876E+00    0.0000000000E+00    0.0000000000E+00    0.0000000000E+00    0.0000000000E+00    0.0000000000E+00    0.0000000000E+00    0.9999860938E+00    0.9999860938E+00    0.1000000000E+01
    4    0.1420833333E+02    0.0000000000E+00    0.5805696766E+00    0.5639102309E+00    0.0000000000E+00    0.5805696766E+00    0.5639102309E+00    0.1497041277E-10    0.2078799692E+00    0.2519529863E+00    0.9999788493E+00    0.9999788493E+00    0.1000000000E+01
    5    0.1420833333E+02    0.0000000000E+00   -0.2322278706E+00    0.5509025710E+00    0.0000000000E+00   -0.2322278706E+00   -0.5985667440E+00    0.3572205084E-10    0.5854213972E+00    0.1873284630E+01    0.9999577245E+00    0.9999577245E+00    0.1000000000E+01
    1    0.1446666667E+02    0.0000000000E+00    0.5805696766E+00    0.2276284132E+00    0.0000000000E+00    0.0000000000E+00    0.0000000000E+00    0.0000000000E+00    0.0000000000E+00    0.0000000000E+00    0.9999792223E+00    0.9999792223E+00    0.1000000000E+01
    2    0.1446666667E+02    0.0000000000E+00    0.5805696766E+00    0.3092379658E+00    0.0000000000E+00    0.0000000000E+00    0.0000000000E+00    0.0000000000E+00    0.0000000000E+00    0.0000000000E+00    0.9999692565E+00    0.9999692565E+00    0.1000000000E+01
