    1    0.2583333333E+01    0.1161139353E+00    0.5805696766E+00   -0.7750008939E-01    0.0000000000E+00    0.0000000000E+00    0.0000000000E+00    0.0000000000E+00    0.0000000000E+00    0.0000000000E+00    0.9999976787E+00    0.9999976787E+00    0.1000000000E+01
    1    0.2841666667E+01    0.1161139353E+00    0.5805696766E+00   -0.2698483348E+00    0.0000000000E+00    0.0000000000E+00    0.0000000000E+00    0.0000000000E+00    0.0000000000E+00    0.0000000000E+00    0.9999919510E+00    0.9999919510E+00    0.1000000000E+01
    1    0.3100000000E+01    0.1161139353E+00    0.5805696766E+00   -0.4256330858E+00    0.0000000000E+00    0.0000000000E+00    0.0000000000E+00    0.0000000000E+00    0.0000000000E+00    0.0000000000E+00    0.9999979442E+00    0.9999979442E+00    0.1000000000E+01
    2    0.3100000000E+01    0.1161139353E+00    0.5805696766E+00   -0.1817224814E+00    0.0000000000E+00    0.0000000000E+00    0.0000000000E+00    0.0000000000E+00    0.0000000000E+00    0.0000000000E+00    0.9999984519E+00    0.9999984519E+00    0.1000000000E+01
    3    0.3100000000E+01    0.1161139353E+00   -0.2322278706E+00   -0.1950573833E+00    0.0000000000E+00    0.0000000000E+00    0.0000000000E+00    0.0000000000E+00    0.0000000000E+00    0.0000000000E+00    0.9999948691E+00    0.9999948691E+00    0.1000000000E+01
    1    0.3358333333E+01    0.1161139353E+00    0.5805696766E+00   -0.2453590543E+00    0.0000000000E+00    0.0000000000E+00    0.0000000000E+00    0.0000000000E+00    0.0000000000E+00    0.0000000000E+00    0.9999987280E+00    0.9999987280E+00    0.1000000000E+01
    2    0.3358333333E+01    0.1161139353E+00    0.5805696766E+00   -0.5002542663E+00    0.0000000000E+00    0.0000000000E+00    0.0000000000E+00    0.0000000000E+00    0.0000000000E+00    0.0000000000E+00    0.9999986278E+00    0.9999986278E+00    0.1000000000E+01
    3    0.3358333333E+01    0.1161139353E+00   -0.2322278706E+00   -0.4260017637E+00    0.0000000000E+00    0.0000000000E+00    0.0000000000E+00    0.0000000000E+00    0.0000000000E+00    0.0000000000E+00    0.9999950532E+00    0.9999950532E+00    0.1000000000E+01
    1    0.3616666667E+01    0.1161139353E+00    0.5805696766E+00   -0.2962670122E+00    0.0000000000E+00    0.0000000000E+00    0.0000000000E+00    0.0000000000E+00    0.0000000000E+00    0.0000000000E+00    0.9999988614E+00    0.9999988614E+00    0.1000000000E+01
    2    0.3616666667E+01    0.1161139353E+00   -0.2322278706E+00   -0.5633883907E+00    0.0000000000E+00    0.0000000000E+00    0.0000000000E+00    0.0000000000E+00    0.0000000000E+00    0.0000000000E+00    0.9999972934E+00    0.9999972934E+00    0.1000000000E+01
    3    0.3616666667E+01    0.1161139353E+00    0.5805696766E+00   -0.5611964108E+00    0.0000000000E+00    0.0000000000E+00    0.0000000000E+00    0.0000000000E+00    0.0000000000E+00    0.0000000000E+00    0.9999985256E+00    0.9999985256E+00    0.1000000000E+01
    1    0.3875000000E+01   -0.6966836119E+00    0.5805696766E+00    0.2964325386E-01    0.0000000000E+00    0.0000000000E+00    0.0000000000E+00    0.0000000000E+00    0.0000000000E+00    0.0000000000E+00    0.9999940593E+00    0.9999940593E+00    0.1000000000E+01
    2    0.3875000000E+01    0.1161139353E+00   -0.2322278706E+00    0.5072050513E+00    0.0000000000E+00    0.0000000000E+00    0.0000000000E+00    0.0000000000E+00    0.0000000000E+00    0.0000000000E+00    0.9999981524E+00    0.9999981524E+00    0.1000000000E+01
    3    0.3875000000E+01    0.1161139353E+00    0.5805696766E+00    0.5340542763E+00    0.0000000000E+00    0.0000000000E+00    0.0000000000E+00    0.0000000000E+00    0.0000000000E+00    0.0000000000E+00    0.9999986308E+00    0.9999986308E+00    0.1000000000E+01
    4    0.3875000000E+01   -0.6966836119E+00    0.5805696766E+00   -0.3056283879E+00    0.0000000000E+00    0.0000000000E+00    0.0000000000E+00    0.0000000000E+00    0.0000000000E+00    0.0000000000E+00    0.9999964584E+00    0.9999964584E+00    0.1000000000E+01
    5    0.3875000000E+01    0.1161139353E+00    0.5805696766E+00   -0.3446895201E+00    0.1161139353E+00    0.5805696766E+00    0.8047797949E+00    0.2950896185E+01   -0.1489378041E+01    0.2790058546E+01    0.9999987322E+00    0.9999987322E+00    0.1000000000E+01
    6    0.3875000000E+01    0.1161139353E+00   -0.2322278706E+00   -0.3226354483E+00    0.0000000000E+00    0.0000000000E+00    0.0000000000E+00    0.0000000000E+00    0.0000000000E+00    0.0000000000E+00    0.9999969036E+00    0.9999969036E+00    0.1000000000E+01
    1    0.4133333333E+01   -0.6966836119E+00   -0.2322278706E+00   -0.1916375425E+00    0.0000000000E+00    0.0000000000E+00    0.0000000000E+00    0.0000000000E+00    0.0000000000E+00    0.0000000000E+00    0.9999964961E+00    0.9999964961E+00    0.1000000000E+01
    2    0.4133333333E+01    0.1161139353E+00    0.5805696766E+00   -0.3934377681E+00    0.0000000000E+00    0.0000000000E+00    0.0000000000E+00    0.0000000000E+00    0.0000000000E+00    0.0000000000E+00    0.9999986694E+00    0.9999986694E+00    0.1000000000E+01
    3    0.4133333333E+01    0.1161139353E+00   -0.2322278706E+00   -0.4081833714E+00    0.0000000000E+00    0.0000000000E+00    0.0000000000E+00    0.0000000000E+00    0.0000000000E+00    0.0000000000E+00    0.9999981720E+00    0.9999981720E+00    0.1000000000E+01
    4    0.4133333333E+01    0.1161139353E+00    0.5805696766E+00    0.4792255235E+00    0.0000000000E+00    0.0000000000E+00    0.0000000000E+00    0.0000000000E+00    0.0000000000E+00    0.0000000000E+00    0.9999984603E+00    0.9999984603E+00    0.1000000000E+01
    5    0.4133333333E+01   -0.6966836119E+00    0.5805696766E+00    0.4357784939E+00    0.0000000000E+00    0.0000000000E+00    0.0000000000E+00    0.0000000000E+00    0.0000000000E+00    0.0000000000E+00    0.9999956531E+00    0.9999956531E+00    0.1000000000E+01
    6    0.4133333333E+01    0.1161139353E+00   -0.2322278706E+00    0.4369936195E+00    0.0000000000E+00    0.0000000000E+00    0.0000000000E+00    0.0000000000E+00    0.0000000000E+00    0.0000000000E+00    0.9999980580E+00    0.9999980580E+00    0.1000000000E+01
    1    0.4391666667E+01   -0.6966836119E+00    0.5805696766E+00   -0.6494079807E-01    0.0000000000E+00    0.0000000000E+00    0.0000000000E+00    0.0000000000E+00    0.0000000000E+00    0.0000000000E+00    0.9999973036E+00    0.9999973036E+00    0.1000000000E+01
    2    0.4391666667E+01   -0.6966836119E+00   -0.2322278706E+00   -0.8942324006E-01    0.0000000000E+00    0.0000000000E+00    0.0000000000E+00    0.0000000000E+00    0.0000000000E+00    0.0000000000E+00    0.9999973590E+00    0.9999973590E+00    0.1000000000E+01
    3    0.4391666667E+01   -0.6966836119E+00   -0.2322278706E+00   -0.2940164688E+00    0.0000000000E+00    0.0000000000E+00    0.0000000000E+00    0.0000000000E+00    0.0000000000E+00    0.0000000000E+00    0.9999973442E+00    0.9999973442E+00    0.1000000000E+01
    4    0.4391666667E+01   -0.6966836119E+00   -0.2322278706E+00   -0.5215636384E+00    0.0000000000E+00    0.0000000000E+00    0.0000000000E+00    0.0000000000E+00    0.0000000000E+00    0.0000000000E+00    0.9999936476E+00    0.9999936476E+00    0.1000000000E+01
    5    0.4391666667E+01    0.1161139353E+00    0.5805696766E+00   -0.4445912667E+00    0.0000000000E+00    0.0000000000E+00    0.0000000000E+00    0.0000000000E+00    0.0000000000E+00    0.0000000000E+00    0.9999984453E+00    0.9999984453E+00    0.1000000000E+01
    6    0.4391666667E+01    0.1161139353E+00   -0.2322278706E+00   -0.4729858363E+00    0.0000000000E+00    0.0000000000E+00    0.0000000000E+00    0.0000000000E+00    0.0000000000E+00    0.0000000000E+00    0.9999981846E+00    0.9999981846E+00    0.1000000000E+01
    7    0.4391666667E+01    0.1161139353E+00    0.5805696766E+00    0.4211880745E+00    0.0000000000E+00    0.0000000000E+00    0.0000000000E+00    0.0000000000E+00    0.0000000000E+00    0.0000000000E+00    0.9999982352E+00    0.9999982352E+00    0.1000000000E+01
    8    0.4391666667E+01   -0.6966836119E+00    0.5805696766E+00    0.3330814079E+00    0.0000000000E+00    0.0000000000E+00    0.0000000000E+00    0.0000000000E+00    0.0000000000E+00    0.0000000000E+00    0.9999976776E+00    0.9999976776E+00    0.1000000000E+01
    9    0.4391666667E+01   -0.6966836119E+00   -0.2322278706E+00    0.3549252281E+00    0.0000000000E+00    0.0000000000E+00    0.0000000000E+00    0.0000000000E+00    0.0000000000E+00    0.0000000000E+00    0.9999945765E+00    0.9999945765E+00    0.1000000000E+01
   10    0.4391666667E+01    0.1161139353E+00   -0.2322278706E+00    0.3681837030E+00    0.0000000000E+00    0.0000000000E+00    0.0000000000E+00    0.0000000000E+00    0.0000000000E+00    0.0000000000E+00    0.9999979725E+00    0.9999979725E+00    0.1000000000E+01
    1    0.4650000000E+01   -0.6966836119E+00   -0.2322278706E+00   -0.1651565831E+00    0.0000000000E+00    0.0000000000E+00    0.0000000000E+00    0.0000000000E+00    0.0000000000E+00    0.0000000000E+00    0.9999977929E+00    0.9999977929E+00    0.1000000000E+01
    2    0.4650000000E+01   -0.6966836119E+00    0.5805696766E+00   -0.1517744032E+00    0.0000000000E+00    0.0000000000E+00    0.0000000000E+00    0.0000000000E+00    0.0000000000E+00    0.0000000000E+00    0.9999971980E+00    0.9999971980E+00    0.1000000000E+01
    3    0.4650000000E+01    0.1161139353E+00   -0.2322278706E+00   -0.5344198080E+00    0.0000000000E+00    0.0000000000E+00    0.0000000000E+00    0.0000000000E+00    0.0000000000E+00    0.0000000000E+00    0.9999980778E+00    0.9999980778E+00    0.1000000000E+01
    4    0.4650000000E+01    0.1161139353E+00    0.5805696766E+00   -0.5007775348E+00    0.0000000000E+00    0.0000000000E+00    0.0000000000E+00    0.0000000000E+00    0.0000000000E+00    0.0000000000E+00    0.9999981355E+00    0.9999981355E+00    0.1000000000E+01
    5    0.4650000000E+01    0.1161139353E+00    0.5805696766E+00    0.3531019132E+00    0.0000000000E+00    0.0000000000E+00    0.0000000000E+00    0.0000000000E+00    0.0000000000E+00    0.0000000000E+00    0.9999976543E+00    0.9999976543E+00    0.1000000000E+01
    6    0.4650000000E+01   -0.6966836119E+00   -0.2322278706E+00    0.2393851128E+00    0.0000000000E+00    0.0000000000E+00    0.0000000000E+00    0.0000000000E+00    0.0000000000E+00    0.0000000000E+00    0.9999973116E+00    0.9999973116E+00    0.1000000000E+01
    7    0.4650000000E+01   -0.6966836119E+00    0.5805696766E+00    0.2601985463E+00    0.0000000000E+00    0.0000000000E+00    0.0000000000E+00    0.0000000000E+00    0.0000000000E+00    0.0000000000E+00    0.9999978663E+00    0.9999978663E+00    0.1000000000E+01
    8    0.4650000000E+01    0.1161139353E+00   -0.2322278706E+00    0.2926040494E+00    0.0000000000E+00    0.0000000000E+00    0.0000000000E+00    0.0000000000E+00    0.0000000000E+00    0.0000000000E+00    0.9999975034E+00    0.9999975034E+00    0.1000000000E+01
    1    0.4908333333E+01   -0.6966836119E+00   -0.2322278706E+00   -0.2390031194E+00    0.0000000000E+00    0.0000000000E+00    0.0000000000E+00    0.0000000000E+00    0.0000000000E+00    0.0000000000E+00    0.9999974494E+00    0.9999974494E+00    0.1000000000E+01
    2    0.4908333333E+01   -0.6966836119E+00    0.5805696766E+00   -0.3748953642E+00    0.0000000000E+00    0.0000000000E+00    0.0000000000E+00    0.0000000000E+00    0.0000000000E+00    0.0000000000E+00    0.9999797696E+00    0.9999797696E+00    0.1000000000E+01
    3    0.4908333333E+01    0.1161139353E+00    0.5805696766E+00   -0.5666518938E+00    0.0000000000E+00    0.0000000000E+00    0.0000000000E+00    0.0000000000E+00    0.0000000000E+00    0.0000000000E+00    0.9999974721E+00    0.9999974721E+00    0.1000000000E+01
    4    0.4908333333E+01    0.1161139353E+00   -0.2322278706E+00    0.5520177859E+00    0.0000000000E+00    0.0000000000E+00    0.0000000000E+00    0.0000000000E+00    0.0000000000E+00    0.0000000000E+00    0.9999978164E+00    0.9999978164E+00    0.1000000000E+01
    5    0.4908333333E+01    0.1161139353E+00    0.5805696766E+00    0.2539135554E+00    0.0000000000E+00    0.0000000000E+00    0.0000000000E+00    0.0000000000E+00    0.0000000000E+00    0.0000000000E+00    0.9999957610E+00    0.9999957610E+00    0.1000000000E+01
    6    0.4908333333E+01   -0.6966836119E+00   -0.2322278706E+00    0.1610383068E+00    0.0000000000E+00    0.0000000000E+00    0.0000000000E+00    0.0000000000E+00    0.0000000000E+00    0.0000000000E+00    0.9999976422E+00    0.9999976422E+00    0.1000000000E+01
    7    0.4908333333E+01   -0.6966836119E+00    0.5805696766E+00    0.1941112054E+00    0.0000000000E+00    0.0000000000E+00    0.0000000000E+00    0.0000000000E+00    0.0000000000E+00    0.0000000000E+00    0.9999975217E+00    0.9999975217E+00    0.1000000000E+01
    8    0.4908333333E+01    0.1161139353E+00   -0.2322278706E+00    0.1952604494E+00    0.0000000000E+00    0.0000000000E+00    0.0000000000E+00    0.0000000000E+00    0.0000000000E+00    0.0000000000E+00    0.9999961811E+00    0.9999961811E+00    0.1000000000E+01
    1    0.5166666667E+01   -0.6966836119E+00   -0.2322278706E+00   -0.3298375131E+00    0.0000000000E+00    0.0000000000E+00    0.0000000000E+00    0.0000000000E+00    0.0000000000E+00    0.0000000000E+00    0.9999964422E+00    0.9999964422E+00    0.1000000000E+01
    2    0.5166666667E+01   -0.6966836119E+00    0.5805696766E+00   -0.5224389352E+00    0.0000000000E+00    0.0000000000E+00    0.0000000000E+00    0.0000000000E+00    0.0000000000E+00    0.0000000000E+00    0.9999970575E+00    0.9999970575E+00    0.1000000000E+01
    3    0.5166666667E+01    0.1161139353E+00    0.5805696766E+00    0.4970764109E+00    0.0000000000E+00    0.0000000000E+00    0.0000000000E+00    0.0000000000E+00    0.0000000000E+00    0.0000000000E+00    0.9999964474E+00    0.9999964474E+00    0.1000000000E+01
    4    0.5166666667E+01    0.1161139353E+00   -0.2322278706E+00    0.4834238771E+00    0.0000000000E+00    0.0000000000E+00    0.0000000000E+00    0.0000000000E+00    0.0000000000E+00    0.0000000000E+00    0.9999975298E+00    0.9999975298E+00    0.1000000000E+01
    5    0.5166666667E+01    0.1161139353E+00    0.5805696766E+00   -0.5016416246E-01    0.0000000000E+00    0.0000000000E+00    0.0000000000E+00    0.0000000000E+00    0.0000000000E+00    0.0000000000E+00    0.9999931527E+00    0.9999931527E+00    0.1000000000E+01
    6    0.5166666667E+01   -0.6966836119E+00    0.5805696766E+00    0.1265390858E+00    0.0000000000E+00    0.0000000000E+00    0.0000000000E+00    0.0000000000E+00    0.0000000000E+00    0.0000000000E+00    0.9999975896E+00    0.9999975896E+00    0.1000000000E+01
    7    0.5166666667E+01   -0.6966836119E+00   -0.2322278706E+00    0.9098852642E-01    0.0000000000E+00    0.0000000000E+00    0.0000000000E+00    0.0000000000E+00    0.0000000000E+00    0.0000000000E+00    0.9999976724E+00    0.9999976724E+00    0.1000000000E+01
    1    0.5425000000E+01   -0.6966836119E+00   -0.2322278706E+00   -0.4304916869E+00    0.0000000000E+00    0.0000000000E+00    0.0000000000E+00    0.0000000000E+00    0.0000000000E+00    0.0000000000E+00    0.9999968303E+00    0.9999968303E+00    0.1000000000E+01
    2    0.5425000000E+01    0.1161139353E+00    0.5805696766E+00   -0.1501467970E+00    0.0000000000E+00    0.0000000000E+00    0.0000000000E+00    0.0000000000E+00    0.0000000000E+00    0.0000000000E+00    0.9999973158E+00    0.9999973158E+00    0.1000000000E+01
    3    0.5425000000E+01   -0.6966836119E+00    0.5805696766E+00    0.5463864887E+00    0.0000000000E+00    0.0000000000E+00    0.0000000000E+00    0.0000000000E+00    0.0000000000E+00    0.0000000000E+00    0.9999970448E+00    0.9999970448E+00    0.1000000000E+01
    4    0.5425000000E+01   -0.6966836119E+00   -0.2322278706E+00    0.2233879431E-01    0.0000000000E+00    0.0000000000E+00    0.0000000000E+00    0.0000000000E+00    0.0000000000E+00    0.0000000000E+00    0.9999975391E+00    0.9999975391E+00    0.1000000000E+01
    5    0.5425000000E+01   -0.6966836119E+00    0.5805696766E+00    0.4309585584E-01    0.0000000000E+00    0.0000000000E+00    0.0000000000E+00    0.0000000000E+00    0.0000000000E+00    0.0000000000E+00    0.9999958851E+00    0.9999958851E+00    0.1000000000E+01
    6    0.5425000000E+01    0.1161139353E+00    0.5805696766E+00    0.3637538980E+00    0.0000000000E+00    0.0000000000E+00    0.0000000000E+00    0.0000000000E+00    0.0000000000E+00    0.0000000000E+00    0.9999942098E+00    0.9999942098E+00    0.1000000000E+01
    7    0.5425000000E+01    0.1161139353E+00   -0.2322278706E+00    0.4051547902E+00    0.0000000000E+00    0.0000000000E+00    0.0000000000E+00    0.0000000000E+00    0.0000000000E+00    0.0000000000E+00    0.9999969700E+00    0.9999969700E+00    0.1000000000E+01
    1    0.5683333333E+01   -0.6966836119E+00   -0.2322278706E+00   -0.5108429429E+00    0.0000000000E+00    0.0000000000E+00    0.0000000000E+00    0.0000000000E+00    0.0000000000E+00    0.0000000000E+00    0.9999971119E+00    0.9999971119E+00    0.1000000000E+01
    2    0.5683333333E+01    0.1161139353E+00    0.5805696766E+00   -0.2115514196E+00    0.0000000000E+00    0.0000000000E+00    0.0000000000E+00    0.0000000000E+00    0.0000000000E+00    0.0000000000E+00    0.9999974088E+00    0.9999974088E+00    0.1000000000E+01
    3    0.5683333333E+01   -0.6966836119E+00    0.5805696766E+00    0.4616419516E+00    0.0000000000E+00    0.0000000000E+00    0.0000000000E+00    0.0000000000E+00    0.0000000000E+00    0.0000000000E+00    0.9999965164E+00    0.9999965164E+00    0.1000000000E+01
    4    0.5683333333E+01    0.1161139353E+00    0.5805696766E+00    0.1516662727E+00    0.0000000000E+00    0.0000000000E+00    0.0000000000E+00    0.0000000000E+00    0.0000000000E+00    0.0000000000E+00    0.9999873540E+00    0.9999873540E+00    0.1000000000E+01
    5    0.5683333333E+01    0.1161139353E+00   -0.2322278706E+00    0.3112626064E+00    0.0000000000E+00    0.0000000000E+00    0.0000000000E+00    0.0000000000E+00    0.0000000000E+00    0.0000000000E+00    0.9999960832E+00    0.9999960832E+00    0.1000000000E+01
    6    0.5683333333E+01   -0.6966836119E+00   -0.2322278706E+00   -0.4956258318E-01    0.0000000000E+00    0.0000000000E+00    0.0000000000E+00    0.0000000000E+00    0.0000000000E+00    0.0000000000E+00    0.9999971950E+00    0.9999971950E+00    0.1000000000E+01
    1    0.5941666667E+01   -0.6966836119E+00   -0.2322278706E+00    0.5588844840E+00    0.0000000000E+00    0.0000000000E+00    0.0000000000E+00    0.0000000000E+00    0.0000000000E+00    0.0000000000E+00    0.9999965823E+00    0.9999965823E+00    0.1000000000E+01
    2    0.5941666667E+01   -0.6966836119E+00    0.5805696766E+00    0.3429800531E+00    0.0000000000E+00    0.0000000000E+00    0.0000000000E+00    0.0000000000E+00    0.0000000000E+00    0.0000000000E+00    0.9999932547E+00    0.9999932547E+00    0.1000000000E+01
    3    0.5941666667E+01    0.1161139353E+00   -0.2322278706E+00    0.1865050689E+00    0.0000000000E+00    0.0000000000E+00    0.0000000000E+00    0.0000000000E+00    0.0000000000E+00    0.0000000000E+00    0.9999938381E+00    0.9999938381E+00    0.1000000000E+01
    4    0.5941666667E+01    0.1161139353E+00    0.5805696766E+00   -0.2638373434E+00    0.0000000000E+00    0.0000000000E+00    0.0000000000E+00    0.0000000000E+00    0.0000000000E+00    0.0000000000E+00    0.9999980562E+00    0.9999980562E+00    0.1000000000E+01
    5    0.5941666667E+01   -0.6966836119E+00    0.5805696766E+00   -0.1080777702E+00    0.0000000000E+00    0.0000000000E+00    0.0000000000E+00    0.0000000000E+00    0.0000000000E+00    0.0000000000E+00    0.9999925911E+00    0.9999925911E+00    0.1000000000E+01
    6    0.5941666667E+01   -0.6966836119E+00   -0.2322278706E+00   -0.1314587681E+00    0.0000000000E+00    0.0000000000E+00    0.0000000000E+00    0.0000000000E+00    0.0000000000E+00    0.0000000000E+00    0.9999964343E+00    0.9999964343E+00    0.1000000000E+01
    1    0.6200000000E+01   -0.6966836119E+00   -0.2322278706E+00    0.4488907184E+00    0.0000000000E+00    0.0000000000E+00    0.0000000000E+00    0.0000000000E+00    0.0000000000E+00    0.0000000000E+00    0.9999934491E+00    0.9999934491E+00    0.1000000000E+01
    2    0.6200000000E+01    0.1161139353E+00   -0.2322278706E+00   -0.7093541646E-01    0.0000000000E+00    0.0000000000E+00    0.0000000000E+00    0.0000000000E+00    0.0000000000E+00    0.0000000000E+00    0.9999943972E+00    0.9999943972E+00    0.1000000000E+01
    3    0.6200000000E+01    0.1161139353E+00    0.5805696766E+00   -0.3120238479E+00    0.0000000000E+00    0.0000000000E+00    0.0000000000E+00    0.0000000000E+00    0.0000000000E+00    0.0000000000E+00    0.9999980848E+00    0.9999980848E+00    0.1000000000E+01
    4    0.6200000000E+01   -0.6966836119E+00   -0.2322278706E+00   -0.2471080845E+00    0.0000000000E+00    0.0000000000E+00    0.0000000000E+00    0.0000000000E+00    0.0000000000E+00    0.0000000000E+00    0.9999931542E+00    0.9999931542E+00    0.1000000000E+01
    1    0.6458333333E+01    0.1161139353E+00   -0.2322278706E+00   -0.1596110138E+00    0.0000000000E+00    0.0000000000E+00    0.0000000000E+00    0.0000000000E+00    0.0000000000E+00    0.0000000000E+00    0.9999971424E+00    0.9999971424E+00    0.1000000000E+01
    2    0.6458333333E+01    0.1161139353E+00    0.5805696766E+00   -0.3582794883E+00    0.0000000000E+00    0.0000000000E+00    0.0000000000E+00    0.0000000000E+00    0.0000000000E+00    0.0000000000E+00    0.9999980582E+00    0.9999980582E+00    0.1000000000E+01
    1    0.6716666667E+01    0.1161139353E+00   -0.2322278706E+00   -0.2194867161E+00    0.0000000000E+00    0.0000000000E+00    0.0000000000E+00    0.0000000000E+00    0.0000000000E+00    0.0000000000E+00    0.9999975852E+00    0.9999975852E+00    0.1000000000E+01
    2    0.6716666667E+01    0.1161139353E+00    0.5805696766E+00   -0.4037822997E+00    0.0000000000E+00    0.0000000000E+00    0.0000000000E+00    0.0000000000E+00    0.0000000000E+00    0.0000000000E+00    0.9999979954E+00    0.9999979954E+00    0.1000000000E+01
    1    0.6975000000E+01    0.1161139353E+00   -0.2322278706E+00   -0.2714500313E+00    0.0000000000E+00    0.0000000000E+00    0.0000000000E+00    0.0000000000E+00    0.0000000000E+00    0.0000000000E+00    0.9999977098E+00    0.9999977098E+00    0.1000000000E+01
    2    0.6975000000E+01    0.1161139353E+00    0.5805696766E+00   -0.4492818549E+00    0.0000000000E+00    0.0000000000E+00    0.0000000000E+00    0.0000000000E+00    0.0000000000E+00    0.0000000000E+00    0.9999979056E+00    0.9999979056E+00    0.1000000000E+01
    1    0.7233333333E+01    0.1161139353E+00   -0.2322278706E+00   -0.3203978754E+00    0.0000000000E+00    0.0000000000E+00    0.0000000000E+00    0.0000000000E+00    0.0000000000E+00    0.0000000000E+00    0.9999977036E+00    0.9999977036E+00    0.1000000000E+01
    2    0.7233333333E+01    0.1161139353E+00    0.5805696766E+00   -0.4952849462E+00    0.0000000000E+00    0.0000000000E+00    0.0000000000E+00    0.0000000000E+00    0.0000000000E+00    0.0000000000E+00    0.9999977953E+00    0.9999977953E+00    0.1000000000E+01
    1    0.7491666667E+01    0.1161139353E+00   -0.2322278706E+00   -0.3686647226E+00    0.0000000000E+00    0.0000000000E+00    0.0000000000E+00    0.0000000000E+00    0.0000000000E+00    0.0000000000E+00    0.9999976132E+00    0.9999976132E+00    0.1000000000E+01
    2    0.7491666667E+01    0.1161139353E+00    0.5805696766E+00   -0.5421226140E+00    0.0000000000E+00    0.0000000000E+00    0.0000000000E+00    0.0000000000E+00    0.0000000000E+00    0.0000000000E+00    0.9999976702E+00    0.9999976702E+00    0.1000000000E+01
    1    0.7750000000E+01   -0.6966836119E+00    0.5805696766E+00   -0.1645634852E+00    0.0000000000E+00    0.0000000000E+00    0.0000000000E+00    0.0000000000E+00    0.0000000000E+00    0.0000000000E+00    0.9999837614E+00    0.9999837614E+00    0.1000000000E+01
    2    0.7750000000E+01    0.1161139353E+00   -0.2322278706E+00   -0.4178502927E+00    0.0000000000E+00    0.0000000000E+00    0.0000000000E+00    0.0000000000E+00    0.0000000000E+00    0.0000000000E+00    0.9999974476E+00    0.9999974476E+00    0.1000000000E+01
    3    0.7750000000E+01    0.1161139353E+00    0.5805696766E+00    0.5595127879E+00    0.0000000000E+00    0.0000000000E+00    0.0000000000E+00    0.0000000000E+00    0.0000000000E+00    0.0000000000E+00    0.9999975363E+00    0.9999975363E+00    0.1000000000E+01
    1    0.8008333333E+01   -0.6966836119E+00    0.5805696766E+00   -0.3005641019E+00    0.0000000000E+00    0.0000000000E+00    0.0000000000E+00    0.0000000000E+00    0.0000000000E+00    0.0000000000E+00    0.9999955612E+00    0.9999955612E+00    0.1000000000E+01
    2    0.8008333333E+01    0.1161139353E+00    0.5805696766E+00    0.5106383027E+00    0.0000000000E+00    0.0000000000E+00    0.0000000000E+00    0.0000000000E+00    0.0000000000E+00    0.0000000000E+00    0.9999974033E+00    0.9999974033E+00    0.1000000000E+01
    3    0.8008333333E+01    0.1161139353E+00   -0.2322278706E+00   -0.4694136136E+00    0.0000000000E+00    0.0000000000E+00    0.0000000000E+00    0.0000000000E+00    0.0000000000E+00    0.0000000000E+00    0.9999971972E+00    0.9999971972E+00    0.1000000000E+01
    1    0.8266666667E+01    0.1161139353E+00    0.5805696766E+00    0.4608567531E+00    0.0000000000E+00    0.0000000000E+00    0.0000000000E+00    0.0000000000E+00    0.0000000000E+00    0.0000000000E+00    0.9999972757E+00    0.9999972757E+00    0.1000000000E+01
    2    0.8266666667E+01    0.1161139353E+00   -0.2322278706E+00   -0.5250094780E+00    0.0000000000E+00    0.0000000000E+00    0.0000000000E+00    0.0000000000E+00    0.0000000000E+00    0.0000000000E+00    0.9999968356E+00    0.9999968356E+00    0.1000000000E+01
    3    0.8266666667E+01   -0.6966836119E+00    0.5805696766E+00   -0.3731568979E+00    0.0000000000E+00    0.0000000000E+00    0.0000000000E+00    0.0000000000E+00    0.0000000000E+00    0.0000000000E+00    0.9999964632E+00    0.9999964632E+00    0.1000000000E+01
    1    0.8525000000E+01   -0.6966836119E+00   -0.2322278706E+00    0.8292599222E-01    0.0000000000E+00    0.0000000000E+00    0.0000000000E+00    0.0000000000E+00    0.0000000000E+00    0.0000000000E+00    0.9999850887E+00    0.9999850887E+00    0.1000000000E+01
    2    0.8525000000E+01    0.1161139353E+00    0.5805696766E+00    0.4103899738E+00    0.0000000000E+00    0.0000000000E+00    0.0000000000E+00    0.0000000000E+00    0.0000000000E+00    0.0000000000E+00    0.9999971601E+00    0.9999971601E+00    0.1000000000E+01
    3    0.8525000000E+01    0.1161139353E+00   -0.2322278706E+00    0.5626915917E+00    0.0000000000E+00    0.0000000000E+00    0.0000000000E+00    0.0000000000E+00    0.0000000000E+00    0.0000000000E+00    0.9999963169E+00    0.9999963169E+00    0.1000000000E+01
    4    0.8525000000E+01   -0.6966836119E+00   -0.2322278706E+00   -0.4443309230E+00    0.0000000000E+00    0.0000000000E+00    0.0000000000E+00    0.0000000000E+00    0.0000000000E+00    0.0000000000E+00    0.9999944741E+00    0.9999944741E+00    0.1000000000E+01
    5    0.8525000000E+01   -0.6966836119E+00    0.5805696766E+00   -0.4352276232E+00    0.0000000000E+00    0.0000000000E+00    0.0000000000E+00    0.0000000000E+00    0.0000000000E+00    0.0000000000E+00    0.9999966262E+00    0.9999966262E+00    0.1000000000E+01
    1    0.8783333333E+01    0.1161139353E+00    0.5805696766E+00    0.3595224051E+00    0.0000000000E+00    0.0000000000E+00    0.0000000000E+00    0.0000000000E+00    0.0000000000E+00    0.0000000000E+00    0.9999970596E+00    0.9999970596E+00    0.1000000000E+01
    2    0.8783333333E+01    0.1161139353E+00   -0.2322278706E+00    0.4918884354E+00    0.0000000000E+00    0.0000000000E+00    0.0000000000E+00    0.0000000000E+00    0.0000000000E+00    0.0000000000E+00    0.9999955929E+00    0.9999955929E+00    0.1000000000E+01
    3    0.8783333333E+01   -0.6966836119E+00   -0.2322278706E+00   -0.5204175919E+00    0.0000000000E+00    0.0000000000E+00    0.0000000000E+00    0.0000000000E+00    0.0000000000E+00    0.0000000000E+00    0.9999960300E+00    0.9999960300E+00    0.1000000000E+01
    4    0.8783333333E+01   -0.6966836119E+00    0.5805696766E+00   -0.4955024669E+00    0.0000000000E+00    0.0000000000E+00    0.0000000000E+00    0.0000000000E+00    0.0000000000E+00    0.0000000000E+00    0.9999964763E+00    0.9999964763E+00    0.1000000000E+01
    1    0.9041666667E+01    0.1161139353E+00    0.5805696766E+00    0.3085336832E+00    0.0000000000E+00    0.0000000000E+00    0.0000000000E+00    0.0000000000E+00    0.0000000000E+00    0.0000000000E+00    0.9999969733E+00    0.9999969733E+00    0.1000000000E+01
    2    0.9041666667E+01    0.1161139353E+00   -0.2322278706E+00    0.4090746543E+00    0.0000000000E+00    0.0000000000E+00    0.0000000000E+00    0.0000000000E+00    0.0000000000E+00    0.0000000000E+00    0.9999946971E+00    0.9999946971E+00    0.1000000000E+01
    3    0.9041666667E+01   -0.6966836119E+00   -0.2322278706E+00    0.5626854443E+00    0.0000000000E+00    0.0000000000E+00    0.0000000000E+00    0.0000000000E+00    0.0000000000E+00    0.0000000000E+00    0.9999960908E+00    0.9999960908E+00    0.1000000000E+01
    4    0.9041666667E+01   -0.6966836119E+00    0.5805696766E+00   -0.5591164359E+00    0.0000000000E+00    0.0000000000E+00    0.0000000000E+00    0.0000000000E+00    0.0000000000E+00    0.0000000000E+00    0.9999959951E+00    0.9999959951E+00    0.1000000000E+01
    1    0.9300000000E+01    0.1161139353E+00   -0.2322278706E+00    0.3145563679E+00    0.0000000000E+00    0.0000000000E+00    0.0000000000E+00    0.0000000000E+00    0.0000000000E+00    0.0000000000E+00    0.9999939986E+00    0.9999939986E+00    0.1000000000E+01
    2    0.9300000000E+01    0.1161139353E+00    0.5805696766E+00    0.2576272322E+00    0.0000000000E+00    0.0000000000E+00    0.0000000000E+00    0.0000000000E+00    0.0000000000E+00    0.0000000000E+00    0.9999968957E+00    0.9999968957E+00    0.1000000000E+01
    3    0.9300000000E+01   -0.6966836119E+00   -0.2322278706E+00    0.4958776737E+00    0.0000000000E+00    0.0000000000E+00    0.0000000000E+00    0.0000000000E+00    0.0000000000E+00    0.0000000000E+00    0.9999957781E+00    0.9999957781E+00    0.1000000000E+01
    4    0.9300000000E+01   -0.6966836119E+00    0.5805696766E+00    0.5168418802E+00    0.0000000000E+00    0.0000000000E+00    0.0000000000E+00    0.0000000000E+00    0.0000000000E+00    0.0000000000E+00    0.9999949342E+00    0.9999949342E+00    0.1000000000E+01
    1    0.9558333333E+01    0.1161139353E+00   -0.2322278706E+00    0.2161154107E+00    0.0000000000E+00    0.0000000000E+00    0.0000000000E+00    0.0000000000E+00    0.0000000000E+00    0.0000000000E+00    0.9999938965E+00    0.9999938965E+00    0.1000000000E+01
    2    0.9558333333E+01    0.1161139353E+00    0.5805696766E+00    0.2068686175E+00    0.0000000000E+00    0.0000000000E+00    0.0000000000E+00    0.0000000000E+00    0.0000000000E+00    0.0000000000E+00    0.9999968174E+00    0.9999968174E+00    0.1000000000E+01
    3    0.9558333333E+01   -0.6966836119E+00   -0.2322278706E+00    0.4215750052E+00    0.0000000000E+00    0.0000000000E+00    0.0000000000E+00    0.0000000000E+00    0.0000000000E+00    0.0000000000E+00    0.9999948826E+00    0.9999948826E+00    0.1000000000E+01
    4    0.9558333333E+01   -0.6966836119E+00    0.5805696766E+00    0.4106088666E+00    0.0000000000E+00    0.0000000000E+00    0.0000000000E+00    0.0000000000E+00    0.0000000000E+00    0.0000000000E+00    0.9999905216E+00    0.9999905216E+00    0.1000000000E+01
    1    0.9816666667E+01   -0.6966836119E+00   -0.2322278706E+00    0.3249350255E+00    0.0000000000E+00    0.0000000000E+00    0.0000000000E+00    0.0000000000E+00    0.0000000000E+00    0.0000000000E+00    0.9999922812E+00    0.9999922812E+00    0.1000000000E+01
    2    0.9816666667E+01    0.1161139353E+00   -0.2322278706E+00    0.1199036635E+00    0.0000000000E+00    0.0000000000E+00    0.0000000000E+00    0.0000000000E+00    0.0000000000E+00    0.0000000000E+00    0.9999937077E+00    0.9999937077E+00    0.1000000000E+01
    3    0.9816666667E+01    0.1161139353E+00    0.5805696766E+00    0.1561464919E+00    0.0000000000E+00    0.0000000000E+00    0.0000000000E+00    0.0000000000E+00    0.0000000000E+00    0.0000000000E+00    0.9999967261E+00    0.9999967261E+00    0.1000000000E+01
    1    0.1007500000E+02   -0.6966836119E+00   -0.2322278706E+00    0.1216585084E+00    0.0000000000E+00    0.0000000000E+00    0.0000000000E+00    0.0000000000E+00    0.0000000000E+00    0.0000000000E+00    0.9999712049E+00    0.9999712049E+00    0.1000000000E+01
    2    0.1007500000E+02    0.1161139353E+00    0.5805696766E+00    0.1051344717E+00    0.0000000000E+00    0.0000000000E+00    0.0000000000E+00    0.0000000000E+00    0.0000000000E+00    0.0000000000E+00    0.9999966035E+00    0.9999966035E+00    0.1000000000E+01
    1    0.1033333333E+02    0.1161139353E+00    0.5805696766E+00    0.5302189187E-01    0.0000000000E+00    0.0000000000E+00    0.0000000000E+00    0.0000000000E+00    0.0000000000E+00    0.0000000000E+00    0.9999963771E+00    0.9999963771E+00    0.1000000000E+01
    1    0.1085000000E+02    0.1161139353E+00   -0.2322278706E+00   -0.1163631105E+00    0.0000000000E+00    0.0000000000E+00    0.0000000000E+00    0.0000000000E+00    0.0000000000E+00    0.0000000000E+00    0.9999943502E+00    0.9999943502E+00    0.1000000000E+01
    2    0.1085000000E+02    0.1161139353E+00    0.5805696766E+00   -0.4924840096E-01    0.0000000000E+00    0.0000000000E+00    0.0000000000E+00    0.0000000000E+00    0.0000000000E+00    0.0000000000E+00    0.9999959416E+00    0.9999959416E+00    0.1000000000E+01
    1    0.1110833333E+02   -0.6966836119E+00   -0.2322278706E+00   -0.4510082707E+00    0.0000000000E+00    0.0000000000E+00    0.0000000000E+00    0.0000000000E+00    0.0000000000E+00    0.0000000000E+00    0.9999927438E+00    0.9999927438E+00    0.1000000000E+01
    2    0.1110833333E+02   -0.6966836119E+00    0.5805696766E+00   -0.3064387744E+00    0.9289114825E+00    0.5805696766E+00   -0.3064387744E+00   -0.4829056075E+01   -0.2007785282E+01    0.2841759804E+01    0.9999872076E+00    0.9999872076E+00    0.1000000000E+01
    3    0.1110833333E+02    0.1161139353E+00   -0.2322278706E+00   -0.1907523069E+00    0.0000000000E+00    0.0000000000E+00    0.0000000000E+00    0.0000000000E+00    0.0000000000E+00    0.0000000000E+00    0.9999947839E+00    0.9999947839E+00    0.1000000000E+01
    4    0.1110833333E+02    0.1161139353E+00    0.5805696766E+00   -0.1063263551E+00    0.0000000000E+00    0.0000000000E+00    0.0000000000E+00    0.0000000000E+00    0.0000000000E+00    0.0000000000E+00    0.9999957780E+00    0.9999957780E+00    0.1000000000E+01
    1    0.1136666667E+02    0.1161139353E+00    0.5805696766E+00   -0.1656451567E+00    0.0000000000E+00    0.0000000000E+00    0.0000000000E+00    0.0000000000E+00    0.0000000000E+00    0.0000000000E+00    0.9999954555E+00    0.9999954555E+00    0.1000000000E+01
    2    0.1136666667E+02    0.1161139353E+00   -0.2322278706E+00   -0.2611957979E+00    0.0000000000E+00    0.0000000000E+00    0.0000000000E+00    0.0000000000E+00    0.0000000000E+00    0.0000000000E+00    0.9999947979E+00    0.9999947979E+00    0.1000000000E+01
    3    0.1136666667E+02   -0.6966836119E+00   -0.2322278706E+00   -0.5336922161E+00    0.0000000000E+00    0.0000000000E+00    0.0000000000E+00    0.0000000000E+00    0.0000000000E+00    0.0000000000E+00    0.9999946436E+00    0.9999946436E+00    0.1000000000E+01
    4    0.1136666667E+02   -0.6966836119E+00    0.5805696766E+00   -0.4280709490E+00    0.0000000000E+00    0.0000000000E+00    0.0000000000E+00    0.0000000000E+00    0.0000000000E+00    0.0000000000E+00    0.9999931064E+00    0.9999931064E+00    0.1000000000E+01
    1    0.1162500000E+02    0.1161139353E+00    0.5805696766E+00   -0.2283619683E+00    0.0000000000E+00    0.0000000000E+00    0.0000000000E+00    0.0000000000E+00    0.0000000000E+00    0.0000000000E+00    0.9999950713E+00    0.9999950713E+00    0.1000000000E+01
    2    0.1162500000E+02    0.1161139353E+00   -0.2322278706E+00   -0.3304966380E+00    0.0000000000E+00    0.0000000000E+00    0.0000000000E+00    0.0000000000E+00    0.0000000000E+00    0.0000000000E+00    0.9999947416E+00    0.9999947416E+00    0.1000000000E+01
    3    0.1162500000E+02   -0.6966836119E+00   -0.2322278706E+00    0.5494038711E+00    0.0000000000E+00    0.0000000000E+00    0.0000000000E+00    0.0000000000E+00    0.0000000000E+00    0.0000000000E+00    0.9999952333E+00    0.9999952333E+00    0.1000000000E+01
    4    0.1162500000E+02   -0.6966836119E+00    0.5805696766E+00   -0.5089806985E+00    0.0000000000E+00    0.0000000000E+00    0.0000000000E+00    0.0000000000E+00    0.0000000000E+00    0.0000000000E+00    0.9999944409E+00    0.9999944409E+00    0.1000000000E+01
    1    0.1188333333E+02    0.1161139353E+00    0.5805696766E+00   -0.2948023374E+00    0.0000000000E+00    0.0000000000E+00    0.0000000000E+00    0.0000000000E+00    0.0000000000E+00    0.0000000000E+00    0.9999946805E+00    0.9999946805E+00    0.1000000000E+01
    2    0.1188333333E+02    0.1161139353E+00   -0.2322278706E+00   -0.3989527416E+00    0.0000000000E+00    0.0000000000E+00    0.0000000000E+00    0.0000000000E+00    0.0000000000E+00    0.0000000000E+00    0.9999946998E+00    0.9999946998E+00    0.1000000000E+01
    3    0.1188333333E+02   -0.6966836119E+00    0.5805696766E+00    0.5722183500E+00    0.0000000000E+00    0.0000000000E+00    0.0000000000E+00    0.0000000000E+00    0.0000000000E+00    0.0000000000E+00    0.9999942687E+00    0.9999942687E+00    0.1000000000E+01
    4    0.1188333333E+02   -0.6966836119E+00   -0.2322278706E+00    0.4891283878E+00    0.0000000000E+00    0.0000000000E+00    0.0000000000E+00    0.0000000000E+00    0.0000000000E+00    0.0000000000E+00    0.9999954193E+00    0.9999954193E+00    0.1000000000E+01
    1    0.1214166667E+02    0.1161139353E+00    0.5805696766E+00   -0.3643592722E+00    0.0000000000E+00    0.0000000000E+00    0.0000000000E+00    0.0000000000E+00    0.0000000000E+00    0.0000000000E+00    0.9999943715E+00    0.9999943715E+00    0.1000000000E+01
    2    0.1214166667E+02    0.1161139353E+00   -0.2322278706E+00   -0.4663226201E+00    0.0000000000E+00    0.0000000000E+00    0.0000000000E+00    0.0000000000E+00    0.0000000000E+00    0.0000000000E+00    0.9999946772E+00    0.9999946772E+00    0.1000000000E+01
    3    0.1214166667E+02   -0.6966836119E+00    0.5805696766E+00    0.5080128732E+00    0.0000000000E+00    0.0000000000E+00    0.0000000000E+00    0.0000000000E+00    0.0000000000E+00    0.0000000000E+00    0.9999949833E+00    0.9999949833E+00    0.1000000000E+01
    4    0.1214166667E+02   -0.6966836119E+00   -0.2322278706E+00    0.4309730522E+00    0.0000000000E+00    0.0000000000E+00    0.0000000000E+00    0.0000000000E+00    0.0000000000E+00    0.0000000000E+00    0.9999953780E+00    0.9999953780E+00    0.1000000000E+01
    1    0.1240000000E+02    0.1161139353E+00    0.5805696766E+00   -0.4353593180E+00    0.0000000000E+00    0.0000000000E+00    0.0000000000E+00    0.0000000000E+00    0.0000000000E+00    0.0000000000E+00    0.9999942192E+00    0.9999942192E+00    0.1000000000E+01
    2    0.1240000000E+02    0.1161139353E+00   -0.2322278706E+00   -0.5326324281E+00    0.0000000000E+00    0.0000000000E+00    0.0000000000E+00    0.0000000000E+00    0.0000000000E+00    0.0000000000E+00    0.9999946333E+00    0.9999946333E+00    0.1000000000E+01
    3    0.1240000000E+02   -0.6966836119E+00    0.5805696766E+00    0.4450532709E+00    0.0000000000E+00    0.0000000000E+00    0.0000000000E+00    0.0000000000E+00    0.0000000000E+00    0.0000000000E+00    0.9999948376E+00    0.9999948376E+00    0.1000000000E+01
    4    0.1240000000E+02   -0.6966836119E+00   -0.2322278706E+00    0.3723645441E+00    0.0000000000E+00    0.0000000000E+00    0.0000000000E+00    0.0000000000E+00    0.0000000000E+00    0.0000000000E+00    0.9999951483E+00    0.9999951483E+00    0.1000000000E+01
    1    0.1265833333E+02   -0.6966836119E+00   -0.2322278706E+00    0.3108685064E+00   -0.6966836119E+00   -0.2322278706E+00    0.3108685064E+00    0.4423019799E+01    0.9830419290E+00   -0.2102043093E+01    0.9999946901E+00    0.9999946901E+00    0.1000000000E+01
    2    0.1265833333E+02   -0.6966836119E+00    0.5805696766E+00    0.3801993535E+00    0.0000000000E+00    0.0000000000E+00    0.0000000000E+00    0.0000000000E+00    0.0000000000E+00    0.0000000000E+00    0.9999944481E+00    0.9999944481E+00    0.1000000000E+01
    3    0.1265833333E+02    0.1161139353E+00    0.5805696766E+00   -0.5058624515E+00    0.0000000000E+00    0.0000000000E+00    0.0000000000E+00    0.0000000000E+00    0.0000000000E+00    0.0000000000E+00    0.9999941994E+00    0.9999941994E+00    0.1000000000E+01
    4    0.1265833333E+02    0.1161139353E+00   -0.2322278706E+00    0.5509554390E+00    0.0000000000E+00    0.0000000000E+00    0.0000000000E+00    0.0000000000E+00    0.0000000000E+00    0.0000000000E+00    0.9999945098E+00    0.9999945098E+00    0.1000000000E+01
    1    0.1291666667E+02    0.1161139353E+00    0.5805696766E+00    0.5747346539E+00    0.1161139353E+00    0.5805696766E+00    0.5747346539E+00    0.0000000000E+00    0.0000000000E+00    0.0000000000E+00    0.3854075804E-09    0.3854075804E-09    0.1000000000E+01
    2    0.1291666667E+02    0.1161139353E+00   -0.2322278706E+00    0.4841288132E+00    0.0000000000E+00    0.0000000000E+00    0.0000000000E+00    0.0000000000E+00    0.0000000000E+00    0.0000000000E+00    0.9999942398E+00    0.9999942398E+00    0.1000000000E+01
    3    0.1291666667E+02   -0.6966836119E+00    0.5805696766E+00    0.3099617670E+00    0.0000000000E+00    0.0000000000E+00    0.0000000000E+00    0.0000000000E+00    0.0000000000E+00    0.0000000000E+00    0.9999936678E+00    0.9999936678E+00    0.1000000000E+01
    4    0.1291666667E+02   -0.6966836119E+00   -0.2322278706E+00    0.2430918165E+00    0.0000000000E+00    0.0000000000E+00    0.0000000000E+00    0.0000000000E+00    0.0000000000E+00    0.0000000000E+00    0.9999938375E+00    0.9999938375E+00    0.1000000000E+01
    1    0.1317500000E+02    0.1161139353E+00    0.5805696766E+00    0.5063762729E+00    0.0000000000E+00    0.0000000000E+00    0.0000000000E+00    0.0000000000E+00    0.0000000000E+00    0.0000000000E+00    0.9999940965E+00    0.9999940965E+00    0.1000000000E+01
    2    0.1317500000E+02    0.1161139353E+00   -0.2322278706E+00    0.4140946363E+00    0.0000000000E+00    0.0000000000E+00    0.0000000000E+00    0.0000000000E+00    0.0000000000E+00    0.0000000000E+00    0.9999937074E+00    0.9999937074E+00    0.1000000000E+01
    3    0.1317500000E+02   -0.6966836119E+00    0.5805696766E+00    0.2268485591E+00    0.0000000000E+00    0.0000000000E+00    0.0000000000E+00    0.0000000000E+00    0.0000000000E+00    0.0000000000E+00    0.9999917179E+00    0.9999917179E+00    0.1000000000E+01
    4    0.1317500000E+02   -0.6966836119E+00   -0.2322278706E+00    0.1616425721E+00    0.0000000000E+00    0.0000000000E+00    0.0000000000E+00    0.0000000000E+00    0.0000000000E+00    0.0000000000E+00    0.9999918633E+00    0.9999918633E+00    0.1000000000E+01
    1    0.1343333333E+02   -0.6966836119E+00   -0.2322278706E+00   -0.3646376845E+00    0.0000000000E+00    0.0000000000E+00    0.0000000000E+00    0.0000000000E+00    0.0000000000E+00    0.0000000000E+00    0.9999579931E+00    0.9999579931E+00    0.1000000000E+01
    2    0.1343333333E+02    0.1161139353E+00    0.5805696766E+00    0.4371594549E+00    0.0000000000E+00    0.0000000000E+00    0.0000000000E+00    0.0000000000E+00    0.0000000000E+00    0.0000000000E+00    0.9999937270E+00    0.9999937270E+00    0.1000000000E+01
    3    0.1343333333E+02    0.1161139353E+00   -0.2322278706E+00    0.3366097489E+00    0.0000000000E+00    0.0000000000E+00    0.0000000000E+00    0.0000000000E+00    0.0000000000E+00    0.0000000000E+00    0.9999926080E+00    0.9999926080E+00    0.1000000000E+01
    4    0.1343333333E+02   -0.6966836119E+00   -0.2322278706E+00    0.9592460019E-01    0.0000000000E+00    0.0000000000E+00    0.0000000000E+00    0.0000000000E+00    0.0000000000E+00    0.0000000000E+00    0.9999577626E+00    0.9999577626E+00    0.1000000000E+01
    5    0.1343333333E+02    0.1161139353E+00    0.5805696766E+00   -0.1146699208E+00    0.0000000000E+00    0.0000000000E+00    0.0000000000E+00    0.0000000000E+00    0.0000000000E+00    0.0000000000E+00    0.9999548975E+00    0.9999548975E+00    0.1000000000E+01
    6    0.1343333333E+02    0.1161139353E+00   -0.2322278706E+00   -0.1159801769E+00    0.0000000000E+00    0.0000000000E+00    0.0000000000E+00    0.0000000000E+00    0.0000000000E+00    0.0000000000E+00    0.9999621370E+00    0.9999621370E+00    0.1000000000E+01
    1    0.1369166667E+02   -0.6966836119E+00   -0.2322278706E+00    0.4687050870E+00    0.0000000000E+00    0.0000000000E+00    0.0000000000E+00    0.0000000000E+00    0.0000000000E+00    0.0000000000E+00    0.9999691105E+00    0.9999691105E+00    0.1000000000E+01
    2    0.1369166667E+02    0.1161139353E+00    0.5805696766E+00    0.3636197581E+00    0.0000000000E+00    0.0000000000E+00    0.0000000000E+00    0.0000000000E+00    0.0000000000E+00    0.0000000000E+00    0.9999921264E+00    0.9999921264E+00    0.1000000000E+01
    3    0.1369166667E+02    0.1161139353E+00   -0.2322278706E+00    0.2396874678E+00    0.0000000000E+00    0.0000000000E+00    0.0000000000E+00    0.0000000000E+00    0.0000000000E+00    0.0000000000E+00    0.9999892610E+00    0.9999892610E+00    0.1000000000E+01
    4    0.1369166667E+02   -0.6966836119E+00    0.5805696766E+00   -0.5030450685E+00    0.0000000000E+00    0.0000000000E+00    0.0000000000E+00    0.0000000000E+00    0.0000000000E+00    0.0000000000E+00    0.9999733757E+00    0.9999733757E+00    0.1000000000E+01
    5    0.1369166667E+02   -0.6966836119E+00    0.5805696766E+00    0.5521268923E-01    0.0000000000E+00    0.0000000000E+00    0.0000000000E+00    0.0000000000E+00    0.0000000000E+00    0.0000000000E+00    0.9999363884E+00    0.9999363884E+00    0.1000000000E+01
    6    0.1369166667E+02   -0.6966836119E+00    0.5805696766E+00   -0.9572841419E-01    0.0000000000E+00    0.0000000000E+00    0.0000000000E+00    0.0000000000E+00    0.0000000000E+00    0.0000000000E+00    0.9999621271E+00    0.9999621271E+00    0.1000000000E+01
    7    0.1369166667E+02   -0.6966836119E+00   -0.2322278706E+00   -0.1584019879E+00    0.0000000000E+00    0.0000000000E+00    0.0000000000E+00    0.0000000000E+00    0.0000000000E+00    0.0000000000E+00    0.9999811723E+00    0.9999811723E+00    0.1000000000E+01
    8    0.1369166667E+02   -0.6966836119E+00    0.5805696766E+00   -0.1852756765E+00    0.0000000000E+00    0.0000000000E+00    0.0000000000E+00    0.0000000000E+00    0.0000000000E+00    0.0000000000E+00    0.9999646393E+00    0.9999646393E+00    0.1000000000E+01
    9    0.1369166667E+02    0.1161139353E+00    0.5805696766E+00   -0.2334879376E+00    0.0000000000E+00    0.0000000000E+00    0.0000000000E+00    0.0000000000E+00    0.0000000000E+00    0.0000000000E+00    0.9999728901E+00    0.9999728901E+00    0.1000000000E+01
   10    0.1369166667E+02   -0.6966836119E+00   -0.2322278706E+00   -0.2892655316E+00    0.0000000000E+00    0.0000000000E+00    0.0000000000E+00    0.0000000000E+00    0.0000000000E+00    0.0000000000E+00    0.9999776577E+00    0.9999776577E+00    0.1000000000E+01
   11    0.1369166667E+02    0.1161139353E+00   -0.2322278706E+00   -0.3798791756E+00    0.0000000000E+00    0.0000000000E+00    0.0000000000E+00    0.0000000000E+00    0.0000000000E+00    0.0000000000E+00    0.9999801348E+00    0.9999801348E+00    0.1000000000E+01
   12    0.1369166667E+02    0.1161139353E+00    0.5805696766E+00   -0.3812341355E+00    0.0000000000E+00    0.0000000000E+00    0.0000000000E+00    0.0000000000E+00    0.0000000000E+00    0.0000000000E+00    0.9999818425E+00    0.9999818425E+00    0.1000000000E+01
    1    0.1395000000E+02    0.1161139353E+00    0.5805696766E+00    0.2762374063E+00    0.0000000000E+00    0.0000000000E+00    0.0000000000E+00    0.0000000000E+00    0.0000000000E+00    0.0000000000E+00    0.9999906845E+00    0.9999906845E+00    0.1000000000E+01
    2    0.1395000000E+02    0.1161139353E+00   -0.2322278706E+00    0.5560020009E+00    0.0000000000E+00    0.0000000000E+00    0.0000000000E+00    0.0000000000E+00    0.0000000000E+00    0.0000000000E+00    0.9999787810E+00    0.9999787810E+00    0.1000000000E+01
    3    0.1395000000E+02    0.1161139353E+00    0.5805696766E+00   -0.5663539849E+00    0.0000000000E+00    0.0000000000E+00    0.0000000000E+00    0.0000000000E+00    0.0000000000E+00    0.0000000000E+00    0.9999811392E+00    0.9999811392E+00    0.1000000000E+01
    4    0.1395000000E+02   -0.6966836119E+00   -0.2322278706E+00   -0.4746512299E+00    0.0000000000E+00    0.0000000000E+00    0.0000000000E+00    0.0000000000E+00    0.0000000000E+00    0.0000000000E+00    0.9999664441E+00    0.9999664441E+00    0.1000000000E+01
    5    0.1395000000E+02    0.1161139353E+00    0.5805696766E+00   -0.4621341692E+00    0.0000000000E+00    0.0000000000E+00    0.0000000000E+00    0.0000000000E+00    0.0000000000E+00    0.0000000000E+00    0.9999810583E+00    0.9999810583E+00    0.1000000000E+01
    6    0.1395000000E+02   -0.6966836119E+00    0.5805696766E+00   -0.3485037530E+00    0.0000000000E+00    0.0000000000E+00    0.0000000000E+00    0.0000000000E+00    0.0000000000E+00    0.0000000000E+00    0.9999776905E+00    0.9999776905E+00    0.1000000000E+01
    7    0.1395000000E+02   -0.6966836119E+00   -0.2322278706E+00   -0.3942403304E+00   -0.6966836119E+00   -0.2322278706E+00   -0.3942403304E+00    0.5113894159E+00    0.1544719828E+01   -0.8067931222E+00    0.9999680544E+00    0.9999680544E+00    0.1000000000E+01
    8    0.1395000000E+02    0.1161139353E+00   -0.2322278706E+00   -0.3792707612E+00    0.0000000000E+00    0.0000000000E+00    0.0000000000E+00    0.0000000000E+00    0.0000000000E+00    0.0000000000E+00    0.9999780522E+00    0.9999780522E+00    0.1000000000E+01
    1    0.1420833333E+02    0.1161139353E+00   -0.2322278706E+00    0.3258482816E+00    0.0000000000E+00    0.0000000000E+00    0.0000000000E+00    0.0000000000E+00    0.0000000000E+00    0.0000000000E+00    0.9999715237E+00    0.9999715237E+00    0.1000000000E+01
    2    0.1420833333E+02    0.1161139353E+00    0.5805696766E+00    0.3642707223E+00    0.1161139353E+00    0.5805696766E+00    0.3642707223E+00   -0.4711282943E+00   -0.3259540898E+00   -0.3263064766E+00    0.9999121682E+00    0.9999121682E+00    0.1000000000E+01
    3    0.1420833333E+02    0.1161139353E+00    0.5805696766E+00    0.4020506184E+00    0.0000000000E+00    0.0000000000E+00    0.0000000000E+00    0.0000000000E+00    0.0000000000E+00    0.0000000000E+00    0.9999770745E+00    0.9999770745E+00    0.1000000000E+01
    1    0.1446666667E+02    0.1161139353E+00    0.5805696766E+00    0.1826939393E+00    0.0000000000E+00    0.0000000000E+00    0.0000000000E+00    0.0000000000E+00    0.0000000000E+00    0.0000000000E+00    0.9999770008E+00    0.9999770008E+00    0.1000000000E+01
