    1    0.2066666667E+01   -0.5805696766E+00    0.4644557413E+00   -0.1625833402E-01    0.0000000000E+00    0.0000000000E+00    0.0000000000E+00    0.0000000000E+00    0.0000000000E+00    0.0000000000E+00    0.9999879976E+00    0.9999879976E+00    0.1000000000E+01
    1    0.2325000000E+01   -0.5805696766E+00    0.4644557413E+00   -0.1717839126E+00    0.0000000000E+00    0.0000000000E+00    0.0000000000E+00    0.0000000000E+00    0.0000000000E+00    0.0000000000E+00    0.9999985918E+00    0.9999985918E+00    0.1000000000E+01
    1    0.2583333333E+01   -0.5805696766E+00    0.4644557413E+00    0.1367987177E+00    0.0000000000E+00    0.0000000000E+00    0.0000000000E+00    0.0000000000E+00    0.0000000000E+00    0.0000000000E+00    0.9999979254E+00    0.9999979254E+00    0.1000000000E+01
    2    0.2583333333E+01   -0.5805696766E+00    0.4644557413E+00   -0.2392946348E+00    0.0000000000E+00    0.0000000000E+00    0.0000000000E+00    0.0000000000E+00    0.0000000000E+00    0.0000000000E+00    0.9999985767E+00    0.9999985767E+00    0.1000000000E+01
    3    0.2583333333E+01   -0.5805696766E+00    0.4644557413E+00   -0.3357731079E+00    0.0000000000E+00    0.0000000000E+00    0.0000000000E+00    0.0000000000E+00    0.0000000000E+00    0.0000000000E+00    0.9999983596E+00    0.9999983596E+00    0.1000000000E+01
    1    0.2841666667E+01   -0.5805696766E+00    0.4644557413E+00   -0.4196889494E+00    0.0000000000E+00    0.0000000000E+00    0.0000000000E+00    0.0000000000E+00    0.0000000000E+00    0.0000000000E+00    0.9999987198E+00    0.9999987198E+00    0.1000000000E+01
    2    0.2841666667E+01    0.2322278706E+00    0.4644557413E+00   -0.2769922743E+00    0.0000000000E+00    0.0000000000E+00    0.0000000000E+00    0.0000000000E+00    0.0000000000E+00    0.0000000000E+00    0.9999972113E+00    0.9999972113E+00    0.1000000000E+01
    3    0.2841666667E+01   -0.5805696766E+00    0.4644557413E+00   -0.2991419172E+00    0.0000000000E+00    0.0000000000E+00    0.0000000000E+00    0.0000000000E+00    0.0000000000E+00    0.0000000000E+00    0.9999988988E+00    0.9999988988E+00    0.1000000000E+01
    1    0.3100000000E+01    0.2322278706E+00    0.4644557413E+00    0.2405451282E+00    0.0000000000E+00    0.0000000000E+00    0.0000000000E+00    0.0000000000E+00    0.0000000000E+00    0.0000000000E+00    0.9999973001E+00    0.9999973001E+00    0.1000000000E+01
    2    0.3100000000E+01   -0.5805696766E+00    0.4644557413E+00   -0.4876987635E+00    0.0000000000E+00    0.0000000000E+00    0.0000000000E+00    0.0000000000E+00    0.0000000000E+00    0.0000000000E+00    0.9999985865E+00    0.9999985865E+00    0.1000000000E+01
    3    0.3100000000E+01    0.2322278706E+00    0.4644557413E+00   -0.4612275858E+00    0.0000000000E+00    0.0000000000E+00    0.0000000000E+00    0.0000000000E+00    0.0000000000E+00    0.0000000000E+00    0.9999968179E+00    0.9999968179E+00    0.1000000000E+01
    4    0.3100000000E+01    0.2322278706E+00    0.4644557413E+00   -0.3454189562E+00    0.0000000000E+00    0.0000000000E+00    0.0000000000E+00    0.0000000000E+00    0.0000000000E+00    0.0000000000E+00    0.9999982585E+00    0.9999982585E+00    0.1000000000E+01
    5    0.3100000000E+01   -0.5805696766E+00    0.4644557413E+00   -0.3501116603E+00    0.0000000000E+00    0.0000000000E+00    0.0000000000E+00    0.0000000000E+00    0.0000000000E+00    0.0000000000E+00    0.9999990708E+00    0.9999990708E+00    0.1000000000E+01
    1    0.3358333333E+01    0.2322278706E+00    0.4644557413E+00    0.1476092602E+00    0.0000000000E+00    0.0000000000E+00    0.0000000000E+00    0.0000000000E+00    0.0000000000E+00    0.0000000000E+00    0.9999983141E+00    0.9999983141E+00    0.1000000000E+01
    2    0.3358333333E+01    0.2322278706E+00    0.4644557413E+00   -0.5676831378E+00    0.0000000000E+00    0.0000000000E+00    0.0000000000E+00    0.0000000000E+00    0.0000000000E+00    0.0000000000E+00    0.9999976973E+00    0.9999976973E+00    0.1000000000E+01
    3    0.3358333333E+01   -0.5805696766E+00    0.4644557413E+00   -0.5531854642E+00    0.0000000000E+00    0.0000000000E+00    0.0000000000E+00    0.0000000000E+00    0.0000000000E+00    0.0000000000E+00    0.9999986085E+00    0.9999986085E+00    0.1000000000E+01
    4    0.3358333333E+01    0.2322278706E+00    0.4644557413E+00   -0.4184175211E+00    0.2322278706E+00    0.4644557413E+00   -0.4184175211E+00    0.3594731319E+01    0.2268883871E+01   -0.9112881381E+00    0.9999988208E+00    0.9999988208E+00    0.1000000000E+01
    5    0.3358333333E+01   -0.5805696766E+00    0.4644557413E+00   -0.3966917586E+00    0.0000000000E+00    0.0000000000E+00    0.0000000000E+00    0.0000000000E+00    0.0000000000E+00    0.0000000000E+00    0.9999989193E+00    0.9999989193E+00    0.1000000000E+01
    1    0.3616666667E+01    0.2322278706E+00    0.4644557413E+00    0.6901851009E-01    0.0000000000E+00    0.0000000000E+00    0.0000000000E+00    0.0000000000E+00    0.0000000000E+00    0.0000000000E+00    0.9999977906E+00    0.9999977906E+00    0.1000000000E+01
    2    0.3616666667E+01    0.2322278706E+00    0.4644557413E+00    0.4929533249E+00    0.0000000000E+00    0.0000000000E+00    0.0000000000E+00    0.0000000000E+00    0.0000000000E+00    0.0000000000E+00    0.9999978385E+00    0.9999978385E+00    0.1000000000E+01
    3    0.3616666667E+01   -0.5805696766E+00    0.4644557413E+00    0.5280136710E+00    0.0000000000E+00    0.0000000000E+00    0.0000000000E+00    0.0000000000E+00    0.0000000000E+00    0.0000000000E+00    0.9999982399E+00    0.9999982399E+00    0.1000000000E+01
    4    0.3616666667E+01    0.2322278706E+00    0.4644557413E+00   -0.4727787753E+00    0.0000000000E+00    0.0000000000E+00    0.0000000000E+00    0.0000000000E+00    0.0000000000E+00    0.0000000000E+00    0.9999988278E+00    0.9999988278E+00    0.1000000000E+01
    5    0.3616666667E+01   -0.5805696766E+00    0.4644557413E+00   -0.4407351325E+00    0.0000000000E+00    0.0000000000E+00    0.0000000000E+00    0.0000000000E+00    0.0000000000E+00    0.0000000000E+00    0.9999990236E+00    0.9999990236E+00    0.1000000000E+01
    1    0.3875000000E+01   -0.5805696766E+00   -0.3483418059E+00   -0.3121098395E+00    0.0000000000E+00    0.0000000000E+00    0.0000000000E+00    0.0000000000E+00    0.0000000000E+00    0.0000000000E+00    0.9999924574E+00    0.9999924574E+00    0.1000000000E+01
    2    0.3875000000E+01   -0.5805696766E+00    0.4644557413E+00   -0.4834174784E+00    0.0000000000E+00    0.0000000000E+00    0.0000000000E+00    0.0000000000E+00    0.0000000000E+00    0.0000000000E+00    0.9999989546E+00    0.9999989546E+00    0.1000000000E+01
    3    0.3875000000E+01    0.2322278706E+00    0.4644557413E+00   -0.5205216033E+00    0.0000000000E+00    0.0000000000E+00    0.0000000000E+00    0.0000000000E+00    0.0000000000E+00    0.0000000000E+00    0.9999987838E+00    0.9999987838E+00    0.1000000000E+01
    4    0.3875000000E+01   -0.5805696766E+00   -0.3483418059E+00    0.2206931544E+00    0.0000000000E+00    0.0000000000E+00    0.0000000000E+00    0.0000000000E+00    0.0000000000E+00    0.0000000000E+00    0.9999929421E+00    0.9999929421E+00    0.1000000000E+01
    5    0.3875000000E+01    0.2322278706E+00    0.4644557413E+00    0.4054833573E+00    0.0000000000E+00    0.0000000000E+00    0.0000000000E+00    0.0000000000E+00    0.0000000000E+00    0.0000000000E+00    0.9999977431E+00    0.9999977431E+00    0.1000000000E+01
    6    0.3875000000E+01   -0.5805696766E+00    0.4644557413E+00    0.4519019815E+00    0.0000000000E+00    0.0000000000E+00    0.0000000000E+00    0.0000000000E+00    0.0000000000E+00    0.0000000000E+00    0.9999978495E+00    0.9999978495E+00    0.1000000000E+01
    1    0.4133333333E+01   -0.5805696766E+00   -0.3483418059E+00    0.9799255410E-01    0.0000000000E+00    0.0000000000E+00    0.0000000000E+00    0.0000000000E+00    0.0000000000E+00    0.0000000000E+00    0.9999976633E+00    0.9999976633E+00    0.1000000000E+01
    2    0.4133333333E+01    0.2322278706E+00    0.4644557413E+00    0.3101745512E+00    0.0000000000E+00    0.0000000000E+00    0.0000000000E+00    0.0000000000E+00    0.0000000000E+00    0.0000000000E+00    0.9999972280E+00    0.9999972280E+00    0.1000000000E+01
    3    0.4133333333E+01   -0.5805696766E+00    0.4644557413E+00    0.3595660183E+00    0.0000000000E+00    0.0000000000E+00    0.0000000000E+00    0.0000000000E+00    0.0000000000E+00    0.0000000000E+00    0.9999971010E+00    0.9999971010E+00    0.1000000000E+01
    4    0.4133333333E+01   -0.5805696766E+00   -0.3483418059E+00    0.3377297242E+00    0.0000000000E+00    0.0000000000E+00    0.0000000000E+00    0.0000000000E+00    0.0000000000E+00    0.0000000000E+00    0.9999960478E+00    0.9999960478E+00    0.1000000000E+01
    5    0.4133333333E+01   -0.5805696766E+00   -0.3483418059E+00   -0.4722516933E+00    0.0000000000E+00    0.0000000000E+00    0.0000000000E+00    0.0000000000E+00    0.0000000000E+00    0.0000000000E+00    0.9999945461E+00    0.9999945461E+00    0.1000000000E+01
    6    0.4133333333E+01   -0.5805696766E+00    0.4644557413E+00   -0.5258356546E+00    0.0000000000E+00    0.0000000000E+00    0.0000000000E+00    0.0000000000E+00    0.0000000000E+00    0.0000000000E+00    0.9999988660E+00    0.9999988660E+00    0.1000000000E+01
    7    0.4133333333E+01    0.2322278706E+00    0.4644557413E+00   -0.5654065419E+00    0.0000000000E+00    0.0000000000E+00    0.0000000000E+00    0.0000000000E+00    0.0000000000E+00    0.0000000000E+00    0.9999987328E+00    0.9999987328E+00    0.1000000000E+01
    1    0.4391666667E+01    0.2322278706E+00   -0.3483418059E+00   -0.3445022410E+00    0.0000000000E+00    0.0000000000E+00    0.0000000000E+00    0.0000000000E+00    0.0000000000E+00    0.0000000000E+00    0.9999970562E+00    0.9999970562E+00    0.1000000000E+01
    2    0.4391666667E+01    0.2322278706E+00   -0.3483418059E+00   -0.4316897757E+00    0.0000000000E+00    0.0000000000E+00    0.0000000000E+00    0.0000000000E+00    0.0000000000E+00    0.0000000000E+00    0.9999951116E+00    0.9999951116E+00    0.1000000000E+01
    3    0.4391666667E+01   -0.5805696766E+00    0.4644557413E+00   -0.5692389115E+00    0.0000000000E+00    0.0000000000E+00    0.0000000000E+00    0.0000000000E+00    0.0000000000E+00    0.0000000000E+00    0.9999985055E+00    0.9999985055E+00    0.1000000000E+01
    4    0.4391666667E+01    0.2322278706E+00    0.4644557413E+00    0.5411779606E+00    0.0000000000E+00    0.0000000000E+00    0.0000000000E+00    0.0000000000E+00    0.0000000000E+00    0.0000000000E+00    0.9999986477E+00    0.9999986477E+00    0.1000000000E+01
    5    0.4391666667E+01    0.2322278706E+00    0.4644557413E+00    0.1893735957E+00    0.0000000000E+00    0.0000000000E+00    0.0000000000E+00    0.0000000000E+00    0.0000000000E+00    0.0000000000E+00    0.9999957650E+00    0.9999957650E+00    0.1000000000E+01
    6    0.4391666667E+01    0.2322278706E+00   -0.3483418059E+00    0.2463443703E+00    0.0000000000E+00    0.0000000000E+00    0.0000000000E+00    0.0000000000E+00    0.0000000000E+00    0.0000000000E+00    0.9999954213E+00    0.9999954213E+00    0.1000000000E+01
    7    0.4391666667E+01   -0.5805696766E+00    0.4644557413E+00    0.2293312599E+00    0.0000000000E+00    0.0000000000E+00    0.0000000000E+00    0.0000000000E+00    0.0000000000E+00    0.0000000000E+00    0.9999952605E+00    0.9999952605E+00    0.1000000000E+01
    8    0.4391666667E+01   -0.5805696766E+00   -0.3483418059E+00    0.2376426270E+00    0.0000000000E+00    0.0000000000E+00    0.0000000000E+00    0.0000000000E+00    0.0000000000E+00    0.0000000000E+00    0.9999977111E+00    0.9999977111E+00    0.1000000000E+01
    9    0.4391666667E+01    0.2322278706E+00   -0.3483418059E+00    0.1090751738E-01    0.0000000000E+00    0.0000000000E+00    0.0000000000E+00    0.0000000000E+00    0.0000000000E+00    0.0000000000E+00    0.9999957569E+00    0.9999957569E+00    0.1000000000E+01
    1    0.4650000000E+01    0.2322278706E+00   -0.3483418059E+00   -0.4442343897E+00    0.0000000000E+00    0.0000000000E+00    0.0000000000E+00    0.0000000000E+00    0.0000000000E+00    0.0000000000E+00    0.9999966444E+00    0.9999966444E+00    0.1000000000E+01
    2    0.4650000000E+01    0.2322278706E+00   -0.3483418059E+00   -0.5687668614E+00    0.0000000000E+00    0.0000000000E+00    0.0000000000E+00    0.0000000000E+00    0.0000000000E+00    0.0000000000E+00    0.9999900411E+00    0.9999900411E+00    0.1000000000E+01
    3    0.4650000000E+01    0.2322278706E+00    0.4644557413E+00    0.4981594293E+00    0.0000000000E+00    0.0000000000E+00    0.0000000000E+00    0.0000000000E+00    0.0000000000E+00    0.0000000000E+00    0.9999986748E+00    0.9999986748E+00    0.1000000000E+01
    4    0.4650000000E+01   -0.5805696766E+00    0.4644557413E+00    0.5357526247E+00    0.0000000000E+00    0.0000000000E+00    0.0000000000E+00    0.0000000000E+00    0.0000000000E+00    0.0000000000E+00    0.9999985391E+00    0.9999985391E+00    0.1000000000E+01
    5    0.4650000000E+01   -0.5805696766E+00   -0.3483418059E+00    0.1660084873E+00    0.0000000000E+00    0.0000000000E+00    0.0000000000E+00    0.0000000000E+00    0.0000000000E+00    0.0000000000E+00    0.9999979550E+00    0.9999979550E+00    0.1000000000E+01
    6    0.4650000000E+01    0.2322278706E+00   -0.3483418059E+00    0.1393516909E+00    0.0000000000E+00    0.0000000000E+00    0.0000000000E+00    0.0000000000E+00    0.0000000000E+00    0.0000000000E+00    0.9999974021E+00    0.9999974021E+00    0.1000000000E+01
    7    0.4650000000E+01   -0.5805696766E+00    0.4644557413E+00   -0.7704802909E-01    0.0000000000E+00    0.0000000000E+00    0.0000000000E+00    0.0000000000E+00    0.0000000000E+00    0.0000000000E+00    0.9999982135E+00    0.9999982135E+00    0.1000000000E+01
    8    0.4650000000E+01    0.2322278706E+00   -0.3483418059E+00   -0.5127627862E-01    0.0000000000E+00    0.0000000000E+00    0.0000000000E+00    0.0000000000E+00    0.0000000000E+00    0.0000000000E+00    0.9999978752E+00    0.9999978752E+00    0.1000000000E+01
    1    0.4908333333E+01   -0.5805696766E+00   -0.3483418059E+00    0.1007395867E+00    0.0000000000E+00    0.0000000000E+00    0.0000000000E+00    0.0000000000E+00    0.0000000000E+00    0.0000000000E+00    0.9999978791E+00    0.9999978791E+00    0.1000000000E+01
    2    0.4908333333E+01    0.2322278706E+00   -0.3483418059E+00    0.6498990166E-01    0.0000000000E+00    0.0000000000E+00    0.0000000000E+00    0.0000000000E+00    0.0000000000E+00    0.0000000000E+00    0.9999977639E+00    0.9999977639E+00    0.1000000000E+01
    3    0.4908333333E+01   -0.5805696766E+00   -0.3483418059E+00   -0.7139289511E-01    0.0000000000E+00    0.0000000000E+00    0.0000000000E+00    0.0000000000E+00    0.0000000000E+00    0.0000000000E+00    0.9999975740E+00    0.9999975740E+00    0.1000000000E+01
    4    0.4908333333E+01    0.2322278706E+00   -0.3483418059E+00   -0.1151361901E+00    0.0000000000E+00    0.0000000000E+00    0.0000000000E+00    0.0000000000E+00    0.0000000000E+00    0.0000000000E+00    0.9999979885E+00    0.9999979885E+00    0.1000000000E+01
    5    0.4908333333E+01   -0.5805696766E+00    0.4644557413E+00   -0.1269763307E+00    0.0000000000E+00    0.0000000000E+00    0.0000000000E+00    0.0000000000E+00    0.0000000000E+00    0.0000000000E+00    0.9999985534E+00    0.9999985534E+00    0.1000000000E+01
    6    0.4908333333E+01    0.2322278706E+00    0.4644557413E+00    0.4542733113E+00    0.0000000000E+00    0.0000000000E+00    0.0000000000E+00    0.0000000000E+00    0.0000000000E+00    0.0000000000E+00    0.9999985534E+00    0.9999985534E+00    0.1000000000E+01
    7    0.4908333333E+01   -0.5805696766E+00    0.4644557413E+00    0.4870296618E+00    0.0000000000E+00    0.0000000000E+00    0.0000000000E+00    0.0000000000E+00    0.0000000000E+00    0.0000000000E+00    0.9999983525E+00    0.9999983525E+00    0.1000000000E+01
    1    0.5166666667E+01   -0.5805696766E+00   -0.3483418059E+00    0.2804824932E-01    0.0000000000E+00    0.0000000000E+00    0.0000000000E+00    0.0000000000E+00    0.0000000000E+00    0.0000000000E+00    0.9999964159E+00    0.9999964159E+00    0.1000000000E+01
    2    0.5166666667E+01   -0.5805696766E+00   -0.3483418059E+00   -0.1504308171E+00    0.0000000000E+00    0.0000000000E+00    0.0000000000E+00    0.0000000000E+00    0.0000000000E+00    0.0000000000E+00    0.9999968298E+00    0.9999968298E+00    0.1000000000E+01
    3    0.5166666667E+01    0.2322278706E+00   -0.3483418059E+00   -0.1782903769E+00    0.0000000000E+00    0.0000000000E+00    0.0000000000E+00    0.0000000000E+00    0.0000000000E+00    0.0000000000E+00    0.9999977603E+00    0.9999977603E+00    0.1000000000E+01
    4    0.5166666667E+01   -0.5805696766E+00    0.4644557413E+00   -0.1685780607E+00    0.0000000000E+00    0.0000000000E+00    0.0000000000E+00    0.0000000000E+00    0.0000000000E+00    0.0000000000E+00    0.9999986602E+00    0.9999986602E+00    0.1000000000E+01
    5    0.5166666667E+01   -0.5805696766E+00   -0.3483418059E+00    0.5555594352E+00    0.0000000000E+00    0.0000000000E+00    0.0000000000E+00    0.0000000000E+00    0.0000000000E+00    0.0000000000E+00    0.9999968096E+00    0.9999968096E+00    0.1000000000E+01
    6    0.5166666667E+01   -0.5805696766E+00    0.4644557413E+00    0.4310887781E+00    0.0000000000E+00    0.0000000000E+00    0.0000000000E+00    0.0000000000E+00    0.0000000000E+00    0.0000000000E+00    0.9999978920E+00    0.9999978920E+00    0.1000000000E+01
    7    0.5166666667E+01   -0.5805696766E+00   -0.3483418059E+00    0.3929191586E+00    0.0000000000E+00    0.0000000000E+00    0.0000000000E+00    0.0000000000E+00    0.0000000000E+00    0.0000000000E+00    0.9999954996E+00    0.9999954996E+00    0.1000000000E+01
    8    0.5166666667E+01    0.2322278706E+00    0.4644557413E+00    0.4081308622E+00    0.0000000000E+00    0.0000000000E+00    0.0000000000E+00    0.0000000000E+00    0.0000000000E+00    0.0000000000E+00    0.9999983715E+00    0.9999983715E+00    0.1000000000E+01
    1    0.5425000000E+01    0.2322278706E+00   -0.3483418059E+00   -0.6494062380E-01    0.0000000000E+00    0.0000000000E+00    0.0000000000E+00    0.0000000000E+00    0.0000000000E+00    0.0000000000E+00    0.9999976873E+00    0.9999976873E+00    0.1000000000E+01
    2    0.5425000000E+01    0.2322278706E+00   -0.3483418059E+00   -0.2528228162E+00    0.0000000000E+00    0.0000000000E+00    0.0000000000E+00    0.0000000000E+00    0.0000000000E+00    0.0000000000E+00    0.9999968003E+00    0.9999968003E+00    0.1000000000E+01
    3    0.5425000000E+01   -0.5805696766E+00    0.4644557413E+00   -0.2072573862E+00    0.0000000000E+00    0.0000000000E+00    0.0000000000E+00    0.0000000000E+00    0.0000000000E+00    0.0000000000E+00    0.9999986476E+00    0.9999986476E+00    0.1000000000E+01
    4    0.5425000000E+01   -0.5805696766E+00   -0.3483418059E+00    0.4724322466E+00    0.0000000000E+00    0.0000000000E+00    0.0000000000E+00    0.0000000000E+00    0.0000000000E+00    0.0000000000E+00    0.9999971615E+00    0.9999971615E+00    0.1000000000E+01
    5    0.5425000000E+01    0.2322278706E+00    0.4644557413E+00    0.3576180639E+00    0.0000000000E+00    0.0000000000E+00    0.0000000000E+00    0.0000000000E+00    0.0000000000E+00    0.0000000000E+00    0.9999980794E+00    0.9999980794E+00    0.1000000000E+01
    6    0.5425000000E+01   -0.5805696766E+00    0.4644557413E+00    0.3589148956E+00    0.0000000000E+00    0.0000000000E+00    0.0000000000E+00    0.0000000000E+00    0.0000000000E+00    0.0000000000E+00    0.9999968732E+00    0.9999968732E+00    0.1000000000E+01
    1    0.5683333333E+01    0.2322278706E+00   -0.3483418059E+00   -0.5504641525E+00    0.0000000000E+00    0.0000000000E+00    0.0000000000E+00    0.0000000000E+00    0.0000000000E+00    0.0000000000E+00    0.9999950344E+00    0.9999950344E+00    0.1000000000E+01
    2    0.5683333333E+01   -0.5805696766E+00   -0.3483418059E+00    0.3866824137E+00    0.0000000000E+00    0.0000000000E+00    0.0000000000E+00    0.0000000000E+00    0.0000000000E+00    0.0000000000E+00    0.9999963301E+00    0.9999963301E+00    0.1000000000E+01
    3    0.5683333333E+01    0.2322278706E+00    0.4644557413E+00    0.2985408811E+00    0.0000000000E+00    0.0000000000E+00    0.0000000000E+00    0.0000000000E+00    0.0000000000E+00    0.0000000000E+00    0.9999975253E+00    0.9999975253E+00    0.1000000000E+01
    4    0.5683333333E+01   -0.5805696766E+00    0.4644557413E+00    0.2161341874E+00    0.0000000000E+00    0.0000000000E+00    0.0000000000E+00    0.0000000000E+00    0.0000000000E+00    0.0000000000E+00    0.9999881368E+00    0.9999881368E+00    0.1000000000E+01
    5    0.5683333333E+01   -0.5805696766E+00    0.4644557413E+00   -0.2441655930E+00    0.0000000000E+00    0.0000000000E+00    0.0000000000E+00    0.0000000000E+00    0.0000000000E+00    0.0000000000E+00    0.9999982625E+00    0.9999982625E+00    0.1000000000E+01
    6    0.5683333333E+01    0.2322278706E+00   -0.3483418059E+00   -0.1319422502E+00    0.0000000000E+00    0.0000000000E+00    0.0000000000E+00    0.0000000000E+00    0.0000000000E+00    0.0000000000E+00    0.9999973489E+00    0.9999973489E+00    0.1000000000E+01
    7    0.5683333333E+01   -0.5805696766E+00   -0.3483418059E+00   -0.8807280321E-01    0.0000000000E+00    0.0000000000E+00    0.0000000000E+00    0.0000000000E+00    0.0000000000E+00    0.0000000000E+00    0.9999962933E+00    0.9999962933E+00    0.1000000000E+01
    8    0.5683333333E+01    0.2322278706E+00    0.4644557413E+00   -0.5189429126E-01    0.0000000000E+00    0.0000000000E+00    0.0000000000E+00    0.0000000000E+00    0.0000000000E+00    0.0000000000E+00    0.9999969787E+00    0.9999969787E+00    0.1000000000E+01
    1    0.5941666667E+01    0.2322278706E+00   -0.3483418059E+00    0.4934684853E+00    0.0000000000E+00    0.0000000000E+00    0.0000000000E+00    0.0000000000E+00    0.0000000000E+00    0.0000000000E+00    0.9999958696E+00    0.9999958696E+00    0.1000000000E+01
    2    0.5941666667E+01    0.2322278706E+00    0.4644557413E+00    0.2189518024E+00    0.0000000000E+00    0.0000000000E+00    0.0000000000E+00    0.0000000000E+00    0.0000000000E+00    0.0000000000E+00    0.9999960748E+00    0.9999960748E+00    0.1000000000E+01
    3    0.5941666667E+01    0.2322278706E+00    0.4644557413E+00   -0.1100866816E+00    0.0000000000E+00    0.0000000000E+00    0.0000000000E+00    0.0000000000E+00    0.0000000000E+00    0.0000000000E+00    0.9999981393E+00    0.9999981393E+00    0.1000000000E+01
    4    0.5941666667E+01   -0.5805696766E+00    0.4644557413E+00   -0.2818324538E+00    0.0000000000E+00    0.0000000000E+00    0.0000000000E+00    0.0000000000E+00    0.0000000000E+00    0.0000000000E+00    0.9999985418E+00    0.9999985418E+00    0.1000000000E+01
    5    0.5941666667E+01    0.2322278706E+00   -0.3483418059E+00   -0.2118199243E+00    0.0000000000E+00    0.0000000000E+00    0.0000000000E+00    0.0000000000E+00    0.0000000000E+00    0.0000000000E+00    0.9999962944E+00    0.9999962944E+00    0.1000000000E+01
    1    0.6200000000E+01    0.2322278706E+00    0.4644557413E+00   -0.1535438996E+00    0.0000000000E+00    0.0000000000E+00    0.0000000000E+00    0.0000000000E+00    0.0000000000E+00    0.0000000000E+00    0.9999983122E+00    0.9999983122E+00    0.1000000000E+01
    2    0.6200000000E+01   -0.5805696766E+00    0.4644557413E+00   -0.3193658890E+00    0.0000000000E+00    0.0000000000E+00    0.0000000000E+00    0.0000000000E+00    0.0000000000E+00    0.0000000000E+00    0.9999984510E+00    0.9999984510E+00    0.1000000000E+01
    1    0.6458333333E+01   -0.5805696766E+00    0.4644557413E+00   -0.3576766462E+00    0.0000000000E+00    0.0000000000E+00    0.0000000000E+00    0.0000000000E+00    0.0000000000E+00    0.0000000000E+00    0.9999983503E+00    0.9999983503E+00    0.1000000000E+01
    2    0.6458333333E+01    0.2322278706E+00    0.4644557413E+00   -0.1933589185E+00    0.0000000000E+00    0.0000000000E+00    0.0000000000E+00    0.0000000000E+00    0.0000000000E+00    0.0000000000E+00    0.9999983529E+00    0.9999983529E+00    0.1000000000E+01
    1    0.6716666667E+01    0.2322278706E+00    0.4644557413E+00   -0.2316960046E+00    0.0000000000E+00    0.0000000000E+00    0.0000000000E+00    0.0000000000E+00    0.0000000000E+00    0.0000000000E+00    0.9999983185E+00    0.9999983185E+00    0.1000000000E+01
    2    0.6716666667E+01   -0.5805696766E+00    0.4644557413E+00   -0.3972105001E+00    0.0000000000E+00    0.0000000000E+00    0.0000000000E+00    0.0000000000E+00    0.0000000000E+00    0.0000000000E+00    0.9999982210E+00    0.9999982210E+00    0.1000000000E+01
    1    0.6975000000E+01    0.2322278706E+00    0.4644557413E+00   -0.2698312128E+00    0.0000000000E+00    0.0000000000E+00    0.0000000000E+00    0.0000000000E+00    0.0000000000E+00    0.0000000000E+00    0.9999982431E+00    0.9999982431E+00    0.1000000000E+01
    2    0.6975000000E+01   -0.5805696766E+00    0.4644557413E+00   -0.4384008512E+00    0.0000000000E+00    0.0000000000E+00    0.0000000000E+00    0.0000000000E+00    0.0000000000E+00    0.0000000000E+00    0.9999980670E+00    0.9999980670E+00    0.1000000000E+01
    1    0.7233333333E+01    0.2322278706E+00    0.4644557413E+00   -0.3085819974E+00    0.0000000000E+00    0.0000000000E+00    0.0000000000E+00    0.0000000000E+00    0.0000000000E+00    0.0000000000E+00    0.9999981319E+00    0.9999981319E+00    0.1000000000E+01
    2    0.7233333333E+01   -0.5805696766E+00    0.4644557413E+00   -0.4816768467E+00    0.0000000000E+00    0.0000000000E+00    0.0000000000E+00    0.0000000000E+00    0.0000000000E+00    0.0000000000E+00    0.9999978868E+00    0.9999978868E+00    0.1000000000E+01
    1    0.7491666667E+01    0.2322278706E+00    0.4644557413E+00   -0.3486707070E+00    0.0000000000E+00    0.0000000000E+00    0.0000000000E+00    0.0000000000E+00    0.0000000000E+00    0.0000000000E+00    0.9999979812E+00    0.9999979812E+00    0.1000000000E+01
    2    0.7491666667E+01   -0.5805696766E+00    0.4644557413E+00   -0.5274214986E+00    0.0000000000E+00    0.0000000000E+00    0.0000000000E+00    0.0000000000E+00    0.0000000000E+00    0.0000000000E+00    0.9999976824E+00    0.9999976824E+00    0.1000000000E+01
    1    0.7750000000E+01    0.2322278706E+00    0.4644557413E+00   -0.3908953984E+00    0.0000000000E+00    0.0000000000E+00    0.0000000000E+00    0.0000000000E+00    0.0000000000E+00    0.0000000000E+00    0.9999977794E+00    0.9999977794E+00    0.1000000000E+01
    1    0.8008333333E+01    0.2322278706E+00    0.4644557413E+00   -0.4362985467E+00    0.0000000000E+00    0.0000000000E+00    0.0000000000E+00    0.0000000000E+00    0.0000000000E+00    0.0000000000E+00    0.9999975037E+00    0.9999975037E+00    0.1000000000E+01
    2    0.8008333333E+01   -0.5805696766E+00    0.4644557413E+00    0.5229712569E+00    0.0000000000E+00    0.0000000000E+00    0.0000000000E+00    0.0000000000E+00    0.0000000000E+00    0.0000000000E+00    0.9999972766E+00    0.9999972766E+00    0.1000000000E+01
    1    0.8266666667E+01    0.2322278706E+00    0.4644557413E+00   -0.4864363858E+00    0.0000000000E+00    0.0000000000E+00    0.0000000000E+00    0.0000000000E+00    0.0000000000E+00    0.0000000000E+00    0.9999971085E+00    0.9999971085E+00    0.1000000000E+01
    2    0.8266666667E+01   -0.5805696766E+00    0.4644557413E+00    0.4706800070E+00    0.0000000000E+00    0.0000000000E+00    0.0000000000E+00    0.0000000000E+00    0.0000000000E+00    0.0000000000E+00    0.9999971449E+00    0.9999971449E+00    0.1000000000E+01
    1    0.8525000000E+01   -0.5805696766E+00   -0.3483418059E+00   -0.2420982877E+00    0.0000000000E+00    0.0000000000E+00    0.0000000000E+00    0.0000000000E+00    0.0000000000E+00    0.0000000000E+00    0.9999935550E+00    0.9999935550E+00    0.1000000000E+01
    2    0.8525000000E+01    0.2322278706E+00    0.4644557413E+00   -0.5439649387E+00    0.0000000000E+00    0.0000000000E+00    0.0000000000E+00    0.0000000000E+00    0.0000000000E+00    0.0000000000E+00    0.9999964895E+00    0.9999964895E+00    0.1000000000E+01
    3    0.8525000000E+01   -0.5805696766E+00    0.4644557413E+00    0.4183269254E+00    0.0000000000E+00    0.0000000000E+00    0.0000000000E+00    0.0000000000E+00    0.0000000000E+00    0.0000000000E+00    0.9999970940E+00    0.9999970940E+00    0.1000000000E+01
    1    0.8783333333E+01   -0.5805696766E+00   -0.3483418059E+00   -0.3296954546E+00    0.0000000000E+00    0.0000000000E+00    0.0000000000E+00    0.0000000000E+00    0.0000000000E+00    0.0000000000E+00    0.9999958165E+00    0.9999958165E+00    0.1000000000E+01
    2    0.8783333333E+01    0.2322278706E+00    0.4644557413E+00    0.5360226862E+00    0.0000000000E+00    0.0000000000E+00    0.0000000000E+00    0.0000000000E+00    0.0000000000E+00    0.0000000000E+00    0.9999954615E+00    0.9999954615E+00    0.1000000000E+01
    3    0.8783333333E+01   -0.5805696766E+00    0.4644557413E+00    0.3672407856E+00    0.0000000000E+00    0.0000000000E+00    0.0000000000E+00    0.0000000000E+00    0.0000000000E+00    0.0000000000E+00    0.9999971061E+00    0.9999971061E+00    0.1000000000E+01
    1    0.9041666667E+01    0.2322278706E+00   -0.3483418059E+00    0.1556658266E+00    0.0000000000E+00    0.0000000000E+00    0.0000000000E+00    0.0000000000E+00    0.0000000000E+00    0.0000000000E+00    0.9999894327E+00    0.9999894327E+00    0.1000000000E+01
    2    0.9041666667E+01   -0.5805696766E+00    0.4644557413E+00    0.3180853758E+00    0.0000000000E+00    0.0000000000E+00    0.0000000000E+00    0.0000000000E+00    0.0000000000E+00    0.0000000000E+00    0.9999971404E+00    0.9999971404E+00    0.1000000000E+01
    3    0.9041666667E+01    0.2322278706E+00    0.4644557413E+00    0.4446402304E+00    0.0000000000E+00    0.0000000000E+00    0.0000000000E+00    0.0000000000E+00    0.0000000000E+00    0.0000000000E+00    0.9999937044E+00    0.9999937044E+00    0.1000000000E+01
    4    0.9041666667E+01   -0.5805696766E+00   -0.3483418059E+00   -0.3967933756E+00    0.0000000000E+00    0.0000000000E+00    0.0000000000E+00    0.0000000000E+00    0.0000000000E+00    0.0000000000E+00    0.9999962085E+00    0.9999962085E+00    0.1000000000E+01
    5    0.9041666667E+01    0.2322278706E+00   -0.3483418059E+00   -0.4314080798E+00    0.0000000000E+00    0.0000000000E+00    0.0000000000E+00    0.0000000000E+00    0.0000000000E+00    0.0000000000E+00    0.9999930653E+00    0.9999930653E+00    0.1000000000E+01
    1    0.9300000000E+01   -0.5805696766E+00   -0.3483418059E+00   -0.1219195800E+00    0.0000000000E+00    0.0000000000E+00    0.0000000000E+00    0.0000000000E+00    0.0000000000E+00    0.0000000000E+00    0.9999804143E+00    0.9999804143E+00    0.1000000000E+01
    2    0.9300000000E+01   -0.5805696766E+00   -0.3483418059E+00   -0.4604483300E+00    0.0000000000E+00    0.0000000000E+00    0.0000000000E+00    0.0000000000E+00    0.0000000000E+00    0.0000000000E+00    0.9999960175E+00    0.9999960175E+00    0.1000000000E+01
    3    0.9300000000E+01    0.2322278706E+00   -0.3483418059E+00   -0.5248995436E+00    0.0000000000E+00    0.0000000000E+00    0.0000000000E+00    0.0000000000E+00    0.0000000000E+00    0.0000000000E+00    0.9999946651E+00    0.9999946651E+00    0.1000000000E+01
    4    0.9300000000E+01    0.2322278706E+00    0.4644557413E+00    0.3283610336E+00    0.0000000000E+00    0.0000000000E+00    0.0000000000E+00    0.0000000000E+00    0.0000000000E+00    0.0000000000E+00    0.9999928095E+00    0.9999928095E+00    0.1000000000E+01
    5    0.9300000000E+01   -0.5805696766E+00    0.4644557413E+00    0.2708239184E+00    0.0000000000E+00    0.0000000000E+00    0.0000000000E+00    0.0000000000E+00    0.0000000000E+00    0.0000000000E+00    0.9999971636E+00    0.9999971636E+00    0.1000000000E+01
    1    0.9558333333E+01   -0.5805696766E+00   -0.3483418059E+00   -0.2909110632E+00    0.0000000000E+00    0.0000000000E+00    0.0000000000E+00    0.0000000000E+00    0.0000000000E+00    0.0000000000E+00    0.9999923525E+00    0.9999923525E+00    0.1000000000E+01
    2    0.9558333333E+01    0.2322278706E+00   -0.3483418059E+00    0.5264100779E+00    0.0000000000E+00    0.0000000000E+00    0.0000000000E+00    0.0000000000E+00    0.0000000000E+00    0.0000000000E+00    0.9999921320E+00    0.9999921320E+00    0.1000000000E+01
    3    0.9558333333E+01   -0.5805696766E+00   -0.3483418059E+00   -0.5299727790E+00    0.0000000000E+00    0.0000000000E+00    0.0000000000E+00    0.0000000000E+00    0.0000000000E+00    0.0000000000E+00    0.9999951537E+00    0.9999951537E+00    0.1000000000E+01
    4    0.9558333333E+01    0.2322278706E+00    0.4644557413E+00    0.2234966018E+00    0.0000000000E+00    0.0000000000E+00    0.0000000000E+00    0.0000000000E+00    0.0000000000E+00    0.0000000000E+00    0.9999942600E+00    0.9999942600E+00    0.1000000000E+01
    5    0.9558333333E+01   -0.5805696766E+00    0.4644557413E+00    0.2250172190E+00    0.0000000000E+00    0.0000000000E+00    0.0000000000E+00    0.0000000000E+00    0.0000000000E+00    0.0000000000E+00    0.9999971584E+00    0.9999971584E+00    0.1000000000E+01
    1    0.9816666667E+01   -0.5805696766E+00   -0.3483418059E+00   -0.4330154770E+00    0.0000000000E+00    0.0000000000E+00    0.0000000000E+00    0.0000000000E+00    0.0000000000E+00    0.0000000000E+00    0.9999815348E+00    0.9999815348E+00    0.1000000000E+01
    2    0.9816666667E+01   -0.5805696766E+00   -0.3483418059E+00    0.5061362932E+00    0.0000000000E+00    0.0000000000E+00    0.0000000000E+00    0.0000000000E+00    0.0000000000E+00    0.0000000000E+00    0.9999826700E+00    0.9999826700E+00    0.1000000000E+01
    3    0.9816666667E+01   -0.5805696766E+00    0.4644557413E+00    0.1800818025E+00    0.0000000000E+00    0.0000000000E+00    0.0000000000E+00    0.0000000000E+00    0.0000000000E+00    0.0000000000E+00    0.9999971185E+00    0.9999971185E+00    0.1000000000E+01
    4    0.9816666667E+01    0.2322278706E+00   -0.3483418059E+00    0.1614282704E+00    0.0000000000E+00    0.0000000000E+00    0.0000000000E+00    0.0000000000E+00    0.0000000000E+00    0.0000000000E+00    0.9999799106E+00    0.9999799106E+00    0.1000000000E+01
    5    0.9816666667E+01    0.2322278706E+00    0.4644557413E+00    0.1409811550E+00    0.0000000000E+00    0.0000000000E+00    0.0000000000E+00    0.0000000000E+00    0.0000000000E+00    0.0000000000E+00    0.9999950829E+00    0.9999950829E+00    0.1000000000E+01
    1    0.1007500000E+02   -0.5805696766E+00    0.4644557413E+00    0.1354048785E+00    0.1045025418E+01    0.4644557413E+00    0.1354048785E+00    0.1506090067E+01    0.5071903941E+01   -0.6600099394E+00    0.9999970393E+00    0.9999970393E+00    0.1000000000E+01
    2    0.1007500000E+02    0.2322278706E+00    0.4644557413E+00    0.6442196775E-01    0.0000000000E+00    0.0000000000E+00    0.0000000000E+00    0.0000000000E+00    0.0000000000E+00    0.0000000000E+00    0.9999944776E+00    0.9999944776E+00    0.1000000000E+01
    1    0.1033333333E+02   -0.5805696766E+00    0.4644557413E+00    0.9033921088E-01    0.0000000000E+00    0.0000000000E+00    0.0000000000E+00    0.0000000000E+00    0.0000000000E+00    0.0000000000E+00    0.9999969123E+00    0.9999969123E+00    0.1000000000E+01
    1    0.1059166667E+02   -0.5805696766E+00    0.4644557413E+00    0.4391763207E-01    0.0000000000E+00    0.0000000000E+00    0.0000000000E+00    0.0000000000E+00    0.0000000000E+00    0.0000000000E+00    0.9999966718E+00    0.9999966718E+00    0.1000000000E+01
    1    0.1085000000E+02    0.2322278706E+00    0.4644557413E+00   -0.6607218458E-01    0.0000000000E+00    0.0000000000E+00    0.0000000000E+00    0.0000000000E+00    0.0000000000E+00    0.0000000000E+00    0.9999945556E+00    0.9999945556E+00    0.1000000000E+01
    1    0.1110833333E+02    0.2322278706E+00    0.4644557413E+00   -0.1340511206E+00    0.0000000000E+00    0.0000000000E+00    0.0000000000E+00    0.0000000000E+00    0.0000000000E+00    0.0000000000E+00    0.9999953130E+00    0.9999953130E+00    0.1000000000E+01
    2    0.1110833333E+02   -0.5805696766E+00    0.4644557413E+00   -0.4940585469E-01    0.0000000000E+00    0.0000000000E+00    0.0000000000E+00    0.0000000000E+00    0.0000000000E+00    0.0000000000E+00    0.9999962227E+00    0.9999962227E+00    0.1000000000E+01
    1    0.1136666667E+02   -0.5805696766E+00    0.4644557413E+00   -0.1020466125E+00    0.0000000000E+00    0.0000000000E+00    0.0000000000E+00    0.0000000000E+00    0.0000000000E+00    0.0000000000E+00    0.9999959730E+00    0.9999959730E+00    0.1000000000E+01
    2    0.1136666667E+02    0.2322278706E+00    0.4644557413E+00   -0.1977832766E+00    0.0000000000E+00    0.0000000000E+00    0.0000000000E+00    0.0000000000E+00    0.0000000000E+00    0.0000000000E+00    0.9999952428E+00    0.9999952428E+00    0.1000000000E+01
    3    0.1136666667E+02    0.2322278706E+00   -0.3483418059E+00    0.2810426797E+00    0.0000000000E+00    0.0000000000E+00    0.0000000000E+00    0.0000000000E+00    0.0000000000E+00    0.0000000000E+00    0.9999901992E+00    0.9999901992E+00    0.1000000000E+01
    4    0.1136666667E+02    0.2322278706E+00   -0.3483418059E+00    0.5498359299E+00    0.0000000000E+00    0.0000000000E+00    0.0000000000E+00    0.0000000000E+00    0.0000000000E+00    0.0000000000E+00    0.9999939831E+00    0.9999939831E+00    0.1000000000E+01
    1    0.1162500000E+02   -0.5805696766E+00   -0.3483418059E+00    0.5715612683E+00    0.0000000000E+00    0.0000000000E+00    0.0000000000E+00    0.0000000000E+00    0.0000000000E+00    0.0000000000E+00    0.9999917992E+00    0.9999917992E+00    0.1000000000E+01
    2    0.1162500000E+02    0.2322278706E+00   -0.3483418059E+00    0.4783901372E+00    0.0000000000E+00    0.0000000000E+00    0.0000000000E+00    0.0000000000E+00    0.0000000000E+00    0.0000000000E+00    0.9999947044E+00    0.9999947044E+00    0.1000000000E+01
    3    0.1162500000E+02    0.2322278706E+00    0.4644557413E+00   -0.2621065571E+00    0.0000000000E+00    0.0000000000E+00    0.0000000000E+00    0.0000000000E+00    0.0000000000E+00    0.0000000000E+00    0.9999950410E+00    0.9999950410E+00    0.1000000000E+01
    4    0.1162500000E+02   -0.5805696766E+00    0.4644557413E+00   -0.1578622334E+00    0.0000000000E+00    0.0000000000E+00    0.0000000000E+00    0.0000000000E+00    0.0000000000E+00    0.0000000000E+00    0.9999955860E+00    0.9999955860E+00    0.1000000000E+01
    5    0.1162500000E+02   -0.5805696766E+00   -0.3483418059E+00    0.9376695023E-01    0.0000000000E+00    0.0000000000E+00    0.0000000000E+00    0.0000000000E+00    0.0000000000E+00    0.0000000000E+00    0.9999487838E+00    0.9999487838E+00    0.1000000000E+01
    6    0.1162500000E+02    0.2322278706E+00   -0.3483418059E+00    0.1208524972E+00    0.0000000000E+00    0.0000000000E+00    0.0000000000E+00    0.0000000000E+00    0.0000000000E+00    0.0000000000E+00    0.9999818252E+00    0.9999818252E+00    0.1000000000E+01
    1    0.1188333333E+02    0.2322278706E+00   -0.3483418059E+00    0.4148695067E+00    0.0000000000E+00    0.0000000000E+00    0.0000000000E+00    0.0000000000E+00    0.0000000000E+00    0.0000000000E+00    0.9999951401E+00    0.9999951401E+00    0.1000000000E+01
    2    0.1188333333E+02   -0.5805696766E+00   -0.3483418059E+00    0.4919251710E+00    0.0000000000E+00    0.0000000000E+00    0.0000000000E+00    0.0000000000E+00    0.0000000000E+00    0.0000000000E+00    0.9999942288E+00    0.9999942288E+00    0.1000000000E+01
    3    0.1188333333E+02    0.2322278706E+00    0.4644557413E+00   -0.3277411648E+00    0.0000000000E+00    0.0000000000E+00    0.0000000000E+00    0.0000000000E+00    0.0000000000E+00    0.0000000000E+00    0.9999948358E+00    0.9999948358E+00    0.1000000000E+01
    4    0.1188333333E+02   -0.5805696766E+00    0.4644557413E+00   -0.2180283903E+00    0.0000000000E+00    0.0000000000E+00    0.0000000000E+00    0.0000000000E+00    0.0000000000E+00    0.0000000000E+00    0.9999951172E+00    0.9999951172E+00    0.1000000000E+01
    1    0.1214166667E+02   -0.5805696766E+00    0.4644557413E+00   -0.2831437091E+00    0.0000000000E+00    0.0000000000E+00    0.0000000000E+00    0.0000000000E+00    0.0000000000E+00    0.0000000000E+00    0.9999946136E+00    0.9999946136E+00    0.1000000000E+01
    2    0.1214166667E+02    0.2322278706E+00    0.4644557413E+00   -0.3943100924E+00    0.0000000000E+00    0.0000000000E+00    0.0000000000E+00    0.0000000000E+00    0.0000000000E+00    0.0000000000E+00    0.9999946739E+00    0.9999946739E+00    0.1000000000E+01
    3    0.1214166667E+02    0.2322278706E+00   -0.3483418059E+00    0.3523477768E+00    0.0000000000E+00    0.0000000000E+00    0.0000000000E+00    0.0000000000E+00    0.0000000000E+00    0.0000000000E+00    0.9999949519E+00    0.9999949519E+00    0.1000000000E+01
    4    0.1214166667E+02   -0.5805696766E+00   -0.3483418059E+00    0.4190936913E+00    0.0000000000E+00    0.0000000000E+00    0.0000000000E+00    0.0000000000E+00    0.0000000000E+00    0.0000000000E+00    0.9999941825E+00    0.9999941825E+00    0.1000000000E+01
    1    0.1240000000E+02   -0.5805696766E+00    0.4644557413E+00   -0.3528762008E+00    0.0000000000E+00    0.0000000000E+00    0.0000000000E+00    0.0000000000E+00    0.0000000000E+00    0.0000000000E+00    0.9999941730E+00    0.9999941730E+00    0.1000000000E+01
    2    0.1240000000E+02    0.2322278706E+00    0.4644557413E+00   -0.4612833754E+00    0.0000000000E+00    0.0000000000E+00    0.0000000000E+00    0.0000000000E+00    0.0000000000E+00    0.0000000000E+00    0.9999945374E+00    0.9999945374E+00    0.1000000000E+01
    3    0.1240000000E+02    0.2322278706E+00   -0.3483418059E+00    0.2869149433E+00    0.0000000000E+00    0.0000000000E+00    0.0000000000E+00    0.0000000000E+00    0.0000000000E+00    0.0000000000E+00    0.9999944419E+00    0.9999944419E+00    0.1000000000E+01
    4    0.1240000000E+02   -0.5805696766E+00   -0.3483418059E+00    0.3435859180E+00    0.0000000000E+00    0.0000000000E+00    0.0000000000E+00    0.0000000000E+00    0.0000000000E+00    0.0000000000E+00    0.9999935433E+00    0.9999935433E+00    0.1000000000E+01
    1    0.1265833333E+02   -0.5805696766E+00    0.4644557413E+00   -0.4256069183E+00    0.0000000000E+00    0.0000000000E+00    0.0000000000E+00    0.0000000000E+00    0.0000000000E+00    0.0000000000E+00    0.9999938950E+00    0.9999938950E+00    0.1000000000E+01
    2    0.1265833333E+02    0.2322278706E+00    0.4644557413E+00   -0.5287016129E+00    0.0000000000E+00    0.0000000000E+00    0.0000000000E+00    0.0000000000E+00    0.0000000000E+00    0.0000000000E+00    0.9999943596E+00    0.9999943596E+00    0.1000000000E+01
    3    0.1265833333E+02   -0.5805696766E+00   -0.3483418059E+00    0.2561852990E+00    0.0000000000E+00    0.0000000000E+00    0.0000000000E+00    0.0000000000E+00    0.0000000000E+00    0.0000000000E+00    0.9999917334E+00    0.9999917334E+00    0.1000000000E+01
    4    0.1265833333E+02    0.2322278706E+00   -0.3483418059E+00    0.2133890496E+00    0.0000000000E+00    0.0000000000E+00    0.0000000000E+00    0.0000000000E+00    0.0000000000E+00    0.0000000000E+00    0.9999932847E+00    0.9999932847E+00    0.1000000000E+01
    1    0.1291666667E+02    0.2322278706E+00    0.4644557413E+00    0.5520844361E+00    0.0000000000E+00    0.0000000000E+00    0.0000000000E+00    0.0000000000E+00    0.0000000000E+00    0.0000000000E+00    0.9999940486E+00    0.9999940486E+00    0.1000000000E+01
    2    0.1291666667E+02   -0.5805696766E+00    0.4644557413E+00   -0.4992158198E+00    0.0000000000E+00    0.0000000000E+00    0.0000000000E+00    0.0000000000E+00    0.0000000000E+00    0.0000000000E+00    0.9999937646E+00    0.9999937646E+00    0.1000000000E+01
    3    0.1291666667E+02   -0.5805696766E+00   -0.3483418059E+00    0.1097509740E+00    0.0000000000E+00    0.0000000000E+00    0.0000000000E+00    0.0000000000E+00    0.0000000000E+00    0.0000000000E+00    0.9999752131E+00    0.9999752131E+00    0.1000000000E+01
    4    0.1291666667E+02    0.2322278706E+00   -0.3483418059E+00    0.1129991173E+00    0.0000000000E+00    0.0000000000E+00    0.0000000000E+00    0.0000000000E+00    0.0000000000E+00    0.0000000000E+00    0.9999880172E+00    0.9999880172E+00    0.1000000000E+01
    1    0.1317500000E+02    0.2322278706E+00    0.4644557413E+00    0.4798702231E+00    0.0000000000E+00    0.0000000000E+00    0.0000000000E+00    0.0000000000E+00    0.0000000000E+00    0.0000000000E+00    0.9999935206E+00    0.9999935206E+00    0.1000000000E+01
    2    0.1317500000E+02   -0.5805696766E+00    0.4644557413E+00   -0.5735972655E+00    0.0000000000E+00    0.0000000000E+00    0.0000000000E+00    0.0000000000E+00    0.0000000000E+00    0.0000000000E+00    0.9999880519E+00    0.9999880519E+00    0.1000000000E+01
    1    0.1343333333E+02   -0.5805696766E+00    0.4644557413E+00    0.5029690922E+00    0.0000000000E+00    0.0000000000E+00    0.0000000000E+00    0.0000000000E+00    0.0000000000E+00    0.0000000000E+00    0.9999932199E+00    0.9999932199E+00    0.1000000000E+01
    2    0.1343333333E+02    0.2322278706E+00    0.4644557413E+00    0.4004199892E+00    0.0000000000E+00    0.0000000000E+00    0.0000000000E+00    0.0000000000E+00    0.0000000000E+00    0.0000000000E+00    0.9999924226E+00    0.9999924226E+00    0.1000000000E+01
    3    0.1343333333E+02    0.2322278706E+00   -0.3483418059E+00   -0.3448532710E+00    0.0000000000E+00    0.0000000000E+00    0.0000000000E+00    0.0000000000E+00    0.0000000000E+00    0.0000000000E+00    0.9999589866E+00    0.9999589866E+00    0.1000000000E+01
    4    0.1343333333E+02    0.2322278706E+00   -0.3483418059E+00    0.9611839242E-01    0.0000000000E+00    0.0000000000E+00    0.0000000000E+00    0.0000000000E+00    0.0000000000E+00    0.0000000000E+00    0.9999587347E+00    0.9999587347E+00    0.1000000000E+01
    5    0.1343333333E+02    0.2322278706E+00   -0.3483418059E+00    0.6421316719E-01    0.0000000000E+00    0.0000000000E+00    0.0000000000E+00    0.0000000000E+00    0.0000000000E+00    0.0000000000E+00    0.9999424505E+00    0.9999424505E+00    0.1000000000E+01
    6    0.1343333333E+02   -0.5805696766E+00    0.4644557413E+00   -0.2266216807E+00    0.0000000000E+00    0.0000000000E+00    0.0000000000E+00    0.0000000000E+00    0.0000000000E+00    0.0000000000E+00    0.9999771906E+00    0.9999771906E+00    0.1000000000E+01
    7    0.1343333333E+02    0.2322278706E+00    0.4644557413E+00   -0.1689893727E+00    0.0000000000E+00    0.0000000000E+00    0.0000000000E+00    0.0000000000E+00    0.0000000000E+00    0.0000000000E+00    0.9999768545E+00    0.9999768545E+00    0.1000000000E+01
    8    0.1343333333E+02    0.2322278706E+00   -0.3483418059E+00   -0.1530006722E+00    0.0000000000E+00    0.0000000000E+00    0.0000000000E+00    0.0000000000E+00    0.0000000000E+00    0.0000000000E+00    0.9999394006E+00    0.9999394006E+00    0.1000000000E+01
    1    0.1369166667E+02    0.2322278706E+00    0.4644557413E+00    0.3041447376E+00    0.0000000000E+00    0.0000000000E+00    0.0000000000E+00    0.0000000000E+00    0.0000000000E+00    0.0000000000E+00    0.9999898854E+00    0.9999898854E+00    0.1000000000E+01
    2    0.1369166667E+02   -0.5805696766E+00    0.4644557413E+00    0.4258575997E+00    0.0000000000E+00    0.0000000000E+00    0.0000000000E+00    0.0000000000E+00    0.0000000000E+00    0.0000000000E+00    0.9999925006E+00    0.9999925006E+00    0.1000000000E+01
    3    0.1369166667E+02   -0.5805696766E+00   -0.3483418059E+00   -0.4626634772E+00    0.0000000000E+00    0.0000000000E+00    0.0000000000E+00    0.0000000000E+00    0.0000000000E+00    0.0000000000E+00    0.9999487806E+00    0.9999487806E+00    0.1000000000E+01
    4    0.1369166667E+02   -0.5805696766E+00    0.4644557413E+00   -0.4214815731E+00    0.0000000000E+00    0.0000000000E+00    0.0000000000E+00    0.0000000000E+00    0.0000000000E+00    0.0000000000E+00    0.9999851212E+00    0.9999851212E+00    0.1000000000E+01
    5    0.1369166667E+02    0.2322278706E+00    0.4644557413E+00   -0.3651545595E+00    0.0000000000E+00    0.0000000000E+00    0.0000000000E+00    0.0000000000E+00    0.0000000000E+00    0.0000000000E+00    0.9999847127E+00    0.9999847127E+00    0.1000000000E+01
    6    0.1369166667E+02   -0.5805696766E+00   -0.3483418059E+00   -0.3043418333E+00    0.0000000000E+00    0.0000000000E+00    0.0000000000E+00    0.0000000000E+00    0.0000000000E+00    0.0000000000E+00    0.9999749942E+00    0.9999749942E+00    0.1000000000E+01
    7    0.1369166667E+02    0.2322278706E+00   -0.3483418059E+00   -0.1456139704E+00    0.0000000000E+00    0.0000000000E+00    0.0000000000E+00    0.0000000000E+00    0.0000000000E+00    0.0000000000E+00    0.9999809631E+00    0.9999809631E+00    0.1000000000E+01
    8    0.1369166667E+02    0.2322278706E+00   -0.3483418059E+00   -0.8619714321E-01    0.0000000000E+00    0.0000000000E+00    0.0000000000E+00    0.0000000000E+00    0.0000000000E+00    0.0000000000E+00    0.9999749363E+00    0.9999749363E+00    0.1000000000E+01
    9    0.1369166667E+02   -0.5805696766E+00   -0.3483418059E+00   -0.8955601337E-02    0.0000000000E+00    0.0000000000E+00    0.0000000000E+00    0.0000000000E+00    0.0000000000E+00    0.0000000000E+00    0.9997087307E+00    0.9997087307E+00    0.1000000000E+01
    1    0.1395000000E+02    0.2322278706E+00    0.4644557413E+00    0.1145665436E+00    0.0000000000E+00    0.0000000000E+00    0.0000000000E+00    0.0000000000E+00    0.0000000000E+00    0.0000000000E+00    0.9999519141E+00    0.9999519141E+00    0.1000000000E+01
    2    0.1395000000E+02   -0.5805696766E+00    0.4644557413E+00    0.3401236076E+00    0.0000000000E+00    0.0000000000E+00    0.0000000000E+00    0.0000000000E+00    0.0000000000E+00    0.0000000000E+00    0.9999913477E+00    0.9999913477E+00    0.1000000000E+01
    3    0.1395000000E+02   -0.5805696766E+00   -0.3483418059E+00   -0.2199117083E+00    0.0000000000E+00    0.0000000000E+00    0.0000000000E+00    0.0000000000E+00    0.0000000000E+00    0.0000000000E+00    0.9999565582E+00    0.9999565582E+00    0.1000000000E+01
    4    0.1395000000E+02    0.2322278706E+00    0.4644557413E+00   -0.2825249339E+00    0.0000000000E+00    0.0000000000E+00    0.0000000000E+00    0.0000000000E+00    0.0000000000E+00    0.0000000000E+00    0.9999646336E+00    0.9999646336E+00    0.1000000000E+01
    5    0.1395000000E+02   -0.5805696766E+00   -0.3483418059E+00   -0.3198572595E+00    0.0000000000E+00    0.0000000000E+00    0.0000000000E+00    0.0000000000E+00    0.0000000000E+00    0.0000000000E+00    0.9999718778E+00    0.9999718778E+00    0.1000000000E+01
    6    0.1395000000E+02   -0.5805696766E+00    0.4644557413E+00   -0.4022050880E+00   -0.5805696766E+00    0.4644557413E+00    0.7472642271E+00    0.2926887159E+00   -0.5019368081E+00   -0.6793294446E+00    0.9999790023E+00    0.9999790023E+00    0.1000000000E+01
    7    0.1395000000E+02    0.2322278706E+00    0.4644557413E+00   -0.5369617089E+00    0.0000000000E+00    0.0000000000E+00    0.0000000000E+00    0.0000000000E+00    0.0000000000E+00    0.0000000000E+00    0.9999831219E+00    0.9999831219E+00    0.1000000000E+01
    1    0.1420833333E+02   -0.5805696766E+00    0.4644557413E+00    0.2248909123E+00    0.0000000000E+00    0.0000000000E+00    0.0000000000E+00    0.0000000000E+00    0.0000000000E+00    0.0000000000E+00    0.9999859930E+00    0.9999859930E+00    0.1000000000E+01
    2    0.1420833333E+02   -0.5805696766E+00    0.4644557413E+00    0.5180031768E+00    0.0000000000E+00    0.0000000000E+00    0.0000000000E+00    0.0000000000E+00    0.0000000000E+00    0.0000000000E+00    0.9999771833E+00    0.9999771833E+00    0.1000000000E+01
    3    0.1420833333E+02    0.2322278706E+00    0.4644557413E+00    0.3581054318E+00    0.0000000000E+00    0.0000000000E+00    0.0000000000E+00    0.0000000000E+00    0.0000000000E+00    0.0000000000E+00    0.9998887780E+00    0.9998887780E+00    0.1000000000E+01
    4    0.1420833333E+02    0.2322278706E+00    0.4644557413E+00    0.4516501300E+00    0.0000000000E+00    0.0000000000E+00    0.0000000000E+00    0.0000000000E+00    0.0000000000E+00    0.0000000000E+00    0.9999327058E+00    0.9999327058E+00    0.1000000000E+01
    5    0.1420833333E+02   -0.5805696766E+00    0.4644557413E+00    0.4055310289E+00    0.0000000000E+00    0.0000000000E+00    0.0000000000E+00    0.0000000000E+00    0.0000000000E+00    0.0000000000E+00    0.9999806239E+00    0.9999806239E+00    0.1000000000E+01
    1    0.1446666667E+02   -0.5805696766E+00    0.4644557413E+00    0.1327683332E+00    0.0000000000E+00    0.0000000000E+00    0.0000000000E+00    0.0000000000E+00    0.0000000000E+00    0.0000000000E+00    0.9999627487E+00    0.9999627487E+00    0.1000000000E+01
    2    0.1446666667E+02   -0.5805696766E+00    0.4644557413E+00    0.2563635185E+00    0.0000000000E+00    0.0000000000E+00    0.0000000000E+00    0.0000000000E+00    0.0000000000E+00    0.0000000000E+00    0.9999763109E+00    0.9999763109E+00    0.1000000000E+01
