    1    0.7750000000E+00    0.4644557413E+00    0.0000000000E+00    0.4863072791E-01    0.0000000000E+00    0.0000000000E+00    0.0000000000E+00    0.0000000000E+00    0.0000000000E+00    0.0000000000E+00    0.9999989637E+00    0.9999989637E+00    0.1000000000E+01
    2    0.7750000000E+00    0.4644557413E+00    0.0000000000E+00   -0.8796307338E-01    0.0000000000E+00    0.0000000000E+00    0.0000000000E+00    0.0000000000E+00    0.0000000000E+00    0.0000000000E+00    0.9999992005E+00    0.9999992005E+00    0.1000000000E+01
    3    0.7750000000E+00    0.4644557413E+00    0.0000000000E+00   -0.7019934487E-01    0.0000000000E+00    0.0000000000E+00    0.0000000000E+00    0.0000000000E+00    0.0000000000E+00    0.0000000000E+00    0.9999995589E+00    0.9999995589E+00    0.1000000000E+01
    1    0.1033333333E+01    0.4644557413E+00    0.0000000000E+00   -0.1503574829E+00    0.0000000000E+00    0.0000000000E+00    0.0000000000E+00    0.0000000000E+00    0.0000000000E+00    0.0000000000E+00    0.9999996739E+00    0.9999996739E+00    0.1000000000E+01
    2    0.1033333333E+01    0.4644557413E+00    0.0000000000E+00   -0.1307775941E+00    0.0000000000E+00    0.0000000000E+00    0.0000000000E+00    0.0000000000E+00    0.0000000000E+00    0.0000000000E+00    0.9999996058E+00    0.9999996058E+00    0.1000000000E+01
    1    0.1291666667E+01    0.4644557413E+00    0.0000000000E+00   -0.1905389800E+00    0.0000000000E+00    0.0000000000E+00    0.0000000000E+00    0.0000000000E+00    0.0000000000E+00    0.0000000000E+00    0.9999996608E+00    0.9999996608E+00    0.1000000000E+01
    2    0.1291666667E+01    0.4644557413E+00    0.0000000000E+00   -0.1809940866E+00    0.0000000000E+00    0.0000000000E+00    0.0000000000E+00    0.0000000000E+00    0.0000000000E+00    0.0000000000E+00    0.9999995680E+00    0.9999995680E+00    0.1000000000E+01
    1    0.1550000000E+01    0.4644557413E+00    0.0000000000E+00   -0.4186777086E-01    0.0000000000E+00    0.0000000000E+00    0.0000000000E+00    0.0000000000E+00    0.0000000000E+00    0.0000000000E+00    0.9999995524E+00    0.9999995524E+00    0.1000000000E+01
    2    0.1550000000E+01    0.4644557413E+00    0.0000000000E+00   -0.2272676150E+00    0.0000000000E+00    0.0000000000E+00    0.0000000000E+00    0.0000000000E+00    0.0000000000E+00    0.0000000000E+00    0.9999996563E+00    0.9999996563E+00    0.1000000000E+01
    3    0.1550000000E+01    0.4644557413E+00    0.0000000000E+00   -0.2279655690E+00    0.0000000000E+00    0.0000000000E+00    0.0000000000E+00    0.0000000000E+00    0.0000000000E+00    0.0000000000E+00    0.9999995115E+00    0.9999995115E+00    0.1000000000E+01
    1    0.1808333333E+01    0.4644557413E+00    0.0000000000E+00   -0.7525812113E-01    0.0000000000E+00    0.0000000000E+00    0.0000000000E+00    0.0000000000E+00    0.0000000000E+00    0.0000000000E+00    0.9999995924E+00    0.9999995924E+00    0.1000000000E+01
    2    0.1808333333E+01    0.4644557413E+00    0.0000000000E+00   -0.2630946761E+00    0.0000000000E+00    0.0000000000E+00    0.0000000000E+00    0.0000000000E+00    0.0000000000E+00    0.0000000000E+00    0.9999996002E+00    0.9999996002E+00    0.1000000000E+01
    3    0.1808333333E+01    0.4644557413E+00    0.0000000000E+00   -0.2736602230E+00    0.0000000000E+00    0.0000000000E+00    0.0000000000E+00    0.0000000000E+00    0.0000000000E+00    0.0000000000E+00    0.9999994448E+00    0.9999994448E+00    0.1000000000E+01
    1    0.2066666667E+01    0.4644557413E+00    0.0000000000E+00   -0.1040940436E+00    0.0000000000E+00    0.0000000000E+00    0.0000000000E+00    0.0000000000E+00    0.0000000000E+00    0.0000000000E+00    0.9999996023E+00    0.9999996023E+00    0.1000000000E+01
    2    0.2066666667E+01    0.4644557413E+00    0.0000000000E+00   -0.2990409287E+00    0.0000000000E+00    0.0000000000E+00    0.0000000000E+00    0.0000000000E+00    0.0000000000E+00    0.0000000000E+00    0.9999995105E+00    0.9999995105E+00    0.1000000000E+01
    3    0.2066666667E+01    0.4644557413E+00    0.0000000000E+00   -0.3190770429E+00    0.0000000000E+00    0.0000000000E+00    0.0000000000E+00    0.0000000000E+00    0.0000000000E+00    0.0000000000E+00    0.9999993683E+00    0.9999993683E+00    0.1000000000E+01
    1    0.2325000000E+01    0.4644557413E+00    0.0000000000E+00   -0.1310967807E+00    0.0000000000E+00    0.0000000000E+00    0.0000000000E+00    0.0000000000E+00    0.0000000000E+00    0.0000000000E+00    0.9999995748E+00    0.9999995748E+00    0.1000000000E+01
    2    0.2325000000E+01    0.4644557413E+00    0.0000000000E+00   -0.3357336204E+00    0.0000000000E+00    0.0000000000E+00    0.0000000000E+00    0.0000000000E+00    0.0000000000E+00    0.0000000000E+00    0.9999994366E+00    0.9999994366E+00    0.1000000000E+01
    3    0.2325000000E+01    0.4644557413E+00    0.0000000000E+00   -0.3649676472E+00    0.0000000000E+00    0.0000000000E+00    0.0000000000E+00    0.0000000000E+00    0.0000000000E+00    0.0000000000E+00    0.9999992797E+00    0.9999992797E+00    0.1000000000E+01
    1    0.2583333333E+01    0.4644557413E+00    0.0000000000E+00   -0.1570592483E+00    0.0000000000E+00    0.0000000000E+00    0.0000000000E+00    0.0000000000E+00    0.0000000000E+00    0.0000000000E+00    0.9999995410E+00    0.9999995410E+00    0.1000000000E+01
    2    0.2583333333E+01    0.4644557413E+00    0.0000000000E+00   -0.3737124000E+00    0.0000000000E+00    0.0000000000E+00    0.0000000000E+00    0.0000000000E+00    0.0000000000E+00    0.0000000000E+00    0.9999993516E+00    0.9999993516E+00    0.1000000000E+01
    3    0.2583333333E+01    0.4644557413E+00    0.0000000000E+00   -0.4120863159E+00    0.0000000000E+00    0.0000000000E+00    0.0000000000E+00    0.0000000000E+00    0.0000000000E+00    0.0000000000E+00    0.9999991742E+00    0.9999991742E+00    0.1000000000E+01
    1    0.2841666667E+01    0.4644557413E+00    0.0000000000E+00   -0.1823449912E+00    0.0000000000E+00    0.0000000000E+00    0.0000000000E+00    0.0000000000E+00    0.0000000000E+00    0.0000000000E+00    0.9999995050E+00    0.9999995050E+00    0.1000000000E+01
    2    0.2841666667E+01    0.4644557413E+00    0.0000000000E+00   -0.4135779942E+00    0.4644557413E+00    0.0000000000E+00   -0.4135779942E+00    0.1122556789E+01   -0.5749753553E-10   -0.1997760859E+01    0.9999992482E+00    0.9999992482E+00    0.1000000000E+01
    3    0.2841666667E+01    0.4644557413E+00    0.0000000000E+00   -0.4613541104E+00    0.0000000000E+00    0.0000000000E+00    0.0000000000E+00    0.0000000000E+00    0.0000000000E+00    0.0000000000E+00    0.9999990427E+00    0.9999990427E+00    0.1000000000E+01
    1    0.3100000000E+01    0.4644557413E+00    0.0000000000E+00   -0.2071606681E+00    0.0000000000E+00    0.0000000000E+00    0.0000000000E+00    0.0000000000E+00    0.0000000000E+00    0.0000000000E+00    0.9999994677E+00    0.9999994677E+00    0.1000000000E+01
    2    0.3100000000E+01    0.4644557413E+00    0.0000000000E+00   -0.4561333371E+00    0.0000000000E+00    0.0000000000E+00    0.0000000000E+00    0.0000000000E+00    0.0000000000E+00    0.0000000000E+00    0.9999991169E+00    0.9999991169E+00    0.1000000000E+01
    3    0.3100000000E+01    0.4644557413E+00    0.0000000000E+00   -0.5140677154E+00    0.0000000000E+00    0.0000000000E+00    0.0000000000E+00    0.0000000000E+00    0.0000000000E+00    0.0000000000E+00    0.9999988693E+00    0.9999988693E+00    0.1000000000E+01
    1    0.3358333333E+01    0.4644557413E+00    0.0000000000E+00   -0.2316402233E+00    0.0000000000E+00    0.0000000000E+00    0.0000000000E+00    0.0000000000E+00    0.0000000000E+00    0.0000000000E+00    0.9999994292E+00    0.9999994292E+00    0.1000000000E+01
    2    0.3358333333E+01    0.4644557413E+00    0.0000000000E+00   -0.5026411947E+00    0.0000000000E+00    0.0000000000E+00    0.0000000000E+00    0.0000000000E+00    0.0000000000E+00    0.0000000000E+00    0.9999989375E+00    0.9999989375E+00    0.1000000000E+01
    3    0.3358333333E+01   -0.3483418059E+00    0.0000000000E+00    0.3688481184E+00    0.0000000000E+00    0.0000000000E+00    0.0000000000E+00    0.0000000000E+00    0.0000000000E+00    0.0000000000E+00    0.9999985158E+00    0.9999985158E+00    0.1000000000E+01
    4    0.3358333333E+01    0.4644557413E+00    0.8127975472E+00    0.3913019408E+00    0.4644557413E+00    0.8127975472E+00    0.3913019408E+00    0.0000000000E+00    0.0000000000E+00    0.0000000000E+00    0.9999967330E+00    0.9999967330E+00    0.1000000000E+01
    5    0.3358333333E+01   -0.3483418059E+00    0.0000000000E+00    0.5499398809E+00    0.0000000000E+00    0.0000000000E+00    0.0000000000E+00    0.0000000000E+00    0.0000000000E+00    0.0000000000E+00    0.9999983077E+00    0.9999983077E+00    0.1000000000E+01
    6    0.3358333333E+01   -0.3483418059E+00    0.0000000000E+00    0.1546844254E+00    0.0000000000E+00    0.0000000000E+00    0.0000000000E+00    0.0000000000E+00    0.0000000000E+00    0.0000000000E+00    0.9999933363E+00    0.9999933363E+00    0.1000000000E+01
    7    0.3358333333E+01    0.4644557413E+00    0.8127975472E+00    0.4136131828E+00    0.4644557413E+00    0.8127975472E+00    0.4136131828E+00    0.0000000000E+00    0.0000000000E+00    0.0000000000E+00    0.9999950106E+00    0.9999950106E+00    0.1000000000E+01
    8    0.3358333333E+01   -0.3483418059E+00    0.0000000000E+00    0.4345881023E+00    0.0000000000E+00    0.0000000000E+00    0.0000000000E+00    0.0000000000E+00    0.0000000000E+00    0.0000000000E+00    0.9999971126E+00    0.9999971126E+00    0.1000000000E+01
    9    0.3358333333E+01    0.4644557413E+00    0.0000000000E+00   -0.5728904143E+00    0.0000000000E+00    0.0000000000E+00    0.0000000000E+00    0.0000000000E+00    0.0000000000E+00    0.0000000000E+00    0.9999981358E+00    0.9999981358E+00    0.1000000000E+01
    1    0.3616666667E+01    0.4644557413E+00    0.0000000000E+00   -0.2558786348E+00    0.0000000000E+00    0.0000000000E+00    0.0000000000E+00    0.0000000000E+00    0.0000000000E+00    0.0000000000E+00    0.9999993807E+00    0.9999993807E+00    0.1000000000E+01
    2    0.3616666667E+01    0.4644557413E+00    0.0000000000E+00   -0.5564410420E+00    0.0000000000E+00    0.0000000000E+00    0.0000000000E+00    0.0000000000E+00    0.0000000000E+00    0.0000000000E+00    0.9999985254E+00    0.9999985254E+00    0.1000000000E+01
    3    0.3616666667E+01   -0.3483418059E+00    0.0000000000E+00    0.3121443601E+00    0.0000000000E+00    0.0000000000E+00    0.0000000000E+00    0.0000000000E+00    0.0000000000E+00    0.0000000000E+00    0.9999988159E+00    0.9999988159E+00    0.1000000000E+01
    4    0.3616666667E+01    0.4644557413E+00    0.8127975472E+00    0.2770976116E+00    0.4644557413E+00    0.8127975472E+00    0.2770976116E+00    0.0000000000E+00    0.0000000000E+00    0.0000000000E+00    0.9999974490E+00    0.9999974490E+00    0.1000000000E+01
    5    0.3616666667E+01    0.4644557413E+00    0.8127975472E+00    0.4774694560E+00    0.4644557413E+00    0.8127975472E+00    0.4774694560E+00    0.0000000000E+00    0.0000000000E+00    0.0000000000E+00    0.9999982059E+00    0.9999982059E+00    0.1000000000E+01
    6    0.3616666667E+01   -0.3483418059E+00    0.0000000000E+00    0.4895182373E+00    0.0000000000E+00    0.0000000000E+00    0.0000000000E+00    0.0000000000E+00    0.0000000000E+00    0.0000000000E+00    0.9999987569E+00    0.9999987569E+00    0.1000000000E+01
    7    0.3616666667E+01    0.4644557413E+00    0.8127975472E+00    0.2767279714E+00    0.4644557413E+00    0.8127975472E+00    0.2767279714E+00    0.0000000000E+00    0.0000000000E+00    0.0000000000E+00    0.9999972778E+00    0.9999972778E+00    0.1000000000E+01
    8    0.3616666667E+01   -0.3483418059E+00    0.0000000000E+00    0.3151992441E+00    0.0000000000E+00    0.0000000000E+00    0.0000000000E+00    0.0000000000E+00    0.0000000000E+00    0.0000000000E+00    0.9999972907E+00    0.9999972907E+00    0.1000000000E+01
    9    0.3616666667E+01    0.4644557413E+00    0.8127975472E+00    0.4931587233E+00    0.4644557413E+00    0.8127975472E+00    0.4931587233E+00    0.0000000000E+00    0.0000000000E+00    0.0000000000E+00    0.9999979729E+00    0.9999979729E+00    0.1000000000E+01
   10    0.3616666667E+01    0.4644557413E+00    0.0000000000E+00    0.5098071622E+00    0.0000000000E+00    0.0000000000E+00    0.0000000000E+00    0.0000000000E+00    0.0000000000E+00    0.0000000000E+00    0.9999982259E+00    0.9999982259E+00    0.1000000000E+01
    1    0.3875000000E+01    0.4644557413E+00    0.0000000000E+00   -0.2799479394E+00    0.0000000000E+00    0.0000000000E+00    0.0000000000E+00    0.0000000000E+00    0.0000000000E+00    0.0000000000E+00    0.9999993590E+00    0.9999993590E+00    0.1000000000E+01
    2    0.3875000000E+01    0.4644557413E+00    0.0000000000E+00    0.5352267824E+00    0.0000000000E+00    0.0000000000E+00    0.0000000000E+00    0.0000000000E+00    0.0000000000E+00    0.0000000000E+00    0.9999982205E+00    0.9999982205E+00    0.1000000000E+01
    3    0.3875000000E+01   -0.3483418059E+00    0.0000000000E+00    0.2666474117E+00    0.0000000000E+00    0.0000000000E+00    0.0000000000E+00    0.0000000000E+00    0.0000000000E+00    0.0000000000E+00    0.9999989054E+00    0.9999989054E+00    0.1000000000E+01
    4    0.3875000000E+01    0.4644557413E+00    0.8127975472E+00    0.1710640500E+00    0.4644557413E+00    0.8127975472E+00    0.1710640500E+00    0.0000000000E+00    0.0000000000E+00    0.0000000000E+00    0.9999968768E+00    0.9999968768E+00    0.1000000000E+01
    5    0.3875000000E+01   -0.3483418059E+00    0.0000000000E+00    0.4412995076E+00    0.0000000000E+00    0.0000000000E+00    0.0000000000E+00    0.0000000000E+00    0.0000000000E+00    0.0000000000E+00    0.9999988511E+00    0.9999988511E+00    0.1000000000E+01
    6    0.3875000000E+01    0.4644557413E+00    0.8127975472E+00    0.4092507670E+00    0.4644557413E+00    0.8127975472E+00    0.4092507670E+00    0.0000000000E+00    0.0000000000E+00    0.0000000000E+00    0.9999985131E+00    0.9999985131E+00    0.1000000000E+01
    7    0.3875000000E+01    0.4644557413E+00    0.8127975472E+00    0.1619626459E+00    0.4644557413E+00    0.8127975472E+00    0.1619626459E+00    0.0000000000E+00    0.0000000000E+00    0.0000000000E+00    0.9999966497E+00    0.9999966497E+00    0.1000000000E+01
    8    0.3875000000E+01   -0.3483418059E+00    0.0000000000E+00    0.1951434463E+00    0.0000000000E+00    0.0000000000E+00    0.0000000000E+00    0.0000000000E+00    0.0000000000E+00    0.0000000000E+00    0.9999965202E+00    0.9999965202E+00    0.1000000000E+01
    9    0.3875000000E+01    0.4644557413E+00    0.8127975472E+00    0.4194987057E+00    0.4644557413E+00    0.8127975472E+00    0.4194987057E+00    0.0000000000E+00    0.0000000000E+00    0.0000000000E+00    0.9999983388E+00    0.9999983388E+00    0.1000000000E+01
   10    0.3875000000E+01    0.4644557413E+00    0.0000000000E+00    0.4245863474E+00    0.0000000000E+00    0.0000000000E+00    0.0000000000E+00    0.0000000000E+00    0.0000000000E+00    0.0000000000E+00    0.9999974429E+00    0.9999974429E+00    0.1000000000E+01
    1    0.4133333333E+01    0.4644557413E+00    0.0000000000E+00   -0.3039065203E+00    0.0000000000E+00    0.0000000000E+00    0.0000000000E+00    0.0000000000E+00    0.0000000000E+00    0.0000000000E+00    0.9999993156E+00    0.9999993156E+00    0.1000000000E+01
    2    0.4133333333E+01   -0.3483418059E+00    0.0000000000E+00    0.2258625310E+00    0.0000000000E+00    0.0000000000E+00    0.0000000000E+00    0.0000000000E+00    0.0000000000E+00    0.0000000000E+00    0.9999989193E+00    0.9999989193E+00    0.1000000000E+01
    3    0.4133333333E+01    0.4644557413E+00    0.0000000000E+00    0.4539849484E+00    0.0000000000E+00    0.0000000000E+00    0.0000000000E+00    0.0000000000E+00    0.0000000000E+00    0.0000000000E+00    0.9999973768E+00    0.9999973768E+00    0.1000000000E+01
    4    0.4133333333E+01   -0.3483418059E+00    0.0000000000E+00    0.3980630430E+00    0.0000000000E+00    0.0000000000E+00    0.0000000000E+00    0.0000000000E+00    0.0000000000E+00    0.0000000000E+00    0.9999988690E+00    0.9999988690E+00    0.1000000000E+01
    5    0.4133333333E+01    0.4644557413E+00    0.8127975472E+00    0.3535119751E+00    0.4644557413E+00    0.8127975472E+00    0.3535119751E+00    0.0000000000E+00    0.0000000000E+00    0.0000000000E+00    0.9999985730E+00    0.9999985730E+00    0.1000000000E+01
    6    0.4133333333E+01    0.4644557413E+00    0.8127975472E+00    0.3603759895E+00    0.4644557413E+00    0.8127975472E+00    0.3603759895E+00    0.0000000000E+00    0.0000000000E+00    0.0000000000E+00    0.9999984971E+00    0.9999984971E+00    0.1000000000E+01
    7    0.4133333333E+01    0.4644557413E+00    0.0000000000E+00    0.2921725795E+00    0.0000000000E+00    0.0000000000E+00    0.0000000000E+00    0.0000000000E+00    0.0000000000E+00    0.0000000000E+00    0.9999948769E+00    0.9999948769E+00    0.1000000000E+01
    1    0.4391666667E+01    0.4644557413E+00    0.0000000000E+00   -0.3277295141E+00    0.0000000000E+00    0.0000000000E+00    0.0000000000E+00    0.0000000000E+00    0.0000000000E+00    0.0000000000E+00    0.9999991867E+00    0.9999991867E+00    0.1000000000E+01
    2    0.4391666667E+01   -0.3483418059E+00    0.8127975472E+00   -0.1476834444E+00   -0.3483418059E+00    0.8127975472E+00   -0.1476834444E+00    0.0000000000E+00    0.0000000000E+00    0.0000000000E+00    0.9999947616E+00    0.9999947616E+00    0.1000000000E+01
    3    0.4391666667E+01   -0.3483418059E+00    0.0000000000E+00    0.1871603695E+00    0.0000000000E+00    0.0000000000E+00    0.0000000000E+00    0.0000000000E+00    0.0000000000E+00    0.0000000000E+00    0.9999988861E+00    0.9999988861E+00    0.1000000000E+01
    4    0.4391666667E+01   -0.3483418059E+00    0.0000000000E+00    0.3573853767E+00    0.0000000000E+00    0.0000000000E+00    0.0000000000E+00    0.0000000000E+00    0.0000000000E+00    0.0000000000E+00    0.9999988510E+00    0.9999988510E+00    0.1000000000E+01
    5    0.4391666667E+01    0.4644557413E+00    0.8127975472E+00    0.3033909742E+00    0.4644557413E+00    0.8127975472E+00    0.3033909742E+00    0.0000000000E+00    0.0000000000E+00    0.0000000000E+00    0.9999986002E+00    0.9999986002E+00    0.1000000000E+01
    6    0.4391666667E+01    0.4644557413E+00    0.0000000000E+00    0.3103373407E+00    0.0000000000E+00    0.0000000000E+00    0.0000000000E+00    0.0000000000E+00    0.0000000000E+00    0.0000000000E+00    0.9999929437E+00    0.9999929437E+00    0.1000000000E+01
    7    0.4391666667E+01   -0.3483418059E+00    0.8127975472E+00   -0.1268340252E+00   -0.3483418059E+00    0.8127975472E+00   -0.1268340252E+00    0.0000000000E+00    0.0000000000E+00    0.0000000000E+00    0.9999921632E+00    0.9999921632E+00    0.1000000000E+01
    8    0.4391666667E+01   -0.3483418059E+00    0.8127975472E+00    0.2332999979E-01   -0.3483418059E+00    0.8127975472E+00    0.2332999979E-01    0.0000000000E+00    0.0000000000E+00    0.0000000000E+00    0.9999918820E+00    0.9999918820E+00    0.1000000000E+01
    9    0.4391666667E+01    0.4644557413E+00    0.8127975472E+00    0.3079242244E+00    0.4644557413E+00    0.8127975472E+00    0.3079242244E+00    0.0000000000E+00    0.0000000000E+00    0.0000000000E+00    0.9999985449E+00    0.9999985449E+00    0.1000000000E+01
    1    0.4650000000E+01    0.4644557413E+00    0.0000000000E+00   -0.3516555208E+00    0.0000000000E+00    0.0000000000E+00    0.0000000000E+00    0.0000000000E+00    0.0000000000E+00    0.0000000000E+00    0.9999992686E+00    0.9999992686E+00    0.1000000000E+01
    2    0.4650000000E+01   -0.3483418059E+00    0.0000000000E+00    0.3179786701E+00    0.0000000000E+00    0.0000000000E+00    0.0000000000E+00    0.0000000000E+00    0.0000000000E+00    0.0000000000E+00    0.9999987973E+00    0.9999987973E+00    0.1000000000E+01
    3    0.4650000000E+01   -0.3483418059E+00    0.0000000000E+00    0.1486881025E+00    0.0000000000E+00    0.0000000000E+00    0.0000000000E+00    0.0000000000E+00    0.0000000000E+00    0.0000000000E+00    0.9999988090E+00    0.9999988090E+00    0.1000000000E+01
    4    0.4650000000E+01   -0.3483418059E+00    0.8127975472E+00   -0.2582547558E+00   -0.3483418059E+00    0.8127975472E+00   -0.2582547558E+00    0.0000000000E+00    0.0000000000E+00    0.0000000000E+00    0.9999974430E+00    0.9999974430E+00    0.1000000000E+01
    5    0.4650000000E+01   -0.3483418059E+00    0.8127975472E+00   -0.1130076288E+00   -0.3483418059E+00    0.8127975472E+00   -0.1130076288E+00    0.0000000000E+00    0.0000000000E+00    0.0000000000E+00    0.9999975343E+00    0.9999975343E+00    0.1000000000E+01
    6    0.4650000000E+01    0.4644557413E+00    0.8127975472E+00    0.2561563479E+00    0.4644557413E+00    0.8127975472E+00    0.2561563479E+00    0.0000000000E+00    0.0000000000E+00    0.0000000000E+00    0.9999985776E+00    0.9999985776E+00    0.1000000000E+01
    7    0.4650000000E+01   -0.3483418059E+00    0.8127975472E+00   -0.2530032222E+00   -0.3483418059E+00    0.8127975472E+00   -0.2530032222E+00    0.0000000000E+00    0.0000000000E+00    0.0000000000E+00    0.9999973725E+00    0.9999973725E+00    0.1000000000E+01
    8    0.4650000000E+01   -0.3483418059E+00    0.8127975472E+00   -0.1020247497E+00   -0.3483418059E+00    0.8127975472E+00   -0.1020247497E+00    0.0000000000E+00    0.0000000000E+00    0.0000000000E+00    0.9999973559E+00    0.9999973559E+00    0.1000000000E+01
    9    0.4650000000E+01    0.4644557413E+00    0.8127975472E+00    0.2591503659E+00    0.4644557413E+00    0.8127975472E+00    0.2591503659E+00    0.0000000000E+00    0.0000000000E+00    0.0000000000E+00    0.9999985413E+00    0.9999985413E+00    0.1000000000E+01
    1    0.4908333333E+01   -0.3483418059E+00    0.0000000000E+00    0.2789355393E+00    0.0000000000E+00    0.0000000000E+00    0.0000000000E+00    0.0000000000E+00    0.0000000000E+00    0.0000000000E+00    0.9999987299E+00    0.9999987299E+00    0.1000000000E+01
    2    0.4908333333E+01   -0.3483418059E+00    0.0000000000E+00    0.1080118544E+00    0.0000000000E+00    0.0000000000E+00    0.0000000000E+00    0.0000000000E+00    0.0000000000E+00    0.0000000000E+00    0.9999986079E+00    0.9999986079E+00    0.1000000000E+01
    3    0.4908333333E+01    0.4644557413E+00    0.8127975472E+00    0.2099718908E+00    0.4644557413E+00    0.8127975472E+00    0.2099718908E+00    0.0000000000E+00    0.0000000000E+00    0.0000000000E+00    0.9999985041E+00    0.9999985041E+00    0.1000000000E+01
    4    0.4908333333E+01   -0.3483418059E+00    0.8127975472E+00   -0.1852588918E+00   -0.3483418059E+00    0.8127975472E+00   -0.1852588918E+00    0.0000000000E+00    0.0000000000E+00    0.0000000000E+00    0.9999978635E+00    0.9999978635E+00    0.1000000000E+01
    5    0.4908333333E+01    0.4644557413E+00    0.0000000000E+00   -0.3755354620E+00    0.0000000000E+00    0.0000000000E+00    0.0000000000E+00    0.0000000000E+00    0.0000000000E+00    0.0000000000E+00    0.9999992275E+00    0.9999992275E+00    0.1000000000E+01
    6    0.4908333333E+01   -0.3483418059E+00    0.8127975472E+00   -0.3317738661E+00   -0.3483418059E+00    0.8127975472E+00   -0.3317738661E+00    0.0000000000E+00    0.0000000000E+00    0.0000000000E+00    0.9999978129E+00    0.9999978129E+00    0.1000000000E+01
    7    0.4908333333E+01    0.4644557413E+00    0.8127975472E+00    0.2121149961E+00    0.4644557413E+00    0.8127975472E+00    0.2121149961E+00    0.0000000000E+00    0.0000000000E+00    0.0000000000E+00    0.9999984871E+00    0.9999984871E+00    0.1000000000E+01
    8    0.4908333333E+01   -0.3483418059E+00    0.8127975472E+00   -0.1775189707E+00   -0.3483418059E+00    0.8127975472E+00   -0.1775189707E+00    0.0000000000E+00    0.0000000000E+00    0.0000000000E+00    0.9999977844E+00    0.9999977844E+00    0.1000000000E+01
    9    0.4908333333E+01   -0.3483418059E+00    0.8127975472E+00   -0.3283170738E+00   -0.3483418059E+00    0.8127975472E+00   -0.3283170738E+00    0.0000000000E+00    0.0000000000E+00    0.0000000000E+00    0.9999977900E+00    0.9999977900E+00    0.1000000000E+01
    1    0.5166666667E+01   -0.3483418059E+00    0.0000000000E+00    0.2394041035E+00    0.0000000000E+00    0.0000000000E+00    0.0000000000E+00    0.0000000000E+00    0.0000000000E+00    0.0000000000E+00    0.9999986287E+00    0.9999986287E+00    0.1000000000E+01
    2    0.5166666667E+01   -0.3483418059E+00    0.0000000000E+00    0.5783530169E-01    0.0000000000E+00    0.0000000000E+00    0.0000000000E+00    0.0000000000E+00    0.0000000000E+00    0.0000000000E+00    0.9999978466E+00    0.9999978466E+00    0.1000000000E+01
    3    0.5166666667E+01    0.4644557413E+00    0.8127975472E+00    0.1627878111E+00    0.4644557413E+00    0.8127975472E+00    0.1627878111E+00    0.0000000000E+00    0.0000000000E+00    0.0000000000E+00    0.9999983439E+00    0.9999983439E+00    0.1000000000E+01
    4    0.5166666667E+01   -0.3483418059E+00    0.8127975472E+00   -0.2483534447E+00   -0.3483418059E+00    0.8127975472E+00   -0.2483534447E+00    0.0000000000E+00    0.0000000000E+00    0.0000000000E+00    0.9999979160E+00    0.9999979160E+00    0.1000000000E+01
    5    0.5166666667E+01   -0.3483418059E+00    0.8127975472E+00   -0.3977726741E+00   -0.3483418059E+00    0.8127975472E+00   -0.3977726741E+00    0.0000000000E+00    0.0000000000E+00    0.0000000000E+00    0.9999977574E+00    0.9999977574E+00    0.1000000000E+01
    6    0.5166666667E+01    0.4644557413E+00    0.0000000000E+00   -0.3994579426E+00    0.0000000000E+00    0.0000000000E+00    0.0000000000E+00    0.0000000000E+00    0.0000000000E+00    0.0000000000E+00    0.9999991851E+00    0.9999991851E+00    0.1000000000E+01
    7    0.5166666667E+01    0.4644557413E+00    0.8127975472E+00    0.1647690789E+00    0.4644557413E+00    0.8127975472E+00    0.1647690789E+00    0.0000000000E+00    0.0000000000E+00    0.0000000000E+00    0.9999983517E+00    0.9999983517E+00    0.1000000000E+01
    8    0.5166666667E+01   -0.3483418059E+00    0.8127975472E+00   -0.2424874431E+00   -0.3483418059E+00    0.8127975472E+00   -0.2424874431E+00    0.0000000000E+00    0.0000000000E+00    0.0000000000E+00    0.9999978364E+00    0.9999978364E+00    0.1000000000E+01
    9    0.5166666667E+01   -0.3483418059E+00    0.8127975472E+00   -0.3946489726E+00   -0.3483418059E+00    0.8127975472E+00   -0.3946489726E+00    0.0000000000E+00    0.0000000000E+00    0.0000000000E+00    0.9999977889E+00    0.9999977889E+00    0.1000000000E+01
    1    0.5425000000E+01   -0.3483418059E+00    0.0000000000E+00    0.1982920406E+00    0.0000000000E+00    0.0000000000E+00    0.0000000000E+00    0.0000000000E+00    0.0000000000E+00    0.0000000000E+00    0.9999984853E+00    0.9999984853E+00    0.1000000000E+01
    2    0.5425000000E+01   -0.3483418059E+00    0.8127975472E+00   -0.3101773555E+00   -0.3483418059E+00    0.8127975472E+00   -0.3101773555E+00    0.0000000000E+00    0.0000000000E+00    0.0000000000E+00    0.9999977384E+00    0.9999977384E+00    0.1000000000E+01
    3    0.5425000000E+01   -0.3483418059E+00    0.8127975472E+00   -0.4675982683E+00   -0.3483418059E+00    0.8127975472E+00   -0.4675982683E+00    0.0000000000E+00    0.0000000000E+00    0.0000000000E+00    0.9999972188E+00    0.9999972188E+00    0.1000000000E+01
    4    0.5425000000E+01    0.4644557413E+00    0.0000000000E+00   -0.4234540871E+00    0.0000000000E+00    0.0000000000E+00    0.0000000000E+00    0.0000000000E+00    0.0000000000E+00    0.0000000000E+00    0.9999991415E+00    0.9999991415E+00    0.1000000000E+01
    5    0.5425000000E+01    0.4644557413E+00    0.8127975472E+00    0.1105080860E+00    0.4644557413E+00    0.8127975472E+00    0.1105080860E+00    0.0000000000E+00    0.0000000000E+00    0.0000000000E+00    0.9999979323E+00    0.9999979323E+00    0.1000000000E+01
    6    0.5425000000E+01   -0.3483418059E+00    0.8127975472E+00   -0.4636736032E+00   -0.3483418059E+00    0.8127975472E+00   -0.4636736032E+00    0.0000000000E+00    0.0000000000E+00    0.0000000000E+00    0.9999972272E+00    0.9999972272E+00    0.1000000000E+01
    7    0.5425000000E+01   -0.3483418059E+00    0.8127975472E+00   -0.3056299227E+00   -0.3483418059E+00    0.8127975472E+00   -0.3056299227E+00    0.0000000000E+00    0.0000000000E+00    0.0000000000E+00    0.9999977591E+00    0.9999977591E+00    0.1000000000E+01
    8    0.5425000000E+01    0.4644557413E+00    0.8127975472E+00    0.1133134649E+00    0.4644557413E+00    0.8127975472E+00    0.1133134649E+00    0.0000000000E+00    0.0000000000E+00    0.0000000000E+00    0.9999979926E+00    0.9999979926E+00    0.1000000000E+01
    1    0.5683333333E+01   -0.3483418059E+00    0.0000000000E+00    0.1536549566E+00    0.0000000000E+00    0.0000000000E+00    0.0000000000E+00    0.0000000000E+00    0.0000000000E+00    0.0000000000E+00    0.9999982211E+00    0.9999982211E+00    0.1000000000E+01
    2    0.5683333333E+01    0.4644557413E+00    0.8127975472E+00    0.2786552947E-01    0.4644557413E+00    0.8127975472E+00    0.2786552947E-01    0.0000000000E+00    0.0000000000E+00    0.0000000000E+00    0.9999932060E+00    0.9999932060E+00    0.1000000000E+01
    3    0.5683333333E+01   -0.3483418059E+00    0.8127975472E+00   -0.3786242062E+00   -0.3483418059E+00    0.8127975472E+00   -0.3786242062E+00    0.0000000000E+00    0.0000000000E+00    0.0000000000E+00    0.9999971332E+00    0.9999971332E+00    0.1000000000E+01
    4    0.5683333333E+01    0.4644557413E+00    0.0000000000E+00   -0.4475527724E+00    0.0000000000E+00    0.0000000000E+00    0.0000000000E+00    0.0000000000E+00    0.0000000000E+00    0.0000000000E+00    0.9999990966E+00    0.9999990966E+00    0.1000000000E+01
    5    0.5683333333E+01   -0.3483418059E+00    0.8127975472E+00   -0.3750261756E+00   -0.3483418059E+00    0.8127975472E+00   -0.3750261756E+00    0.0000000000E+00    0.0000000000E+00    0.0000000000E+00    0.9999971050E+00    0.9999971050E+00    0.1000000000E+01
    6    0.5683333333E+01    0.4644557413E+00    0.8127975472E+00    0.3887487897E-01    0.4644557413E+00    0.8127975472E+00    0.3887487897E-01    0.0000000000E+00    0.0000000000E+00    0.0000000000E+00    0.9999951990E+00    0.9999951990E+00    0.1000000000E+01
    1    0.5941666667E+01   -0.3483418059E+00    0.0000000000E+00    0.1002176022E+00    0.0000000000E+00    0.0000000000E+00    0.0000000000E+00    0.0000000000E+00    0.0000000000E+00    0.0000000000E+00    0.9999975570E+00    0.9999975570E+00    0.1000000000E+01
    2    0.5941666667E+01    0.4644557413E+00    0.0000000000E+00   -0.4717818922E+00    0.0000000000E+00    0.0000000000E+00    0.0000000000E+00    0.0000000000E+00    0.0000000000E+00    0.0000000000E+00    0.9999990501E+00    0.9999990501E+00    0.1000000000E+01
    3    0.5941666667E+01   -0.3483418059E+00    0.8127975472E+00   -0.4887027610E+00   -0.3483418059E+00    0.8127975472E+00   -0.4887027610E+00    0.0000000000E+00    0.0000000000E+00    0.0000000000E+00    0.9999916025E+00    0.9999916025E+00    0.1000000000E+01
    4    0.5941666667E+01   -0.3483418059E+00    0.8127975472E+00   -0.4852714070E+00   -0.3483418059E+00    0.8127975472E+00   -0.4852714070E+00    0.0000000000E+00    0.0000000000E+00    0.0000000000E+00    0.9999916772E+00    0.9999916772E+00    0.1000000000E+01
    1    0.6200000000E+01    0.4644557413E+00    0.0000000000E+00   -0.4961690022E+00    0.0000000000E+00    0.0000000000E+00    0.0000000000E+00    0.0000000000E+00    0.0000000000E+00    0.0000000000E+00    0.9999990020E+00    0.9999990020E+00    0.1000000000E+01
    1    0.6458333333E+01    0.4644557413E+00    0.0000000000E+00   -0.5207418408E+00    0.0000000000E+00    0.0000000000E+00    0.0000000000E+00    0.0000000000E+00    0.0000000000E+00    0.0000000000E+00    0.9999989522E+00    0.9999989522E+00    0.1000000000E+01
    1    0.6716666667E+01    0.4644557413E+00    0.0000000000E+00   -0.5455288486E+00    0.0000000000E+00    0.0000000000E+00    0.0000000000E+00    0.0000000000E+00    0.0000000000E+00    0.0000000000E+00    0.9999989004E+00    0.9999989004E+00    0.1000000000E+01
    1    0.6975000000E+01    0.4644557413E+00    0.0000000000E+00   -0.5705619129E+00    0.0000000000E+00    0.0000000000E+00    0.0000000000E+00    0.0000000000E+00    0.0000000000E+00    0.0000000000E+00    0.9999988455E+00    0.9999988455E+00    0.1000000000E+01
    1    0.7233333333E+01    0.4644557413E+00    0.0000000000E+00    0.5536068177E+00    0.0000000000E+00    0.0000000000E+00    0.0000000000E+00    0.0000000000E+00    0.0000000000E+00    0.0000000000E+00    0.9999987900E+00    0.9999987900E+00    0.1000000000E+01
    1    0.7491666667E+01   -0.3483418059E+00    0.0000000000E+00   -0.6153931865E-01    0.0000000000E+00    0.0000000000E+00    0.0000000000E+00    0.0000000000E+00    0.0000000000E+00    0.0000000000E+00    0.9999970582E+00    0.9999970582E+00    0.1000000000E+01
    2    0.7491666667E+01    0.4644557413E+00    0.0000000000E+00    0.5279947542E+00    0.0000000000E+00    0.0000000000E+00    0.0000000000E+00    0.0000000000E+00    0.0000000000E+00    0.0000000000E+00    0.9999987310E+00    0.9999987310E+00    0.1000000000E+01
    1    0.7750000000E+01   -0.3483418059E+00    0.0000000000E+00   -0.1098072562E+00    0.0000000000E+00    0.0000000000E+00    0.0000000000E+00    0.0000000000E+00    0.0000000000E+00    0.0000000000E+00    0.9999978647E+00    0.9999978647E+00    0.1000000000E+01
    2    0.7750000000E+01    0.4644557413E+00    0.0000000000E+00    0.5020405687E+00    0.0000000000E+00    0.0000000000E+00    0.0000000000E+00    0.0000000000E+00    0.0000000000E+00    0.0000000000E+00    0.9999986691E+00    0.9999986691E+00    0.1000000000E+01
    1    0.8008333333E+01   -0.3483418059E+00    0.0000000000E+00   -0.1491964856E+00    0.0000000000E+00    0.0000000000E+00    0.0000000000E+00    0.0000000000E+00    0.0000000000E+00    0.0000000000E+00    0.9999980207E+00    0.9999980207E+00    0.1000000000E+01
    2    0.8008333333E+01    0.4644557413E+00    0.0000000000E+00    0.4757059403E+00    0.0000000000E+00    0.0000000000E+00    0.0000000000E+00    0.0000000000E+00    0.0000000000E+00    0.0000000000E+00    0.9999986038E+00    0.9999986038E+00    0.1000000000E+01
    1    0.8266666667E+01   -0.3483418059E+00    0.0000000000E+00   -0.1859580999E+00    0.0000000000E+00    0.0000000000E+00    0.0000000000E+00    0.0000000000E+00    0.0000000000E+00    0.0000000000E+00    0.9999980351E+00    0.9999980351E+00    0.1000000000E+01
    2    0.8266666667E+01    0.4644557413E+00    0.0000000000E+00    0.4489492545E+00    0.0000000000E+00    0.0000000000E+00    0.0000000000E+00    0.0000000000E+00    0.0000000000E+00    0.0000000000E+00    0.9999985347E+00    0.9999985347E+00    0.1000000000E+01
    3    0.8266666667E+01    0.4644557413E+00    0.8127975472E+00   -0.5570841084E-01    0.4644557413E+00    0.8127975472E+00   -0.5570841084E-01    0.0000000000E+00    0.0000000000E+00    0.0000000000E+00    0.9999951172E+00    0.9999951172E+00    0.1000000000E+01
    4    0.8266666667E+01    0.4644557413E+00    0.8127975472E+00   -0.5517961396E-01    0.4644557413E+00    0.8127975472E+00   -0.5517961396E-01    0.0000000000E+00    0.0000000000E+00    0.0000000000E+00    0.9999952868E+00    0.9999952868E+00    0.1000000000E+01
    1    0.8525000000E+01    0.4644557413E+00    0.0000000000E+00    0.4217248324E+00    0.0000000000E+00    0.0000000000E+00    0.0000000000E+00    0.0000000000E+00    0.0000000000E+00    0.0000000000E+00    0.9999984615E+00    0.9999984615E+00    0.1000000000E+01
    2    0.8525000000E+01   -0.3483418059E+00    0.0000000000E+00   -0.2219698201E+00    0.0000000000E+00    0.0000000000E+00    0.0000000000E+00    0.0000000000E+00    0.0000000000E+00    0.0000000000E+00    0.9999979845E+00    0.9999979845E+00    0.1000000000E+01
    3    0.8525000000E+01    0.4644557413E+00    0.8127975472E+00   -0.1192440747E+00    0.4644557413E+00    0.8127975472E+00   -0.1192440747E+00    0.0000000000E+00    0.0000000000E+00    0.0000000000E+00    0.9999971252E+00    0.9999971252E+00    0.1000000000E+01
    4    0.8525000000E+01    0.4644557413E+00    0.8127975472E+00   -0.1170236190E+00    0.4644557413E+00    0.8127975472E+00   -0.1170236190E+00    0.0000000000E+00    0.0000000000E+00    0.0000000000E+00    0.9999971878E+00    0.9999971878E+00    0.1000000000E+01
    1    0.8783333333E+01    0.4644557413E+00    0.0000000000E+00    0.3939821873E+00    0.0000000000E+00    0.0000000000E+00    0.0000000000E+00    0.0000000000E+00    0.0000000000E+00    0.0000000000E+00    0.9999983836E+00    0.9999983836E+00    0.1000000000E+01
    2    0.8783333333E+01   -0.3483418059E+00    0.0000000000E+00   -0.2582039081E+00    0.0000000000E+00    0.0000000000E+00    0.0000000000E+00    0.0000000000E+00    0.0000000000E+00    0.0000000000E+00    0.9999978892E+00    0.9999978892E+00    0.1000000000E+01
    3    0.8783333333E+01    0.4644557413E+00    0.8127975472E+00   -0.1663249454E+00    0.4644557413E+00    0.8127975472E+00   -0.1663249454E+00    0.0000000000E+00    0.0000000000E+00    0.0000000000E+00    0.9999974526E+00    0.9999974526E+00    0.1000000000E+01
    4    0.8783333333E+01    0.4644557413E+00    0.8127975472E+00   -0.1631965448E+00    0.4644557413E+00    0.8127975472E+00   -0.1631965448E+00    0.0000000000E+00    0.0000000000E+00    0.0000000000E+00    0.9999974956E+00    0.9999974956E+00    0.1000000000E+01
    1    0.9041666667E+01    0.4644557413E+00    0.0000000000E+00    0.3656651658E+00    0.0000000000E+00    0.0000000000E+00    0.0000000000E+00    0.0000000000E+00    0.0000000000E+00    0.0000000000E+00    0.9999983003E+00    0.9999983003E+00    0.1000000000E+01
    2    0.9041666667E+01   -0.3483418059E+00    0.0000000000E+00   -0.8177511795E-01    0.0000000000E+00    0.0000000000E+00    0.0000000000E+00    0.0000000000E+00    0.0000000000E+00    0.0000000000E+00    0.9999951119E+00    0.9999951119E+00    0.1000000000E+01
    3    0.9041666667E+01   -0.3483418059E+00    0.0000000000E+00   -0.2953759797E+00    0.0000000000E+00    0.0000000000E+00    0.0000000000E+00    0.0000000000E+00    0.0000000000E+00    0.0000000000E+00    0.9999977478E+00    0.9999977478E+00    0.1000000000E+01
    4    0.9041666667E+01    0.4644557413E+00    0.8127975472E+00   -0.2090473054E+00    0.4644557413E+00    0.8127975472E+00   -0.2090473054E+00    0.0000000000E+00    0.0000000000E+00    0.0000000000E+00    0.9999975222E+00    0.9999975222E+00    0.1000000000E+01
    5    0.9041666667E+01    0.4644557413E+00    0.8127975472E+00   -0.2052945374E+00    0.4644557413E+00    0.8127975472E+00   -0.2052945374E+00    0.0000000000E+00    0.0000000000E+00    0.0000000000E+00    0.9999975526E+00    0.9999975526E+00    0.1000000000E+01
    1    0.9300000000E+01    0.4644557413E+00    0.0000000000E+00    0.3367109232E+00    0.0000000000E+00    0.0000000000E+00    0.0000000000E+00    0.0000000000E+00    0.0000000000E+00    0.0000000000E+00    0.9999982108E+00    0.9999982108E+00    0.1000000000E+01
    2    0.9300000000E+01   -0.3483418059E+00    0.0000000000E+00   -0.1473516996E+00    0.0000000000E+00    0.0000000000E+00    0.0000000000E+00    0.0000000000E+00    0.0000000000E+00    0.0000000000E+00    0.9999965393E+00    0.9999965393E+00    0.1000000000E+01
    3    0.9300000000E+01   -0.3483418059E+00    0.0000000000E+00   -0.3341894683E+00    0.0000000000E+00    0.0000000000E+00    0.0000000000E+00    0.0000000000E+00    0.0000000000E+00    0.0000000000E+00    0.9999975710E+00    0.9999975710E+00    0.1000000000E+01
    4    0.9300000000E+01    0.4644557413E+00    0.8127975472E+00   -0.2504111241E+00    0.4644557413E+00    0.8127975472E+00   -0.2504111241E+00    0.0000000000E+00    0.0000000000E+00    0.0000000000E+00    0.9999974813E+00    0.9999974813E+00    0.1000000000E+01
    5    0.9300000000E+01    0.4644557413E+00    0.8127975472E+00   -0.2462520025E+00    0.4644557413E+00    0.8127975472E+00   -0.2462520025E+00    0.0000000000E+00    0.0000000000E+00    0.0000000000E+00    0.9999974996E+00    0.9999974996E+00    0.1000000000E+01
    1    0.9558333333E+01    0.4644557413E+00    0.0000000000E+00    0.3070486720E+00    0.0000000000E+00    0.0000000000E+00    0.0000000000E+00    0.0000000000E+00    0.0000000000E+00    0.0000000000E+00    0.9999981144E+00    0.9999981144E+00    0.1000000000E+01
    2    0.9558333333E+01   -0.3483418059E+00    0.0000000000E+00   -0.2005843510E+00    0.0000000000E+00    0.0000000000E+00    0.0000000000E+00    0.0000000000E+00    0.0000000000E+00    0.0000000000E+00    0.9999967745E+00    0.9999967745E+00    0.1000000000E+01
    3    0.9558333333E+01   -0.3483418059E+00    0.0000000000E+00   -0.3755189347E+00    0.0000000000E+00    0.0000000000E+00    0.0000000000E+00    0.0000000000E+00    0.0000000000E+00    0.0000000000E+00    0.9999973165E+00    0.9999973165E+00    0.1000000000E+01
    4    0.9558333333E+01    0.4644557413E+00    0.8127975472E+00   -0.2919544467E+00    0.4644557413E+00    0.8127975472E+00   -0.2919544467E+00    0.0000000000E+00    0.0000000000E+00    0.0000000000E+00    0.9999973609E+00    0.9999973609E+00    0.1000000000E+01
    5    0.9558333333E+01    0.4644557413E+00    0.8127975472E+00   -0.2876100215E+00    0.4644557413E+00    0.8127975472E+00   -0.2876100215E+00    0.0000000000E+00    0.0000000000E+00    0.0000000000E+00    0.9999973650E+00    0.9999973650E+00    0.1000000000E+01
    1    0.9816666667E+01    0.4644557413E+00    0.0000000000E+00    0.2765981215E+00    0.0000000000E+00    0.0000000000E+00    0.0000000000E+00    0.0000000000E+00    0.0000000000E+00    0.0000000000E+00    0.9999980099E+00    0.9999980099E+00    0.1000000000E+01
    2    0.9816666667E+01   -0.3483418059E+00    0.0000000000E+00   -0.2513775932E+00    0.0000000000E+00    0.0000000000E+00    0.0000000000E+00    0.0000000000E+00    0.0000000000E+00    0.0000000000E+00    0.9999966891E+00    0.9999966891E+00    0.1000000000E+01
    3    0.9816666667E+01   -0.3483418059E+00    0.0000000000E+00   -0.4206913781E+00    0.0000000000E+00    0.0000000000E+00    0.0000000000E+00    0.0000000000E+00    0.0000000000E+00    0.0000000000E+00    0.9999969396E+00    0.9999969396E+00    0.1000000000E+01
    4    0.9816666667E+01    0.4644557413E+00    0.8127975472E+00   -0.3349368852E+00    0.4644557413E+00    0.8127975472E+00   -0.3349368852E+00    0.0000000000E+00    0.0000000000E+00    0.0000000000E+00    0.9999971529E+00    0.9999971529E+00    0.1000000000E+01
    5    0.9816666667E+01    0.4644557413E+00    0.8127975472E+00   -0.3306698710E+00    0.4644557413E+00    0.8127975472E+00   -0.3306698710E+00    0.0000000000E+00    0.0000000000E+00    0.0000000000E+00    0.9999971378E+00    0.9999971378E+00    0.1000000000E+01
    1    0.1007500000E+02    0.4644557413E+00    0.0000000000E+00    0.2452674854E+00    0.0000000000E+00    0.0000000000E+00    0.0000000000E+00    0.0000000000E+00    0.0000000000E+00    0.0000000000E+00    0.9999978962E+00    0.9999978962E+00    0.1000000000E+01
    2    0.1007500000E+02   -0.3483418059E+00    0.8127975472E+00    0.4133348959E+00   -0.3483418059E+00    0.8127975472E+00    0.4133348959E+00    0.0000000000E+00    0.0000000000E+00    0.0000000000E+00    0.9999941621E+00    0.9999941621E+00    0.1000000000E+01
    3    0.1007500000E+02   -0.3483418059E+00    0.0000000000E+00   -0.3042303245E+00    0.0000000000E+00    0.0000000000E+00    0.0000000000E+00    0.0000000000E+00    0.0000000000E+00    0.0000000000E+00    0.9999962999E+00    0.9999962999E+00    0.1000000000E+01
    4    0.1007500000E+02   -0.3483418059E+00    0.0000000000E+00   -0.4722012550E+00    0.0000000000E+00    0.0000000000E+00    0.0000000000E+00    0.0000000000E+00    0.0000000000E+00    0.0000000000E+00    0.9999963065E+00    0.9999963065E+00    0.1000000000E+01
    5    0.1007500000E+02    0.4644557413E+00    0.8127975472E+00   -0.3809533200E+00    0.4644557413E+00    0.8127975472E+00   -0.3809533200E+00    0.0000000000E+00    0.0000000000E+00    0.0000000000E+00    0.9999968034E+00    0.9999968034E+00    0.1000000000E+01
    6    0.1007500000E+02   -0.3483418059E+00    0.8127975472E+00    0.4150485906E+00   -0.3483418059E+00    0.8127975472E+00    0.4150485906E+00    0.0000000000E+00    0.0000000000E+00    0.0000000000E+00    0.9999941263E+00    0.9999941263E+00    0.1000000000E+01
    7    0.1007500000E+02    0.4644557413E+00    0.8127975472E+00   -0.3771221189E+00    0.4644557413E+00    0.8127975472E+00   -0.3771221189E+00    0.0000000000E+00    0.0000000000E+00    0.0000000000E+00    0.9999967589E+00    0.9999967589E+00    0.1000000000E+01
    1    0.1033333333E+02    0.4644557413E+00    0.0000000000E+00    0.2129508693E+00    0.0000000000E+00    0.0000000000E+00    0.0000000000E+00    0.0000000000E+00    0.0000000000E+00    0.0000000000E+00    0.9999977714E+00    0.9999977714E+00    0.1000000000E+01
    2    0.1033333333E+02   -0.3483418059E+00    0.8127975472E+00    0.3374893627E+00   -0.3483418059E+00    0.8127975472E+00    0.3374893627E+00    0.0000000000E+00    0.0000000000E+00    0.0000000000E+00    0.9999953452E+00    0.9999953452E+00    0.1000000000E+01
    3    0.1033333333E+02   -0.3483418059E+00    0.0000000000E+00   -0.3661563140E+00    0.0000000000E+00    0.0000000000E+00    0.0000000000E+00    0.0000000000E+00    0.0000000000E+00    0.0000000000E+00    0.9999950890E+00    0.9999950890E+00    0.1000000000E+01
    4    0.1033333333E+02   -0.3483418059E+00    0.0000000000E+00   -0.5366821953E+00    0.0000000000E+00    0.0000000000E+00    0.0000000000E+00    0.0000000000E+00    0.0000000000E+00    0.0000000000E+00    0.9999948204E+00    0.9999948204E+00    0.1000000000E+01
    5    0.1033333333E+02    0.4644557413E+00    0.8127975472E+00   -0.4331143735E+00    0.4644557413E+00    0.8127975472E+00   -0.4331143735E+00    0.0000000000E+00    0.0000000000E+00    0.0000000000E+00    0.9999961094E+00    0.9999961094E+00    0.1000000000E+01
    6    0.1033333333E+02   -0.3483418059E+00    0.8127975472E+00    0.3387954819E+00   -0.3483418059E+00    0.8127975472E+00    0.3387954819E+00    0.0000000000E+00    0.0000000000E+00    0.0000000000E+00    0.9999953210E+00    0.9999953210E+00    0.1000000000E+01
    7    0.1033333333E+02    0.4644557413E+00    0.8127975472E+00   -0.4303177141E+00    0.4644557413E+00    0.8127975472E+00   -0.4303177141E+00    0.0000000000E+00    0.0000000000E+00    0.0000000000E+00    0.9999960065E+00    0.9999960065E+00    0.1000000000E+01
    1    0.1059166667E+02    0.4644557413E+00    0.0000000000E+00    0.1795247337E+00    0.0000000000E+00    0.0000000000E+00    0.0000000000E+00    0.0000000000E+00    0.0000000000E+00    0.0000000000E+00    0.9999976338E+00    0.9999976338E+00    0.1000000000E+01
    2    0.1059166667E+02   -0.3483418059E+00    0.8127975472E+00    0.2708472680E+00   -0.3483418059E+00    0.8127975472E+00    0.2708472680E+00    0.0000000000E+00    0.0000000000E+00    0.0000000000E+00    0.9999953864E+00    0.9999953864E+00    0.1000000000E+01
    3    0.1059166667E+02    0.4644557413E+00    0.8127975472E+00   -0.5031013274E+00    0.4644557413E+00    0.8127975472E+00   -0.5031013274E+00    0.0000000000E+00    0.0000000000E+00    0.0000000000E+00    0.9999934194E+00    0.9999934194E+00    0.1000000000E+01
    4    0.1059166667E+02   -0.3483418059E+00    0.8127975472E+00    0.5084209681E+00   -0.3483418059E+00    0.8127975472E+00    0.5084209681E+00    0.0000000000E+00    0.0000000000E+00    0.0000000000E+00    0.9999919004E+00    0.9999919004E+00    0.1000000000E+01
    5    0.1059166667E+02   -0.3483418059E+00    0.8127975472E+00    0.2717794394E+00   -0.3483418059E+00    0.8127975472E+00    0.2717794394E+00    0.0000000000E+00    0.0000000000E+00    0.0000000000E+00    0.9999953542E+00    0.9999953542E+00    0.1000000000E+01
    6    0.1059166667E+02    0.4644557413E+00    0.8127975472E+00   -0.5031495476E+00    0.4644557413E+00    0.8127975472E+00   -0.5031495476E+00    0.0000000000E+00    0.0000000000E+00    0.0000000000E+00    0.9999930032E+00    0.9999930032E+00    0.1000000000E+01
    7    0.1059166667E+02   -0.3483418059E+00    0.8127975472E+00    0.5061682919E+00   -0.3483418059E+00    0.8127975472E+00    0.5061682919E+00    0.0000000000E+00    0.0000000000E+00    0.0000000000E+00    0.9999920980E+00    0.9999920980E+00    0.1000000000E+01
    1    0.1085000000E+02    0.4644557413E+00    0.0000000000E+00    0.1448429012E+00    0.0000000000E+00    0.0000000000E+00    0.0000000000E+00    0.0000000000E+00    0.0000000000E+00    0.0000000000E+00    0.9999974809E+00    0.9999974809E+00    0.1000000000E+01
    2    0.1085000000E+02   -0.3483418059E+00    0.8127975472E+00    0.2016151424E+00   -0.3483418059E+00    0.8127975472E+00    0.2016151424E+00    0.0000000000E+00    0.0000000000E+00    0.0000000000E+00    0.9999947089E+00    0.9999947089E+00    0.1000000000E+01
    3    0.1085000000E+02   -0.3483418059E+00    0.8127975472E+00    0.4268730167E+00   -0.3483418059E+00    0.8127975472E+00    0.4268730167E+00    0.0000000000E+00    0.0000000000E+00    0.0000000000E+00    0.9999952932E+00    0.9999952932E+00    0.1000000000E+01
    4    0.1085000000E+02   -0.3483418059E+00    0.8127975472E+00    0.2020462799E+00   -0.3483418059E+00    0.8127975472E+00    0.2020462799E+00    0.0000000000E+00    0.0000000000E+00    0.0000000000E+00    0.9999946613E+00    0.9999946613E+00    0.1000000000E+01
    5    0.1085000000E+02   -0.3483418059E+00    0.8127975472E+00    0.4253863570E+00   -0.3483418059E+00    0.8127975472E+00    0.4253863570E+00    0.0000000000E+00    0.0000000000E+00    0.0000000000E+00    0.9999953103E+00    0.9999953103E+00    0.1000000000E+01
    1    0.1110833333E+02   -0.3483418059E+00    0.8127975472E+00    0.3654708359E+00   -0.3483418059E+00    0.8127975472E+00    0.3654708359E+00    0.0000000000E+00    0.0000000000E+00    0.0000000000E+00    0.9999956967E+00    0.9999956967E+00    0.1000000000E+01
    2    0.1110833333E+02   -0.3483418059E+00    0.8127975472E+00    0.1138401813E+00   -0.3483418059E+00    0.8127975472E+00    0.1138401813E+00    0.0000000000E+00    0.0000000000E+00    0.0000000000E+00    0.9999918261E+00    0.9999918261E+00    0.1000000000E+01
    3    0.1110833333E+02    0.4644557413E+00    0.0000000000E+00    0.1087290928E+00    0.0000000000E+00    0.0000000000E+00    0.0000000000E+00    0.0000000000E+00    0.0000000000E+00    0.0000000000E+00    0.9999973093E+00    0.9999973093E+00    0.1000000000E+01
    4    0.1110833333E+02   -0.3483418059E+00    0.8127975472E+00    0.1132303934E+00   -0.3483418059E+00    0.8127975472E+00    0.1132303934E+00    0.0000000000E+00    0.0000000000E+00    0.0000000000E+00    0.9999916323E+00    0.9999916323E+00    0.1000000000E+01
    5    0.1110833333E+02   -0.3483418059E+00    0.8127975472E+00    0.3640911448E+00   -0.3483418059E+00    0.8127975472E+00    0.3640911448E+00    0.0000000000E+00    0.0000000000E+00    0.0000000000E+00    0.9999957510E+00    0.9999957510E+00    0.1000000000E+01
    1    0.1136666667E+02    0.4644557413E+00    0.0000000000E+00    0.7096456549E-01    0.0000000000E+00    0.0000000000E+00    0.0000000000E+00    0.0000000000E+00    0.0000000000E+00    0.0000000000E+00    0.9999971140E+00    0.9999971140E+00    0.1000000000E+01
    2    0.1136666667E+02   -0.3483418059E+00    0.8127975472E+00    0.3077917705E+00   -0.3483418059E+00    0.8127975472E+00    0.3077917705E+00    0.0000000000E+00    0.0000000000E+00    0.0000000000E+00    0.9999956962E+00    0.9999956962E+00    0.1000000000E+01
    3    0.1136666667E+02   -0.3483418059E+00    0.8127975472E+00    0.3064269069E+00   -0.3483418059E+00    0.8127975472E+00    0.3064269069E+00    0.0000000000E+00    0.0000000000E+00    0.0000000000E+00    0.9999956952E+00    0.9999956952E+00    0.1000000000E+01
    1    0.1162500000E+02   -0.3483418059E+00    0.0000000000E+00   -0.2656540208E+00    0.0000000000E+00    0.0000000000E+00    0.0000000000E+00    0.0000000000E+00    0.0000000000E+00    0.0000000000E+00    0.9999755252E+00    0.9999755252E+00    0.1000000000E+01
    2    0.1162500000E+02    0.4644557413E+00    0.0000000000E+00    0.3125873441E-01    0.0000000000E+00    0.0000000000E+00    0.0000000000E+00    0.0000000000E+00    0.0000000000E+00    0.0000000000E+00    0.9999968855E+00    0.9999968855E+00    0.1000000000E+01
    3    0.1162500000E+02   -0.3483418059E+00    0.8127975472E+00    0.2486834107E+00   -0.3483418059E+00    0.8127975472E+00    0.2486834107E+00    0.0000000000E+00    0.0000000000E+00    0.0000000000E+00    0.9999953203E+00    0.9999953203E+00    0.1000000000E+01
    4    0.1162500000E+02   -0.3483418059E+00    0.8127975472E+00    0.2472762264E+00   -0.3483418059E+00    0.8127975472E+00    0.2472762264E+00    0.0000000000E+00    0.0000000000E+00    0.0000000000E+00    0.9999953145E+00    0.9999953145E+00    0.1000000000E+01
    1    0.1188333333E+02   -0.3483418059E+00    0.0000000000E+00   -0.4649525376E+00    0.0000000000E+00    0.0000000000E+00    0.0000000000E+00    0.0000000000E+00    0.0000000000E+00    0.0000000000E+00    0.9999909614E+00    0.9999909614E+00    0.1000000000E+01
    2    0.1188333333E+02    0.4644557413E+00    0.0000000000E+00   -0.1053650552E-01    0.0000000000E+00    0.0000000000E+00    0.0000000000E+00    0.0000000000E+00    0.0000000000E+00    0.0000000000E+00    0.9999965816E+00    0.9999965816E+00    0.1000000000E+01
    3    0.1188333333E+02   -0.3483418059E+00    0.8127975472E+00    0.1828783639E+00   -0.3483418059E+00    0.8127975472E+00    0.1828783639E+00    0.0000000000E+00    0.0000000000E+00    0.0000000000E+00    0.9999943736E+00    0.9999943736E+00    0.1000000000E+01
    4    0.1188333333E+02   -0.3483418059E+00    0.8127975472E+00    0.1813363723E+00   -0.3483418059E+00    0.8127975472E+00    0.1813363723E+00    0.0000000000E+00    0.0000000000E+00    0.0000000000E+00    0.9999943562E+00    0.9999943562E+00    0.1000000000E+01
    1    0.1214166667E+02   -0.3483418059E+00    0.0000000000E+00   -0.5623225964E+00    0.0000000000E+00    0.0000000000E+00    0.0000000000E+00    0.0000000000E+00    0.0000000000E+00    0.0000000000E+00    0.9999928085E+00    0.9999928085E+00    0.1000000000E+01
    2    0.1214166667E+02    0.4644557413E+00    0.0000000000E+00   -0.5544393963E-01    0.0000000000E+00    0.0000000000E+00    0.0000000000E+00    0.0000000000E+00    0.0000000000E+00    0.0000000000E+00    0.9999962957E+00    0.9999962957E+00    0.1000000000E+01
    3    0.1214166667E+02    0.4644557413E+00    0.8127975472E+00    0.3436232661E+00    0.4644557413E+00    0.8127975472E+00    0.3436232661E+00    0.0000000000E+00    0.0000000000E+00    0.0000000000E+00    0.9999782559E+00    0.9999782559E+00    0.1000000000E+01
    4    0.1214166667E+02   -0.3483418059E+00    0.8127975472E+00    0.9483828162E-01   -0.3483418059E+00    0.8127975472E+00    0.9483828162E-01    0.0000000000E+00    0.0000000000E+00    0.0000000000E+00    0.9999905364E+00    0.9999905364E+00    0.1000000000E+01
    5    0.1214166667E+02    0.4644557413E+00    0.8127975472E+00    0.3040889221E+00    0.4644557413E+00    0.8127975472E+00    0.3040889221E+00    0.0000000000E+00    0.0000000000E+00    0.0000000000E+00    0.9999704202E+00    0.9999704202E+00    0.1000000000E+01
    6    0.1214166667E+02   -0.3483418059E+00    0.8127975472E+00    0.9267125324E-01   -0.3483418059E+00    0.8127975472E+00    0.9267125324E-01    0.0000000000E+00    0.0000000000E+00    0.0000000000E+00    0.9999903907E+00    0.9999903907E+00    0.1000000000E+01
    1    0.1240000000E+02   -0.3483418059E+00    0.0000000000E+00    0.4973491184E+00    0.0000000000E+00    0.0000000000E+00    0.0000000000E+00    0.0000000000E+00    0.0000000000E+00    0.0000000000E+00    0.9999922176E+00    0.9999922176E+00    0.1000000000E+01
    2    0.1240000000E+02    0.4644557413E+00    0.0000000000E+00   -0.1039508530E+00    0.0000000000E+00    0.0000000000E+00    0.0000000000E+00    0.0000000000E+00    0.0000000000E+00    0.0000000000E+00    0.9999958656E+00    0.9999958656E+00    0.1000000000E+01
    1    0.1265833333E+02   -0.3483418059E+00    0.0000000000E+00    0.3846796520E+00    0.0000000000E+00    0.0000000000E+00    0.0000000000E+00    0.0000000000E+00    0.0000000000E+00    0.0000000000E+00    0.9999882094E+00    0.9999882094E+00    0.1000000000E+01
    2    0.1265833333E+02    0.4644557413E+00    0.0000000000E+00   -0.1578543632E+00    0.0000000000E+00    0.0000000000E+00    0.0000000000E+00    0.0000000000E+00    0.0000000000E+00    0.0000000000E+00    0.9999952100E+00    0.9999952100E+00    0.1000000000E+01
    1    0.1291666667E+02    0.4644557413E+00    0.0000000000E+00   -0.2217081012E+00    0.0000000000E+00    0.0000000000E+00    0.0000000000E+00    0.0000000000E+00    0.0000000000E+00    0.0000000000E+00    0.9999938631E+00    0.9999938631E+00    0.1000000000E+01
    1    0.1317500000E+02    0.4644557413E+00    0.0000000000E+00   -0.3131407757E+00    0.0000000000E+00    0.0000000000E+00    0.0000000000E+00    0.0000000000E+00    0.0000000000E+00    0.0000000000E+00    0.9999896802E+00    0.9999896802E+00    0.1000000000E+01
    1    0.1343333333E+02   -0.3483418059E+00    0.8127975472E+00   -0.1120063203E+00   -0.3483418059E+00    0.8127975472E+00   -0.1120063203E+00    0.0000000000E+00    0.0000000000E+00    0.0000000000E+00    0.9999753251E+00    0.9999753251E+00    0.1000000000E+01
    2    0.1343333333E+02    0.4644557413E+00    0.0000000000E+00   -0.1796822854E+00    0.4644557413E+00    0.0000000000E+00    0.9697870296E+00    0.7758525223E+00   -0.1162485634E-14   -0.1056014418E+01    0.9999708398E+00    0.9999708398E+00    0.1000000000E+01
    3    0.1343333333E+02   -0.3483418059E+00    0.8127975472E+00   -0.4238231524E+00   -0.3483418059E+00    0.8127975472E+00   -0.4238231524E+00    0.0000000000E+00    0.0000000000E+00    0.0000000000E+00    0.9999313722E+00    0.9999313722E+00    0.1000000000E+01
    4    0.1343333333E+02    0.4644557413E+00    0.0000000000E+00   -0.4510212332E+00    0.0000000000E+00    0.0000000000E+00    0.0000000000E+00    0.0000000000E+00    0.0000000000E+00    0.0000000000E+00    0.9999880794E+00    0.9999880794E+00    0.1000000000E+01
    5    0.1343333333E+02   -0.3483418059E+00    0.8127975472E+00   -0.1263024780E+00   -0.3483418059E+00    0.8127975472E+00   -0.1263024780E+00    0.0000000000E+00    0.0000000000E+00    0.0000000000E+00    0.9999731430E+00    0.9999731430E+00    0.1000000000E+01
    6    0.1343333333E+02   -0.3483418059E+00    0.8127975472E+00   -0.4635506346E+00   -0.3483418059E+00    0.8127975472E+00   -0.4635506346E+00    0.0000000000E+00    0.0000000000E+00    0.0000000000E+00    0.9999125308E+00    0.9999125308E+00    0.1000000000E+01
    7    0.1343333333E+02    0.4644557413E+00    0.0000000000E+00   -0.3874039506E+00    0.0000000000E+00    0.0000000000E+00    0.0000000000E+00    0.0000000000E+00    0.0000000000E+00    0.0000000000E+00    0.9999811719E+00    0.9999811719E+00    0.1000000000E+01
    1    0.1369166667E+02    0.4644557413E+00    0.0000000000E+00   -0.3308413760E+00    0.0000000000E+00    0.0000000000E+00    0.0000000000E+00    0.0000000000E+00    0.0000000000E+00    0.0000000000E+00    0.9999913162E+00    0.9999913162E+00    0.1000000000E+01
    2    0.1369166667E+02    0.4644557413E+00    0.0000000000E+00   -0.5706133932E+00    0.0000000000E+00    0.0000000000E+00    0.0000000000E+00    0.0000000000E+00    0.0000000000E+00    0.0000000000E+00    0.9999849690E+00    0.9999849690E+00    0.1000000000E+01
    3    0.1369166667E+02   -0.3483418059E+00    0.0000000000E+00   -0.1952721290E+00    0.0000000000E+00    0.0000000000E+00    0.0000000000E+00    0.0000000000E+00    0.0000000000E+00    0.0000000000E+00    0.9999823656E+00    0.9999823656E+00    0.1000000000E+01
    4    0.1369166667E+02    0.4644557413E+00    0.0000000000E+00   -0.5390704293E+00    0.0000000000E+00    0.0000000000E+00    0.0000000000E+00    0.0000000000E+00    0.0000000000E+00    0.0000000000E+00    0.9999893257E+00    0.9999893257E+00    0.1000000000E+01
    1    0.1395000000E+02    0.4644557413E+00    0.0000000000E+00    0.4848995150E+00    0.0000000000E+00    0.0000000000E+00    0.0000000000E+00    0.0000000000E+00    0.0000000000E+00    0.0000000000E+00    0.9999916578E+00    0.9999916578E+00    0.1000000000E+01
    2    0.1395000000E+02    0.4644557413E+00    0.0000000000E+00   -0.4230369323E+00    0.0000000000E+00    0.0000000000E+00    0.0000000000E+00    0.0000000000E+00    0.0000000000E+00    0.0000000000E+00    0.9999916243E+00    0.9999916243E+00    0.1000000000E+01
    3    0.1395000000E+02    0.4644557413E+00    0.8127975472E+00   -0.3091874515E+00    0.4644557413E+00    0.8127975472E+00   -0.3091874515E+00    0.0000000000E+00    0.0000000000E+00    0.0000000000E+00    0.9999794950E+00    0.9999794950E+00    0.1000000000E+01
    4    0.1395000000E+02   -0.3483418059E+00    0.0000000000E+00   -0.7929511075E-01    0.0000000000E+00    0.0000000000E+00    0.0000000000E+00    0.0000000000E+00    0.0000000000E+00    0.0000000000E+00    0.9999358645E+00    0.9999358645E+00    0.1000000000E+01
    5    0.1395000000E+02    0.4644557413E+00    0.0000000000E+00    0.5041064043E+00    0.0000000000E+00    0.0000000000E+00    0.0000000000E+00    0.0000000000E+00    0.0000000000E+00    0.0000000000E+00    0.9999909987E+00    0.9999909987E+00    0.1000000000E+01
    6    0.1395000000E+02   -0.3483418059E+00    0.0000000000E+00   -0.3713766987E+00   -0.3483418059E+00    0.0000000000E+00    0.7780926164E+00   -0.8468611896E+00    0.1149656878E-12   -0.1108038020E+01    0.9999818514E+00    0.9999818514E+00    0.1000000000E+01
    7    0.1395000000E+02    0.4644557413E+00    0.8127975472E+00   -0.3092985842E+00    0.4644557413E+00    0.8127975472E+00   -0.3092985842E+00    0.0000000000E+00    0.0000000000E+00    0.0000000000E+00    0.9999784826E+00    0.9999784826E+00    0.1000000000E+01
    1    0.1420833333E+02   -0.3483418059E+00    0.0000000000E+00    0.1465369940E+00    0.0000000000E+00    0.0000000000E+00    0.0000000000E+00    0.0000000000E+00    0.0000000000E+00    0.0000000000E+00    0.9996907694E+00    0.9996907694E+00    0.1000000000E+01
    2    0.1420833333E+02   -0.3483418059E+00    0.0000000000E+00   -0.3142377371E+00    0.0000000000E+00    0.0000000000E+00    0.0000000000E+00    0.0000000000E+00    0.0000000000E+00    0.0000000000E+00    0.9997878452E+00    0.9997878452E+00    0.1000000000E+01
    3    0.1420833333E+02   -0.3483418059E+00    0.0000000000E+00   -0.4281134584E+00    0.0000000000E+00    0.0000000000E+00    0.0000000000E+00    0.0000000000E+00    0.0000000000E+00    0.0000000000E+00    0.9998843835E+00    0.9998843835E+00    0.1000000000E+01
    4    0.1420833333E+02    0.4644557413E+00    0.0000000000E+00    0.3944876538E+00    0.4644557413E+00    0.0000000000E+00    0.3944876538E+00   -0.1374039426E+00    0.5855706577E-15   -0.9467863836E+00    0.9999915742E+00    0.9999915742E+00    0.1000000000E+01
    5    0.1420833333E+02    0.4644557413E+00    0.0000000000E+00   -0.5174724778E+00    0.0000000000E+00    0.0000000000E+00    0.0000000000E+00    0.0000000000E+00    0.0000000000E+00    0.0000000000E+00    0.9999906311E+00    0.9999906311E+00    0.1000000000E+01
    6    0.1420833333E+02    0.4644557413E+00    0.0000000000E+00    0.4084065049E+00    0.0000000000E+00    0.0000000000E+00    0.0000000000E+00    0.0000000000E+00    0.0000000000E+00    0.0000000000E+00    0.9999911284E+00    0.9999911284E+00    0.1000000000E+01
    1    0.1446666667E+02    0.4644557413E+00    0.0000000000E+00    0.5227029444E+00    0.0000000000E+00    0.0000000000E+00    0.0000000000E+00    0.0000000000E+00    0.0000000000E+00    0.0000000000E+00    0.9999885445E+00    0.9999885445E+00    0.1000000000E+01
    2    0.1446666667E+02    0.4644557413E+00    0.0000000000E+00    0.2995294913E+00    0.0000000000E+00    0.0000000000E+00    0.0000000000E+00    0.0000000000E+00    0.0000000000E+00    0.0000000000E+00    0.9999903142E+00    0.9999903142E+00    0.1000000000E+01
    3    0.1446666667E+02    0.4644557413E+00    0.0000000000E+00    0.3095325497E+00    0.0000000000E+00    0.0000000000E+00    0.0000000000E+00    0.0000000000E+00    0.0000000000E+00    0.0000000000E+00    0.9999899979E+00    0.9999899979E+00    0.1000000000E+01
    1    0.1472500000E+02    0.4644557413E+00    0.0000000000E+00    0.3818362079E+00    0.0000000000E+00    0.0000000000E+00    0.0000000000E+00    0.0000000000E+00    0.0000000000E+00    0.0000000000E+00    0.9999837673E+00    0.9999837673E+00    0.1000000000E+01
    2    0.1472500000E+02    0.4644557413E+00    0.0000000000E+00    0.1807470776E+00    0.0000000000E+00    0.0000000000E+00    0.0000000000E+00    0.0000000000E+00    0.0000000000E+00    0.0000000000E+00    0.9999856381E+00    0.9999856381E+00    0.1000000000E+01
    3    0.1472500000E+02    0.4644557413E+00    0.0000000000E+00    0.1869523872E+00    0.0000000000E+00    0.0000000000E+00    0.0000000000E+00    0.0000000000E+00    0.0000000000E+00    0.0000000000E+00    0.9999852663E+00    0.9999852663E+00    0.1000000000E+01
    1    0.1498333333E+02    0.4644557413E+00    0.0000000000E+00    0.1261065959E+00    0.0000000000E+00    0.0000000000E+00    0.0000000000E+00    0.0000000000E+00    0.0000000000E+00    0.0000000000E+00    0.9999488118E+00    0.9999488118E+00    0.1000000000E+01
