    1    0.1033333333E+01   -0.4644557413E+00   -0.4644557413E+00   -0.6003871631E-01    0.0000000000E+00    0.0000000000E+00    0.0000000000E+00    0.0000000000E+00    0.0000000000E+00    0.0000000000E+00    0.9999994124E+00    0.9999994124E+00    0.1000000000E+01
    1    0.1291666667E+01   -0.4644557413E+00   -0.4644557413E+00   -0.1820351216E+00    0.0000000000E+00    0.0000000000E+00    0.0000000000E+00    0.0000000000E+00    0.0000000000E+00    0.0000000000E+00    0.9999994079E+00    0.9999994079E+00    0.1000000000E+01
    2    0.1291666667E+01   -0.4644557413E+00   -0.4644557413E+00   -0.1163531053E+00    0.0000000000E+00    0.0000000000E+00    0.0000000000E+00    0.0000000000E+00    0.0000000000E+00    0.0000000000E+00    0.9999995566E+00    0.9999995566E+00    0.1000000000E+01
    1    0.1550000000E+01   -0.4644557413E+00   -0.4644557413E+00   -0.2366187026E+00    0.0000000000E+00    0.0000000000E+00    0.0000000000E+00    0.0000000000E+00    0.0000000000E+00    0.0000000000E+00    0.9999994910E+00    0.9999994910E+00    0.1000000000E+01
    2    0.1550000000E+01   -0.4644557413E+00   -0.4644557413E+00   -0.1622336279E+00    0.0000000000E+00    0.0000000000E+00    0.0000000000E+00    0.0000000000E+00    0.0000000000E+00    0.0000000000E+00    0.9999995404E+00    0.9999995404E+00    0.1000000000E+01
    1    0.1808333333E+01   -0.4644557413E+00   -0.4644557413E+00   -0.2819036891E+00    0.0000000000E+00    0.0000000000E+00    0.0000000000E+00    0.0000000000E+00    0.0000000000E+00    0.0000000000E+00    0.9999994706E+00    0.9999994706E+00    0.1000000000E+01
    2    0.1808333333E+01   -0.4644557413E+00   -0.4644557413E+00   -0.2044088208E+00    0.0000000000E+00    0.0000000000E+00    0.0000000000E+00    0.0000000000E+00    0.0000000000E+00    0.0000000000E+00    0.9999994949E+00    0.9999994949E+00    0.1000000000E+01
    1    0.2066666667E+01   -0.4644557413E+00   -0.4644557413E+00   -0.2118174211E-01    0.0000000000E+00    0.0000000000E+00    0.0000000000E+00    0.0000000000E+00    0.0000000000E+00    0.0000000000E+00    0.9999985310E+00    0.9999985310E+00    0.1000000000E+01
    2    0.2066666667E+01   -0.4644557413E+00   -0.4644557413E+00   -0.2454266659E+00    0.0000000000E+00    0.0000000000E+00    0.0000000000E+00    0.0000000000E+00    0.0000000000E+00    0.0000000000E+00    0.9999994333E+00    0.9999994333E+00    0.1000000000E+01
    3    0.2066666667E+01   -0.4644557413E+00   -0.4644557413E+00   -0.3241630500E+00    0.0000000000E+00    0.0000000000E+00    0.0000000000E+00    0.0000000000E+00    0.0000000000E+00    0.0000000000E+00    0.9999994386E+00    0.9999994386E+00    0.1000000000E+01
    1    0.2325000000E+01   -0.4644557413E+00   -0.4644557413E+00   -0.7543706817E-01    0.0000000000E+00    0.0000000000E+00    0.0000000000E+00    0.0000000000E+00    0.0000000000E+00    0.0000000000E+00    0.9999993455E+00    0.9999993455E+00    0.1000000000E+01
    2    0.2325000000E+01   -0.4644557413E+00   -0.4644557413E+00   -0.2864675441E+00    0.0000000000E+00    0.0000000000E+00    0.0000000000E+00    0.0000000000E+00    0.0000000000E+00    0.0000000000E+00    0.9999993577E+00    0.9999993577E+00    0.1000000000E+01
    3    0.2325000000E+01   -0.4644557413E+00   -0.4644557413E+00   -0.3654521273E+00    0.0000000000E+00    0.0000000000E+00    0.0000000000E+00    0.0000000000E+00    0.0000000000E+00    0.0000000000E+00    0.9999993955E+00    0.9999993955E+00    0.1000000000E+01
    1    0.2583333333E+01   -0.4644557413E+00   -0.4644557413E+00   -0.1114769733E+00    0.0000000000E+00    0.0000000000E+00    0.0000000000E+00    0.0000000000E+00    0.0000000000E+00    0.0000000000E+00    0.9999993873E+00    0.9999993873E+00    0.1000000000E+01
    2    0.2583333333E+01   -0.4644557413E+00   -0.4644557413E+00   -0.3283685531E+00    0.0000000000E+00    0.0000000000E+00    0.0000000000E+00    0.0000000000E+00    0.0000000000E+00    0.0000000000E+00    0.9999992676E+00    0.9999992676E+00    0.1000000000E+01
    3    0.2583333333E+01   -0.4644557413E+00   -0.4644557413E+00   -0.4068840813E+00    0.0000000000E+00    0.0000000000E+00    0.0000000000E+00    0.0000000000E+00    0.0000000000E+00    0.0000000000E+00    0.9999993198E+00    0.9999993198E+00    0.1000000000E+01
    1    0.2841666667E+01   -0.4644557413E+00   -0.4644557413E+00   -0.1433312787E+00    0.0000000000E+00    0.0000000000E+00    0.0000000000E+00    0.0000000000E+00    0.0000000000E+00    0.0000000000E+00    0.9999993892E+00    0.9999993892E+00    0.1000000000E+01
    2    0.2841666667E+01   -0.4644557413E+00   -0.4644557413E+00   -0.4493198587E+00    0.0000000000E+00    0.0000000000E+00    0.0000000000E+00    0.0000000000E+00    0.0000000000E+00    0.0000000000E+00    0.9999992171E+00    0.9999992171E+00    0.1000000000E+01
    3    0.2841666667E+01   -0.4644557413E+00   -0.4644557413E+00   -0.3719418925E+00    0.0000000000E+00    0.0000000000E+00    0.0000000000E+00    0.0000000000E+00    0.0000000000E+00    0.0000000000E+00    0.9999991562E+00    0.9999991562E+00    0.1000000000E+01
    1    0.3100000000E+01   -0.4644557413E+00   -0.4644557413E+00   -0.1731229435E+00    0.0000000000E+00    0.0000000000E+00    0.0000000000E+00    0.0000000000E+00    0.0000000000E+00    0.0000000000E+00    0.9999994067E+00    0.9999994067E+00    0.1000000000E+01
    2    0.3100000000E+01   -0.4644557413E+00   -0.4644557413E+00   -0.4936550163E+00    0.0000000000E+00    0.0000000000E+00    0.0000000000E+00    0.0000000000E+00    0.0000000000E+00    0.0000000000E+00    0.9999990572E+00    0.9999990572E+00    0.1000000000E+01
    3    0.3100000000E+01   -0.4644557413E+00   -0.4644557413E+00   -0.4181859237E+00    0.0000000000E+00    0.0000000000E+00    0.0000000000E+00    0.0000000000E+00    0.0000000000E+00    0.0000000000E+00    0.9999990137E+00    0.9999990137E+00    0.1000000000E+01
    1    0.3358333333E+01   -0.4644557413E+00   -0.4644557413E+00   -0.2016610464E+00    0.0000000000E+00    0.0000000000E+00    0.0000000000E+00    0.0000000000E+00    0.0000000000E+00    0.0000000000E+00    0.9999993697E+00    0.9999993697E+00    0.1000000000E+01
    2    0.3358333333E+01    0.3483418059E+00   -0.4644557413E+00    0.2564943987E+00    0.0000000000E+00    0.0000000000E+00    0.0000000000E+00    0.0000000000E+00    0.0000000000E+00    0.0000000000E+00    0.9999966354E+00    0.9999966354E+00    0.1000000000E+01
    3    0.3358333333E+01   -0.4644557413E+00    0.3483418059E+00    0.2565807926E+00    0.0000000000E+00    0.0000000000E+00    0.0000000000E+00    0.0000000000E+00    0.0000000000E+00    0.0000000000E+00    0.9999966716E+00    0.9999966716E+00    0.1000000000E+01
    4    0.3358333333E+01   -0.4644557413E+00   -0.4644557413E+00   -0.4685788051E+00    0.0000000000E+00    0.0000000000E+00    0.0000000000E+00    0.0000000000E+00    0.0000000000E+00    0.0000000000E+00    0.9999988178E+00    0.9999988178E+00    0.1000000000E+01
    5    0.3358333333E+01   -0.4644557413E+00   -0.4644557413E+00   -0.5411073227E+00    0.0000000000E+00    0.0000000000E+00    0.0000000000E+00    0.0000000000E+00    0.0000000000E+00    0.0000000000E+00    0.9999989030E+00    0.9999989030E+00    0.1000000000E+01
    6    0.3358333333E+01    0.3483418059E+00   -0.4644557413E+00    0.5075047116E+00    0.0000000000E+00    0.0000000000E+00    0.0000000000E+00    0.0000000000E+00    0.0000000000E+00    0.0000000000E+00    0.9999945426E+00    0.9999945426E+00    0.1000000000E+01
    7    0.3358333333E+01   -0.4644557413E+00    0.3483418059E+00    0.5119515280E+00    0.0000000000E+00    0.0000000000E+00    0.0000000000E+00    0.0000000000E+00    0.0000000000E+00    0.0000000000E+00    0.9999942479E+00    0.9999942479E+00    0.1000000000E+01
    1    0.3616666667E+01   -0.4644557413E+00   -0.4644557413E+00   -0.2293583309E+00    0.0000000000E+00    0.0000000000E+00    0.0000000000E+00    0.0000000000E+00    0.0000000000E+00    0.0000000000E+00    0.9999993201E+00    0.9999993201E+00    0.1000000000E+01
    2    0.3616666667E+01    0.3483418059E+00   -0.4644557413E+00    0.8662007997E-01    0.0000000000E+00    0.0000000000E+00    0.0000000000E+00    0.0000000000E+00    0.0000000000E+00    0.0000000000E+00    0.9999938906E+00    0.9999938906E+00    0.1000000000E+01
    3    0.3616666667E+01   -0.4644557413E+00    0.3483418059E+00    0.9444180240E-01    0.0000000000E+00    0.0000000000E+00    0.0000000000E+00    0.0000000000E+00    0.0000000000E+00    0.0000000000E+00    0.9999942216E+00    0.9999942216E+00    0.1000000000E+01
    4    0.3616666667E+01   -0.4644557413E+00   -0.4644557413E+00   -0.5261576338E+00    0.0000000000E+00    0.0000000000E+00    0.0000000000E+00    0.0000000000E+00    0.0000000000E+00    0.0000000000E+00    0.9999984486E+00    0.9999984486E+00    0.1000000000E+01
    5    0.3616666667E+01    0.3483418059E+00   -0.4644557413E+00    0.4007679543E+00    0.0000000000E+00    0.0000000000E+00    0.0000000000E+00    0.0000000000E+00    0.0000000000E+00    0.0000000000E+00    0.9999977867E+00    0.9999977867E+00    0.1000000000E+01
    6    0.3616666667E+01   -0.4644557413E+00    0.3483418059E+00    0.3961451356E+00    0.0000000000E+00    0.0000000000E+00    0.0000000000E+00    0.0000000000E+00    0.0000000000E+00    0.0000000000E+00    0.9999979116E+00    0.9999979116E+00    0.1000000000E+01
    7    0.3616666667E+01    0.3483418059E+00   -0.4644557413E+00    0.3723695815E+00    0.0000000000E+00    0.0000000000E+00    0.0000000000E+00    0.0000000000E+00    0.0000000000E+00    0.0000000000E+00    0.9999972285E+00    0.9999972285E+00    0.1000000000E+01
    8    0.3616666667E+01   -0.4644557413E+00    0.3483418059E+00    0.3734388364E+00    0.0000000000E+00    0.0000000000E+00    0.0000000000E+00    0.0000000000E+00    0.0000000000E+00    0.0000000000E+00    0.9999976100E+00    0.9999976100E+00    0.1000000000E+01
    9    0.3616666667E+01   -0.4644557413E+00   -0.4644557413E+00    0.5562265780E+00    0.0000000000E+00    0.0000000000E+00    0.0000000000E+00    0.0000000000E+00    0.0000000000E+00    0.0000000000E+00    0.9999986064E+00    0.9999986064E+00    0.1000000000E+01
   10    0.3616666667E+01    0.3483418059E+00   -0.4644557413E+00    0.5575966036E+00    0.0000000000E+00    0.0000000000E+00    0.0000000000E+00    0.0000000000E+00    0.0000000000E+00    0.0000000000E+00    0.9999982246E+00    0.9999982246E+00    0.1000000000E+01
   11    0.3616666667E+01   -0.4644557413E+00    0.3483418059E+00    0.5582608339E+00    0.0000000000E+00    0.0000000000E+00    0.0000000000E+00    0.0000000000E+00    0.0000000000E+00    0.0000000000E+00    0.9999981260E+00    0.9999981260E+00    0.1000000000E+01
    1    0.3875000000E+01   -0.4644557413E+00   -0.4644557413E+00   -0.2564625888E+00    0.0000000000E+00    0.0000000000E+00    0.0000000000E+00    0.0000000000E+00    0.0000000000E+00    0.0000000000E+00    0.9999992798E+00    0.9999992798E+00    0.1000000000E+01
    2    0.3875000000E+01   -0.4644557413E+00   -0.4644557413E+00    0.5572814987E+00    0.0000000000E+00    0.0000000000E+00    0.0000000000E+00    0.0000000000E+00    0.0000000000E+00    0.0000000000E+00    0.9999979318E+00    0.9999979318E+00    0.1000000000E+01
    3    0.3875000000E+01    0.3483418059E+00   -0.4644557413E+00    0.3256771901E+00    0.0000000000E+00    0.0000000000E+00    0.0000000000E+00    0.0000000000E+00    0.0000000000E+00    0.0000000000E+00    0.9999983731E+00    0.9999983731E+00    0.1000000000E+01
    4    0.3875000000E+01   -0.4644557413E+00    0.3483418059E+00    0.3219107215E+00    0.0000000000E+00    0.0000000000E+00    0.0000000000E+00    0.0000000000E+00    0.0000000000E+00    0.0000000000E+00    0.9999983538E+00    0.9999983538E+00    0.1000000000E+01
    5    0.3875000000E+01    0.3483418059E+00   -0.4644557413E+00    0.2755291344E+00    0.0000000000E+00    0.0000000000E+00    0.0000000000E+00    0.0000000000E+00    0.0000000000E+00    0.0000000000E+00    0.9999975711E+00    0.9999975711E+00    0.1000000000E+01
    6    0.3875000000E+01   -0.4644557413E+00    0.3483418059E+00    0.2772209839E+00    0.0000000000E+00    0.0000000000E+00    0.0000000000E+00    0.0000000000E+00    0.0000000000E+00    0.0000000000E+00    0.9999975702E+00    0.9999975702E+00    0.1000000000E+01
    7    0.3875000000E+01   -0.4644557413E+00   -0.4644557413E+00    0.4973613633E+00    0.0000000000E+00    0.0000000000E+00    0.0000000000E+00    0.0000000000E+00    0.0000000000E+00    0.0000000000E+00    0.9999983508E+00    0.9999983508E+00    0.1000000000E+01
    8    0.3875000000E+01   -0.4644557413E+00    0.3483418059E+00    0.4939969559E+00    0.0000000000E+00    0.0000000000E+00    0.0000000000E+00    0.0000000000E+00    0.0000000000E+00    0.0000000000E+00    0.9999985310E+00    0.9999985310E+00    0.1000000000E+01
    9    0.3875000000E+01    0.3483418059E+00   -0.4644557413E+00    0.4924391616E+00    0.0000000000E+00    0.0000000000E+00    0.0000000000E+00    0.0000000000E+00    0.0000000000E+00    0.0000000000E+00    0.9999984681E+00    0.9999984681E+00    0.1000000000E+01
    1    0.4133333333E+01   -0.4644557413E+00   -0.4644557413E+00   -0.2831407723E+00    0.0000000000E+00    0.0000000000E+00    0.0000000000E+00    0.0000000000E+00    0.0000000000E+00    0.0000000000E+00    0.9999992115E+00    0.9999992115E+00    0.1000000000E+01
    2    0.4133333333E+01   -0.4644557413E+00   -0.4644557413E+00    0.4635363547E+00    0.0000000000E+00    0.0000000000E+00    0.0000000000E+00    0.0000000000E+00    0.0000000000E+00    0.0000000000E+00    0.9999968256E+00    0.9999968256E+00    0.1000000000E+01
    3    0.4133333333E+01   -0.4644557413E+00   -0.4644557413E+00    0.4229216162E+00    0.0000000000E+00    0.0000000000E+00    0.0000000000E+00    0.0000000000E+00    0.0000000000E+00    0.0000000000E+00    0.9999977132E+00    0.9999977132E+00    0.1000000000E+01
    4    0.4133333333E+01    0.3483418059E+00   -0.4644557413E+00    0.4384891777E+00    0.0000000000E+00    0.0000000000E+00    0.0000000000E+00    0.0000000000E+00    0.0000000000E+00    0.0000000000E+00    0.9999984678E+00    0.9999984678E+00    0.1000000000E+01
    5    0.4133333333E+01   -0.4644557413E+00    0.3483418059E+00    0.4398708232E+00    0.0000000000E+00    0.0000000000E+00    0.0000000000E+00    0.0000000000E+00    0.0000000000E+00    0.0000000000E+00    0.9999985022E+00    0.9999985022E+00    0.1000000000E+01
    6    0.4133333333E+01    0.3483418059E+00   -0.4644557413E+00    0.2665695564E+00    0.0000000000E+00    0.0000000000E+00    0.0000000000E+00    0.0000000000E+00    0.0000000000E+00    0.0000000000E+00    0.9999985081E+00    0.9999985081E+00    0.1000000000E+01
    7    0.4133333333E+01   -0.4644557413E+00    0.3483418059E+00    0.2631947175E+00    0.0000000000E+00    0.0000000000E+00    0.0000000000E+00    0.0000000000E+00    0.0000000000E+00    0.0000000000E+00    0.9999985181E+00    0.9999985181E+00    0.1000000000E+01
    8    0.4133333333E+01    0.3483418059E+00   -0.4644557413E+00    0.1703061125E+00    0.0000000000E+00    0.0000000000E+00    0.0000000000E+00    0.0000000000E+00    0.0000000000E+00    0.0000000000E+00    0.9999967786E+00    0.9999967786E+00    0.1000000000E+01
    9    0.4133333333E+01   -0.4644557413E+00    0.3483418059E+00    0.1740539142E+00    0.0000000000E+00    0.0000000000E+00    0.0000000000E+00    0.0000000000E+00    0.0000000000E+00    0.0000000000E+00    0.9999968361E+00    0.9999968361E+00    0.1000000000E+01
    1    0.4391666667E+01   -0.4644557413E+00   -0.4644557413E+00   -0.3097693486E+00    0.0000000000E+00    0.0000000000E+00    0.0000000000E+00    0.0000000000E+00    0.0000000000E+00    0.0000000000E+00    0.1671886124E-04    0.1671886124E-04    0.1000000000E+01
    2    0.4391666667E+01    0.3483418059E+00    0.3483418059E+00   -0.7636021609E-01    0.0000000000E+00    0.0000000000E+00    0.0000000000E+00    0.0000000000E+00    0.0000000000E+00    0.0000000000E+00    0.9999953617E+00    0.9999953617E+00    0.1000000000E+01
    3    0.4391666667E+01    0.3483418059E+00    0.3483418059E+00   -0.9893075570E-01    0.0000000000E+00    0.0000000000E+00    0.0000000000E+00    0.0000000000E+00    0.0000000000E+00    0.0000000000E+00    0.9999934336E+00    0.9999934336E+00    0.1000000000E+01
    4    0.4391666667E+01   -0.4644557413E+00    0.3483418059E+00    0.3902713894E+00    0.0000000000E+00    0.0000000000E+00    0.0000000000E+00    0.0000000000E+00    0.0000000000E+00    0.0000000000E+00    0.9999986023E+00    0.9999986023E+00    0.1000000000E+01
    5    0.4391666667E+01    0.3483418059E+00   -0.4644557413E+00    0.3893463510E+00    0.0000000000E+00    0.0000000000E+00    0.0000000000E+00    0.0000000000E+00    0.0000000000E+00    0.0000000000E+00    0.9999986050E+00    0.9999986050E+00    0.1000000000E+01
    6    0.4391666667E+01   -0.4644557413E+00   -0.4644557413E+00    0.3097693592E+00    0.0000000000E+00    0.0000000000E+00    0.0000000000E+00    0.0000000000E+00    0.0000000000E+00    0.0000000000E+00    0.3563209013E-06    0.3563209013E-06    0.1000000000E+01
    7    0.4391666667E+01   -0.4644557413E+00   -0.4644557413E+00    0.2697446174E+00    0.0000000000E+00    0.0000000000E+00    0.0000000000E+00    0.0000000000E+00    0.0000000000E+00    0.0000000000E+00    0.9999720265E+00    0.9999720265E+00    0.1000000000E+01
    8    0.4391666667E+01    0.3483418059E+00   -0.4644557413E+00    0.2141503307E+00    0.0000000000E+00    0.0000000000E+00    0.0000000000E+00    0.0000000000E+00    0.0000000000E+00    0.0000000000E+00    0.9999985502E+00    0.9999985502E+00    0.1000000000E+01
    9    0.4391666667E+01   -0.4644557413E+00    0.3483418059E+00    0.2113041581E+00    0.0000000000E+00    0.0000000000E+00    0.0000000000E+00    0.0000000000E+00    0.0000000000E+00    0.0000000000E+00    0.9999985556E+00    0.9999985556E+00    0.1000000000E+01
    1    0.4650000000E+01    0.3483418059E+00    0.3483418059E+00   -0.3173694144E+00    0.0000000000E+00    0.0000000000E+00    0.0000000000E+00    0.0000000000E+00    0.0000000000E+00    0.0000000000E+00    0.9999972401E+00    0.9999972401E+00    0.1000000000E+01
    2    0.4650000000E+01   -0.4644557413E+00   -0.4644557413E+00   -0.3356338749E+00    0.0000000000E+00    0.0000000000E+00    0.0000000000E+00    0.0000000000E+00    0.0000000000E+00    0.0000000000E+00    0.9999992013E+00    0.9999992013E+00    0.1000000000E+01
    3    0.4650000000E+01    0.3483418059E+00    0.3483418059E+00   -0.2063929975E+00    0.0000000000E+00    0.0000000000E+00    0.0000000000E+00    0.0000000000E+00    0.0000000000E+00    0.0000000000E+00    0.9999974078E+00    0.9999974078E+00    0.1000000000E+01
    4    0.4650000000E+01    0.3483418059E+00    0.3483418059E+00   -0.1725152752E+00    0.0000000000E+00    0.0000000000E+00    0.0000000000E+00    0.0000000000E+00    0.0000000000E+00    0.0000000000E+00    0.9999976341E+00    0.9999976341E+00    0.1000000000E+01
    5    0.4650000000E+01    0.3483418059E+00    0.3483418059E+00   -0.2016807975E-01    0.0000000000E+00    0.0000000000E+00    0.0000000000E+00    0.0000000000E+00    0.0000000000E+00    0.0000000000E+00    0.9999971717E+00    0.9999971717E+00    0.1000000000E+01
    6    0.4650000000E+01   -0.4644557413E+00    0.3483418059E+00    0.3429996586E+00   -0.4644557413E+00    0.3483418059E+00    0.3429996586E+00   -0.1298772695E+01    0.4487986063E+01    0.4002238901E+01    0.9999985697E+00    0.9999985697E+00    0.1000000000E+01
    7    0.4650000000E+01    0.3483418059E+00   -0.4644557413E+00    0.3426360334E+00    0.3483418059E+00   -0.4644557413E+00    0.3426360334E+00    0.4501641884E+01   -0.1290358642E+01    0.3998492498E+01    0.9999985755E+00    0.9999985755E+00    0.1000000000E+01
    8    0.4650000000E+01    0.3483418059E+00   -0.4644557413E+00    0.1641199942E+00    0.0000000000E+00    0.0000000000E+00    0.0000000000E+00    0.0000000000E+00    0.0000000000E+00    0.0000000000E+00    0.9999984783E+00    0.9999984783E+00    0.1000000000E+01
    9    0.4650000000E+01   -0.4644557413E+00    0.3483418059E+00    0.1619993950E+00    0.0000000000E+00    0.0000000000E+00    0.0000000000E+00    0.0000000000E+00    0.0000000000E+00    0.0000000000E+00    0.9999984919E+00    0.9999984919E+00    0.1000000000E+01
    1    0.4908333333E+01    0.3483418059E+00    0.3483418059E+00   -0.9982306555E-01    0.0000000000E+00    0.0000000000E+00    0.0000000000E+00    0.0000000000E+00    0.0000000000E+00    0.0000000000E+00    0.9999976950E+00    0.9999976950E+00    0.1000000000E+01
    2    0.4908333333E+01    0.3483418059E+00    0.3483418059E+00   -0.3963676863E+00    0.0000000000E+00    0.0000000000E+00    0.0000000000E+00    0.0000000000E+00    0.0000000000E+00    0.0000000000E+00    0.9999976845E+00    0.9999976845E+00    0.1000000000E+01
    3    0.4908333333E+01    0.3483418059E+00    0.3483418059E+00   -0.2415847710E+00    0.0000000000E+00    0.0000000000E+00    0.0000000000E+00    0.0000000000E+00    0.0000000000E+00    0.0000000000E+00    0.9999978954E+00    0.9999978954E+00    0.1000000000E+01
    4    0.4908333333E+01    0.3483418059E+00    0.3483418059E+00   -0.2811531272E+00    0.0000000000E+00    0.0000000000E+00    0.0000000000E+00    0.0000000000E+00    0.0000000000E+00    0.0000000000E+00    0.9999978076E+00    0.9999978076E+00    0.1000000000E+01
    5    0.4908333333E+01   -0.4644557413E+00   -0.4644557413E+00   -0.3616317683E+00    0.0000000000E+00    0.0000000000E+00    0.0000000000E+00    0.0000000000E+00    0.0000000000E+00    0.0000000000E+00    0.9999991613E+00    0.9999991613E+00    0.1000000000E+01
    6    0.4908333333E+01   -0.4644557413E+00    0.3483418059E+00    0.1107257469E+00    0.0000000000E+00    0.0000000000E+00    0.0000000000E+00    0.0000000000E+00    0.0000000000E+00    0.0000000000E+00    0.9999982219E+00    0.9999982219E+00    0.1000000000E+01
    7    0.4908333333E+01    0.3483418059E+00   -0.4644557413E+00    0.1118425445E+00    0.0000000000E+00    0.0000000000E+00    0.0000000000E+00    0.0000000000E+00    0.0000000000E+00    0.0000000000E+00    0.9999981719E+00    0.9999981719E+00    0.1000000000E+01
    8    0.4908333333E+01   -0.4644557413E+00    0.3483418059E+00    0.2967137160E+00    0.0000000000E+00    0.0000000000E+00    0.0000000000E+00    0.0000000000E+00    0.0000000000E+00    0.0000000000E+00    0.9999985103E+00    0.9999985103E+00    0.1000000000E+01
    9    0.4908333333E+01    0.3483418059E+00   -0.4644557413E+00    0.2969239009E+00    0.0000000000E+00    0.0000000000E+00    0.0000000000E+00    0.0000000000E+00    0.0000000000E+00    0.0000000000E+00    0.9999985381E+00    0.9999985381E+00    0.1000000000E+01
    1    0.5166666667E+01    0.3483418059E+00    0.3483418059E+00   -0.1666134680E+00    0.0000000000E+00    0.0000000000E+00    0.0000000000E+00    0.0000000000E+00    0.0000000000E+00    0.0000000000E+00    0.9999978144E+00    0.9999978144E+00    0.1000000000E+01
    2    0.5166666667E+01    0.3483418059E+00    0.3483418059E+00   -0.4668517742E+00    0.0000000000E+00    0.0000000000E+00    0.0000000000E+00    0.0000000000E+00    0.0000000000E+00    0.0000000000E+00    0.9999975864E+00    0.9999975864E+00    0.1000000000E+01
    3    0.5166666667E+01    0.3483418059E+00    0.3483418059E+00   -0.3066473512E+00    0.0000000000E+00    0.0000000000E+00    0.0000000000E+00    0.0000000000E+00    0.0000000000E+00    0.0000000000E+00    0.9999977311E+00    0.9999977311E+00    0.1000000000E+01
    4    0.5166666667E+01    0.3483418059E+00    0.3483418059E+00   -0.3452670056E+00    0.0000000000E+00    0.0000000000E+00    0.0000000000E+00    0.0000000000E+00    0.0000000000E+00    0.0000000000E+00    0.9999979048E+00    0.9999979048E+00    0.1000000000E+01
    5    0.5166666667E+01   -0.4644557413E+00   -0.4644557413E+00   -0.3875381667E+00   -0.4644557413E+00   -0.4644557413E+00   -0.3875381667E+00   -0.1189118023E+01   -0.1164111526E+01   -0.4960928393E+01    0.9999991197E+00    0.9999991197E+00    0.1000000000E+01
    6    0.5166666667E+01    0.3483418059E+00   -0.4644557413E+00    0.2509696935E+00    0.0000000000E+00    0.0000000000E+00    0.0000000000E+00    0.0000000000E+00    0.0000000000E+00    0.0000000000E+00    0.9999983620E+00    0.9999983620E+00    0.1000000000E+01
    7    0.5166666667E+01   -0.4644557413E+00    0.3483418059E+00    0.2502396368E+00    0.0000000000E+00    0.0000000000E+00    0.0000000000E+00    0.0000000000E+00    0.0000000000E+00    0.0000000000E+00    0.9999983829E+00    0.9999983829E+00    0.1000000000E+01
    8    0.5166666667E+01   -0.4644557413E+00    0.3483418059E+00    0.4077491107E-01    0.0000000000E+00    0.0000000000E+00    0.0000000000E+00    0.0000000000E+00    0.0000000000E+00    0.0000000000E+00    0.9999962050E+00    0.9999962050E+00    0.1000000000E+01
    9    0.5166666667E+01    0.3483418059E+00   -0.4644557413E+00    0.3942825936E-01    0.0000000000E+00    0.0000000000E+00    0.0000000000E+00    0.0000000000E+00    0.0000000000E+00    0.0000000000E+00    0.9999959771E+00    0.9999959771E+00    0.1000000000E+01
    1    0.5425000000E+01    0.3483418059E+00    0.3483418059E+00   -0.2295514823E+00    0.0000000000E+00    0.0000000000E+00    0.0000000000E+00    0.0000000000E+00    0.0000000000E+00    0.0000000000E+00    0.9999977332E+00    0.9999977332E+00    0.1000000000E+01
    2    0.5425000000E+01    0.3483418059E+00    0.3483418059E+00   -0.5455067684E+00    0.0000000000E+00    0.0000000000E+00    0.0000000000E+00    0.0000000000E+00    0.0000000000E+00    0.0000000000E+00    0.9999966333E+00    0.9999966333E+00    0.1000000000E+01
    3    0.5425000000E+01    0.3483418059E+00   -0.4644557413E+00    0.2032056382E+00    0.0000000000E+00    0.0000000000E+00    0.0000000000E+00    0.0000000000E+00    0.0000000000E+00    0.0000000000E+00    0.9999982349E+00    0.9999982349E+00    0.1000000000E+01
    4    0.5425000000E+01   -0.4644557413E+00    0.3483418059E+00    0.2020643793E+00    0.0000000000E+00    0.0000000000E+00    0.0000000000E+00    0.0000000000E+00    0.0000000000E+00    0.0000000000E+00    0.9999982227E+00    0.9999982227E+00    0.1000000000E+01
    5    0.5425000000E+01    0.3483418059E+00    0.3483418059E+00   -0.3815051649E+00    0.0000000000E+00    0.0000000000E+00    0.0000000000E+00    0.0000000000E+00    0.0000000000E+00    0.0000000000E+00    0.9999968356E+00    0.9999968356E+00    0.1000000000E+01
    6    0.5425000000E+01    0.3483418059E+00    0.3483418059E+00   -0.4060200108E+00    0.0000000000E+00    0.0000000000E+00    0.0000000000E+00    0.0000000000E+00    0.0000000000E+00    0.0000000000E+00    0.9999978293E+00    0.9999978293E+00    0.1000000000E+01
    7    0.5425000000E+01   -0.4644557413E+00   -0.4644557413E+00   -0.4134051619E+00    0.0000000000E+00    0.0000000000E+00    0.0000000000E+00    0.0000000000E+00    0.0000000000E+00    0.0000000000E+00    0.9999990766E+00    0.9999990766E+00    0.1000000000E+01
    1    0.5683333333E+01    0.3483418059E+00    0.3483418059E+00   -0.2943414265E+00    0.0000000000E+00    0.0000000000E+00    0.0000000000E+00    0.0000000000E+00    0.0000000000E+00    0.0000000000E+00    0.9999974508E+00    0.9999974508E+00    0.1000000000E+01
    2    0.5683333333E+01    0.3483418059E+00    0.3483418059E+00   -0.4687674228E+00    0.0000000000E+00    0.0000000000E+00    0.0000000000E+00    0.0000000000E+00    0.0000000000E+00    0.0000000000E+00    0.9999975267E+00    0.9999975267E+00    0.1000000000E+01
    3    0.5683333333E+01   -0.4644557413E+00   -0.4644557413E+00   -0.4392776134E+00    0.0000000000E+00    0.0000000000E+00    0.0000000000E+00    0.0000000000E+00    0.0000000000E+00    0.0000000000E+00    0.9999990319E+00    0.9999990319E+00    0.1000000000E+01
    4    0.5683333333E+01    0.3483418059E+00   -0.4644557413E+00    0.1506580614E+00    0.0000000000E+00    0.0000000000E+00    0.0000000000E+00    0.0000000000E+00    0.0000000000E+00    0.0000000000E+00    0.9999978725E+00    0.9999978725E+00    0.1000000000E+01
    5    0.5683333333E+01   -0.4644557413E+00    0.3483418059E+00    0.1492607064E+00    0.0000000000E+00    0.0000000000E+00    0.0000000000E+00    0.0000000000E+00    0.0000000000E+00    0.0000000000E+00    0.9999978663E+00    0.9999978663E+00    0.1000000000E+01
    1    0.5941666667E+01    0.3483418059E+00    0.3483418059E+00   -0.3714766794E+00    0.0000000000E+00    0.0000000000E+00    0.0000000000E+00    0.0000000000E+00    0.0000000000E+00    0.0000000000E+00    0.9999963654E+00    0.9999963654E+00    0.1000000000E+01
    2    0.5941666667E+01    0.3483418059E+00    0.3483418059E+00   -0.5439965928E+00    0.0000000000E+00    0.0000000000E+00    0.0000000000E+00    0.0000000000E+00    0.0000000000E+00    0.0000000000E+00    0.9999964539E+00    0.9999964539E+00    0.1000000000E+01
    3    0.5941666667E+01   -0.4644557413E+00   -0.4644557413E+00   -0.4651959605E+00    0.0000000000E+00    0.0000000000E+00    0.0000000000E+00    0.0000000000E+00    0.0000000000E+00    0.0000000000E+00    0.9999989856E+00    0.9999989856E+00    0.1000000000E+01
    4    0.5941666667E+01    0.3483418059E+00   -0.4644557413E+00    0.8326220446E-01    0.0000000000E+00    0.0000000000E+00    0.0000000000E+00    0.0000000000E+00    0.0000000000E+00    0.0000000000E+00    0.9999966157E+00    0.9999966157E+00    0.1000000000E+01
    5    0.5941666667E+01   -0.4644557413E+00    0.3483418059E+00    0.8174000111E-01    0.0000000000E+00    0.0000000000E+00    0.0000000000E+00    0.0000000000E+00    0.0000000000E+00    0.0000000000E+00    0.9999966061E+00    0.9999966061E+00    0.1000000000E+01
    1    0.6200000000E+01   -0.4644557413E+00   -0.4644557413E+00   -0.4911977576E+00    0.0000000000E+00    0.0000000000E+00    0.0000000000E+00    0.0000000000E+00    0.0000000000E+00    0.0000000000E+00    0.9999989376E+00    0.9999989376E+00    0.1000000000E+01
    1    0.6458333333E+01   -0.4644557413E+00   -0.4644557413E+00   -0.5173188162E+00    0.0000000000E+00    0.0000000000E+00    0.0000000000E+00    0.0000000000E+00    0.0000000000E+00    0.0000000000E+00    0.9999988881E+00    0.9999988881E+00    0.1000000000E+01
    1    0.6716666667E+01   -0.4644557413E+00   -0.4644557413E+00   -0.5435941531E+00    0.0000000000E+00    0.0000000000E+00    0.0000000000E+00    0.0000000000E+00    0.0000000000E+00    0.0000000000E+00    0.9999988359E+00    0.9999988359E+00    0.1000000000E+01
    1    0.6975000000E+01   -0.4644557413E+00   -0.4644557413E+00   -0.5700593761E+00    0.0000000000E+00    0.0000000000E+00    0.0000000000E+00    0.0000000000E+00    0.0000000000E+00    0.0000000000E+00    0.9999987816E+00    0.9999987816E+00    0.1000000000E+01
    1    0.7233333333E+01   -0.4644557413E+00   -0.4644557413E+00    0.5527215051E+00    0.0000000000E+00    0.0000000000E+00    0.0000000000E+00    0.0000000000E+00    0.0000000000E+00    0.0000000000E+00    0.9999987253E+00    0.9999987253E+00    0.1000000000E+01
    1    0.7491666667E+01   -0.4644557413E+00   -0.4644557413E+00    0.5257698408E+00    0.0000000000E+00    0.0000000000E+00    0.0000000000E+00    0.0000000000E+00    0.0000000000E+00    0.0000000000E+00    0.9999986661E+00    0.9999986661E+00    0.1000000000E+01
    2    0.7491666667E+01    0.3483418059E+00   -0.4644557413E+00   -0.4309890782E-01    0.0000000000E+00    0.0000000000E+00    0.0000000000E+00    0.0000000000E+00    0.0000000000E+00    0.0000000000E+00    0.9999951914E+00    0.9999951914E+00    0.1000000000E+01
    3    0.7491666667E+01   -0.4644557413E+00    0.3483418059E+00   -0.4515779669E-01    0.0000000000E+00    0.0000000000E+00    0.0000000000E+00    0.0000000000E+00    0.0000000000E+00    0.0000000000E+00    0.9999955220E+00    0.9999955220E+00    0.1000000000E+01
    1    0.7750000000E+01   -0.4644557413E+00   -0.4644557413E+00    0.4985168371E+00    0.0000000000E+00    0.0000000000E+00    0.0000000000E+00    0.0000000000E+00    0.0000000000E+00    0.0000000000E+00    0.9999986039E+00    0.9999986039E+00    0.1000000000E+01
    2    0.7750000000E+01    0.3483418059E+00   -0.4644557413E+00   -0.1061384488E+00    0.0000000000E+00    0.0000000000E+00    0.0000000000E+00    0.0000000000E+00    0.0000000000E+00    0.0000000000E+00    0.9999975008E+00    0.9999975008E+00    0.1000000000E+01
    3    0.7750000000E+01   -0.4644557413E+00    0.3483418059E+00   -0.1059832809E+00    0.0000000000E+00    0.0000000000E+00    0.0000000000E+00    0.0000000000E+00    0.0000000000E+00    0.0000000000E+00    0.9999975508E+00    0.9999975508E+00    0.1000000000E+01
    1    0.8008333333E+01   -0.4644557413E+00   -0.4644557413E+00    0.4709202867E+00    0.0000000000E+00    0.0000000000E+00    0.0000000000E+00    0.0000000000E+00    0.0000000000E+00    0.0000000000E+00    0.9999985383E+00    0.9999985383E+00    0.1000000000E+01
    2    0.8008333333E+01    0.3483418059E+00   -0.4644557413E+00   -0.1508290500E+00    0.0000000000E+00    0.0000000000E+00    0.0000000000E+00    0.0000000000E+00    0.0000000000E+00    0.0000000000E+00    0.9999978057E+00    0.9999978057E+00    0.1000000000E+01
    3    0.8008333333E+01   -0.4644557413E+00    0.3483418059E+00   -0.1499578490E+00    0.0000000000E+00    0.0000000000E+00    0.0000000000E+00    0.0000000000E+00    0.0000000000E+00    0.0000000000E+00    0.9999978339E+00    0.9999978339E+00    0.1000000000E+01
    1    0.8266666667E+01   -0.4644557413E+00   -0.4644557413E+00    0.4429344159E+00    0.0000000000E+00    0.0000000000E+00    0.0000000000E+00    0.0000000000E+00    0.0000000000E+00    0.0000000000E+00    0.9999984688E+00    0.9999984688E+00    0.1000000000E+01
    2    0.8266666667E+01    0.3483418059E+00   -0.4644557413E+00   -0.1910590781E+00    0.0000000000E+00    0.0000000000E+00    0.0000000000E+00    0.0000000000E+00    0.0000000000E+00    0.0000000000E+00    0.9999978724E+00    0.9999978724E+00    0.1000000000E+01
    3    0.8266666667E+01   -0.4644557413E+00    0.3483418059E+00   -0.1897579472E+00    0.0000000000E+00    0.0000000000E+00    0.0000000000E+00    0.0000000000E+00    0.0000000000E+00    0.0000000000E+00    0.9999978910E+00    0.9999978910E+00    0.1000000000E+01
    1    0.8525000000E+01   -0.4644557413E+00   -0.4644557413E+00    0.4145090154E+00    0.0000000000E+00    0.0000000000E+00    0.0000000000E+00    0.0000000000E+00    0.0000000000E+00    0.0000000000E+00    0.9999983950E+00    0.9999983950E+00    0.1000000000E+01
    2    0.8525000000E+01    0.3483418059E+00   -0.4644557413E+00   -0.2297724464E+00    0.0000000000E+00    0.0000000000E+00    0.0000000000E+00    0.0000000000E+00    0.0000000000E+00    0.0000000000E+00    0.9999978465E+00    0.9999978465E+00    0.1000000000E+01
    3    0.8525000000E+01   -0.4644557413E+00    0.3483418059E+00   -0.2281994606E+00    0.0000000000E+00    0.0000000000E+00    0.0000000000E+00    0.0000000000E+00    0.0000000000E+00    0.0000000000E+00    0.9999978581E+00    0.9999978581E+00    0.1000000000E+01
    1    0.8783333333E+01   -0.4644557413E+00   -0.4644557413E+00    0.3855884966E+00    0.0000000000E+00    0.0000000000E+00    0.0000000000E+00    0.0000000000E+00    0.0000000000E+00    0.0000000000E+00    0.9999983162E+00    0.9999983162E+00    0.1000000000E+01
    2    0.8783333333E+01    0.3483418059E+00   -0.4644557413E+00   -0.2683200488E+00    0.0000000000E+00    0.0000000000E+00    0.0000000000E+00    0.0000000000E+00    0.0000000000E+00    0.0000000000E+00    0.9999977626E+00    0.9999977626E+00    0.1000000000E+01
    3    0.8783333333E+01   -0.4644557413E+00    0.3483418059E+00   -0.2666009458E+00    0.0000000000E+00    0.0000000000E+00    0.0000000000E+00    0.0000000000E+00    0.0000000000E+00    0.0000000000E+00    0.9999977676E+00    0.9999977676E+00    0.1000000000E+01
    1    0.9041666667E+01   -0.4644557413E+00   -0.4644557413E+00    0.3561107960E+00    0.0000000000E+00    0.0000000000E+00    0.0000000000E+00    0.0000000000E+00    0.0000000000E+00    0.0000000000E+00    0.9999982317E+00    0.9999982317E+00    0.1000000000E+01
    2    0.9041666667E+01    0.3483418059E+00   -0.4644557413E+00   -0.8806800564E-01    0.0000000000E+00    0.0000000000E+00    0.0000000000E+00    0.0000000000E+00    0.0000000000E+00    0.0000000000E+00    0.9999948302E+00    0.9999948302E+00    0.1000000000E+01
    3    0.9041666667E+01   -0.4644557413E+00    0.3483418059E+00   -0.9221680259E-01    0.0000000000E+00    0.0000000000E+00    0.0000000000E+00    0.0000000000E+00    0.0000000000E+00    0.0000000000E+00    0.9999951931E+00    0.9999951931E+00    0.1000000000E+01
    4    0.9041666667E+01    0.3483418059E+00   -0.4644557413E+00   -0.3076203365E+00    0.0000000000E+00    0.0000000000E+00    0.0000000000E+00    0.0000000000E+00    0.0000000000E+00    0.0000000000E+00    0.9999976175E+00    0.9999976175E+00    0.1000000000E+01
    5    0.9041666667E+01   -0.4644557413E+00    0.3483418059E+00   -0.3058780921E+00    0.0000000000E+00    0.0000000000E+00    0.0000000000E+00    0.0000000000E+00    0.0000000000E+00    0.0000000000E+00    0.9999976266E+00    0.9999976266E+00    0.1000000000E+01
    1    0.9300000000E+01   -0.4644557413E+00   -0.4644557413E+00    0.3260060577E+00    0.0000000000E+00    0.0000000000E+00    0.0000000000E+00    0.0000000000E+00    0.0000000000E+00    0.0000000000E+00    0.9999981407E+00    0.9999981407E+00    0.1000000000E+01
    2    0.9300000000E+01    0.3483418059E+00   -0.4644557413E+00   -0.1575349249E+00    0.0000000000E+00    0.0000000000E+00    0.0000000000E+00    0.0000000000E+00    0.0000000000E+00    0.0000000000E+00    0.9999963571E+00    0.9999963571E+00    0.1000000000E+01
    3    0.9300000000E+01   -0.4644557413E+00    0.3483418059E+00   -0.1584195902E+00    0.0000000000E+00    0.0000000000E+00    0.0000000000E+00    0.0000000000E+00    0.0000000000E+00    0.0000000000E+00    0.9999964589E+00    0.9999964589E+00    0.1000000000E+01
    4    0.9300000000E+01    0.3483418059E+00   -0.4644557413E+00   -0.3485348503E+00    0.0000000000E+00    0.0000000000E+00    0.0000000000E+00    0.0000000000E+00    0.0000000000E+00    0.0000000000E+00    0.9999974194E+00    0.9999974194E+00    0.1000000000E+01
    5    0.9300000000E+01   -0.4644557413E+00    0.3483418059E+00   -0.3469078204E+00    0.0000000000E+00    0.0000000000E+00    0.0000000000E+00    0.0000000000E+00    0.0000000000E+00    0.0000000000E+00    0.9999974210E+00    0.9999974210E+00    0.1000000000E+01
    1    0.9558333333E+01   -0.4644557413E+00   -0.4644557413E+00    0.2951950002E+00    0.0000000000E+00    0.0000000000E+00    0.0000000000E+00    0.0000000000E+00    0.0000000000E+00    0.0000000000E+00    0.9999980421E+00    0.9999980421E+00    0.1000000000E+01
    2    0.9558333333E+01    0.3483418059E+00   -0.4644557413E+00   -0.2138988452E+00    0.0000000000E+00    0.0000000000E+00    0.0000000000E+00    0.0000000000E+00    0.0000000000E+00    0.0000000000E+00    0.9999966119E+00    0.9999966119E+00    0.1000000000E+01
    3    0.9558333333E+01   -0.4644557413E+00    0.3483418059E+00   -0.2133802409E+00    0.0000000000E+00    0.0000000000E+00    0.0000000000E+00    0.0000000000E+00    0.0000000000E+00    0.0000000000E+00    0.9999966613E+00    0.9999966613E+00    0.1000000000E+01
    4    0.9558333333E+01    0.3483418059E+00   -0.4644557413E+00   -0.3921258069E+00    0.0000000000E+00    0.0000000000E+00    0.0000000000E+00    0.0000000000E+00    0.0000000000E+00    0.0000000000E+00    0.9999971346E+00    0.9999971346E+00    0.1000000000E+01
    5    0.9558333333E+01   -0.4644557413E+00    0.3483418059E+00   -0.3907885875E+00    0.0000000000E+00    0.0000000000E+00    0.0000000000E+00    0.0000000000E+00    0.0000000000E+00    0.0000000000E+00    0.9999971257E+00    0.9999971257E+00    0.1000000000E+01
    1    0.9816666667E+01   -0.4644557413E+00   -0.4644557413E+00    0.2635868294E+00    0.0000000000E+00    0.0000000000E+00    0.0000000000E+00    0.0000000000E+00    0.0000000000E+00    0.0000000000E+00    0.9999979347E+00    0.9999979347E+00    0.1000000000E+01
    2    0.9816666667E+01    0.3483418059E+00    0.3483418059E+00    0.3530250345E+00    0.0000000000E+00    0.0000000000E+00    0.0000000000E+00    0.0000000000E+00    0.0000000000E+00    0.0000000000E+00    0.9999945779E+00    0.9999945779E+00    0.1000000000E+01
    3    0.9816666667E+01    0.3483418059E+00    0.3483418059E+00    0.5315179713E+00    0.0000000000E+00    0.0000000000E+00    0.0000000000E+00    0.0000000000E+00    0.0000000000E+00    0.0000000000E+00    0.9999948608E+00    0.9999948608E+00    0.1000000000E+01
    4    0.9816666667E+01    0.3483418059E+00   -0.4644557413E+00   -0.2679090621E+00    0.0000000000E+00    0.0000000000E+00    0.0000000000E+00    0.0000000000E+00    0.0000000000E+00    0.0000000000E+00    0.9999964985E+00    0.9999964985E+00    0.1000000000E+01
    5    0.9816666667E+01   -0.4644557413E+00    0.3483418059E+00   -0.2666066721E+00    0.0000000000E+00    0.0000000000E+00    0.0000000000E+00    0.0000000000E+00    0.0000000000E+00    0.0000000000E+00    0.9999965144E+00    0.9999965144E+00    0.1000000000E+01
    6    0.9816666667E+01    0.3483418059E+00   -0.4644557413E+00   -0.4400595283E+00    0.0000000000E+00    0.0000000000E+00    0.0000000000E+00    0.0000000000E+00    0.0000000000E+00    0.0000000000E+00    0.9999966953E+00    0.9999966953E+00    0.1000000000E+01
    7    0.9816666667E+01   -0.4644557413E+00    0.3483418059E+00   -0.4392610462E+00    0.0000000000E+00    0.0000000000E+00    0.0000000000E+00    0.0000000000E+00    0.0000000000E+00    0.0000000000E+00    0.9999966686E+00    0.9999966686E+00    0.1000000000E+01
    1    0.1007500000E+02   -0.4644557413E+00   -0.4644557413E+00    0.2310764884E+00    0.0000000000E+00    0.0000000000E+00    0.0000000000E+00    0.0000000000E+00    0.0000000000E+00    0.0000000000E+00    0.9999978169E+00    0.9999978169E+00    0.1000000000E+01
    2    0.1007500000E+02    0.3483418059E+00    0.3483418059E+00    0.2774062838E+00    0.0000000000E+00    0.0000000000E+00    0.0000000000E+00    0.0000000000E+00    0.0000000000E+00    0.0000000000E+00    0.9999952823E+00    0.9999952823E+00    0.1000000000E+01
    3    0.1007500000E+02    0.3483418059E+00    0.3483418059E+00    0.4623592144E+00    0.0000000000E+00    0.0000000000E+00    0.0000000000E+00    0.0000000000E+00    0.0000000000E+00    0.0000000000E+00    0.9999958430E+00    0.9999958430E+00    0.1000000000E+01
    4    0.1007500000E+02    0.3483418059E+00   -0.4644557413E+00   -0.3251327178E+00    0.0000000000E+00    0.0000000000E+00    0.0000000000E+00    0.0000000000E+00    0.0000000000E+00    0.0000000000E+00    0.9999959644E+00    0.9999959644E+00    0.1000000000E+01
    5    0.1007500000E+02   -0.4644557413E+00    0.3483418059E+00   -0.3235776216E+00    0.0000000000E+00    0.0000000000E+00    0.0000000000E+00    0.0000000000E+00    0.0000000000E+00    0.0000000000E+00    0.9999959363E+00    0.9999959363E+00    0.1000000000E+01
    6    0.1007500000E+02    0.3483418059E+00   -0.4644557413E+00   -0.4957655569E+00    0.0000000000E+00    0.0000000000E+00    0.0000000000E+00    0.0000000000E+00    0.0000000000E+00    0.0000000000E+00    0.9999958856E+00    0.9999958856E+00    0.1000000000E+01
    7    0.1007500000E+02   -0.4644557413E+00    0.3483418059E+00   -0.4959325703E+00    0.0000000000E+00    0.0000000000E+00    0.0000000000E+00    0.0000000000E+00    0.0000000000E+00    0.0000000000E+00    0.9999958207E+00    0.9999958207E+00    0.1000000000E+01
    1    0.1033333333E+02    0.3483418059E+00    0.3483418059E+00    0.2046956570E+00    0.0000000000E+00    0.0000000000E+00    0.0000000000E+00    0.0000000000E+00    0.0000000000E+00    0.0000000000E+00    0.9999948202E+00    0.9999948202E+00    0.1000000000E+01
    2    0.1033333333E+02    0.3483418059E+00    0.3483418059E+00    0.4021650387E+00    0.0000000000E+00    0.0000000000E+00    0.0000000000E+00    0.0000000000E+00    0.0000000000E+00    0.0000000000E+00    0.9999960054E+00    0.9999960054E+00    0.1000000000E+01
    3    0.1033333333E+02   -0.4644557413E+00   -0.4644557413E+00    0.1975409138E+00    0.0000000000E+00    0.0000000000E+00    0.0000000000E+00    0.0000000000E+00    0.0000000000E+00    0.0000000000E+00    0.9999976869E+00    0.9999976869E+00    0.1000000000E+01
    4    0.1033333333E+02    0.3483418059E+00   -0.4644557413E+00   -0.3976875151E+00    0.0000000000E+00    0.0000000000E+00    0.0000000000E+00    0.0000000000E+00    0.0000000000E+00    0.0000000000E+00    0.9999932801E+00    0.9999932801E+00    0.1000000000E+01
    5    0.1033333333E+02   -0.4644557413E+00    0.3483418059E+00   -0.3970991869E+00    0.0000000000E+00    0.0000000000E+00    0.0000000000E+00    0.0000000000E+00    0.0000000000E+00    0.0000000000E+00    0.9999926619E+00    0.9999926619E+00    0.1000000000E+01
    6    0.1033333333E+02    0.3483418059E+00   -0.4644557413E+00   -0.5716237798E+00    0.0000000000E+00    0.0000000000E+00    0.0000000000E+00    0.0000000000E+00    0.0000000000E+00    0.0000000000E+00    0.9999920398E+00    0.9999920398E+00    0.1000000000E+01
    7    0.1033333333E+02   -0.4644557413E+00    0.3483418059E+00   -0.5737230365E+00    0.0000000000E+00    0.0000000000E+00    0.0000000000E+00    0.0000000000E+00    0.0000000000E+00    0.0000000000E+00    0.9999909417E+00    0.9999909417E+00    0.1000000000E+01
    1    0.1059166667E+02    0.3483418059E+00    0.3483418059E+00    0.1150661318E+00    0.0000000000E+00    0.0000000000E+00    0.0000000000E+00    0.0000000000E+00    0.0000000000E+00    0.0000000000E+00    0.9999920912E+00    0.9999920912E+00    0.1000000000E+01
    2    0.1059166667E+02   -0.4644557413E+00   -0.4644557413E+00    0.1628337507E+00    0.0000000000E+00    0.0000000000E+00    0.0000000000E+00    0.0000000000E+00    0.0000000000E+00    0.0000000000E+00    0.9999975419E+00    0.9999975419E+00    0.1000000000E+01
    3    0.1059166667E+02    0.3483418059E+00    0.3483418059E+00   -0.5360886541E+00    0.0000000000E+00    0.0000000000E+00    0.0000000000E+00    0.0000000000E+00    0.0000000000E+00    0.0000000000E+00    0.9999869226E+00    0.9999869226E+00    0.1000000000E+01
    4    0.1059166667E+02    0.3483418059E+00    0.3483418059E+00    0.3434888694E+00    0.0000000000E+00    0.0000000000E+00    0.0000000000E+00    0.0000000000E+00    0.0000000000E+00    0.0000000000E+00    0.9999958132E+00    0.9999958132E+00    0.1000000000E+01
    5    0.1059166667E+02    0.3483418059E+00    0.3483418059E+00    0.4332527995E+00    0.0000000000E+00    0.0000000000E+00    0.0000000000E+00    0.0000000000E+00    0.0000000000E+00    0.0000000000E+00    0.9999863559E+00    0.9999863559E+00    0.1000000000E+01
    1    0.1085000000E+02    0.3483418059E+00    0.3483418059E+00    0.5128046174E+00    0.0000000000E+00    0.0000000000E+00    0.0000000000E+00    0.0000000000E+00    0.0000000000E+00    0.0000000000E+00    0.9999948658E+00    0.9999948658E+00    0.1000000000E+01
    2    0.1085000000E+02   -0.4644557413E+00   -0.4644557413E+00    0.1267775790E+00    0.0000000000E+00    0.0000000000E+00    0.0000000000E+00    0.0000000000E+00    0.0000000000E+00    0.0000000000E+00    0.9999973788E+00    0.9999973788E+00    0.1000000000E+01
    3    0.1085000000E+02    0.3483418059E+00    0.3483418059E+00    0.3227704242E+00    0.0000000000E+00    0.0000000000E+00    0.0000000000E+00    0.0000000000E+00    0.0000000000E+00    0.0000000000E+00    0.9999940155E+00    0.9999940155E+00    0.1000000000E+01
    4    0.1085000000E+02    0.3483418059E+00    0.3483418059E+00    0.2823342445E+00    0.0000000000E+00    0.0000000000E+00    0.0000000000E+00    0.0000000000E+00    0.0000000000E+00    0.0000000000E+00    0.9999954725E+00    0.9999954725E+00    0.1000000000E+01
    1    0.1110833333E+02    0.3483418059E+00    0.3483418059E+00    0.4489950678E+00    0.0000000000E+00    0.0000000000E+00    0.0000000000E+00    0.0000000000E+00    0.0000000000E+00    0.0000000000E+00    0.9999957129E+00    0.9999957129E+00    0.1000000000E+01
    2    0.1110833333E+02   -0.4644557413E+00   -0.4644557413E+00    0.8915190465E-01    0.0000000000E+00    0.0000000000E+00    0.0000000000E+00    0.0000000000E+00    0.0000000000E+00    0.0000000000E+00    0.9999971926E+00    0.9999971926E+00    0.1000000000E+01
    3    0.1110833333E+02    0.3483418059E+00    0.3483418059E+00    0.2427068106E+00    0.0000000000E+00    0.0000000000E+00    0.0000000000E+00    0.0000000000E+00    0.0000000000E+00    0.0000000000E+00    0.9999941793E+00    0.9999941793E+00    0.1000000000E+01
    4    0.1110833333E+02    0.3483418059E+00    0.3483418059E+00    0.2140296595E+00    0.0000000000E+00    0.0000000000E+00    0.0000000000E+00    0.0000000000E+00    0.0000000000E+00    0.0000000000E+00    0.9999945892E+00    0.9999945892E+00    0.1000000000E+01
    1    0.1136666667E+02    0.3483418059E+00    0.3483418059E+00    0.3930869629E+00    0.0000000000E+00    0.0000000000E+00    0.0000000000E+00    0.0000000000E+00    0.0000000000E+00    0.0000000000E+00    0.9999959051E+00    0.9999959051E+00    0.1000000000E+01
    2    0.1136666667E+02    0.3483418059E+00    0.3483418059E+00    0.1541288821E+00    0.0000000000E+00    0.0000000000E+00    0.0000000000E+00    0.0000000000E+00    0.0000000000E+00    0.0000000000E+00    0.9999921716E+00    0.9999921716E+00    0.1000000000E+01
    3    0.1136666667E+02    0.3483418059E+00    0.3483418059E+00    0.1271519585E+00    0.0000000000E+00    0.0000000000E+00    0.0000000000E+00    0.0000000000E+00    0.0000000000E+00    0.0000000000E+00    0.9999920556E+00    0.9999920556E+00    0.1000000000E+01
    4    0.1136666667E+02   -0.4644557413E+00   -0.4644557413E+00    0.4967347914E-01    0.0000000000E+00    0.0000000000E+00    0.0000000000E+00    0.0000000000E+00    0.0000000000E+00    0.0000000000E+00    0.9999969765E+00    0.9999969765E+00    0.1000000000E+01
    1    0.1162500000E+02    0.3483418059E+00    0.3483418059E+00    0.3395087677E+00    0.0000000000E+00    0.0000000000E+00    0.0000000000E+00    0.0000000000E+00    0.0000000000E+00    0.0000000000E+00    0.9999959226E+00    0.9999959226E+00    0.1000000000E+01
    2    0.1162500000E+02    0.3483418059E+00   -0.4644557413E+00   -0.2881965473E+00    0.0000000000E+00    0.0000000000E+00    0.0000000000E+00    0.0000000000E+00    0.0000000000E+00    0.0000000000E+00    0.9999669466E+00    0.9999669466E+00    0.1000000000E+01
    3    0.1162500000E+02   -0.4644557413E+00    0.3483418059E+00   -0.2994219358E+00    0.0000000000E+00    0.0000000000E+00    0.0000000000E+00    0.0000000000E+00    0.0000000000E+00    0.0000000000E+00    0.9999668257E+00    0.9999668257E+00    0.1000000000E+01
    4    0.1162500000E+02   -0.4644557413E+00   -0.4644557413E+00    0.7961395578E-02    0.0000000000E+00    0.0000000000E+00    0.0000000000E+00    0.0000000000E+00    0.0000000000E+00    0.0000000000E+00    0.9999967192E+00    0.9999967192E+00    0.1000000000E+01
    1    0.1188333333E+02    0.3483418059E+00    0.3483418059E+00    0.2854210444E+00    0.0000000000E+00    0.0000000000E+00    0.0000000000E+00    0.0000000000E+00    0.0000000000E+00    0.0000000000E+00    0.9999956992E+00    0.9999956992E+00    0.1000000000E+01
    2    0.1188333333E+02   -0.4644557413E+00   -0.4644557413E+00   -0.3652759015E-01    0.0000000000E+00    0.0000000000E+00    0.0000000000E+00    0.0000000000E+00    0.0000000000E+00    0.0000000000E+00    0.9999964021E+00    0.9999964021E+00    0.1000000000E+01
    3    0.1188333333E+02    0.3483418059E+00   -0.4644557413E+00   -0.4942171479E+00    0.3483418059E+00   -0.4644557413E+00    0.6552521671E+00   -0.3262646379E+01    0.2985607000E+01   -0.3918427121E+01    0.9999915325E+00    0.9999915325E+00    0.1000000000E+01
    4    0.1188333333E+02   -0.4644557413E+00    0.3483418059E+00   -0.4920328572E+00    0.0000000000E+00    0.0000000000E+00    0.0000000000E+00    0.0000000000E+00    0.0000000000E+00    0.0000000000E+00    0.9999916391E+00    0.9999916391E+00    0.1000000000E+01
    1    0.1214166667E+02    0.3483418059E+00    0.3483418059E+00    0.2283357532E+00    0.0000000000E+00    0.0000000000E+00    0.0000000000E+00    0.0000000000E+00    0.0000000000E+00    0.0000000000E+00    0.9999952508E+00    0.9999952508E+00    0.1000000000E+01
    2    0.1214166667E+02   -0.4644557413E+00   -0.4644557413E+00   -0.8464557422E-01    0.0000000000E+00    0.0000000000E+00    0.0000000000E+00    0.0000000000E+00    0.0000000000E+00    0.0000000000E+00    0.9999959875E+00    0.9999959875E+00    0.1000000000E+01
    3    0.1214166667E+02    0.3483418059E+00   -0.4644557413E+00    0.5618089804E+00    0.3483418059E+00   -0.4644557413E+00   -0.5876603347E+00   -0.3223765315E+01    0.3017108380E+01    0.4116545171E+01    0.9999929285E+00    0.9999929285E+00    0.1000000000E+01
    4    0.1214166667E+02   -0.4644557413E+00    0.3483418059E+00    0.5633179601E+00    0.0000000000E+00    0.0000000000E+00    0.0000000000E+00    0.0000000000E+00    0.0000000000E+00    0.0000000000E+00    0.9999929427E+00    0.9999929427E+00    0.1000000000E+01
    1    0.1240000000E+02   -0.4644557413E+00   -0.4644557413E+00   -0.1378959864E+00    0.0000000000E+00    0.0000000000E+00    0.0000000000E+00    0.0000000000E+00    0.0000000000E+00    0.0000000000E+00    0.9999953907E+00    0.9999953907E+00    0.1000000000E+01
    2    0.1240000000E+02    0.3483418059E+00    0.3483418059E+00    0.1645737693E+00    0.0000000000E+00    0.0000000000E+00    0.0000000000E+00    0.0000000000E+00    0.0000000000E+00    0.0000000000E+00    0.9999943608E+00    0.9999943608E+00    0.1000000000E+01
    3    0.1240000000E+02    0.3483418059E+00   -0.4644557413E+00    0.4721873354E+00    0.0000000000E+00    0.0000000000E+00    0.0000000000E+00    0.0000000000E+00    0.0000000000E+00    0.0000000000E+00    0.9999922555E+00    0.9999922555E+00    0.1000000000E+01
    4    0.1240000000E+02   -0.4644557413E+00    0.3483418059E+00    0.4718892254E+00    0.0000000000E+00    0.0000000000E+00    0.0000000000E+00    0.0000000000E+00    0.0000000000E+00    0.0000000000E+00    0.9999920402E+00    0.9999920402E+00    0.1000000000E+01
    1    0.1265833333E+02   -0.4644557413E+00   -0.4644557413E+00   -0.1994176450E+00    0.0000000000E+00    0.0000000000E+00    0.0000000000E+00    0.0000000000E+00    0.0000000000E+00    0.0000000000E+00    0.9999943852E+00    0.9999943852E+00    0.1000000000E+01
    2    0.1265833333E+02    0.3483418059E+00    0.3483418059E+00    0.8287071841E-01    0.0000000000E+00    0.0000000000E+00    0.0000000000E+00    0.0000000000E+00    0.0000000000E+00    0.0000000000E+00    0.9999913064E+00    0.9999913064E+00    0.1000000000E+01
    3    0.1265833333E+02    0.3483418059E+00   -0.4644557413E+00    0.3606698795E+00    0.0000000000E+00    0.0000000000E+00    0.0000000000E+00    0.0000000000E+00    0.0000000000E+00    0.0000000000E+00    0.9999884491E+00    0.9999884491E+00    0.1000000000E+01
    4    0.1265833333E+02   -0.4644557413E+00    0.3483418059E+00    0.3567132562E+00    0.0000000000E+00    0.0000000000E+00    0.0000000000E+00    0.0000000000E+00    0.0000000000E+00    0.0000000000E+00    0.9999880315E+00    0.9999880315E+00    0.1000000000E+01
    1    0.1291666667E+02   -0.4644557413E+00   -0.4644557413E+00   -0.2768973500E+00    0.0000000000E+00    0.0000000000E+00    0.0000000000E+00    0.0000000000E+00    0.0000000000E+00    0.0000000000E+00    0.9999923557E+00    0.9999923557E+00    0.1000000000E+01
    1    0.1317500000E+02   -0.4644557413E+00   -0.4644557413E+00   -0.3830302402E+00    0.0000000000E+00    0.0000000000E+00    0.0000000000E+00    0.0000000000E+00    0.0000000000E+00    0.0000000000E+00    0.9999897523E+00    0.9999897523E+00    0.1000000000E+01
    1    0.1343333333E+02    0.3483418059E+00    0.3483418059E+00   -0.5535743206E+00    0.0000000000E+00    0.0000000000E+00    0.0000000000E+00    0.0000000000E+00    0.0000000000E+00    0.0000000000E+00    0.9999388999E+00    0.9999388999E+00    0.1000000000E+01
    2    0.1343333333E+02   -0.4644557413E+00   -0.4644557413E+00   -0.4981925376E+00    0.0000000000E+00    0.0000000000E+00    0.0000000000E+00    0.0000000000E+00    0.0000000000E+00    0.0000000000E+00    0.9999885091E+00    0.9999885091E+00    0.1000000000E+01
    3    0.1343333333E+02    0.3483418059E+00    0.3483418059E+00   -0.5125924975E-01    0.0000000000E+00    0.0000000000E+00    0.0000000000E+00    0.0000000000E+00    0.0000000000E+00    0.0000000000E+00    0.9999794737E+00    0.9999794737E+00    0.1000000000E+01
    4    0.1343333333E+02   -0.4644557413E+00   -0.4644557413E+00   -0.3112476354E+00    0.0000000000E+00    0.0000000000E+00    0.0000000000E+00    0.0000000000E+00    0.0000000000E+00    0.0000000000E+00    0.9999710867E+00    0.9999710867E+00    0.1000000000E+01
    5    0.1343333333E+02   -0.4644557413E+00   -0.4644557413E+00   -0.1641885714E+00   -0.4644557413E+00   -0.4644557413E+00    0.9852807436E+00    0.3539877313E+00    0.3576666774E+00    0.1684841336E+00    0.9999748730E+00    0.9999748730E+00    0.1000000000E+01
    6    0.1343333333E+02    0.3483418059E+00    0.3483418059E+00   -0.1920365838E+00    0.0000000000E+00    0.0000000000E+00    0.0000000000E+00    0.0000000000E+00    0.0000000000E+00    0.0000000000E+00    0.9999694323E+00    0.9999694323E+00    0.1000000000E+01
    7    0.1343333333E+02    0.3483418059E+00    0.3483418059E+00   -0.2023764463E+00    0.0000000000E+00    0.0000000000E+00    0.0000000000E+00    0.0000000000E+00    0.0000000000E+00    0.0000000000E+00    0.9999698444E+00    0.9999698444E+00    0.1000000000E+01
    1    0.1369166667E+02    0.3483418059E+00    0.3483418059E+00    0.4759709547E+00    0.0000000000E+00    0.0000000000E+00    0.0000000000E+00    0.0000000000E+00    0.0000000000E+00    0.0000000000E+00    0.9997912406E+00    0.9997912406E+00    0.1000000000E+01
    2    0.1369166667E+02   -0.4644557413E+00   -0.4644557413E+00    0.5531333405E+00   -0.4644557413E+00   -0.4644557413E+00    0.5531333405E+00    0.8077147901E+00    0.8057114077E+00   -0.1074683256E+01    0.9999913371E+00    0.9999913371E+00    0.1000000000E+01
    3    0.1369166667E+02   -0.4644557413E+00   -0.4644557413E+00   -0.5068176724E+00    0.0000000000E+00    0.0000000000E+00    0.0000000000E+00    0.0000000000E+00    0.0000000000E+00    0.0000000000E+00    0.9999874307E+00    0.9999874307E+00    0.1000000000E+01
    4    0.1369166667E+02    0.3483418059E+00    0.3483418059E+00   -0.4003587620E+00    0.0000000000E+00    0.0000000000E+00    0.0000000000E+00    0.0000000000E+00    0.0000000000E+00    0.0000000000E+00    0.9998072373E+00    0.9998072373E+00    0.1000000000E+01
    5    0.1369166667E+02   -0.4644557413E+00   -0.4644557413E+00   -0.3290194485E+00    0.0000000000E+00    0.0000000000E+00    0.0000000000E+00    0.0000000000E+00    0.0000000000E+00    0.0000000000E+00    0.9999901882E+00    0.9999901882E+00    0.1000000000E+01
    6    0.1369166667E+02    0.3483418059E+00   -0.4644557413E+00   -0.2019393386E+00    0.0000000000E+00    0.0000000000E+00    0.0000000000E+00    0.0000000000E+00    0.0000000000E+00    0.0000000000E+00    0.9999813581E+00    0.9999813581E+00    0.1000000000E+01
    7    0.1369166667E+02   -0.4644557413E+00    0.3483418059E+00   -0.2035717523E+00    0.0000000000E+00    0.0000000000E+00    0.0000000000E+00    0.0000000000E+00    0.0000000000E+00    0.0000000000E+00    0.9999816722E+00    0.9999816722E+00    0.1000000000E+01
    1    0.1395000000E+02   -0.4644557413E+00   -0.4644557413E+00    0.4656238984E+00    0.0000000000E+00    0.0000000000E+00    0.0000000000E+00    0.0000000000E+00    0.0000000000E+00    0.0000000000E+00    0.9999922027E+00    0.9999922027E+00    0.1000000000E+01
    2    0.1395000000E+02   -0.4644557413E+00   -0.4644557413E+00    0.5204124008E+00    0.0000000000E+00    0.0000000000E+00    0.0000000000E+00    0.0000000000E+00    0.0000000000E+00    0.0000000000E+00    0.9999897259E+00    0.9999897259E+00    0.1000000000E+01
    3    0.1395000000E+02    0.3483418059E+00   -0.4644557413E+00   -0.1350647588E+00    0.0000000000E+00    0.0000000000E+00    0.0000000000E+00    0.0000000000E+00    0.0000000000E+00    0.0000000000E+00    0.9999353548E+00    0.9999353548E+00    0.1000000000E+01
    4    0.1395000000E+02   -0.4644557413E+00    0.3483418059E+00   -0.1420346323E+00    0.0000000000E+00    0.0000000000E+00    0.0000000000E+00    0.0000000000E+00    0.0000000000E+00    0.0000000000E+00    0.9999389407E+00    0.9999389407E+00    0.1000000000E+01
    5    0.1395000000E+02   -0.4644557413E+00   -0.4644557413E+00   -0.4330669760E+00    0.0000000000E+00    0.0000000000E+00    0.0000000000E+00    0.0000000000E+00    0.0000000000E+00    0.0000000000E+00    0.9999907307E+00    0.9999907307E+00    0.1000000000E+01
    6    0.1395000000E+02    0.3483418059E+00   -0.4644557413E+00   -0.3929284705E+00    0.0000000000E+00    0.0000000000E+00    0.0000000000E+00    0.0000000000E+00    0.0000000000E+00    0.0000000000E+00    0.9999798079E+00    0.9999798079E+00    0.1000000000E+01
    7    0.1395000000E+02   -0.4644557413E+00    0.3483418059E+00   -0.3924815186E+00    0.0000000000E+00    0.0000000000E+00    0.0000000000E+00    0.0000000000E+00    0.0000000000E+00    0.0000000000E+00    0.9999813971E+00    0.9999813971E+00    0.1000000000E+01
    1    0.1420833333E+02   -0.4644557413E+00   -0.4644557413E+00    0.3808398721E+00    0.0000000000E+00    0.0000000000E+00    0.0000000000E+00    0.0000000000E+00    0.0000000000E+00    0.0000000000E+00    0.9999919804E+00    0.9999919804E+00    0.1000000000E+01
    2    0.1420833333E+02   -0.4644557413E+00   -0.4644557413E+00    0.4112374762E+00    0.0000000000E+00    0.0000000000E+00    0.0000000000E+00    0.0000000000E+00    0.0000000000E+00    0.0000000000E+00    0.9999898245E+00    0.9999898245E+00    0.1000000000E+01
    3    0.1420833333E+02   -0.4644557413E+00   -0.4644557413E+00   -0.5368393201E+00    0.0000000000E+00    0.0000000000E+00    0.0000000000E+00    0.0000000000E+00    0.0000000000E+00    0.0000000000E+00    0.9999897760E+00    0.9999897760E+00    0.1000000000E+01
    1    0.1446666667E+02   -0.4644557413E+00   -0.4644557413E+00    0.4927630425E+00    0.0000000000E+00    0.0000000000E+00    0.0000000000E+00    0.0000000000E+00    0.0000000000E+00    0.0000000000E+00    0.9999873547E+00    0.9999873547E+00    0.1000000000E+01
    2    0.1446666667E+02   -0.4644557413E+00   -0.4644557413E+00    0.2899546254E+00    0.0000000000E+00    0.0000000000E+00    0.0000000000E+00    0.0000000000E+00    0.0000000000E+00    0.0000000000E+00    0.9999906634E+00    0.9999906634E+00    0.1000000000E+01
    3    0.1446666667E+02   -0.4644557413E+00   -0.4644557413E+00    0.2958560453E+00    0.0000000000E+00    0.0000000000E+00    0.0000000000E+00    0.0000000000E+00    0.0000000000E+00    0.0000000000E+00    0.9999880215E+00    0.9999880215E+00    0.1000000000E+01
    1    0.1472500000E+02   -0.4644557413E+00   -0.4644557413E+00    0.3335415852E+00    0.0000000000E+00    0.0000000000E+00    0.0000000000E+00    0.0000000000E+00    0.0000000000E+00    0.0000000000E+00    0.9999809243E+00    0.9999809243E+00    0.1000000000E+01
    2    0.1472500000E+02   -0.4644557413E+00   -0.4644557413E+00    0.1748239756E+00    0.0000000000E+00    0.0000000000E+00    0.0000000000E+00    0.0000000000E+00    0.0000000000E+00    0.0000000000E+00    0.9999860315E+00    0.9999860315E+00    0.1000000000E+01
    3    0.1472500000E+02   -0.4644557413E+00   -0.4644557413E+00    0.1342612777E+00    0.0000000000E+00    0.0000000000E+00    0.0000000000E+00    0.0000000000E+00    0.0000000000E+00    0.0000000000E+00    0.9999766204E+00    0.9999766204E+00    0.1000000000E+01
