    1    0.1291666667E+01    0.1161139353E+00    0.0000000000E+00    0.6999595572E-01    0.0000000000E+00    0.0000000000E+00    0.0000000000E+00    0.0000000000E+00    0.0000000000E+00    0.0000000000E+00    0.9999987229E+00    0.9999987229E+00    0.1000000000E+01
    1    0.1550000000E+01    0.1161139353E+00    0.0000000000E+00    0.1638951732E+00    0.0000000000E+00    0.0000000000E+00    0.0000000000E+00    0.0000000000E+00    0.0000000000E+00    0.0000000000E+00    0.9999992231E+00    0.9999992231E+00    0.1000000000E+01
    1    0.1808333333E+01    0.1161139353E+00    0.0000000000E+00    0.2211581228E+00    0.0000000000E+00    0.0000000000E+00    0.0000000000E+00    0.0000000000E+00    0.0000000000E+00    0.0000000000E+00    0.9999993001E+00    0.9999993001E+00    0.1000000000E+01
    2    0.1808333333E+01    0.1161139353E+00    0.0000000000E+00    0.2303834052E+00    0.0000000000E+00    0.0000000000E+00    0.0000000000E+00    0.0000000000E+00    0.0000000000E+00    0.0000000000E+00    0.9999992455E+00    0.9999992455E+00    0.1000000000E+01
    1    0.2066666667E+01    0.1161139353E+00    0.0000000000E+00    0.2691685504E+00    0.0000000000E+00    0.0000000000E+00    0.0000000000E+00    0.0000000000E+00    0.0000000000E+00    0.0000000000E+00    0.9999994146E+00    0.9999994146E+00    0.1000000000E+01
    2    0.2066666667E+01    0.1161139353E+00    0.0000000000E+00    0.2896222855E+00    0.0000000000E+00    0.0000000000E+00    0.0000000000E+00    0.0000000000E+00    0.0000000000E+00    0.0000000000E+00    0.9999992034E+00    0.9999992034E+00    0.1000000000E+01
    1    0.2325000000E+01    0.1161139353E+00    0.0000000000E+00    0.3085827515E+00    0.0000000000E+00    0.0000000000E+00    0.0000000000E+00    0.0000000000E+00    0.0000000000E+00    0.0000000000E+00    0.9999994198E+00    0.9999994198E+00    0.1000000000E+01
    2    0.2325000000E+01    0.1161139353E+00    0.0000000000E+00    0.3461587085E+00    0.0000000000E+00    0.0000000000E+00    0.0000000000E+00    0.0000000000E+00    0.0000000000E+00    0.0000000000E+00    0.9999991302E+00    0.9999991302E+00    0.1000000000E+01
    1    0.2583333333E+01    0.1161139353E+00    0.0000000000E+00    0.3447764365E+00    0.0000000000E+00    0.0000000000E+00    0.0000000000E+00    0.0000000000E+00    0.0000000000E+00    0.0000000000E+00    0.9999993924E+00    0.9999993924E+00    0.1000000000E+01
    2    0.2583333333E+01    0.1161139353E+00    0.0000000000E+00    0.4022154473E+00    0.0000000000E+00    0.0000000000E+00    0.0000000000E+00    0.0000000000E+00    0.0000000000E+00    0.0000000000E+00    0.9999990303E+00    0.9999990303E+00    0.1000000000E+01
    1    0.2841666667E+01    0.1161139353E+00    0.0000000000E+00    0.3796670064E+00    0.0000000000E+00    0.0000000000E+00    0.0000000000E+00    0.0000000000E+00    0.0000000000E+00    0.0000000000E+00    0.9999993466E+00    0.9999993466E+00    0.1000000000E+01
    2    0.2841666667E+01    0.1161139353E+00    0.0000000000E+00    0.4594517347E+00    0.1161139353E+00    0.0000000000E+00    0.4594517347E+00    0.2913922887E-01    0.2988784916E-13    0.5060063955E+01    0.9999988985E+00    0.9999988985E+00    0.1000000000E+01
    1    0.3100000000E+01    0.1161139353E+00    0.0000000000E+00    0.6548918699E-01    0.0000000000E+00    0.0000000000E+00    0.0000000000E+00    0.0000000000E+00    0.0000000000E+00    0.0000000000E+00    0.9999990600E+00    0.9999990600E+00    0.1000000000E+01
    2    0.3100000000E+01   -0.6966836119E+00    0.0000000000E+00   -0.3338182170E+00    0.0000000000E+00    0.0000000000E+00    0.0000000000E+00    0.0000000000E+00    0.0000000000E+00    0.0000000000E+00    0.9999975791E+00    0.9999975791E+00    0.1000000000E+01
    3    0.3100000000E+01   -0.6966836119E+00    0.0000000000E+00    0.4507548216E+00    0.0000000000E+00    0.0000000000E+00    0.0000000000E+00    0.0000000000E+00    0.0000000000E+00    0.0000000000E+00    0.9999975437E+00    0.9999975437E+00    0.1000000000E+01
    4    0.3100000000E+01    0.1161139353E+00    0.0000000000E+00    0.4143093236E+00    0.0000000000E+00    0.0000000000E+00    0.0000000000E+00    0.0000000000E+00    0.0000000000E+00    0.0000000000E+00    0.9999992832E+00    0.9999992832E+00    0.1000000000E+01
    5    0.3100000000E+01    0.1161139353E+00    0.0000000000E+00    0.5195968928E+00    0.0000000000E+00    0.0000000000E+00    0.0000000000E+00    0.0000000000E+00    0.0000000000E+00    0.0000000000E+00    0.9999987200E+00    0.9999987200E+00    0.1000000000E+01
    6    0.3100000000E+01   -0.6966836119E+00    0.0000000000E+00    0.5304107978E+00    0.0000000000E+00    0.0000000000E+00    0.0000000000E+00    0.0000000000E+00    0.0000000000E+00    0.0000000000E+00    0.9999963682E+00    0.9999963682E+00    0.1000000000E+01
    1    0.3358333333E+01   -0.6966836119E+00    0.0000000000E+00   -0.2587234743E+00    0.0000000000E+00    0.0000000000E+00    0.0000000000E+00    0.0000000000E+00    0.0000000000E+00    0.0000000000E+00    0.9999987375E+00    0.9999987375E+00    0.1000000000E+01
    2    0.3358333333E+01    0.1161139353E+00    0.0000000000E+00    0.1054166652E+00    0.0000000000E+00    0.0000000000E+00    0.0000000000E+00    0.0000000000E+00    0.0000000000E+00    0.0000000000E+00    0.9999991870E+00    0.9999991870E+00    0.1000000000E+01
    3    0.3358333333E+01   -0.6966836119E+00    0.0000000000E+00    0.5277839924E+00    0.0000000000E+00    0.0000000000E+00    0.0000000000E+00    0.0000000000E+00    0.0000000000E+00    0.0000000000E+00    0.9999986980E+00    0.9999986980E+00    0.1000000000E+01
    4    0.3358333333E+01    0.1161139353E+00    0.0000000000E+00    0.4494948590E+00    0.0000000000E+00    0.0000000000E+00    0.0000000000E+00    0.0000000000E+00    0.0000000000E+00    0.0000000000E+00    0.9999992142E+00    0.9999992142E+00    0.1000000000E+01
    5    0.3358333333E+01   -0.6966836119E+00    0.0000000000E+00   -0.4820866763E+00    0.0000000000E+00    0.0000000000E+00    0.0000000000E+00    0.0000000000E+00    0.0000000000E+00    0.0000000000E+00    0.9999974505E+00    0.9999974505E+00    0.1000000000E+01
    6    0.3358333333E+01    0.1161139353E+00    0.0000000000E+00   -0.5647063723E+00    0.0000000000E+00    0.0000000000E+00    0.0000000000E+00    0.0000000000E+00    0.0000000000E+00    0.0000000000E+00    0.9999984444E+00    0.9999984444E+00    0.1000000000E+01
    1    0.3616666667E+01    0.1161139353E+00    0.0000000000E+00    0.1398796965E+00    0.0000000000E+00    0.0000000000E+00    0.0000000000E+00    0.0000000000E+00    0.0000000000E+00    0.0000000000E+00    0.9999991967E+00    0.9999991967E+00    0.1000000000E+01
    2    0.3616666667E+01   -0.6966836119E+00    0.0000000000E+00   -0.2082764650E+00    0.0000000000E+00    0.0000000000E+00    0.0000000000E+00    0.0000000000E+00    0.0000000000E+00    0.0000000000E+00    0.9999988056E+00    0.9999988056E+00    0.1000000000E+01
    3    0.3616666667E+01    0.1161139353E+00    0.0000000000E+00    0.4860048103E+00    0.0000000000E+00    0.0000000000E+00    0.0000000000E+00    0.0000000000E+00    0.0000000000E+00    0.0000000000E+00    0.9999991155E+00    0.9999991155E+00    0.1000000000E+01
    4    0.3616666667E+01    0.1161139353E+00    0.8127975472E+00    0.5360035796E+00    0.1161139353E+00    0.8127975472E+00    0.5360035796E+00    0.0000000000E+00    0.0000000000E+00    0.0000000000E+00    0.9999891773E+00    0.9999891773E+00    0.1000000000E+01
    5    0.3616666667E+01   -0.6966836119E+00    0.0000000000E+00   -0.5727098569E+00    0.0000000000E+00    0.0000000000E+00    0.0000000000E+00    0.0000000000E+00    0.0000000000E+00    0.0000000000E+00    0.9999974351E+00    0.9999974351E+00    0.1000000000E+01
    6    0.3616666667E+01    0.1161139353E+00    0.8127975472E+00   -0.3711305944E+00    0.1161139353E+00    0.8127975472E+00   -0.3711305944E+00    0.0000000000E+00    0.0000000000E+00    0.0000000000E+00    0.9999940791E+00    0.9999940791E+00    0.1000000000E+01
    7    0.3616666667E+01   -0.6966836119E+00    0.0000000000E+00   -0.3753546692E+00    0.0000000000E+00    0.0000000000E+00    0.0000000000E+00    0.0000000000E+00    0.0000000000E+00    0.0000000000E+00    0.9999975516E+00    0.9999975516E+00    0.1000000000E+01
    8    0.3616666667E+01    0.1161139353E+00    0.0000000000E+00   -0.4902391403E+00    0.0000000000E+00    0.0000000000E+00    0.0000000000E+00    0.0000000000E+00    0.0000000000E+00    0.0000000000E+00    0.9999980667E+00    0.9999980667E+00    0.1000000000E+01
    1    0.3875000000E+01    0.1161139353E+00    0.0000000000E+00    0.1722262285E+00    0.0000000000E+00    0.0000000000E+00    0.0000000000E+00    0.0000000000E+00    0.0000000000E+00    0.0000000000E+00    0.9999991743E+00    0.9999991743E+00    0.1000000000E+01
    2    0.3875000000E+01    0.1161139353E+00    0.0000000000E+00    0.5248313176E+00    0.0000000000E+00    0.0000000000E+00    0.0000000000E+00    0.0000000000E+00    0.0000000000E+00    0.0000000000E+00    0.9999989791E+00    0.9999989791E+00    0.1000000000E+01
    3    0.3875000000E+01   -0.6966836119E+00    0.0000000000E+00   -0.5255246858E+00    0.0000000000E+00    0.0000000000E+00    0.0000000000E+00    0.0000000000E+00    0.0000000000E+00    0.0000000000E+00    0.9999989052E+00    0.9999989052E+00    0.1000000000E+01
    4    0.3875000000E+01   -0.6966836119E+00    0.0000000000E+00   -0.1642683919E+00    0.0000000000E+00    0.0000000000E+00    0.0000000000E+00    0.0000000000E+00    0.0000000000E+00    0.0000000000E+00    0.9999989094E+00    0.9999989094E+00    0.1000000000E+01
    5    0.3875000000E+01    0.1161139353E+00    0.0000000000E+00   -0.3990732301E+00    0.0000000000E+00    0.0000000000E+00    0.0000000000E+00    0.0000000000E+00    0.0000000000E+00    0.0000000000E+00    0.9999973245E+00    0.9999973245E+00    0.1000000000E+01
    6    0.3875000000E+01    0.1161139353E+00    0.8127975472E+00   -0.2543825282E+00    0.1161139353E+00    0.8127975472E+00   -0.2543825282E+00    0.0000000000E+00    0.0000000000E+00    0.0000000000E+00    0.9999978274E+00    0.9999978274E+00    0.1000000000E+01
    7    0.3875000000E+01   -0.6966836119E+00    0.0000000000E+00   -0.2710187935E+00    0.0000000000E+00    0.0000000000E+00    0.0000000000E+00    0.0000000000E+00    0.0000000000E+00    0.0000000000E+00    0.9999971897E+00    0.9999971897E+00    0.1000000000E+01
    8    0.3875000000E+01    0.1161139353E+00    0.8127975472E+00   -0.2543709770E+00    0.1161139353E+00    0.8127975472E+00   -0.2543709770E+00    0.0000000000E+00    0.0000000000E+00    0.0000000000E+00    0.9999977032E+00    0.9999977032E+00    0.1000000000E+01
    1    0.4133333333E+01    0.1161139353E+00    0.0000000000E+00    0.2035526807E+00    0.0000000000E+00    0.0000000000E+00    0.0000000000E+00    0.0000000000E+00    0.0000000000E+00    0.0000000000E+00    0.9999991089E+00    0.9999991089E+00    0.1000000000E+01
    2    0.4133333333E+01    0.1161139353E+00    0.0000000000E+00    0.5687598664E+00    0.0000000000E+00    0.0000000000E+00    0.0000000000E+00    0.0000000000E+00    0.0000000000E+00    0.0000000000E+00    0.9999984484E+00    0.9999984484E+00    0.1000000000E+01
    3    0.4133333333E+01   -0.6966836119E+00    0.0000000000E+00   -0.4841250433E+00    0.0000000000E+00    0.0000000000E+00    0.0000000000E+00    0.0000000000E+00    0.0000000000E+00    0.0000000000E+00    0.9999988966E+00    0.9999988966E+00    0.1000000000E+01
    4    0.4133333333E+01   -0.6966836119E+00    0.0000000000E+00   -0.1215908494E+00    0.0000000000E+00    0.0000000000E+00    0.0000000000E+00    0.0000000000E+00    0.0000000000E+00    0.0000000000E+00    0.9999988171E+00    0.9999988171E+00    0.1000000000E+01
    5    0.4133333333E+01    0.1161139353E+00    0.8127975472E+00   -0.1768028037E+00    0.1161139353E+00    0.8127975472E+00   -0.1768028037E+00    0.0000000000E+00    0.0000000000E+00    0.0000000000E+00    0.9999979725E+00    0.9999979725E+00    0.1000000000E+01
    6    0.4133333333E+01    0.1161139353E+00    0.0000000000E+00   -0.2677702221E+00    0.0000000000E+00    0.0000000000E+00    0.0000000000E+00    0.0000000000E+00    0.0000000000E+00    0.0000000000E+00    0.9999952683E+00    0.9999952683E+00    0.1000000000E+01
    7    0.4133333333E+01    0.1161139353E+00    0.8127975472E+00   -0.1739873351E+00    0.1161139353E+00    0.8127975472E+00   -0.1739873351E+00    0.0000000000E+00    0.0000000000E+00    0.0000000000E+00    0.9999979220E+00    0.9999979220E+00    0.1000000000E+01
    8    0.4133333333E+01   -0.6966836119E+00    0.0000000000E+00   -0.1404583158E+00    0.0000000000E+00    0.0000000000E+00    0.0000000000E+00    0.0000000000E+00    0.0000000000E+00    0.0000000000E+00    0.9999952786E+00    0.9999952786E+00    0.1000000000E+01
    1    0.4391666667E+01    0.1161139353E+00    0.0000000000E+00   -0.5344289620E+00    0.0000000000E+00    0.0000000000E+00    0.0000000000E+00    0.0000000000E+00    0.0000000000E+00    0.0000000000E+00    0.9999984702E+00    0.9999984702E+00    0.1000000000E+01
    2    0.4391666667E+01   -0.6966836119E+00    0.0000000000E+00   -0.4443503047E+00    0.0000000000E+00    0.0000000000E+00    0.0000000000E+00    0.0000000000E+00    0.0000000000E+00    0.0000000000E+00    0.9999988508E+00    0.9999988508E+00    0.1000000000E+01
    3    0.4391666667E+01    0.1161139353E+00    0.8127975472E+00   -0.4691197268E+00    0.1161139353E+00    0.8127975472E+00   -0.4691197268E+00    0.0000000000E+00    0.0000000000E+00    0.0000000000E+00    0.9999976865E+00    0.9999976865E+00    0.1000000000E+01
    4    0.4391666667E+01   -0.6966836119E+00    0.8127975472E+00    0.2352672593E+00   -0.6966836119E+00    0.8127975472E+00    0.2352672593E+00    0.0000000000E+00    0.0000000000E+00    0.0000000000E+00    0.9999947103E+00    0.9999947103E+00    0.1000000000E+01
    5    0.4391666667E+01    0.1161139353E+00    0.0000000000E+00    0.2343776435E+00    0.0000000000E+00    0.0000000000E+00    0.0000000000E+00    0.0000000000E+00    0.0000000000E+00    0.0000000000E+00    0.9999991009E+00    0.9999991009E+00    0.1000000000E+01
    6    0.4391666667E+01   -0.6966836119E+00    0.0000000000E+00   -0.7462569842E-01    0.0000000000E+00    0.0000000000E+00    0.0000000000E+00    0.0000000000E+00    0.0000000000E+00    0.0000000000E+00    0.9999984657E+00    0.9999984657E+00    0.1000000000E+01
    7    0.4391666667E+01   -0.6966836119E+00    0.8127975472E+00   -0.7958535422E-01   -0.6966836119E+00    0.8127975472E+00   -0.7958535422E-01    0.0000000000E+00    0.0000000000E+00    0.0000000000E+00    0.9999948239E+00    0.9999948239E+00    0.1000000000E+01
    8    0.4391666667E+01    0.1161139353E+00    0.8127975472E+00   -0.9742398165E-01    0.1161139353E+00    0.8127975472E+00   -0.9742398165E-01    0.0000000000E+00    0.0000000000E+00    0.0000000000E+00    0.9999973372E+00    0.9999973372E+00    0.1000000000E+01
    9    0.4391666667E+01   -0.6966836119E+00    0.8127975472E+00    0.2260275523E+00   -0.6966836119E+00    0.8127975472E+00    0.2260275523E+00    0.0000000000E+00    0.0000000000E+00    0.0000000000E+00    0.9999939042E+00    0.9999939042E+00    0.1000000000E+01
   10    0.4391666667E+01    0.1161139353E+00    0.8127975472E+00   -0.4783065990E+00    0.1161139353E+00    0.8127975472E+00   -0.4783065990E+00    0.0000000000E+00    0.0000000000E+00    0.0000000000E+00    0.9999974999E+00    0.9999974999E+00    0.1000000000E+01
   11    0.4391666667E+01    0.1161139353E+00    0.8127975472E+00   -0.9212261188E-01    0.1161139353E+00    0.8127975472E+00   -0.9212261188E-01    0.0000000000E+00    0.0000000000E+00    0.0000000000E+00    0.9999972897E+00    0.9999972897E+00    0.1000000000E+01
   12    0.4391666667E+01   -0.6966836119E+00    0.8127975472E+00   -0.9619466998E-01   -0.6966836119E+00    0.8127975472E+00   -0.9619466998E-01    0.0000000000E+00    0.0000000000E+00    0.0000000000E+00    0.9999939496E+00    0.9999939496E+00    0.1000000000E+01
    1    0.4650000000E+01    0.1161139353E+00    0.0000000000E+00    0.2649982997E+00    0.0000000000E+00    0.0000000000E+00    0.0000000000E+00    0.0000000000E+00    0.0000000000E+00    0.0000000000E+00    0.9999990258E+00    0.9999990258E+00    0.1000000000E+01
    2    0.4650000000E+01   -0.6966836119E+00    0.8127975472E+00    0.3479820062E+00   -0.6966836119E+00    0.8127975472E+00    0.3479820062E+00    0.0000000000E+00    0.0000000000E+00    0.0000000000E+00    0.9999973297E+00    0.9999973297E+00    0.1000000000E+01
    3    0.4650000000E+01    0.1161139353E+00    0.0000000000E+00   -0.4744426531E+00    0.0000000000E+00    0.0000000000E+00    0.0000000000E+00    0.0000000000E+00    0.0000000000E+00    0.0000000000E+00    0.9999979177E+00    0.9999979177E+00    0.1000000000E+01
    4    0.4650000000E+01    0.1161139353E+00    0.8127975472E+00   -0.3969509963E+00    0.1161139353E+00    0.8127975472E+00   -0.3969509963E+00    0.0000000000E+00    0.0000000000E+00    0.0000000000E+00    0.9999979022E+00    0.9999979022E+00    0.1000000000E+01
    5    0.4650000000E+01   -0.6966836119E+00    0.0000000000E+00   -0.4050949922E+00    0.0000000000E+00    0.0000000000E+00    0.0000000000E+00    0.0000000000E+00    0.0000000000E+00    0.0000000000E+00    0.9999987962E+00    0.9999987962E+00    0.1000000000E+01
    6    0.4650000000E+01   -0.6966836119E+00    0.8127975472E+00    0.2921142767E-01   -0.6966836119E+00    0.8127975472E+00    0.2921142767E-01    0.0000000000E+00    0.0000000000E+00    0.0000000000E+00    0.9999974450E+00    0.9999974450E+00    0.1000000000E+01
    7    0.4650000000E+01   -0.6966836119E+00    0.8127975472E+00    0.3436292819E+00   -0.6966836119E+00    0.8127975472E+00    0.3436292819E+00    0.0000000000E+00    0.0000000000E+00    0.0000000000E+00    0.9999973743E+00    0.9999973743E+00    0.1000000000E+01
    8    0.4650000000E+01    0.1161139353E+00    0.8127975472E+00   -0.4040102253E+00    0.1161139353E+00    0.8127975472E+00   -0.4040102253E+00    0.0000000000E+00    0.0000000000E+00    0.0000000000E+00    0.9999978518E+00    0.9999978518E+00    0.1000000000E+01
    9    0.4650000000E+01   -0.6966836119E+00    0.8127975472E+00    0.1975481831E-01   -0.6966836119E+00    0.8127975472E+00    0.1975481831E-01    0.0000000000E+00    0.0000000000E+00    0.0000000000E+00    0.9999973471E+00    0.9999973471E+00    0.1000000000E+01
    1    0.4908333333E+01   -0.6966836119E+00    0.8127975472E+00    0.4269021180E+00   -0.6966836119E+00    0.8127975472E+00    0.4269021180E+00    0.0000000000E+00    0.0000000000E+00    0.0000000000E+00    0.9999975231E+00    0.9999975231E+00    0.1000000000E+01
    2    0.4908333333E+01    0.1161139353E+00    0.0000000000E+00    0.2956193602E+00    0.0000000000E+00    0.0000000000E+00    0.0000000000E+00    0.0000000000E+00    0.0000000000E+00    0.0000000000E+00    0.9999989396E+00    0.9999989396E+00    0.1000000000E+01
    3    0.4908333333E+01    0.1161139353E+00    0.0000000000E+00   -0.3853137989E+00    0.0000000000E+00    0.0000000000E+00    0.0000000000E+00    0.0000000000E+00    0.0000000000E+00    0.0000000000E+00    0.9999960896E+00    0.9999960896E+00    0.1000000000E+01
    4    0.4908333333E+01   -0.6966836119E+00    0.0000000000E+00   -0.3655106957E+00    0.0000000000E+00    0.0000000000E+00    0.0000000000E+00    0.0000000000E+00    0.0000000000E+00    0.0000000000E+00    0.9999987061E+00    0.9999987061E+00    0.1000000000E+01
    5    0.4908333333E+01    0.1161139353E+00    0.8127975472E+00   -0.3279125698E+00    0.1161139353E+00    0.8127975472E+00   -0.3279125698E+00    0.0000000000E+00    0.0000000000E+00    0.0000000000E+00    0.9999976943E+00    0.9999976943E+00    0.1000000000E+01
    6    0.4908333333E+01   -0.6966836119E+00    0.8127975472E+00    0.1026113316E+00   -0.6966836119E+00    0.8127975472E+00    0.1026113316E+00    0.0000000000E+00    0.0000000000E+00    0.0000000000E+00    0.9999978606E+00    0.9999978606E+00    0.1000000000E+01
    7    0.4908333333E+01   -0.6966836119E+00    0.8127975472E+00    0.4217666903E+00   -0.6966836119E+00    0.8127975472E+00    0.4217666903E+00    0.0000000000E+00    0.0000000000E+00    0.0000000000E+00    0.9999975807E+00    0.9999975807E+00    0.1000000000E+01
    8    0.4908333333E+01    0.1161139353E+00    0.8127975472E+00   -0.3335299245E+00    0.1161139353E+00    0.8127975472E+00   -0.3335299245E+00    0.0000000000E+00    0.0000000000E+00    0.0000000000E+00    0.9999976548E+00    0.9999976548E+00    0.1000000000E+01
    9    0.4908333333E+01   -0.6966836119E+00    0.8127975472E+00    0.9424285466E-01   -0.6966836119E+00    0.8127975472E+00    0.9424285466E-01    0.0000000000E+00    0.0000000000E+00    0.0000000000E+00    0.9999978259E+00    0.9999978259E+00    0.1000000000E+01
    1    0.5166666667E+01   -0.6966836119E+00    0.8127975472E+00    0.5117753062E+00   -0.6966836119E+00    0.8127975472E+00    0.5117753062E+00    0.0000000000E+00    0.0000000000E+00    0.0000000000E+00    0.9999962640E+00    0.9999962640E+00    0.1000000000E+01
    2    0.5166666667E+01   -0.6966836119E+00    0.0000000000E+00   -0.3247433886E+00    0.0000000000E+00    0.0000000000E+00    0.0000000000E+00    0.0000000000E+00    0.0000000000E+00    0.0000000000E+00    0.9999985819E+00    0.9999985819E+00    0.1000000000E+01
    3    0.5166666667E+01    0.1161139353E+00    0.0000000000E+00    0.3262681766E+00    0.0000000000E+00    0.0000000000E+00    0.0000000000E+00    0.0000000000E+00    0.0000000000E+00    0.0000000000E+00    0.9999989508E+00    0.9999989508E+00    0.1000000000E+01
    4    0.5166666667E+01    0.1161139353E+00    0.8127975472E+00   -0.2495625560E+00    0.1161139353E+00    0.8127975472E+00   -0.2495625560E+00    0.0000000000E+00    0.0000000000E+00    0.0000000000E+00    0.9999969512E+00    0.9999969512E+00    0.1000000000E+01
    5    0.5166666667E+01   -0.6966836119E+00    0.8127975472E+00    0.1661680832E+00   -0.6966836119E+00    0.8127975472E+00    0.1661680832E+00    0.0000000000E+00    0.0000000000E+00    0.0000000000E+00    0.9999978948E+00    0.9999978948E+00    0.1000000000E+01
    6    0.5166666667E+01   -0.6966836119E+00    0.8127975472E+00    0.5021506770E+00   -0.6966836119E+00    0.8127975472E+00    0.5021506770E+00    0.0000000000E+00    0.0000000000E+00    0.0000000000E+00    0.9999967027E+00    0.9999967027E+00    0.1000000000E+01
    7    0.5166666667E+01    0.1161139353E+00    0.8127975472E+00   -0.2544789137E+00    0.1161139353E+00    0.8127975472E+00   -0.2544789137E+00    0.0000000000E+00    0.0000000000E+00    0.0000000000E+00    0.9999969602E+00    0.9999969602E+00    0.1000000000E+01
    8    0.5166666667E+01   -0.6966836119E+00    0.8127975472E+00    0.1586668162E+00   -0.6966836119E+00    0.8127975472E+00    0.1586668162E+00    0.0000000000E+00    0.0000000000E+00    0.0000000000E+00    0.9999978722E+00    0.9999978722E+00    0.1000000000E+01
    1    0.5425000000E+01   -0.6966836119E+00    0.0000000000E+00   -0.2816967945E+00    0.0000000000E+00    0.0000000000E+00    0.0000000000E+00    0.0000000000E+00    0.0000000000E+00    0.0000000000E+00    0.9999984046E+00    0.9999984046E+00    0.1000000000E+01
    2    0.5425000000E+01    0.1161139353E+00    0.0000000000E+00    0.3571905562E+00    0.0000000000E+00    0.0000000000E+00    0.0000000000E+00    0.0000000000E+00    0.0000000000E+00    0.0000000000E+00    0.9999988920E+00    0.9999988920E+00    0.1000000000E+01
    3    0.5425000000E+01    0.1161139353E+00    0.8127975472E+00   -0.1063394690E+00    0.1161139353E+00    0.8127975472E+00   -0.1063394690E+00    0.0000000000E+00    0.0000000000E+00    0.0000000000E+00    0.9999865939E+00    0.9999865939E+00    0.1000000000E+01
    4    0.5425000000E+01   -0.6966836119E+00    0.8127975472E+00    0.2281124278E+00   -0.6966836119E+00    0.8127975472E+00    0.2281124278E+00    0.0000000000E+00    0.0000000000E+00    0.0000000000E+00    0.9999977420E+00    0.9999977420E+00    0.1000000000E+01
    5    0.5425000000E+01    0.1161139353E+00    0.8127975472E+00   -0.1251877016E+00    0.1161139353E+00    0.8127975472E+00   -0.1251877016E+00    0.0000000000E+00    0.0000000000E+00    0.0000000000E+00    0.9999910410E+00    0.9999910410E+00    0.1000000000E+01
    6    0.5425000000E+01   -0.6966836119E+00    0.8127975472E+00    0.2213732784E+00   -0.6966836119E+00    0.8127975472E+00    0.2213732784E+00    0.0000000000E+00    0.0000000000E+00    0.0000000000E+00    0.9999977170E+00    0.9999977170E+00    0.1000000000E+01
    1    0.5683333333E+01   -0.6966836119E+00    0.0000000000E+00   -0.2346044236E+00    0.0000000000E+00    0.0000000000E+00    0.0000000000E+00    0.0000000000E+00    0.0000000000E+00    0.0000000000E+00    0.9999981283E+00    0.9999981283E+00    0.1000000000E+01
    2    0.5683333333E+01    0.1161139353E+00    0.0000000000E+00    0.3883532247E+00    0.0000000000E+00    0.0000000000E+00    0.0000000000E+00    0.0000000000E+00    0.0000000000E+00    0.0000000000E+00    0.9999988296E+00    0.9999988296E+00    0.1000000000E+01
    3    0.5683333333E+01   -0.6966836119E+00    0.8127975472E+00    0.2958269243E+00   -0.6966836119E+00    0.8127975472E+00    0.2958269243E+00    0.0000000000E+00    0.0000000000E+00    0.0000000000E+00    0.9999971976E+00    0.9999971976E+00    0.1000000000E+01
    4    0.5683333333E+01   -0.6966836119E+00    0.8127975472E+00    0.2896541552E+00   -0.6966836119E+00    0.8127975472E+00    0.2896541552E+00    0.0000000000E+00    0.0000000000E+00    0.0000000000E+00    0.9999971851E+00    0.9999971851E+00    0.1000000000E+01
    1    0.5941666667E+01   -0.6966836119E+00    0.0000000000E+00   -0.1797830039E+00    0.0000000000E+00    0.0000000000E+00    0.0000000000E+00    0.0000000000E+00    0.0000000000E+00    0.0000000000E+00    0.9999976111E+00    0.9999976111E+00    0.1000000000E+01
    2    0.5941666667E+01    0.1161139353E+00    0.0000000000E+00    0.4197964674E+00    0.0000000000E+00    0.0000000000E+00    0.0000000000E+00    0.0000000000E+00    0.0000000000E+00    0.0000000000E+00    0.9999987654E+00    0.9999987654E+00    0.1000000000E+01
    3    0.5941666667E+01   -0.6966836119E+00    0.8127975472E+00    0.3973522477E+00   -0.6966836119E+00    0.8127975472E+00    0.3973522477E+00    0.0000000000E+00    0.0000000000E+00    0.0000000000E+00    0.9999931659E+00    0.9999931659E+00    0.1000000000E+01
    4    0.5941666667E+01   -0.6966836119E+00    0.8127975472E+00    0.3897755589E+00   -0.6966836119E+00    0.8127975472E+00    0.3897755589E+00    0.0000000000E+00    0.0000000000E+00    0.0000000000E+00    0.9999935391E+00    0.9999935391E+00    0.1000000000E+01
    1    0.6200000000E+01    0.1161139353E+00    0.0000000000E+00    0.4515249194E+00    0.0000000000E+00    0.0000000000E+00    0.0000000000E+00    0.0000000000E+00    0.0000000000E+00    0.0000000000E+00    0.9999987007E+00    0.9999987007E+00    0.1000000000E+01
    2    0.6200000000E+01   -0.6966836119E+00    0.0000000000E+00   -0.1050042103E+00    0.0000000000E+00    0.0000000000E+00    0.0000000000E+00    0.0000000000E+00    0.0000000000E+00    0.0000000000E+00    0.9999959917E+00    0.9999959917E+00    0.1000000000E+01
    1    0.6458333333E+01    0.1161139353E+00    0.0000000000E+00    0.4835181775E+00    0.0000000000E+00    0.0000000000E+00    0.0000000000E+00    0.0000000000E+00    0.0000000000E+00    0.0000000000E+00    0.9999986363E+00    0.9999986363E+00    0.1000000000E+01
    2    0.6458333333E+01   -0.6966836119E+00    0.0000000000E+00    0.1383217403E-01    0.0000000000E+00    0.0000000000E+00    0.0000000000E+00    0.0000000000E+00    0.0000000000E+00    0.0000000000E+00    0.9999909116E+00    0.9999909116E+00    0.1000000000E+01
    1    0.6716666667E+01    0.1161139353E+00    0.0000000000E+00    0.5157352026E+00    0.0000000000E+00    0.0000000000E+00    0.0000000000E+00    0.0000000000E+00    0.0000000000E+00    0.0000000000E+00    0.9999985733E+00    0.9999985733E+00    0.1000000000E+01
    2    0.6716666667E+01   -0.6966836119E+00    0.0000000000E+00    0.8352712620E-01    0.0000000000E+00    0.0000000000E+00    0.0000000000E+00    0.0000000000E+00    0.0000000000E+00    0.0000000000E+00    0.9999979734E+00    0.9999979734E+00    0.1000000000E+01
    1    0.6975000000E+01   -0.6966836119E+00    0.0000000000E+00    0.1247673305E+00    0.0000000000E+00    0.0000000000E+00    0.0000000000E+00    0.0000000000E+00    0.0000000000E+00    0.0000000000E+00    0.9999982479E+00    0.9999982479E+00    0.1000000000E+01
    2    0.6975000000E+01    0.1161139353E+00    0.0000000000E+00    0.5481221629E+00    0.0000000000E+00    0.0000000000E+00    0.0000000000E+00    0.0000000000E+00    0.0000000000E+00    0.0000000000E+00    0.9999985121E+00    0.9999985121E+00    0.1000000000E+01
    1    0.7233333333E+01   -0.6966836119E+00    0.0000000000E+00    0.1615714135E+00    0.0000000000E+00    0.0000000000E+00    0.0000000000E+00    0.0000000000E+00    0.0000000000E+00    0.0000000000E+00    0.9999982976E+00    0.9999982976E+00    0.1000000000E+01
    2    0.7233333333E+01    0.1161139353E+00    0.0000000000E+00   -0.5688858674E+00    0.0000000000E+00    0.0000000000E+00    0.0000000000E+00    0.0000000000E+00    0.0000000000E+00    0.0000000000E+00    0.9999984472E+00    0.9999984472E+00    0.1000000000E+01
    1    0.7491666667E+01   -0.6966836119E+00    0.0000000000E+00    0.1969420345E+00    0.0000000000E+00    0.0000000000E+00    0.0000000000E+00    0.0000000000E+00    0.0000000000E+00    0.0000000000E+00    0.9999982712E+00    0.9999982712E+00    0.1000000000E+01
    2    0.7491666667E+01    0.1161139353E+00    0.0000000000E+00   -0.5363191699E+00    0.0000000000E+00    0.0000000000E+00    0.0000000000E+00    0.0000000000E+00    0.0000000000E+00    0.0000000000E+00    0.9999983970E+00    0.9999983970E+00    0.1000000000E+01
    1    0.7750000000E+01   -0.6966836119E+00    0.0000000000E+00    0.2321001858E+00    0.0000000000E+00    0.0000000000E+00    0.0000000000E+00    0.0000000000E+00    0.0000000000E+00    0.0000000000E+00    0.9999982016E+00    0.9999982016E+00    0.1000000000E+01
    2    0.7750000000E+01    0.1161139353E+00    0.0000000000E+00   -0.5037545127E+00    0.0000000000E+00    0.0000000000E+00    0.0000000000E+00    0.0000000000E+00    0.0000000000E+00    0.0000000000E+00    0.9999983417E+00    0.9999983417E+00    0.1000000000E+01
    1    0.8008333333E+01   -0.6966836119E+00    0.0000000000E+00    0.2677928946E+00    0.0000000000E+00    0.0000000000E+00    0.0000000000E+00    0.0000000000E+00    0.0000000000E+00    0.0000000000E+00    0.9999980971E+00    0.9999980971E+00    0.1000000000E+01
    2    0.8008333333E+01    0.1161139353E+00    0.0000000000E+00   -0.4711860888E+00    0.0000000000E+00    0.0000000000E+00    0.0000000000E+00    0.0000000000E+00    0.0000000000E+00    0.0000000000E+00    0.9999982863E+00    0.9999982863E+00    0.1000000000E+01
    1    0.8266666667E+01   -0.6966836119E+00    0.0000000000E+00    0.3046416807E+00    0.0000000000E+00    0.0000000000E+00    0.0000000000E+00    0.0000000000E+00    0.0000000000E+00    0.0000000000E+00    0.9999979562E+00    0.9999979562E+00    0.1000000000E+01
    2    0.8266666667E+01    0.1161139353E+00    0.0000000000E+00   -0.4385979124E+00    0.0000000000E+00    0.0000000000E+00    0.0000000000E+00    0.0000000000E+00    0.0000000000E+00    0.0000000000E+00    0.9999982292E+00    0.9999982292E+00    0.1000000000E+01
    1    0.8525000000E+01    0.1161139353E+00    0.0000000000E+00   -0.4059473948E+00    0.0000000000E+00    0.0000000000E+00    0.0000000000E+00    0.0000000000E+00    0.0000000000E+00    0.0000000000E+00    0.9999981688E+00    0.9999981688E+00    0.1000000000E+01
    2    0.8525000000E+01   -0.6966836119E+00    0.0000000000E+00    0.3433076916E+00    0.0000000000E+00    0.0000000000E+00    0.0000000000E+00    0.0000000000E+00    0.0000000000E+00    0.0000000000E+00    0.9999977695E+00    0.9999977695E+00    0.1000000000E+01
    3    0.8525000000E+01    0.1161139353E+00    0.8127975472E+00    0.1050642036E+00    0.1161139353E+00    0.8127975472E+00    0.1050642036E+00    0.0000000000E+00    0.0000000000E+00    0.0000000000E+00    0.9999948557E+00    0.9999948557E+00    0.1000000000E+01
    4    0.8525000000E+01    0.1161139353E+00    0.8127975472E+00    0.1028496952E+00    0.1161139353E+00    0.8127975472E+00    0.1028496952E+00    0.0000000000E+00    0.0000000000E+00    0.0000000000E+00    0.9999950210E+00    0.9999950210E+00    0.1000000000E+01
    1    0.8783333333E+01    0.1161139353E+00    0.0000000000E+00   -0.3731676145E+00    0.0000000000E+00    0.0000000000E+00    0.0000000000E+00    0.0000000000E+00    0.0000000000E+00    0.0000000000E+00    0.9999981037E+00    0.9999981037E+00    0.1000000000E+01
    2    0.8783333333E+01   -0.6966836119E+00    0.0000000000E+00    0.3846409673E+00    0.0000000000E+00    0.0000000000E+00    0.0000000000E+00    0.0000000000E+00    0.0000000000E+00    0.0000000000E+00    0.9999975172E+00    0.9999975172E+00    0.1000000000E+01
    3    0.8783333333E+01    0.1161139353E+00    0.8127975472E+00    0.1775375379E+00    0.1161139353E+00    0.8127975472E+00    0.1775375379E+00    0.0000000000E+00    0.0000000000E+00    0.0000000000E+00    0.9999964666E+00    0.9999964666E+00    0.1000000000E+01
    4    0.8783333333E+01    0.1161139353E+00    0.8127975472E+00    0.1735889733E+00    0.1161139353E+00    0.8127975472E+00    0.1735889733E+00    0.0000000000E+00    0.0000000000E+00    0.0000000000E+00    0.9999965260E+00    0.9999965260E+00    0.1000000000E+01
    1    0.9041666667E+01    0.1161139353E+00    0.0000000000E+00   -0.3401707320E+00    0.0000000000E+00    0.0000000000E+00    0.0000000000E+00    0.0000000000E+00    0.0000000000E+00    0.0000000000E+00    0.9999980322E+00    0.9999980322E+00    0.1000000000E+01
    2    0.9041666667E+01   -0.6966836119E+00    0.0000000000E+00    0.4299197355E+00    0.0000000000E+00    0.0000000000E+00    0.0000000000E+00    0.0000000000E+00    0.0000000000E+00    0.0000000000E+00    0.9999971573E+00    0.9999971573E+00    0.1000000000E+01
    3    0.9041666667E+01    0.1161139353E+00    0.8127975472E+00    0.2339542301E+00    0.1161139353E+00    0.8127975472E+00    0.2339542301E+00    0.0000000000E+00    0.0000000000E+00    0.0000000000E+00    0.9999968532E+00    0.9999968532E+00    0.1000000000E+01
    4    0.9041666667E+01    0.1161139353E+00    0.8127975472E+00    0.2293306900E+00    0.1161139353E+00    0.8127975472E+00    0.2293306900E+00    0.0000000000E+00    0.0000000000E+00    0.0000000000E+00    0.9999968762E+00    0.9999968762E+00    0.1000000000E+01
    1    0.9300000000E+01    0.1161139353E+00    0.0000000000E+00   -0.3068509148E+00    0.0000000000E+00    0.0000000000E+00    0.0000000000E+00    0.0000000000E+00    0.0000000000E+00    0.0000000000E+00    0.9999979528E+00    0.9999979528E+00    0.1000000000E+01
    2    0.9300000000E+01   -0.6966836119E+00    0.0000000000E+00    0.4814066620E+00    0.0000000000E+00    0.0000000000E+00    0.0000000000E+00    0.0000000000E+00    0.0000000000E+00    0.0000000000E+00    0.9999965891E+00    0.9999965891E+00    0.1000000000E+01
    3    0.9300000000E+01    0.1161139353E+00    0.8127975472E+00    0.2852861832E+00    0.1161139353E+00    0.8127975472E+00    0.2852861832E+00    0.0000000000E+00    0.0000000000E+00    0.0000000000E+00    0.9999969299E+00    0.9999969299E+00    0.1000000000E+01
    4    0.9300000000E+01    0.1161139353E+00    0.8127975472E+00    0.2804975537E+00    0.1161139353E+00    0.8127975472E+00    0.2804975537E+00    0.0000000000E+00    0.0000000000E+00    0.0000000000E+00    0.9999969274E+00    0.9999969274E+00    0.1000000000E+01
    1    0.9558333333E+01    0.1161139353E+00    0.0000000000E+00   -0.2730859241E+00    0.0000000000E+00    0.0000000000E+00    0.0000000000E+00    0.0000000000E+00    0.0000000000E+00    0.0000000000E+00    0.9999978639E+00    0.9999978639E+00    0.1000000000E+01
    2    0.9558333333E+01   -0.6966836119E+00    0.0000000000E+00    0.5441922996E+00    0.0000000000E+00    0.0000000000E+00    0.0000000000E+00    0.0000000000E+00    0.0000000000E+00    0.0000000000E+00    0.9999954750E+00    0.9999954750E+00    0.1000000000E+01
    3    0.9558333333E+01    0.1161139353E+00    0.8127975472E+00    0.3354847257E+00    0.1161139353E+00    0.8127975472E+00    0.3354847257E+00    0.0000000000E+00    0.0000000000E+00    0.0000000000E+00    0.9999968246E+00    0.9999968246E+00    0.1000000000E+01
    4    0.9558333333E+01    0.1161139353E+00    0.8127975472E+00    0.3309329470E+00    0.1161139353E+00    0.8127975472E+00    0.3309329470E+00    0.0000000000E+00    0.0000000000E+00    0.0000000000E+00    0.9999967972E+00    0.9999967972E+00    0.1000000000E+01
    1    0.9816666667E+01   -0.6966836119E+00    0.0000000000E+00    0.2547354875E+00    0.0000000000E+00    0.0000000000E+00    0.0000000000E+00    0.0000000000E+00    0.0000000000E+00    0.0000000000E+00    0.9999870399E+00    0.9999870399E+00    0.1000000000E+01
    2    0.9816666667E+01   -0.6966836119E+00    0.0000000000E+00   -0.5127480799E+00    0.0000000000E+00    0.0000000000E+00    0.0000000000E+00    0.0000000000E+00    0.0000000000E+00    0.0000000000E+00    0.9999914357E+00    0.9999914357E+00    0.1000000000E+01
    3    0.9816666667E+01    0.1161139353E+00    0.0000000000E+00   -0.2387369228E+00    0.0000000000E+00    0.0000000000E+00    0.0000000000E+00    0.0000000000E+00    0.0000000000E+00    0.0000000000E+00    0.9999977638E+00    0.9999977638E+00    0.1000000000E+01
    4    0.9816666667E+01   -0.6966836119E+00    0.8127975472E+00   -0.3218436756E+00   -0.6966836119E+00    0.8127975472E+00   -0.3218436756E+00    0.0000000000E+00    0.0000000000E+00    0.0000000000E+00    0.9999931661E+00    0.9999931661E+00    0.1000000000E+01
    5    0.9816666667E+01    0.1161139353E+00    0.8127975472E+00    0.3875302448E+00    0.1161139353E+00    0.8127975472E+00    0.3875302448E+00    0.0000000000E+00    0.0000000000E+00    0.0000000000E+00    0.9999965069E+00    0.9999965069E+00    0.1000000000E+01
    6    0.9816666667E+01    0.1161139353E+00    0.8127975472E+00    0.3836462122E+00    0.1161139353E+00    0.8127975472E+00    0.3836462122E+00    0.0000000000E+00    0.0000000000E+00    0.0000000000E+00    0.9999964470E+00    0.9999964470E+00    0.1000000000E+01
    7    0.9816666667E+01   -0.6966836119E+00    0.8127975472E+00   -0.3256604227E+00   -0.6966836119E+00    0.8127975472E+00   -0.3256604227E+00    0.0000000000E+00    0.0000000000E+00    0.0000000000E+00    0.9999929707E+00    0.9999929707E+00    0.1000000000E+01
    1    0.1007500000E+02    0.1161139353E+00    0.0000000000E+00   -0.2036462014E+00    0.0000000000E+00    0.0000000000E+00    0.0000000000E+00    0.0000000000E+00    0.0000000000E+00    0.0000000000E+00    0.9999976503E+00    0.9999976503E+00    0.1000000000E+01
    2    0.1007500000E+02    0.1161139353E+00    0.8127975472E+00    0.4462147472E+00    0.1161139353E+00    0.8127975472E+00    0.4462147472E+00    0.0000000000E+00    0.0000000000E+00    0.0000000000E+00    0.9999956743E+00    0.9999956743E+00    0.1000000000E+01
    3    0.1007500000E+02   -0.6966836119E+00    0.8127975472E+00   -0.2268691379E+00   -0.6966836119E+00    0.8127975472E+00   -0.2268691379E+00    0.0000000000E+00    0.0000000000E+00    0.0000000000E+00    0.9999939081E+00    0.9999939081E+00    0.1000000000E+01
    4    0.1007500000E+02   -0.6966836119E+00    0.8127975472E+00   -0.2285705143E+00   -0.6966836119E+00    0.8127975472E+00   -0.2285705143E+00    0.0000000000E+00    0.0000000000E+00    0.0000000000E+00    0.9999937897E+00    0.9999937897E+00    0.1000000000E+01
    5    0.1007500000E+02    0.1161139353E+00    0.8127975472E+00    0.4436549684E+00    0.1161139353E+00    0.8127975472E+00    0.4436549684E+00    0.0000000000E+00    0.0000000000E+00    0.0000000000E+00    0.9999955506E+00    0.9999955506E+00    0.1000000000E+01
    1    0.1033333333E+02    0.1161139353E+00    0.0000000000E+00   -0.1676323972E+00    0.0000000000E+00    0.0000000000E+00    0.0000000000E+00    0.0000000000E+00    0.0000000000E+00    0.0000000000E+00    0.9999975208E+00    0.9999975208E+00    0.1000000000E+01
    2    0.1033333333E+02    0.1161139353E+00    0.8127975472E+00    0.5373859281E+00    0.1161139353E+00    0.8127975472E+00    0.5373859281E+00    0.0000000000E+00    0.0000000000E+00    0.0000000000E+00    0.9999878010E+00    0.9999878010E+00    0.1000000000E+01
    3    0.1033333333E+02   -0.6966836119E+00    0.8127975472E+00   -0.1228043098E+00   -0.6966836119E+00    0.8127975472E+00   -0.1228043098E+00    0.0000000000E+00    0.0000000000E+00    0.0000000000E+00    0.9999911317E+00    0.9999911317E+00    0.1000000000E+01
    4    0.1033333333E+02    0.1161139353E+00    0.8127975472E+00    0.5396342456E+00    0.1161139353E+00    0.8127975472E+00    0.5396342456E+00    0.0000000000E+00    0.0000000000E+00    0.0000000000E+00    0.9999862276E+00    0.9999862276E+00    0.1000000000E+01
    5    0.1033333333E+02   -0.6966836119E+00    0.8127975472E+00   -0.1222141034E+00   -0.6966836119E+00    0.8127975472E+00   -0.1222141034E+00    0.0000000000E+00    0.0000000000E+00    0.0000000000E+00    0.9999908753E+00    0.9999908753E+00    0.1000000000E+01
    1    0.1059166667E+02    0.1161139353E+00    0.0000000000E+00   -0.1304822781E+00    0.0000000000E+00    0.0000000000E+00    0.0000000000E+00    0.0000000000E+00    0.0000000000E+00    0.0000000000E+00    0.9999973715E+00    0.9999973715E+00    0.1000000000E+01
    1    0.1085000000E+02    0.1161139353E+00    0.0000000000E+00   -0.9193661228E-01    0.0000000000E+00    0.0000000000E+00    0.0000000000E+00    0.0000000000E+00    0.0000000000E+00    0.0000000000E+00    0.9999971974E+00    0.9999971974E+00    0.1000000000E+01
    1    0.1110833333E+02   -0.6966836119E+00    0.0000000000E+00    0.1393135033E+00    0.0000000000E+00    0.0000000000E+00    0.0000000000E+00    0.0000000000E+00    0.0000000000E+00    0.0000000000E+00    0.9999911140E+00    0.9999911140E+00    0.1000000000E+01
    2    0.1110833333E+02    0.1161139353E+00    0.0000000000E+00   -0.5165861555E-01    0.0000000000E+00    0.0000000000E+00    0.0000000000E+00    0.0000000000E+00    0.0000000000E+00    0.0000000000E+00    0.9999969887E+00    0.9999969887E+00    0.1000000000E+01
    3    0.1110833333E+02   -0.6966836119E+00    0.8127975472E+00   -0.4483958212E+00   -0.6966836119E+00    0.8127975472E+00   -0.4483958212E+00    0.0000000000E+00    0.0000000000E+00    0.0000000000E+00    0.9999944405E+00    0.9999944405E+00    0.1000000000E+01
    4    0.1110833333E+02   -0.6966836119E+00    0.8127975472E+00   -0.4454840028E+00   -0.6966836119E+00    0.8127975472E+00   -0.4454840028E+00    0.0000000000E+00    0.0000000000E+00    0.0000000000E+00    0.9999944528E+00    0.9999944528E+00    0.1000000000E+01
    1    0.1136666667E+02   -0.6966836119E+00    0.0000000000E+00    0.2395272244E+00    0.0000000000E+00    0.0000000000E+00    0.0000000000E+00    0.0000000000E+00    0.0000000000E+00    0.0000000000E+00    0.9999934755E+00    0.9999934755E+00    0.1000000000E+01
    2    0.1136666667E+02    0.1161139353E+00    0.0000000000E+00   -0.8815191224E-02    0.0000000000E+00    0.0000000000E+00    0.0000000000E+00    0.0000000000E+00    0.0000000000E+00    0.0000000000E+00    0.9999965247E+00    0.9999965247E+00    0.1000000000E+01
    3    0.1136666667E+02   -0.6966836119E+00    0.8127975472E+00   -0.3796111329E+00   -0.6966836119E+00    0.8127975472E+00   -0.3796111329E+00    0.0000000000E+00    0.0000000000E+00    0.0000000000E+00    0.9999951837E+00    0.9999951837E+00    0.1000000000E+01
    4    0.1136666667E+02   -0.6966836119E+00    0.8127975472E+00   -0.3766398187E+00   -0.6966836119E+00    0.8127975472E+00   -0.3766398187E+00    0.0000000000E+00    0.0000000000E+00    0.0000000000E+00    0.9999951712E+00    0.9999951712E+00    0.1000000000E+01
    1    0.1162500000E+02   -0.6966836119E+00    0.0000000000E+00    0.3207854196E+00    0.0000000000E+00    0.0000000000E+00    0.0000000000E+00    0.0000000000E+00    0.0000000000E+00    0.0000000000E+00    0.9999941692E+00    0.9999941692E+00    0.1000000000E+01
    2    0.1162500000E+02    0.1161139353E+00    0.0000000000E+00    0.3542035463E-01    0.0000000000E+00    0.0000000000E+00    0.0000000000E+00    0.0000000000E+00    0.0000000000E+00    0.0000000000E+00    0.9999964310E+00    0.9999964310E+00    0.1000000000E+01
    3    0.1162500000E+02   -0.6966836119E+00    0.8127975472E+00   -0.3159349423E+00   -0.6966836119E+00    0.8127975472E+00   -0.3159349423E+00    0.0000000000E+00    0.0000000000E+00    0.0000000000E+00    0.9999951258E+00    0.9999951258E+00    0.1000000000E+01
    4    0.1162500000E+02   -0.6966836119E+00    0.8127975472E+00   -0.3127613055E+00   -0.6966836119E+00    0.8127975472E+00   -0.3127613055E+00    0.0000000000E+00    0.0000000000E+00    0.0000000000E+00    0.9999951084E+00    0.9999951084E+00    0.1000000000E+01
    1    0.1188333333E+02   -0.6966836119E+00    0.0000000000E+00    0.3940291549E+00    0.0000000000E+00    0.0000000000E+00    0.0000000000E+00    0.0000000000E+00    0.0000000000E+00    0.0000000000E+00    0.9999944856E+00    0.9999944856E+00    0.1000000000E+01
    2    0.1188333333E+02    0.1161139353E+00    0.0000000000E+00    0.8394709912E-01    0.0000000000E+00    0.0000000000E+00    0.0000000000E+00    0.0000000000E+00    0.0000000000E+00    0.0000000000E+00    0.9999960581E+00    0.9999960581E+00    0.1000000000E+01
    3    0.1188333333E+02    0.1161139353E+00    0.8127975472E+00   -0.4483184392E+00    0.1161139353E+00    0.8127975472E+00   -0.4483184392E+00    0.0000000000E+00    0.0000000000E+00    0.0000000000E+00    0.9999886364E+00    0.9999886364E+00    0.1000000000E+01
    4    0.1188333333E+02   -0.6966836119E+00    0.8127975472E+00   -0.2498655884E+00   -0.6966836119E+00    0.8127975472E+00   -0.2498655884E+00    0.0000000000E+00    0.0000000000E+00    0.0000000000E+00    0.9999945848E+00    0.9999945848E+00    0.1000000000E+01
    5    0.1188333333E+02   -0.6966836119E+00    0.8127975472E+00   -0.2464347905E+00   -0.6966836119E+00    0.8127975472E+00   -0.2464347905E+00    0.0000000000E+00    0.0000000000E+00    0.0000000000E+00    0.9999945614E+00    0.9999945614E+00    0.1000000000E+01
    6    0.1188333333E+02    0.1161139353E+00    0.8127975472E+00   -0.4375696026E+00    0.1161139353E+00    0.8127975472E+00   -0.4375696026E+00    0.0000000000E+00    0.0000000000E+00    0.0000000000E+00    0.9999878625E+00    0.9999878625E+00    0.1000000000E+01
    1    0.1214166667E+02   -0.6966836119E+00    0.0000000000E+00    0.4632891069E+00    0.0000000000E+00    0.0000000000E+00    0.0000000000E+00    0.0000000000E+00    0.0000000000E+00    0.0000000000E+00    0.9999945522E+00    0.9999945522E+00    0.1000000000E+01
    2    0.1214166667E+02    0.1161139353E+00    0.0000000000E+00    0.1369970159E+00    0.0000000000E+00    0.0000000000E+00    0.0000000000E+00    0.0000000000E+00    0.0000000000E+00    0.0000000000E+00    0.9999955482E+00    0.9999955482E+00    0.1000000000E+01
    3    0.1214166667E+02    0.1161139353E+00    0.8127975472E+00   -0.2896391658E+00    0.1161139353E+00    0.8127975472E+00   -0.2896391658E+00    0.0000000000E+00    0.0000000000E+00    0.0000000000E+00    0.9999831983E+00    0.9999831983E+00    0.1000000000E+01
    4    0.1214166667E+02   -0.6966836119E+00    0.8127975472E+00   -0.1732991476E+00   -0.6966836119E+00    0.8127975472E+00   -0.1732991476E+00    0.0000000000E+00    0.0000000000E+00    0.0000000000E+00    0.9999930442E+00    0.9999930442E+00    0.1000000000E+01
    5    0.1214166667E+02    0.1161139353E+00    0.8127975472E+00   -0.2637244401E+00    0.1161139353E+00    0.8127975472E+00   -0.2637244401E+00    0.0000000000E+00    0.0000000000E+00    0.0000000000E+00    0.9999810970E+00    0.9999810970E+00    0.1000000000E+01
    6    0.1214166667E+02   -0.6966836119E+00    0.8127975472E+00   -0.1694447268E+00   -0.6966836119E+00    0.8127975472E+00   -0.1694447268E+00    0.0000000000E+00    0.0000000000E+00    0.0000000000E+00    0.9999929909E+00    0.9999929909E+00    0.1000000000E+01
    1    0.1240000000E+02   -0.6966836119E+00    0.0000000000E+00    0.5318333633E+00    0.0000000000E+00    0.0000000000E+00    0.0000000000E+00    0.0000000000E+00    0.0000000000E+00    0.0000000000E+00    0.9999943577E+00    0.9999943577E+00    0.1000000000E+01
    2    0.1240000000E+02    0.1161139353E+00    0.0000000000E+00    0.1963993708E+00    0.0000000000E+00    0.0000000000E+00    0.0000000000E+00    0.0000000000E+00    0.0000000000E+00    0.0000000000E+00    0.9999948406E+00    0.9999948406E+00    0.1000000000E+01
    3    0.1240000000E+02   -0.6966836119E+00    0.8127975472E+00   -0.4046762554E-01   -0.6966836119E+00    0.8127975472E+00   -0.4046762554E-01    0.0000000000E+00    0.0000000000E+00    0.0000000000E+00    0.9999730990E+00    0.9999730990E+00    0.1000000000E+01
    4    0.1240000000E+02   -0.6966836119E+00    0.8127975472E+00   -0.2952013561E-01   -0.6966836119E+00    0.8127975472E+00   -0.2952013561E-01    0.0000000000E+00    0.0000000000E+00    0.0000000000E+00    0.9999640986E+00    0.9999640986E+00    0.1000000000E+01
    1    0.1265833333E+02   -0.6966836119E+00    0.0000000000E+00   -0.5464303905E+00    0.0000000000E+00    0.0000000000E+00    0.0000000000E+00    0.0000000000E+00    0.0000000000E+00    0.0000000000E+00    0.9999938281E+00    0.9999938281E+00    0.1000000000E+01
    2    0.1265833333E+02    0.1161139353E+00    0.0000000000E+00    0.2648099085E+00    0.0000000000E+00    0.0000000000E+00    0.0000000000E+00    0.0000000000E+00    0.0000000000E+00    0.0000000000E+00    0.9999938554E+00    0.9999938554E+00    0.1000000000E+01
    1    0.1291666667E+02   -0.6966836119E+00    0.0000000000E+00   -0.4672643119E+00    0.0000000000E+00    0.0000000000E+00    0.0000000000E+00    0.0000000000E+00    0.0000000000E+00    0.0000000000E+00    0.9999927342E+00    0.9999927342E+00    0.1000000000E+01
    2    0.1291666667E+02    0.1161139353E+00    0.0000000000E+00    0.3449490857E+00    0.0000000000E+00    0.0000000000E+00    0.0000000000E+00    0.0000000000E+00    0.0000000000E+00    0.0000000000E+00    0.9999926964E+00    0.9999926964E+00    0.1000000000E+01
    1    0.1317500000E+02   -0.6966836119E+00    0.0000000000E+00   -0.3692631647E+00    0.0000000000E+00    0.0000000000E+00    0.0000000000E+00    0.0000000000E+00    0.0000000000E+00    0.0000000000E+00    0.9999899824E+00    0.9999899824E+00    0.1000000000E+01
    2    0.1317500000E+02    0.1161139353E+00    0.0000000000E+00    0.4351534615E+00    0.0000000000E+00    0.0000000000E+00    0.0000000000E+00    0.0000000000E+00    0.0000000000E+00    0.0000000000E+00    0.9999919920E+00    0.9999919920E+00    0.1000000000E+01
    1    0.1343333333E+02   -0.6966836119E+00    0.0000000000E+00   -0.1932374620E+00    0.0000000000E+00    0.0000000000E+00    0.0000000000E+00    0.0000000000E+00    0.0000000000E+00    0.0000000000E+00    0.9999703547E+00    0.9999703547E+00    0.1000000000E+01
    2    0.1343333333E+02    0.1161139353E+00    0.0000000000E+00    0.5272146051E+00    0.0000000000E+00    0.0000000000E+00    0.0000000000E+00    0.0000000000E+00    0.0000000000E+00    0.0000000000E+00    0.9999919992E+00    0.9999919992E+00    0.1000000000E+01
    3    0.1343333333E+02   -0.6966836119E+00    0.8127975472E+00    0.3907290572E+00   -0.6966836119E+00    0.8127975472E+00    0.3907290572E+00    0.0000000000E+00    0.0000000000E+00    0.0000000000E+00    0.9999608432E+00    0.9999608432E+00    0.1000000000E+01
    4    0.1343333333E+02    0.1161139353E+00    0.0000000000E+00    0.3379227983E+00    0.0000000000E+00    0.0000000000E+00    0.0000000000E+00    0.0000000000E+00    0.0000000000E+00    0.0000000000E+00    0.9999792031E+00    0.9999792031E+00    0.1000000000E+01
    5    0.1343333333E+02   -0.6966836119E+00    0.8127975472E+00    0.4130105247E+00   -0.6966836119E+00    0.8127975472E+00    0.4130105247E+00   -0.2131702978E+00   -0.7009333599E+00    0.3535847560E+00    0.9999562679E+00    0.9999562679E+00    0.1000000000E+01
    6    0.1343333333E+02   -0.6966836119E+00    0.0000000000E+00    0.7124589023E-01    0.0000000000E+00    0.0000000000E+00    0.0000000000E+00    0.0000000000E+00    0.0000000000E+00    0.0000000000E+00    0.9999589494E+00    0.9999589494E+00    0.1000000000E+01
    1    0.1369166667E+02    0.1161139353E+00    0.0000000000E+00   -0.5336329236E+00    0.0000000000E+00    0.0000000000E+00    0.0000000000E+00    0.0000000000E+00    0.0000000000E+00    0.0000000000E+00    0.9999916754E+00    0.9999916754E+00    0.1000000000E+01
    2    0.1369166667E+02    0.1161139353E+00    0.8127975472E+00    0.3974588659E-01    0.1161139353E+00    0.8127975472E+00    0.3974588659E-01    0.0000000000E+00    0.0000000000E+00    0.0000000000E+00    0.9997153577E+00    0.9997153577E+00    0.1000000000E+01
    3    0.1369166667E+02    0.1161139353E+00    0.0000000000E+00    0.2527320668E+00    0.0000000000E+00    0.0000000000E+00    0.0000000000E+00    0.0000000000E+00    0.0000000000E+00    0.0000000000E+00    0.9999808668E+00    0.9999808668E+00    0.1000000000E+01
    4    0.1369166667E+02   -0.6966836119E+00    0.8127975472E+00    0.2680077769E+00   -0.6966836119E+00    0.8127975472E+00    0.2680077769E+00    0.0000000000E+00    0.0000000000E+00    0.0000000000E+00    0.9999617542E+00    0.9999617542E+00    0.1000000000E+01
    5    0.1369166667E+02    0.1161139353E+00    0.0000000000E+00    0.5091792754E+00    0.0000000000E+00    0.0000000000E+00    0.0000000000E+00    0.0000000000E+00    0.0000000000E+00    0.0000000000E+00    0.9999878162E+00    0.9999878162E+00    0.1000000000E+01
    6    0.1369166667E+02   -0.6966836119E+00    0.8127975472E+00    0.2851170559E+00   -0.6966836119E+00    0.8127975472E+00    0.2851170559E+00    0.0000000000E+00    0.0000000000E+00    0.0000000000E+00    0.9999576567E+00    0.9999576567E+00    0.1000000000E+01
    7    0.1369166667E+02   -0.6966836119E+00    0.0000000000E+00    0.2900060509E+00    0.0000000000E+00    0.0000000000E+00    0.0000000000E+00    0.0000000000E+00    0.0000000000E+00    0.0000000000E+00    0.9999852752E+00    0.9999852752E+00    0.1000000000E+01
    1    0.1395000000E+02    0.1161139353E+00    0.0000000000E+00   -0.4456391560E+00    0.0000000000E+00    0.0000000000E+00    0.0000000000E+00    0.0000000000E+00    0.0000000000E+00    0.0000000000E+00    0.9999917689E+00    0.9999917689E+00    0.1000000000E+01
    2    0.1395000000E+02    0.1161139353E+00    0.8127975472E+00    0.1171767308E+00    0.1161139353E+00    0.8127975472E+00    0.1171767308E+00    0.0000000000E+00    0.0000000000E+00    0.0000000000E+00    0.9999494766E+00    0.9999494766E+00    0.1000000000E+01
    3    0.1395000000E+02    0.1161139353E+00    0.0000000000E+00    0.4160584041E+00    0.0000000000E+00    0.0000000000E+00    0.0000000000E+00    0.0000000000E+00    0.0000000000E+00    0.0000000000E+00    0.9999872411E+00    0.9999872411E+00    0.1000000000E+01
    4    0.1395000000E+02    0.1161139353E+00    0.8127975472E+00    0.4490727982E+00    0.1161139353E+00    0.8127975472E+00    0.4490727982E+00    0.0000000000E+00    0.0000000000E+00    0.0000000000E+00    0.9999727088E+00    0.9999727088E+00    0.1000000000E+01
    5    0.1395000000E+02    0.1161139353E+00    0.8127975472E+00    0.1363150110E+00    0.1161139353E+00    0.8127975472E+00    0.1363150110E+00    0.0000000000E+00    0.0000000000E+00    0.0000000000E+00    0.9999583028E+00    0.9999583028E+00    0.1000000000E+01
    6    0.1395000000E+02    0.1161139353E+00    0.0000000000E+00   -0.5183434883E+00    0.0000000000E+00    0.0000000000E+00    0.0000000000E+00    0.0000000000E+00    0.0000000000E+00    0.0000000000E+00    0.9999896210E+00    0.9999896210E+00    0.1000000000E+01
    7    0.1395000000E+02    0.1161139353E+00    0.8127975472E+00    0.4658081546E+00    0.1161139353E+00    0.8127975472E+00    0.4658081546E+00    0.0000000000E+00    0.0000000000E+00    0.0000000000E+00    0.9999664883E+00    0.9999664883E+00    0.1000000000E+01
    8    0.1395000000E+02   -0.6966836119E+00    0.0000000000E+00    0.4569601585E+00    0.0000000000E+00    0.0000000000E+00    0.0000000000E+00    0.0000000000E+00    0.0000000000E+00    0.0000000000E+00    0.9999830629E+00    0.9999830629E+00    0.1000000000E+01
    1    0.1420833333E+02    0.1161139353E+00    0.0000000000E+00   -0.3529834758E+00    0.0000000000E+00    0.0000000000E+00    0.0000000000E+00    0.0000000000E+00    0.0000000000E+00    0.0000000000E+00    0.9999906639E+00    0.9999906639E+00    0.1000000000E+01
    2    0.1420833333E+02   -0.6966836119E+00    0.0000000000E+00    0.5624133538E+00    0.0000000000E+00    0.0000000000E+00    0.0000000000E+00    0.0000000000E+00    0.0000000000E+00    0.0000000000E+00    0.9997711531E+00    0.9997711531E+00    0.1000000000E+01
    3    0.1420833333E+02    0.1161139353E+00    0.0000000000E+00    0.5520495110E+00    0.0000000000E+00    0.0000000000E+00    0.0000000000E+00    0.0000000000E+00    0.0000000000E+00    0.0000000000E+00    0.9999871499E+00    0.9999871499E+00    0.1000000000E+01
    4    0.1420833333E+02    0.1161139353E+00    0.0000000000E+00   -0.4070646692E+00    0.1161139353E+00    0.0000000000E+00   -0.4070646692E+00   -0.2534813913E-01   -0.2329564463E-10    0.2714248087E+01    0.9999895615E+00    0.9999895615E+00    0.1000000000E+01
    1    0.1446666667E+02    0.1161139353E+00    0.0000000000E+00   -0.4460204392E+00    0.0000000000E+00    0.0000000000E+00    0.0000000000E+00    0.0000000000E+00    0.0000000000E+00    0.0000000000E+00    0.9999840321E+00    0.9999840321E+00    0.1000000000E+01
    2    0.1446666667E+02    0.1161139353E+00    0.0000000000E+00   -0.2424808200E+00    0.0000000000E+00    0.0000000000E+00    0.0000000000E+00    0.0000000000E+00    0.0000000000E+00    0.0000000000E+00    0.9999876252E+00    0.9999876252E+00    0.1000000000E+01
    3    0.1446666667E+02    0.1161139353E+00    0.0000000000E+00   -0.2877993839E+00    0.0000000000E+00    0.0000000000E+00    0.0000000000E+00    0.0000000000E+00    0.0000000000E+00    0.0000000000E+00    0.9999874976E+00    0.9999874976E+00    0.1000000000E+01
    1    0.1472500000E+02    0.1161139353E+00    0.0000000000E+00   -0.2323860589E+00    0.0000000000E+00    0.0000000000E+00    0.0000000000E+00    0.0000000000E+00    0.0000000000E+00    0.0000000000E+00    0.9999712914E+00    0.9999712914E+00    0.1000000000E+01
    2    0.1472500000E+02    0.1161139353E+00    0.0000000000E+00   -0.1111835027E+00    0.0000000000E+00    0.0000000000E+00    0.0000000000E+00    0.0000000000E+00    0.0000000000E+00    0.0000000000E+00    0.9999714203E+00    0.9999714203E+00    0.1000000000E+01
