    1    0.1291666667E+01    0.0000000000E+00   -0.1161139353E+00    0.1093537731E+00    0.0000000000E+00    0.0000000000E+00    0.0000000000E+00    0.0000000000E+00    0.0000000000E+00    0.0000000000E+00    0.9999992975E+00    0.9999992975E+00    0.1000000000E+01
    1    0.1550000000E+01    0.0000000000E+00   -0.1161139353E+00    0.1761196787E+00    0.0000000000E+00    0.0000000000E+00    0.0000000000E+00    0.0000000000E+00    0.0000000000E+00    0.0000000000E+00    0.9999993667E+00    0.9999993667E+00    0.1000000000E+01
    1    0.1808333333E+01    0.0000000000E+00   -0.1161139353E+00    0.2328453075E+00    0.0000000000E+00    0.0000000000E+00    0.0000000000E+00    0.0000000000E+00    0.0000000000E+00    0.0000000000E+00    0.9999993330E+00    0.9999993330E+00    0.1000000000E+01
    2    0.1808333333E+01    0.0000000000E+00   -0.1161139353E+00    0.2320852578E+00    0.0000000000E+00    0.0000000000E+00    0.0000000000E+00    0.0000000000E+00    0.0000000000E+00    0.0000000000E+00    0.9999993450E+00    0.9999993450E+00    0.1000000000E+01
    1    0.2066666667E+01    0.0000000000E+00   -0.1161139353E+00    0.2863991761E+00    0.0000000000E+00    0.0000000000E+00    0.0000000000E+00    0.0000000000E+00    0.0000000000E+00    0.0000000000E+00    0.9999992657E+00    0.9999992657E+00    0.1000000000E+01
    2    0.2066666667E+01    0.0000000000E+00   -0.1161139353E+00    0.2778541959E+00    0.0000000000E+00    0.0000000000E+00    0.0000000000E+00    0.0000000000E+00    0.0000000000E+00    0.0000000000E+00    0.9999994353E+00    0.9999994353E+00    0.1000000000E+01
    1    0.2325000000E+01    0.0000000000E+00   -0.1161139353E+00    0.3392947820E+00    0.0000000000E+00   -0.1161139353E+00    0.3392947820E+00   -0.5886375652E-11   -0.2131630756E+01    0.6701044897E+01    0.9999991750E+00    0.9999991750E+00    0.1000000000E+01
    2    0.2325000000E+01    0.0000000000E+00   -0.1161139353E+00    0.3160580285E+00    0.0000000000E+00    0.0000000000E+00    0.0000000000E+00    0.0000000000E+00    0.0000000000E+00    0.0000000000E+00    0.9999994355E+00    0.9999994355E+00    0.1000000000E+01
    1    0.2583333333E+01    0.0000000000E+00   -0.1161139353E+00    0.3930805687E+00    0.0000000000E+00    0.0000000000E+00    0.0000000000E+00    0.0000000000E+00    0.0000000000E+00    0.0000000000E+00    0.9999990594E+00    0.9999990594E+00    0.1000000000E+01
    2    0.2583333333E+01    0.0000000000E+00   -0.1161139353E+00    0.3513445662E+00    0.0000000000E+00    0.0000000000E+00    0.0000000000E+00    0.0000000000E+00    0.0000000000E+00    0.0000000000E+00    0.9999994066E+00    0.9999994066E+00    0.1000000000E+01
    1    0.2841666667E+01    0.0000000000E+00   -0.1161139353E+00    0.4491628152E+00    0.0000000000E+00    0.0000000000E+00    0.0000000000E+00    0.0000000000E+00    0.0000000000E+00    0.0000000000E+00    0.9999989100E+00    0.9999989100E+00    0.1000000000E+01
    2    0.2841666667E+01    0.0000000000E+00   -0.1161139353E+00    0.3854669541E+00    0.0000000000E+00    0.0000000000E+00    0.0000000000E+00    0.0000000000E+00    0.0000000000E+00    0.0000000000E+00    0.9999993603E+00    0.9999993603E+00    0.1000000000E+01
    1    0.3100000000E+01    0.0000000000E+00    0.6966836119E+00    0.5336819780E+00    0.0000000000E+00    0.0000000000E+00    0.0000000000E+00    0.0000000000E+00    0.0000000000E+00    0.0000000000E+00    0.9999963348E+00    0.9999963348E+00    0.1000000000E+01
    2    0.3100000000E+01    0.0000000000E+00   -0.1161139353E+00    0.5093527828E+00    0.0000000000E+00    0.0000000000E+00    0.0000000000E+00    0.0000000000E+00    0.0000000000E+00    0.0000000000E+00    0.9999987017E+00    0.9999987017E+00    0.1000000000E+01
    3    0.3100000000E+01    0.0000000000E+00   -0.1161139353E+00    0.5558296295E-01    0.0000000000E+00    0.0000000000E+00    0.0000000000E+00    0.0000000000E+00    0.0000000000E+00    0.0000000000E+00    0.9999989592E+00    0.9999989592E+00    0.1000000000E+01
    4    0.3100000000E+01    0.0000000000E+00    0.6966836119E+00   -0.3195702948E+00    0.0000000000E+00    0.0000000000E+00    0.0000000000E+00    0.0000000000E+00    0.0000000000E+00    0.0000000000E+00    0.9999979784E+00    0.9999979784E+00    0.1000000000E+01
    5    0.3100000000E+01    0.0000000000E+00   -0.1161139353E+00    0.4194209304E+00    0.0000000000E+00    0.0000000000E+00    0.0000000000E+00    0.0000000000E+00    0.0000000000E+00    0.0000000000E+00    0.9999992719E+00    0.9999992719E+00    0.1000000000E+01
    6    0.3100000000E+01    0.0000000000E+00    0.6966836119E+00    0.4545865390E+00    0.0000000000E+00    0.6966836119E+00    0.4545865390E+00    0.2530290217E-09    0.9029068462E+00   -0.1643048218E+00    0.9999979187E+00    0.9999979187E+00    0.1000000000E+01
    1    0.3358333333E+01    0.0000000000E+00    0.6966836119E+00   -0.4791294244E+00    0.0000000000E+00    0.0000000000E+00    0.0000000000E+00    0.0000000000E+00    0.0000000000E+00    0.0000000000E+00    0.9999974657E+00    0.9999974657E+00    0.1000000000E+01
    2    0.3358333333E+01    0.0000000000E+00   -0.1161139353E+00    0.9856404018E-01    0.0000000000E+00    0.0000000000E+00    0.0000000000E+00    0.0000000000E+00    0.0000000000E+00    0.0000000000E+00    0.9999991698E+00    0.9999991698E+00    0.1000000000E+01
    3    0.3358333333E+01    0.0000000000E+00    0.6966836119E+00   -0.2512761836E+00    0.0000000000E+00    0.0000000000E+00    0.0000000000E+00    0.0000000000E+00    0.0000000000E+00    0.0000000000E+00    0.9999988083E+00    0.9999988083E+00    0.1000000000E+01
    4    0.3358333333E+01    0.0000000000E+00   -0.1161139353E+00    0.4539707082E+00    0.0000000000E+00    0.0000000000E+00    0.0000000000E+00    0.0000000000E+00    0.0000000000E+00    0.0000000000E+00    0.9999992079E+00    0.9999992079E+00    0.1000000000E+01
    5    0.3358333333E+01    0.0000000000E+00    0.6966836119E+00    0.5258314826E+00    0.0000000000E+00    0.0000000000E+00    0.0000000000E+00    0.0000000000E+00    0.0000000000E+00    0.0000000000E+00    0.9999987398E+00    0.9999987398E+00    0.1000000000E+01
    1    0.3616666667E+01    0.0000000000E+00   -0.1161139353E+00   -0.4992503721E+00    0.0000000000E+00    0.0000000000E+00    0.0000000000E+00    0.0000000000E+00    0.0000000000E+00    0.0000000000E+00    0.9999979797E+00    0.9999979797E+00    0.1000000000E+01
    2    0.3616666667E+01    0.8127975472E+00   -0.1161139353E+00   -0.3905899408E+00    0.8127975472E+00   -0.1161139353E+00   -0.3905899408E+00    0.0000000000E+00    0.0000000000E+00    0.0000000000E+00    0.9999908695E+00    0.9999908695E+00    0.1000000000E+01
    3    0.3616666667E+01    0.0000000000E+00    0.6966836119E+00   -0.3733725322E+00    0.0000000000E+00    0.0000000000E+00    0.0000000000E+00    0.0000000000E+00    0.0000000000E+00    0.0000000000E+00    0.9999975809E+00    0.9999975809E+00    0.1000000000E+01
    4    0.3616666667E+01    0.8127975472E+00   -0.1161139353E+00    0.4749765171E+00    0.8127975472E+00   -0.1161139353E+00    0.4749765171E+00    0.0000000000E+00    0.0000000000E+00    0.0000000000E+00    0.9999901851E+00    0.9999901851E+00    0.1000000000E+01
    5    0.3616666667E+01    0.0000000000E+00    0.6966836119E+00   -0.2031687293E+00    0.0000000000E+00    0.0000000000E+00    0.0000000000E+00    0.0000000000E+00    0.0000000000E+00    0.0000000000E+00    0.9999989423E+00    0.9999989423E+00    0.1000000000E+01
    6    0.3616666667E+01    0.0000000000E+00   -0.1161139353E+00    0.1342974822E+00    0.0000000000E+00    0.0000000000E+00    0.0000000000E+00    0.0000000000E+00    0.0000000000E+00    0.0000000000E+00    0.9999991900E+00    0.9999991900E+00    0.1000000000E+01
    7    0.3616666667E+01    0.8127975472E+00   -0.1161139353E+00   -0.3611357392E+00    0.8127975472E+00   -0.1161139353E+00   -0.3611357392E+00    0.0000000000E+00    0.0000000000E+00    0.0000000000E+00    0.9999955266E+00    0.9999955266E+00    0.1000000000E+01
    8    0.3616666667E+01    0.8127975472E+00   -0.1161139353E+00    0.5382627126E+00    0.8127975472E+00   -0.1161139353E+00    0.5382627126E+00    0.0000000000E+00    0.0000000000E+00    0.0000000000E+00    0.9999883081E+00    0.9999883081E+00    0.1000000000E+01
    9    0.3616666667E+01    0.0000000000E+00   -0.1161139353E+00    0.4898772385E+00    0.0000000000E+00    0.0000000000E+00    0.0000000000E+00    0.0000000000E+00    0.0000000000E+00    0.0000000000E+00    0.9999991122E+00    0.9999991122E+00    0.1000000000E+01
    1    0.3875000000E+01    0.0000000000E+00   -0.1161139353E+00   -0.4034055271E+00    0.0000000000E+00    0.0000000000E+00    0.0000000000E+00    0.0000000000E+00    0.0000000000E+00    0.0000000000E+00    0.9999971601E+00    0.9999971601E+00    0.1000000000E+01
    2    0.3875000000E+01    0.0000000000E+00    0.6966836119E+00   -0.2705629851E+00    0.0000000000E+00    0.0000000000E+00    0.0000000000E+00    0.0000000000E+00    0.0000000000E+00    0.0000000000E+00    0.9999972394E+00    0.9999972394E+00    0.1000000000E+01
    3    0.3875000000E+01    0.8127975472E+00   -0.1161139353E+00   -0.2554026003E+00    0.8127975472E+00   -0.1161139353E+00   -0.2554026003E+00    0.0000000000E+00    0.0000000000E+00    0.0000000000E+00    0.9999977506E+00    0.9999977506E+00    0.1000000000E+01
    4    0.3875000000E+01    0.0000000000E+00   -0.1161139353E+00    0.1675427451E+00    0.0000000000E+00    0.0000000000E+00    0.0000000000E+00    0.0000000000E+00    0.0000000000E+00    0.0000000000E+00    0.9999991679E+00    0.9999991679E+00    0.1000000000E+01
    5    0.3875000000E+01    0.0000000000E+00    0.6966836119E+00   -0.1608022277E+00    0.0000000000E+00    0.0000000000E+00    0.0000000000E+00    0.0000000000E+00    0.0000000000E+00    0.0000000000E+00    0.9999989473E+00    0.9999989473E+00    0.1000000000E+01
    6    0.3875000000E+01    0.8127975472E+00   -0.1161139353E+00   -0.2485900949E+00    0.8127975472E+00   -0.1161139353E+00   -0.2485900949E+00    0.0000000000E+00    0.0000000000E+00    0.0000000000E+00    0.9999978627E+00    0.9999978627E+00    0.1000000000E+01
    7    0.3875000000E+01    0.0000000000E+00   -0.1161139353E+00    0.5280806306E+00    0.0000000000E+00    0.0000000000E+00    0.0000000000E+00    0.0000000000E+00    0.0000000000E+00    0.0000000000E+00    0.9999989823E+00    0.9999989823E+00    0.1000000000E+01
    8    0.3875000000E+01    0.0000000000E+00    0.6966836119E+00   -0.5295623861E+00    0.0000000000E+00    0.0000000000E+00    0.0000000000E+00    0.0000000000E+00    0.0000000000E+00    0.0000000000E+00    0.9999989065E+00    0.9999989065E+00    0.1000000000E+01
    1    0.4133333333E+01    0.0000000000E+00   -0.1161139353E+00   -0.2607987948E+00    0.0000000000E+00    0.0000000000E+00    0.0000000000E+00    0.0000000000E+00    0.0000000000E+00    0.0000000000E+00    0.9999946991E+00    0.9999946991E+00    0.1000000000E+01
    2    0.4133333333E+01    0.0000000000E+00    0.6966836119E+00   -0.1433410144E+00    0.0000000000E+00    0.0000000000E+00    0.0000000000E+00    0.0000000000E+00    0.0000000000E+00    0.0000000000E+00    0.9999954670E+00    0.9999954670E+00    0.1000000000E+01
    3    0.4133333333E+01    0.8127975472E+00   -0.1161139353E+00   -0.1760036638E+00    0.8127975472E+00   -0.1161139353E+00   -0.1760036638E+00    0.0000000000E+00    0.0000000000E+00    0.0000000000E+00    0.9999979380E+00    0.9999979380E+00    0.1000000000E+01
    4    0.4133333333E+01    0.0000000000E+00   -0.1161139353E+00    0.1996449010E+00    0.0000000000E+00    0.0000000000E+00    0.0000000000E+00    0.0000000000E+00    0.0000000000E+00    0.0000000000E+00    0.9999991196E+00    0.9999991196E+00    0.1000000000E+01
    5    0.4133333333E+01    0.0000000000E+00    0.6966836119E+00   -0.1195698036E+00    0.0000000000E+00    0.0000000000E+00    0.0000000000E+00    0.0000000000E+00    0.0000000000E+00    0.0000000000E+00    0.9999988549E+00    0.9999988549E+00    0.1000000000E+01
    6    0.4133333333E+01    0.8127975472E+00   -0.1161139353E+00   -0.1718513610E+00    0.8127975472E+00   -0.1161139353E+00   -0.1718513610E+00    0.0000000000E+00    0.0000000000E+00    0.0000000000E+00    0.9999979832E+00    0.9999979832E+00    0.1000000000E+01
    7    0.4133333333E+01    0.0000000000E+00    0.6966836119E+00   -0.4881306271E+00    0.0000000000E+00    0.0000000000E+00    0.0000000000E+00    0.0000000000E+00    0.0000000000E+00    0.0000000000E+00    0.9999988949E+00    0.9999988949E+00    0.1000000000E+01
    8    0.4133333333E+01    0.0000000000E+00   -0.1161139353E+00    0.5699665268E+00    0.0000000000E+00    0.0000000000E+00    0.0000000000E+00    0.0000000000E+00    0.0000000000E+00    0.0000000000E+00    0.9999988036E+00    0.9999988036E+00    0.1000000000E+01
    1    0.4391666667E+01    0.8127975472E+00   -0.1161139353E+00   -0.4782925550E+00    0.8127975472E+00   -0.1161139353E+00   -0.4782925550E+00    0.0000000000E+00    0.0000000000E+00    0.0000000000E+00    0.9999975343E+00    0.9999975343E+00    0.1000000000E+01
    2    0.4391666667E+01    0.8127975472E+00    0.6966836119E+00    0.2262007915E+00    0.8127975472E+00    0.6966836119E+00    0.2262007915E+00    0.0000000000E+00    0.0000000000E+00    0.0000000000E+00    0.9999938784E+00    0.9999938784E+00    0.1000000000E+01
    3    0.4391666667E+01    0.0000000000E+00   -0.1161139353E+00   -0.5315207711E+00    0.0000000000E+00    0.0000000000E+00    0.0000000000E+00    0.0000000000E+00    0.0000000000E+00    0.0000000000E+00    0.9999985028E+00    0.9999985028E+00    0.1000000000E+01
    4    0.4391666667E+01    0.8127975472E+00   -0.1161139353E+00   -0.4759585322E+00    0.8127975472E+00   -0.1161139353E+00   -0.4759585322E+00    0.0000000000E+00    0.0000000000E+00    0.0000000000E+00    0.9999975097E+00    0.9999975097E+00    0.1000000000E+01
    5    0.4391666667E+01    0.0000000000E+00    0.6966836119E+00   -0.4481273278E+00    0.0000000000E+00    0.0000000000E+00    0.0000000000E+00    0.0000000000E+00    0.0000000000E+00    0.0000000000E+00    0.9999988490E+00    0.9999988490E+00    0.1000000000E+01
    6    0.4391666667E+01    0.8127975472E+00    0.6966836119E+00   -0.9586859700E-01    0.8127975472E+00    0.6966836119E+00   -0.9586859700E-01    0.0000000000E+00    0.0000000000E+00    0.0000000000E+00    0.9999938656E+00    0.9999938656E+00    0.1000000000E+01
    7    0.4391666667E+01    0.8127975472E+00   -0.1161139353E+00   -0.9505291380E-01    0.8127975472E+00   -0.1161139353E+00   -0.9505291380E-01    0.0000000000E+00    0.0000000000E+00    0.0000000000E+00    0.9999973421E+00    0.9999973421E+00    0.1000000000E+01
    8    0.4391666667E+01    0.8127975472E+00    0.6966836119E+00    0.2443110605E+00    0.8127975472E+00    0.6966836119E+00    0.2443110605E+00    0.0000000000E+00    0.0000000000E+00    0.0000000000E+00    0.9999951818E+00    0.9999951818E+00    0.1000000000E+01
    9    0.4391666667E+01    0.0000000000E+00   -0.1161139353E+00    0.2311968337E+00    0.0000000000E+00    0.0000000000E+00    0.0000000000E+00    0.0000000000E+00    0.0000000000E+00    0.0000000000E+00    0.9999990722E+00    0.9999990722E+00    0.1000000000E+01
   10    0.4391666667E+01    0.8127975472E+00   -0.1161139353E+00   -0.9202068080E-01    0.8127975472E+00   -0.1161139353E+00   -0.9202068080E-01    0.0000000000E+00    0.0000000000E+00    0.0000000000E+00    0.9999973525E+00    0.9999973525E+00    0.1000000000E+01
   11    0.4391666667E+01    0.0000000000E+00    0.6966836119E+00   -0.7425795911E-01    0.0000000000E+00    0.0000000000E+00    0.0000000000E+00    0.0000000000E+00    0.0000000000E+00    0.0000000000E+00    0.9999985195E+00    0.9999985195E+00    0.1000000000E+01
   12    0.4391666667E+01    0.8127975472E+00    0.6966836119E+00   -0.7816180100E-01    0.8127975472E+00    0.6966836119E+00   -0.7816180100E-01    0.0000000000E+00    0.0000000000E+00    0.0000000000E+00    0.9999951516E+00    0.9999951516E+00    0.1000000000E+01
    1    0.4650000000E+01    0.8127975472E+00    0.6966836119E+00    0.3443502778E+00    0.8127975472E+00    0.6966836119E+00    0.3443502778E+00    0.0000000000E+00    0.0000000000E+00    0.0000000000E+00    0.9999973758E+00    0.9999973758E+00    0.1000000000E+01
    2    0.4650000000E+01    0.8127975472E+00   -0.1161139353E+00   -0.4050368120E+00    0.8127975472E+00   -0.1161139353E+00   -0.4050368120E+00    0.0000000000E+00    0.0000000000E+00    0.0000000000E+00    0.9999978862E+00    0.9999978862E+00    0.1000000000E+01
    3    0.4650000000E+01    0.8127975472E+00    0.6966836119E+00    0.1925084546E-01    0.8127975472E+00    0.6966836119E+00    0.1925084546E-01    0.0000000000E+00    0.0000000000E+00    0.0000000000E+00    0.9999971831E+00    0.9999971831E+00    0.1000000000E+01
    4    0.4650000000E+01    0.0000000000E+00   -0.1161139353E+00   -0.4722300799E+00    0.0000000000E+00    0.0000000000E+00    0.0000000000E+00    0.0000000000E+00    0.0000000000E+00    0.0000000000E+00    0.9999979443E+00    0.9999979443E+00    0.1000000000E+01
    5    0.4650000000E+01    0.8127975472E+00   -0.1161139353E+00   -0.4020590163E+00    0.8127975472E+00   -0.1161139353E+00   -0.4020590163E+00    0.0000000000E+00    0.0000000000E+00    0.0000000000E+00    0.9999978707E+00    0.9999978707E+00    0.1000000000E+01
    6    0.4650000000E+01    0.0000000000E+00    0.6966836119E+00   -0.4084623952E+00    0.0000000000E+00    0.0000000000E+00    0.0000000000E+00    0.0000000000E+00    0.0000000000E+00    0.0000000000E+00    0.9999987812E+00    0.9999987812E+00    0.1000000000E+01
    7    0.4650000000E+01    0.8127975472E+00    0.6966836119E+00    0.3522614119E+00    0.8127975472E+00    0.6966836119E+00    0.3522614119E+00    0.0000000000E+00    0.0000000000E+00    0.0000000000E+00    0.9999974404E+00    0.9999974404E+00    0.1000000000E+01
    8    0.4650000000E+01    0.0000000000E+00   -0.1161139353E+00    0.2625197699E+00    0.0000000000E+00    0.0000000000E+00    0.0000000000E+00    0.0000000000E+00    0.0000000000E+00    0.0000000000E+00    0.9999990011E+00    0.9999990011E+00    0.1000000000E+01
    9    0.4650000000E+01    0.8127975472E+00    0.6966836119E+00    0.2628222155E-01    0.8127975472E+00    0.6966836119E+00    0.2628222155E-01    0.0000000000E+00    0.0000000000E+00    0.0000000000E+00    0.9999973700E+00    0.9999973700E+00    0.1000000000E+01
    1    0.4908333333E+01    0.8127975472E+00    0.6966836119E+00    0.4225292799E+00    0.8127975472E+00    0.6966836119E+00    0.4225292799E+00    0.0000000000E+00    0.0000000000E+00    0.0000000000E+00    0.9999975869E+00    0.9999975869E+00    0.1000000000E+01
    2    0.4908333333E+01    0.8127975472E+00   -0.1161139353E+00   -0.3357265912E+00    0.8127975472E+00   -0.1161139353E+00   -0.3357265912E+00    0.0000000000E+00    0.0000000000E+00    0.0000000000E+00    0.9999976941E+00    0.9999976941E+00    0.1000000000E+01
    3    0.4908333333E+01    0.8127975472E+00    0.6966836119E+00    0.9464195158E-01    0.8127975472E+00    0.6966836119E+00    0.9464195158E-01    0.0000000000E+00    0.0000000000E+00    0.0000000000E+00    0.9999978200E+00    0.9999978200E+00    0.1000000000E+01
    4    0.4908333333E+01    0.8127975472E+00   -0.1161139353E+00   -0.3321782160E+00    0.8127975472E+00   -0.1161139353E+00   -0.3321782160E+00    0.0000000000E+00    0.0000000000E+00    0.0000000000E+00    0.9999976706E+00    0.9999976706E+00    0.1000000000E+01
    5    0.4908333333E+01    0.8127975472E+00    0.6966836119E+00    0.4293301611E+00    0.8127975472E+00    0.6966836119E+00    0.4293301611E+00    0.0000000000E+00    0.0000000000E+00    0.0000000000E+00    0.9999975955E+00    0.9999975955E+00    0.1000000000E+01
    6    0.4908333333E+01    0.0000000000E+00   -0.1161139353E+00   -0.3847001244E+00    0.0000000000E+00    0.0000000000E+00    0.0000000000E+00    0.0000000000E+00    0.0000000000E+00    0.0000000000E+00    0.9999961712E+00    0.9999961712E+00    0.1000000000E+01
    7    0.4908333333E+01    0.0000000000E+00    0.6966836119E+00   -0.3683136739E+00    0.0000000000E+00    0.0000000000E+00    0.0000000000E+00    0.0000000000E+00    0.0000000000E+00    0.0000000000E+00    0.9999986856E+00    0.9999986856E+00    0.1000000000E+01
    8    0.4908333333E+01    0.0000000000E+00   -0.1161139353E+00    0.2938168373E+00    0.0000000000E+00    0.0000000000E+00    0.0000000000E+00    0.0000000000E+00    0.0000000000E+00    0.0000000000E+00    0.9999989640E+00    0.9999989640E+00    0.1000000000E+01
    9    0.4908333333E+01    0.8127975472E+00    0.6966836119E+00    0.9957707796E-01    0.8127975472E+00    0.6966836119E+00    0.9957707796E-01    0.0000000000E+00    0.0000000000E+00    0.0000000000E+00    0.9999978475E+00    0.9999978475E+00    0.1000000000E+01
    1    0.5166666667E+01    0.8127975472E+00    0.6966836119E+00    0.5027030868E+00    0.8127975472E+00    0.6966836119E+00    0.5027030868E+00    0.0000000000E+00    0.0000000000E+00    0.0000000000E+00    0.9999967243E+00    0.9999967243E+00    0.1000000000E+01
    2    0.5166666667E+01    0.8127975472E+00   -0.1161139353E+00   -0.2579337187E+00    0.8127975472E+00   -0.1161139353E+00   -0.2579337187E+00    0.0000000000E+00    0.0000000000E+00    0.0000000000E+00    0.9999970060E+00    0.9999970060E+00    0.1000000000E+01
    3    0.5166666667E+01    0.8127975472E+00    0.6966836119E+00    0.1589772675E+00    0.8127975472E+00    0.6966836119E+00    0.1589772675E+00    0.0000000000E+00    0.0000000000E+00    0.0000000000E+00    0.9999978704E+00    0.9999978704E+00    0.1000000000E+01
    4    0.5166666667E+01    0.0000000000E+00    0.6966836119E+00   -0.3268491508E+00    0.0000000000E+00    0.0000000000E+00    0.0000000000E+00    0.0000000000E+00    0.0000000000E+00    0.0000000000E+00    0.9999985561E+00    0.9999985561E+00    0.1000000000E+01
    5    0.5166666667E+01    0.0000000000E+00   -0.1161139353E+00    0.3251471321E+00    0.0000000000E+00    0.0000000000E+00    0.0000000000E+00    0.0000000000E+00    0.0000000000E+00    0.0000000000E+00    0.9999989294E+00    0.9999989294E+00    0.1000000000E+01
    6    0.5166666667E+01    0.8127975472E+00    0.6966836119E+00    0.5121491388E+00    0.8127975472E+00    0.6966836119E+00    0.5121491388E+00    0.0000000000E+00    0.0000000000E+00    0.0000000000E+00    0.9999963883E+00    0.9999963883E+00    0.1000000000E+01
    7    0.5166666667E+01    0.8127975472E+00   -0.1161139353E+00   -0.2531279114E+00    0.8127975472E+00   -0.1161139353E+00   -0.2531279114E+00    0.0000000000E+00    0.0000000000E+00    0.0000000000E+00    0.9999969279E+00    0.9999969279E+00    0.1000000000E+01
    8    0.5166666667E+01    0.8127975472E+00    0.6966836119E+00    0.1630702171E+00    0.8127975472E+00    0.6966836119E+00    0.1630702171E+00    0.0000000000E+00    0.0000000000E+00    0.0000000000E+00    0.9999978871E+00    0.9999978871E+00    0.1000000000E+01
    1    0.5425000000E+01    0.8127975472E+00   -0.1161139353E+00   -0.1292190358E+00    0.8127975472E+00   -0.1161139353E+00   -0.1292190358E+00    0.0000000000E+00    0.0000000000E+00    0.0000000000E+00    0.9999908214E+00    0.9999908214E+00    0.1000000000E+01
    2    0.5425000000E+01    0.8127975472E+00    0.6966836119E+00    0.2213676016E+00    0.8127975472E+00    0.6966836119E+00    0.2213676016E+00    0.0000000000E+00    0.0000000000E+00    0.0000000000E+00    0.9999977320E+00    0.9999977320E+00    0.1000000000E+01
    3    0.5425000000E+01    0.0000000000E+00    0.6966836119E+00   -0.2829935957E+00    0.0000000000E+00    0.0000000000E+00    0.0000000000E+00    0.0000000000E+00    0.0000000000E+00    0.0000000000E+00    0.9999983740E+00    0.9999983740E+00    0.1000000000E+01
    4    0.5425000000E+01    0.0000000000E+00   -0.1161139353E+00    0.3566889230E+00    0.0000000000E+00    0.0000000000E+00    0.0000000000E+00    0.0000000000E+00    0.0000000000E+00    0.0000000000E+00    0.9999988706E+00    0.9999988706E+00    0.1000000000E+01
    5    0.5425000000E+01    0.8127975472E+00    0.6966836119E+00    0.2250690346E+00    0.8127975472E+00    0.6966836119E+00    0.2250690346E+00    0.0000000000E+00    0.0000000000E+00    0.0000000000E+00    0.9999977391E+00    0.9999977391E+00    0.1000000000E+01
    6    0.5425000000E+01    0.8127975472E+00   -0.1161139353E+00   -0.1091582465E+00    0.8127975472E+00   -0.1161139353E+00   -0.1091582465E+00    0.3992542235E+01    0.2472623225E+00    0.4384467851E+01    0.9999865022E+00    0.9999865022E+00    0.1000000000E+01
    1    0.5683333333E+01    0.8127975472E+00    0.6966836119E+00    0.2890765275E+00    0.8127975472E+00    0.6966836119E+00    0.2890765275E+00    0.0000000000E+00    0.0000000000E+00    0.0000000000E+00    0.9999972143E+00    0.9999972143E+00    0.1000000000E+01
    2    0.5683333333E+01    0.0000000000E+00    0.6966836119E+00   -0.2350037538E+00    0.0000000000E+00    0.0000000000E+00    0.0000000000E+00    0.0000000000E+00    0.0000000000E+00    0.0000000000E+00    0.9999980934E+00    0.9999980934E+00    0.1000000000E+01
    3    0.5683333333E+01    0.0000000000E+00   -0.1161139353E+00    0.3884233095E+00    0.0000000000E+00    0.0000000000E+00    0.0000000000E+00    0.0000000000E+00    0.0000000000E+00    0.0000000000E+00    0.9999988093E+00    0.9999988093E+00    0.1000000000E+01
    4    0.5683333333E+01    0.8127975472E+00    0.6966836119E+00    0.2928563462E+00    0.8127975472E+00    0.6966836119E+00    0.2928563462E+00    0.0000000000E+00    0.0000000000E+00    0.0000000000E+00    0.9999971961E+00    0.9999971961E+00    0.1000000000E+01
    1    0.5941666667E+01    0.8127975472E+00    0.6966836119E+00    0.3874583066E+00    0.8127975472E+00    0.6966836119E+00    0.3874583066E+00    0.0000000000E+00    0.0000000000E+00    0.0000000000E+00    0.9999937515E+00    0.9999937515E+00    0.1000000000E+01
    2    0.5941666667E+01    0.0000000000E+00    0.6966836119E+00   -0.1792166897E+00    0.0000000000E+00    0.0000000000E+00    0.0000000000E+00    0.0000000000E+00    0.0000000000E+00    0.0000000000E+00    0.9999975719E+00    0.9999975719E+00    0.1000000000E+01
    3    0.5941666667E+01    0.0000000000E+00   -0.1161139353E+00    0.4203686825E+00    0.0000000000E+00    0.0000000000E+00    0.0000000000E+00    0.0000000000E+00    0.0000000000E+00    0.0000000000E+00    0.9999987474E+00    0.9999987474E+00    0.1000000000E+01
    4    0.5941666667E+01    0.8127975472E+00    0.6966836119E+00    0.3942116234E+00    0.8127975472E+00    0.6966836119E+00    0.3942116234E+00    0.0000000000E+00    0.0000000000E+00    0.0000000000E+00    0.9999931948E+00    0.9999931948E+00    0.1000000000E+01
    1    0.6200000000E+01    0.0000000000E+00    0.6966836119E+00   -0.1032612245E+00    0.0000000000E+00    0.0000000000E+00    0.0000000000E+00    0.0000000000E+00    0.0000000000E+00    0.0000000000E+00    0.9999959221E+00    0.9999959221E+00    0.1000000000E+01
    2    0.6200000000E+01    0.0000000000E+00   -0.1161139353E+00    0.4525102701E+00    0.0000000000E+00    0.0000000000E+00    0.0000000000E+00    0.0000000000E+00    0.0000000000E+00    0.0000000000E+00    0.9999986859E+00    0.9999986859E+00    0.1000000000E+01
    1    0.6458333333E+01    0.0000000000E+00   -0.1161139353E+00    0.4848109510E+00    0.0000000000E+00    0.0000000000E+00    0.0000000000E+00    0.0000000000E+00    0.0000000000E+00    0.0000000000E+00    0.9999986257E+00    0.9999986257E+00    0.1000000000E+01
    2    0.6458333333E+01    0.0000000000E+00    0.6966836119E+00    0.1369760079E-01    0.0000000000E+00    0.0000000000E+00    0.0000000000E+00    0.0000000000E+00    0.0000000000E+00    0.0000000000E+00    0.9999911406E+00    0.9999911406E+00    0.1000000000E+01
    1    0.6716666667E+01    0.0000000000E+00    0.6966836119E+00    0.8223402265E-01    0.0000000000E+00    0.0000000000E+00    0.0000000000E+00    0.0000000000E+00    0.0000000000E+00    0.0000000000E+00    0.9999980000E+00    0.9999980000E+00    0.1000000000E+01
    2    0.6716666667E+01    0.0000000000E+00   -0.1161139353E+00    0.5172185616E+00    0.0000000000E+00    0.0000000000E+00    0.0000000000E+00    0.0000000000E+00    0.0000000000E+00    0.0000000000E+00    0.9999985675E+00    0.9999985675E+00    0.1000000000E+01
    1    0.6975000000E+01    0.0000000000E+00    0.6966836119E+00    0.1230024675E+00    0.0000000000E+00    0.0000000000E+00    0.0000000000E+00    0.0000000000E+00    0.0000000000E+00    0.0000000000E+00    0.9999982649E+00    0.9999982649E+00    0.1000000000E+01
    2    0.6975000000E+01    0.0000000000E+00   -0.1161139353E+00    0.5496754253E+00    0.0000000000E+00    0.0000000000E+00    0.0000000000E+00    0.0000000000E+00    0.0000000000E+00    0.0000000000E+00    0.9999985117E+00    0.9999985117E+00    0.1000000000E+01
    1    0.7233333333E+01    0.0000000000E+00    0.6966836119E+00    0.1595083156E+00    0.0000000000E+00    0.0000000000E+00    0.0000000000E+00    0.0000000000E+00    0.0000000000E+00    0.0000000000E+00    0.9999983087E+00    0.9999983087E+00    0.1000000000E+01
    2    0.7233333333E+01    0.0000000000E+00   -0.1161139353E+00   -0.5673401215E+00    0.0000000000E+00    0.0000000000E+00    0.0000000000E+00    0.0000000000E+00    0.0000000000E+00    0.0000000000E+00    0.9999984579E+00    0.9999984579E+00    0.1000000000E+01
    1    0.7491666667E+01    0.0000000000E+00   -0.1161139353E+00   -0.5349253591E+00    0.0000000000E+00    0.0000000000E+00    0.0000000000E+00    0.0000000000E+00    0.0000000000E+00    0.0000000000E+00    0.9999984056E+00    0.9999984056E+00    0.1000000000E+01
    2    0.7491666667E+01    0.0000000000E+00    0.6966836119E+00    0.1947048289E+00    0.0000000000E+00    0.0000000000E+00    0.0000000000E+00    0.0000000000E+00    0.0000000000E+00    0.0000000000E+00    0.9999982770E+00    0.9999982770E+00    0.1000000000E+01
    1    0.7750000000E+01    0.0000000000E+00   -0.1161139353E+00   -0.5025625930E+00    0.0000000000E+00   -0.1161139353E+00    0.6469067220E+00    0.1353382755E-09    0.4745787125E+00    0.9906862576E+01    0.9999983533E+00    0.9999983533E+00    0.1000000000E+01
    2    0.7750000000E+01    0.0000000000E+00    0.6966836119E+00    0.2298019710E+00    0.0000000000E+00    0.0000000000E+00    0.0000000000E+00    0.0000000000E+00    0.0000000000E+00    0.0000000000E+00    0.9999982018E+00    0.9999982018E+00    0.1000000000E+01
    1    0.8008333333E+01    0.0000000000E+00   -0.1161139353E+00   -0.4702373492E+00    0.0000000000E+00    0.0000000000E+00    0.0000000000E+00    0.0000000000E+00    0.0000000000E+00    0.0000000000E+00    0.9999982997E+00    0.9999982997E+00    0.1000000000E+01
    2    0.8008333333E+01    0.0000000000E+00    0.6966836119E+00    0.2655503270E+00    0.0000000000E+00    0.0000000000E+00    0.0000000000E+00    0.0000000000E+00    0.0000000000E+00    0.0000000000E+00    0.9999980910E+00    0.9999980910E+00    0.1000000000E+01
    1    0.8266666667E+01    0.0000000000E+00    0.6966836119E+00    0.3025854520E+00    0.0000000000E+00    0.0000000000E+00    0.0000000000E+00    0.0000000000E+00    0.0000000000E+00    0.0000000000E+00    0.9999979421E+00    0.9999979421E+00    0.1000000000E+01
    2    0.8266666667E+01    0.0000000000E+00   -0.1161139353E+00   -0.4379084269E+00    0.0000000000E+00    0.0000000000E+00    0.0000000000E+00    0.0000000000E+00    0.0000000000E+00    0.0000000000E+00    0.9999982432E+00    0.9999982432E+00    0.1000000000E+01
    1    0.8525000000E+01    0.8127975472E+00   -0.1161139353E+00    0.9996492242E-01    0.8127975472E+00   -0.1161139353E+00    0.9996492242E-01    0.0000000000E+00    0.0000000000E+00    0.0000000000E+00    0.9999946089E+00    0.9999946089E+00    0.1000000000E+01
    2    0.8525000000E+01    0.0000000000E+00   -0.1161139353E+00   -0.4055107767E+00    0.0000000000E+00    0.0000000000E+00    0.0000000000E+00    0.0000000000E+00    0.0000000000E+00    0.0000000000E+00    0.9999981824E+00    0.9999981824E+00    0.1000000000E+01
    3    0.8525000000E+01    0.0000000000E+00    0.6966836119E+00    0.3415946534E+00    0.0000000000E+00    0.0000000000E+00    0.0000000000E+00    0.0000000000E+00    0.0000000000E+00    0.0000000000E+00    0.9999977452E+00    0.9999977452E+00    0.1000000000E+01
    4    0.8525000000E+01    0.8127975472E+00   -0.1161139353E+00    0.1053509500E+00    0.8127975472E+00   -0.1161139353E+00    0.1053509500E+00    0.0000000000E+00    0.0000000000E+00    0.0000000000E+00    0.9999948806E+00    0.9999948806E+00    0.1000000000E+01
    1    0.8783333333E+01    0.8127975472E+00   -0.1161139353E+00    0.1744355554E+00    0.8127975472E+00   -0.1161139353E+00    0.1744355554E+00    0.0000000000E+00    0.0000000000E+00    0.0000000000E+00    0.9999964100E+00    0.9999964100E+00    0.1000000000E+01
    2    0.8783333333E+01    0.0000000000E+00   -0.1161139353E+00   -0.3729594326E+00    0.0000000000E+00    0.0000000000E+00    0.0000000000E+00    0.0000000000E+00    0.0000000000E+00    0.0000000000E+00    0.9999981159E+00    0.9999981159E+00    0.1000000000E+01
    3    0.8783333333E+01    0.0000000000E+00    0.6966836119E+00    0.3834729372E+00    0.0000000000E+00    0.0000000000E+00    0.0000000000E+00    0.0000000000E+00    0.0000000000E+00    0.0000000000E+00    0.9999974786E+00    0.9999974786E+00    0.1000000000E+01
    4    0.8783333333E+01    0.8127975472E+00   -0.1161139353E+00    0.1776376967E+00    0.8127975472E+00   -0.1161139353E+00    0.1776376967E+00    0.0000000000E+00    0.0000000000E+00    0.0000000000E+00    0.9999964701E+00    0.9999964701E+00    0.1000000000E+01
    1    0.9041666667E+01    0.8127975472E+00   -0.1161139353E+00    0.2315453920E+00    0.8127975472E+00   -0.1161139353E+00    0.2315453920E+00    0.0000000000E+00    0.0000000000E+00    0.0000000000E+00    0.9999968234E+00    0.9999968234E+00    0.1000000000E+01
    2    0.9041666667E+01    0.0000000000E+00   -0.1161139353E+00   -0.3401530986E+00    0.0000000000E+00    0.0000000000E+00    0.0000000000E+00    0.0000000000E+00    0.0000000000E+00    0.0000000000E+00    0.9999980422E+00    0.9999980422E+00    0.1000000000E+01
    3    0.9041666667E+01    0.0000000000E+00    0.6966836119E+00    0.4295788091E+00    0.0000000000E+00    0.0000000000E+00    0.0000000000E+00    0.0000000000E+00    0.0000000000E+00    0.0000000000E+00    0.9999970975E+00    0.9999970975E+00    0.1000000000E+01
    4    0.9041666667E+01    0.8127975472E+00   -0.1161139353E+00    0.2340449377E+00    0.8127975472E+00   -0.1161139353E+00    0.2340449377E+00    0.0000000000E+00    0.0000000000E+00    0.0000000000E+00    0.9999968516E+00    0.9999968516E+00    0.1000000000E+01
    1    0.9300000000E+01    0.8127975472E+00   -0.1161139353E+00    0.2832823217E+00    0.8127975472E+00   -0.1161139353E+00    0.2832823217E+00    0.0000000000E+00    0.0000000000E+00    0.0000000000E+00    0.9999969099E+00    0.9999969099E+00    0.1000000000E+01
    2    0.9300000000E+01    0.8127975472E+00   -0.1161139353E+00    0.2854301914E+00    0.8127975472E+00   -0.1161139353E+00    0.2854301914E+00    0.0000000000E+00    0.0000000000E+00    0.0000000000E+00    0.9999969253E+00    0.9999969253E+00    0.1000000000E+01
    3    0.9300000000E+01    0.0000000000E+00    0.6966836119E+00    0.4823350495E+00    0.0000000000E+00    0.0000000000E+00    0.0000000000E+00    0.0000000000E+00    0.0000000000E+00    0.0000000000E+00    0.9999964923E+00    0.9999964923E+00    0.1000000000E+01
    4    0.9300000000E+01    0.0000000000E+00   -0.1161139353E+00   -0.3069765527E+00    0.0000000000E+00    0.0000000000E+00    0.0000000000E+00    0.0000000000E+00    0.0000000000E+00    0.0000000000E+00    0.9999979600E+00    0.9999979600E+00    0.1000000000E+01
    1    0.9558333333E+01    0.8127975472E+00   -0.1161139353E+00    0.3337544760E+00    0.8127975472E+00   -0.1161139353E+00    0.3337544760E+00    0.0000000000E+00    0.0000000000E+00    0.0000000000E+00    0.9999968107E+00    0.9999968107E+00    0.1000000000E+01
    2    0.9558333333E+01    0.0000000000E+00   -0.1161139353E+00   -0.2733014621E+00    0.0000000000E+00    0.0000000000E+00    0.0000000000E+00    0.0000000000E+00    0.0000000000E+00    0.0000000000E+00    0.9999978678E+00    0.9999978678E+00    0.1000000000E+01
    3    0.9558333333E+01    0.8127975472E+00   -0.1161139353E+00    0.3357240808E+00    0.8127975472E+00   -0.1161139353E+00    0.3357240808E+00    0.0000000000E+00    0.0000000000E+00    0.0000000000E+00    0.9999968174E+00    0.9999968174E+00    0.1000000000E+01
    4    0.9558333333E+01    0.0000000000E+00    0.6966836119E+00    0.5472066843E+00    0.0000000000E+00    0.0000000000E+00    0.0000000000E+00    0.0000000000E+00    0.0000000000E+00    0.0000000000E+00    0.9999953070E+00    0.9999953070E+00    0.1000000000E+01
    1    0.9816666667E+01    0.8127975472E+00   -0.1161139353E+00    0.3859660308E+00    0.8127975472E+00   -0.1161139353E+00    0.3859660308E+00    0.0000000000E+00    0.0000000000E+00    0.0000000000E+00    0.9999965005E+00    0.9999965005E+00    0.1000000000E+01
    2    0.9816666667E+01    0.8127975472E+00    0.6966836119E+00   -0.3247507371E+00    0.8127975472E+00    0.6966836119E+00   -0.3247507371E+00    0.0000000000E+00    0.0000000000E+00    0.0000000000E+00    0.9999929421E+00    0.9999929421E+00    0.1000000000E+01
    3    0.9816666667E+01    0.0000000000E+00    0.6966836119E+00    0.2524084571E+00    0.0000000000E+00   -0.9289114825E+00    0.2524084571E+00   -0.6026699130E-11   -0.2122156096E+01    0.5075320477E+01    0.9999867723E+00    0.9999867723E+00    0.1000000000E+01
    4    0.9816666667E+01    0.8127975472E+00   -0.1161139353E+00    0.3879111874E+00    0.8127975472E+00   -0.1161139353E+00    0.3879111874E+00    0.0000000000E+00    0.0000000000E+00    0.0000000000E+00    0.9999964957E+00    0.9999964957E+00    0.1000000000E+01
    5    0.9816666667E+01    0.0000000000E+00   -0.1161139353E+00   -0.2389854344E+00    0.0000000000E+00    0.0000000000E+00    0.0000000000E+00    0.0000000000E+00    0.0000000000E+00    0.0000000000E+00    0.9999977641E+00    0.9999977641E+00    0.1000000000E+01
    6    0.9816666667E+01    0.0000000000E+00    0.6966836119E+00   -0.5042160511E+00    0.0000000000E+00    0.0000000000E+00    0.0000000000E+00    0.0000000000E+00    0.0000000000E+00    0.0000000000E+00    0.9999907916E+00    0.9999907916E+00    0.1000000000E+01
    7    0.9816666667E+01    0.8127975472E+00    0.6966836119E+00   -0.3227096198E+00    0.8127975472E+00    0.6966836119E+00   -0.3227096198E+00    0.0000000000E+00    0.0000000000E+00    0.0000000000E+00    0.9999930150E+00    0.9999930150E+00    0.1000000000E+01
    1    0.1007500000E+02    0.8127975472E+00   -0.1161139353E+00    0.4446200264E+00    0.8127975472E+00   -0.1161139353E+00    0.4446200264E+00    0.0000000000E+00    0.0000000000E+00    0.0000000000E+00    0.9999956903E+00    0.9999956903E+00    0.1000000000E+01
    2    0.1007500000E+02    0.8127975472E+00    0.6966836119E+00   -0.2276453332E+00    0.8127975472E+00    0.6966836119E+00   -0.2276453332E+00    0.0000000000E+00    0.0000000000E+00    0.0000000000E+00    0.9999938008E+00    0.9999938008E+00    0.1000000000E+01
    3    0.1007500000E+02    0.8127975472E+00   -0.1161139353E+00    0.4468398052E+00    0.8127975472E+00   -0.1161139353E+00    0.4468398052E+00    0.0000000000E+00    0.0000000000E+00    0.0000000000E+00    0.9999956503E+00    0.9999956503E+00    0.1000000000E+01
    4    0.1007500000E+02    0.0000000000E+00   -0.1161139353E+00   -0.2038691288E+00    0.0000000000E+00    0.0000000000E+00    0.0000000000E+00    0.0000000000E+00    0.0000000000E+00    0.0000000000E+00    0.9999976467E+00    0.9999976467E+00    0.1000000000E+01
    5    0.1007500000E+02    0.8127975472E+00    0.6966836119E+00   -0.2260137684E+00    0.8127975472E+00    0.6966836119E+00   -0.2260137684E+00    0.0000000000E+00    0.0000000000E+00    0.0000000000E+00    0.9999937997E+00    0.9999937997E+00    0.1000000000E+01
    1    0.1033333333E+02    0.8127975472E+00   -0.1161139353E+00    0.5336212170E+00    0.8127975472E+00   -0.1161139353E+00    0.5336212170E+00    0.0000000000E+00    0.0000000000E+00    0.0000000000E+00    0.9999888450E+00    0.9999888450E+00    0.1000000000E+01
    2    0.1033333333E+02    0.8127975472E+00    0.6966836119E+00   -0.1215279489E+00    0.8127975472E+00    0.6966836119E+00   -0.1215279489E+00    0.0000000000E+00    0.0000000000E+00    0.0000000000E+00    0.9999908954E+00    0.9999908954E+00    0.1000000000E+01
    3    0.1033333333E+02    0.8127975472E+00   -0.1161139353E+00    0.5396444846E+00    0.8127975472E+00   -0.1161139353E+00    0.5396444846E+00    0.0000000000E+00    0.0000000000E+00    0.0000000000E+00    0.9999870204E+00    0.9999870204E+00    0.1000000000E+01
    4    0.1033333333E+02    0.0000000000E+00   -0.1161139353E+00   -0.1677710320E+00    0.0000000000E+00    0.0000000000E+00    0.0000000000E+00    0.0000000000E+00    0.0000000000E+00    0.0000000000E+00    0.9999975131E+00    0.9999975131E+00    0.1000000000E+01
    5    0.1033333333E+02    0.8127975472E+00    0.6966836119E+00   -0.1193148097E+00    0.8127975472E+00    0.6966836119E+00   -0.1193148097E+00    0.0000000000E+00    0.0000000000E+00    0.0000000000E+00    0.9999907678E+00    0.9999907678E+00    0.1000000000E+01
    1    0.1059166667E+02    0.0000000000E+00   -0.1161139353E+00   -0.1304788858E+00    0.0000000000E+00    0.0000000000E+00    0.0000000000E+00    0.0000000000E+00    0.0000000000E+00    0.0000000000E+00    0.9999973597E+00    0.9999973597E+00    0.1000000000E+01
    1    0.1085000000E+02    0.8127975472E+00    0.6966836119E+00   -0.5657046660E+00    0.8127975472E+00    0.6966836119E+00   -0.5657046660E+00    0.0000000000E+00    0.0000000000E+00    0.0000000000E+00    0.9999429484E+00    0.9999429484E+00    0.1000000000E+01
    2    0.1085000000E+02    0.0000000000E+00   -0.1161139353E+00   -0.9173472681E-01    0.0000000000E+00    0.0000000000E+00    0.0000000000E+00    0.0000000000E+00    0.0000000000E+00    0.0000000000E+00    0.9999971812E+00    0.9999971812E+00    0.1000000000E+01
    1    0.1110833333E+02    0.8127975472E+00    0.6966836119E+00   -0.4445919098E+00    0.8127975472E+00    0.6966836119E+00   -0.4445919098E+00    0.0000000000E+00    0.0000000000E+00    0.0000000000E+00    0.9999945731E+00    0.9999945731E+00    0.1000000000E+01
    2    0.1110833333E+02    0.0000000000E+00   -0.1161139353E+00   -0.5119698670E-01    0.0000000000E+00    0.0000000000E+00    0.0000000000E+00    0.0000000000E+00    0.0000000000E+00    0.0000000000E+00    0.9999969678E+00    0.9999969678E+00    0.1000000000E+01
    3    0.1110833333E+02    0.0000000000E+00    0.6966836119E+00    0.1370079614E+00    0.0000000000E+00    0.0000000000E+00    0.0000000000E+00    0.0000000000E+00    0.0000000000E+00    0.0000000000E+00    0.9999904166E+00    0.9999904166E+00    0.1000000000E+01
    4    0.1110833333E+02    0.8127975472E+00    0.6966836119E+00   -0.4468946235E+00    0.8127975472E+00    0.6966836119E+00   -0.4468946235E+00    0.0000000000E+00    0.0000000000E+00    0.0000000000E+00    0.9999945300E+00    0.9999945300E+00    0.1000000000E+01
    1    0.1136666667E+02    0.8127975472E+00    0.6966836119E+00   -0.3768254406E+00    0.8127975472E+00    0.6966836119E+00   -0.3768254406E+00    0.0000000000E+00    0.0000000000E+00    0.0000000000E+00    0.9999952260E+00    0.9999952260E+00    0.1000000000E+01
    2    0.1136666667E+02    0.8127975472E+00    0.6966836119E+00   -0.3789302387E+00    0.8127975472E+00    0.6966836119E+00   -0.3789302387E+00    0.0000000000E+00    0.0000000000E+00    0.0000000000E+00    0.9999952292E+00    0.9999952292E+00    0.1000000000E+01
    3    0.1136666667E+02    0.0000000000E+00    0.6966836119E+00    0.2405581110E+00    0.0000000000E+00    0.0000000000E+00    0.0000000000E+00    0.0000000000E+00    0.0000000000E+00    0.0000000000E+00    0.9999934697E+00    0.9999934697E+00    0.1000000000E+01
    4    0.1136666667E+02    0.0000000000E+00   -0.1161139353E+00   -0.7727315861E-02    0.0000000000E+00    0.0000000000E+00    0.0000000000E+00    0.0000000000E+00    0.0000000000E+00    0.0000000000E+00    0.9999962944E+00    0.9999962944E+00    0.1000000000E+01
    1    0.1162500000E+02    0.8127975472E+00    0.6966836119E+00   -0.3135133052E+00    0.8127975472E+00    0.6966836119E+00   -0.3135133052E+00    0.0000000000E+00    0.0000000000E+00    0.0000000000E+00    0.9999951409E+00    0.9999951409E+00    0.1000000000E+01
    2    0.1162500000E+02    0.0000000000E+00    0.6966836119E+00    0.3207695646E+00    0.0000000000E+00    0.0000000000E+00    0.0000000000E+00    0.0000000000E+00    0.0000000000E+00    0.0000000000E+00    0.9999942964E+00    0.9999942964E+00    0.1000000000E+01
    3    0.1162500000E+02    0.0000000000E+00   -0.1161139353E+00    0.3629366783E-01    0.0000000000E+00    0.0000000000E+00    0.0000000000E+00    0.0000000000E+00    0.0000000000E+00    0.0000000000E+00    0.9999964031E+00    0.9999964031E+00    0.1000000000E+01
    4    0.1162500000E+02    0.8127975472E+00    0.6966836119E+00   -0.3158033967E+00    0.8127975472E+00    0.6966836119E+00   -0.3158033967E+00    0.0000000000E+00    0.0000000000E+00    0.0000000000E+00    0.9999951657E+00    0.9999951657E+00    0.1000000000E+01
    1    0.1188333333E+02    0.8127975472E+00   -0.1161139353E+00   -0.4401664228E+00    0.8127975472E+00   -0.1161139353E+00   -0.4401664228E+00    0.0000000000E+00    0.0000000000E+00    0.0000000000E+00    0.9999887370E+00    0.9999887370E+00    0.1000000000E+01
    2    0.1188333333E+02    0.8127975472E+00    0.6966836119E+00   -0.2474816602E+00    0.8127975472E+00    0.6966836119E+00   -0.2474816602E+00    0.0000000000E+00    0.0000000000E+00    0.0000000000E+00    0.9999945728E+00    0.9999945728E+00    0.1000000000E+01
    3    0.1188333333E+02    0.0000000000E+00    0.6966836119E+00    0.3923524515E+00    0.0000000000E+00    0.0000000000E+00    0.0000000000E+00    0.0000000000E+00    0.0000000000E+00    0.0000000000E+00    0.9999946007E+00    0.9999946007E+00    0.1000000000E+01
    4    0.1188333333E+02    0.0000000000E+00   -0.1161139353E+00    0.8511010254E-01    0.0000000000E+00    0.0000000000E+00    0.0000000000E+00    0.0000000000E+00    0.0000000000E+00    0.0000000000E+00    0.9999960402E+00    0.9999960402E+00    0.1000000000E+01
    5    0.1188333333E+02    0.8127975472E+00   -0.1161139353E+00   -0.4486854038E+00    0.8127975472E+00   -0.1161139353E+00   -0.4486854038E+00    0.0000000000E+00    0.0000000000E+00    0.0000000000E+00    0.9999886453E+00    0.9999886453E+00    0.1000000000E+01
    6    0.1188333333E+02    0.8127975472E+00    0.6966836119E+00   -0.2502773282E+00    0.8127975472E+00    0.6966836119E+00   -0.2502773282E+00    0.0000000000E+00    0.0000000000E+00    0.0000000000E+00    0.9999946307E+00    0.9999946307E+00    0.1000000000E+01
    1    0.1214166667E+02    0.8127975472E+00   -0.1161139353E+00   -0.2741833754E+00    0.8127975472E+00   -0.1161139353E+00   -0.2741833754E+00    0.0000000000E+00    0.0000000000E+00    0.0000000000E+00    0.9999810613E+00    0.9999810613E+00    0.1000000000E+01
    2    0.1214166667E+02    0.8127975472E+00    0.6966836119E+00   -0.1703702873E+00    0.8127975472E+00    0.6966836119E+00   -0.1703702873E+00    0.0000000000E+00    0.0000000000E+00    0.0000000000E+00    0.9999929478E+00    0.9999929478E+00    0.1000000000E+01
    3    0.1214166667E+02    0.0000000000E+00   -0.1161139353E+00    0.1383053538E+00    0.0000000000E+00    0.0000000000E+00    0.0000000000E+00    0.0000000000E+00    0.0000000000E+00    0.0000000000E+00    0.9999955453E+00    0.9999955453E+00    0.1000000000E+01
    4    0.1214166667E+02    0.0000000000E+00    0.6966836119E+00    0.4605096946E+00    0.0000000000E+00    0.0000000000E+00    0.0000000000E+00    0.0000000000E+00    0.0000000000E+00    0.0000000000E+00    0.9999946074E+00    0.9999946074E+00    0.1000000000E+01
    5    0.1214166667E+02    0.8127975472E+00   -0.1161139353E+00   -0.2900988947E+00    0.8127975472E+00   -0.1161139353E+00   -0.2900988947E+00    0.0000000000E+00    0.0000000000E+00    0.0000000000E+00    0.9999831513E+00    0.9999831513E+00    0.1000000000E+01
    6    0.1214166667E+02    0.8127975472E+00    0.6966836119E+00   -0.1744446856E+00    0.8127975472E+00    0.6966836119E+00   -0.1744446856E+00    0.0000000000E+00    0.0000000000E+00    0.0000000000E+00    0.9999931237E+00    0.9999931237E+00    0.1000000000E+01
    1    0.1240000000E+02    0.8127975472E+00    0.6966836119E+00   -0.2492580079E-01    0.8127975472E+00    0.6966836119E+00   -0.2492580079E-01    0.0000000000E+00    0.0000000000E+00    0.0000000000E+00    0.9999560759E+00    0.9999560759E+00    0.1000000000E+01
    2    0.1240000000E+02    0.0000000000E+00    0.6966836119E+00    0.5287873739E+00    0.0000000000E+00    0.0000000000E+00    0.0000000000E+00    0.0000000000E+00    0.0000000000E+00    0.0000000000E+00    0.9999943464E+00    0.9999943464E+00    0.1000000000E+01
    3    0.1240000000E+02    0.8127975472E+00    0.6966836119E+00   -0.4626942206E-01    0.8127975472E+00    0.6966836119E+00   -0.4626942206E-01    0.0000000000E+00    0.0000000000E+00    0.0000000000E+00    0.9999765281E+00    0.9999765281E+00    0.1000000000E+01
    4    0.1240000000E+02    0.0000000000E+00   -0.1161139353E+00    0.1975588251E+00    0.0000000000E+00    0.0000000000E+00    0.0000000000E+00    0.0000000000E+00    0.0000000000E+00    0.0000000000E+00    0.9999948723E+00    0.9999948723E+00    0.1000000000E+01
    1    0.1265833333E+02    0.0000000000E+00   -0.1161139353E+00    0.2651918094E+00    0.0000000000E+00    0.0000000000E+00    0.0000000000E+00    0.0000000000E+00    0.0000000000E+00    0.0000000000E+00    0.9999939589E+00    0.9999939589E+00    0.1000000000E+01
    2    0.1265833333E+02    0.0000000000E+00    0.6966836119E+00   -0.5487191110E+00    0.0000000000E+00    0.0000000000E+00    0.0000000000E+00    0.0000000000E+00    0.0000000000E+00    0.0000000000E+00    0.9999937463E+00    0.9999937463E+00    0.1000000000E+01
    1    0.1291666667E+02    0.0000000000E+00    0.6966836119E+00   -0.4679048925E+00    0.0000000000E+00    0.0000000000E+00    0.0000000000E+00    0.0000000000E+00    0.0000000000E+00    0.0000000000E+00    0.9999925392E+00    0.9999925392E+00    0.1000000000E+01
    2    0.1291666667E+02    0.0000000000E+00   -0.1161139353E+00    0.3435394002E+00    0.0000000000E+00    0.0000000000E+00    0.0000000000E+00    0.0000000000E+00    0.0000000000E+00    0.0000000000E+00    0.9999928883E+00    0.9999928883E+00    0.1000000000E+01
    1    0.1317500000E+02    0.0000000000E+00    0.6966836119E+00   -0.3667296734E+00    0.0000000000E+00    0.0000000000E+00    0.0000000000E+00    0.0000000000E+00    0.0000000000E+00    0.0000000000E+00    0.9999896142E+00    0.9999896142E+00    0.1000000000E+01
    2    0.1317500000E+02    0.0000000000E+00   -0.1161139353E+00    0.4315034553E+00    0.0000000000E+00    0.0000000000E+00    0.0000000000E+00    0.0000000000E+00    0.0000000000E+00    0.0000000000E+00    0.9999921542E+00    0.9999921542E+00    0.1000000000E+01
    1    0.1343333333E+02    0.0000000000E+00    0.6966836119E+00    0.7473870834E-01    0.0000000000E+00    0.0000000000E+00    0.0000000000E+00    0.0000000000E+00    0.0000000000E+00    0.0000000000E+00    0.9999612478E+00    0.9999612478E+00    0.1000000000E+01
    2    0.1343333333E+02    0.0000000000E+00   -0.1161139353E+00    0.3379033996E+00    0.0000000000E+00    0.0000000000E+00    0.0000000000E+00    0.0000000000E+00    0.0000000000E+00    0.0000000000E+00    0.9999783142E+00    0.9999783142E+00    0.1000000000E+01
    3    0.1343333333E+02    0.8127975472E+00    0.6966836119E+00    0.4105283101E+00    0.8127975472E+00    0.6966836119E+00    0.4105283101E+00    0.0000000000E+00    0.0000000000E+00    0.0000000000E+00    0.9999564141E+00    0.9999564141E+00    0.1000000000E+01
    4    0.1343333333E+02    0.0000000000E+00    0.6966836119E+00   -0.1850368009E+00    0.0000000000E+00    0.0000000000E+00    0.0000000000E+00    0.0000000000E+00    0.0000000000E+00    0.0000000000E+00    0.9999699688E+00    0.9999699688E+00    0.1000000000E+01
    5    0.1343333333E+02    0.8127975472E+00    0.6966836119E+00    0.3854737636E+00    0.8127975472E+00    0.6966836119E+00    0.3854737636E+00    0.0000000000E+00    0.0000000000E+00    0.0000000000E+00    0.9999598071E+00    0.9999598071E+00    0.1000000000E+01
    6    0.1343333333E+02    0.0000000000E+00   -0.1161139353E+00    0.5224261040E+00    0.0000000000E+00    0.0000000000E+00    0.0000000000E+00    0.0000000000E+00    0.0000000000E+00    0.0000000000E+00    0.9999920420E+00    0.9999920420E+00    0.1000000000E+01
    1    0.1369166667E+02    0.0000000000E+00   -0.1161139353E+00    0.5133748548E+00    0.0000000000E+00    0.0000000000E+00    0.0000000000E+00    0.0000000000E+00    0.0000000000E+00    0.0000000000E+00    0.9999876530E+00    0.9999876530E+00    0.1000000000E+01
    2    0.1369166667E+02    0.0000000000E+00    0.6966836119E+00    0.2896672575E+00    0.0000000000E+00    0.0000000000E+00    0.0000000000E+00    0.0000000000E+00    0.0000000000E+00    0.0000000000E+00    0.9999853783E+00    0.9999853783E+00    0.1000000000E+01
    3    0.1369166667E+02    0.8127975472E+00    0.6966836119E+00    0.2892008621E+00    0.8127975472E+00    0.6966836119E+00    0.2892008621E+00    0.0000000000E+00    0.0000000000E+00    0.0000000000E+00    0.9999557557E+00    0.9999557557E+00    0.1000000000E+01
    4    0.1369166667E+02    0.0000000000E+00   -0.1161139353E+00   -0.5378725112E+00    0.0000000000E+00   -0.1161139353E+00    0.6115968038E+00    0.1214940172E-10   -0.3483510770E+00   -0.2149124162E+01    0.9999912536E+00    0.9999912536E+00    0.1000000000E+01
    5    0.1369166667E+02    0.8127975472E+00    0.6966836119E+00    0.2756737394E+00    0.8127975472E+00    0.6966836119E+00    0.2756737394E+00    0.0000000000E+00    0.0000000000E+00    0.0000000000E+00    0.9999601970E+00    0.9999601970E+00    0.1000000000E+01
    6    0.1369166667E+02    0.0000000000E+00   -0.1161139353E+00    0.2553445020E+00    0.0000000000E+00    0.0000000000E+00    0.0000000000E+00    0.0000000000E+00    0.0000000000E+00    0.0000000000E+00    0.9999812021E+00    0.9999812021E+00    0.1000000000E+01
    1    0.1395000000E+02    0.8127975472E+00   -0.1161139353E+00    0.1405967354E+00    0.8127975472E+00   -0.1161139353E+00    0.1405967354E+00    0.0000000000E+00    0.0000000000E+00    0.0000000000E+00    0.9999545127E+00    0.9999545127E+00    0.1000000000E+01
    2    0.1395000000E+02    0.0000000000E+00   -0.1161139353E+00   -0.5141051215E+00    0.0000000000E+00    0.0000000000E+00    0.0000000000E+00    0.0000000000E+00    0.0000000000E+00    0.0000000000E+00    0.9999896167E+00    0.9999896167E+00    0.1000000000E+01
    3    0.1395000000E+02    0.8127975472E+00   -0.1161139353E+00    0.4592561750E+00    0.8127975472E+00   -0.1161139353E+00    0.4592561750E+00    0.0000000000E+00    0.0000000000E+00    0.0000000000E+00    0.9999699114E+00    0.9999699114E+00    0.1000000000E+01
    4    0.1395000000E+02    0.0000000000E+00    0.6966836119E+00    0.4558086221E+00    0.0000000000E+00    0.0000000000E+00    0.0000000000E+00    0.0000000000E+00    0.0000000000E+00    0.0000000000E+00    0.9999831123E+00    0.9999831123E+00    0.1000000000E+01
    5    0.1395000000E+02    0.8127975472E+00   -0.1161139353E+00    0.1194023058E+00    0.8127975472E+00   -0.1161139353E+00    0.1194023058E+00    0.0000000000E+00    0.0000000000E+00    0.0000000000E+00    0.9999490790E+00    0.9999490790E+00    0.1000000000E+01
    6    0.1395000000E+02    0.0000000000E+00   -0.1161139353E+00   -0.4486637144E+00    0.0000000000E+00    0.0000000000E+00    0.0000000000E+00    0.0000000000E+00    0.0000000000E+00    0.0000000000E+00    0.9999911932E+00    0.9999911932E+00    0.1000000000E+01
    7    0.1395000000E+02    0.8127975472E+00   -0.1161139353E+00    0.4473277725E+00    0.8127975472E+00   -0.1161139353E+00    0.4473277725E+00    0.0000000000E+00    0.0000000000E+00    0.0000000000E+00    0.9999711396E+00    0.9999711396E+00    0.1000000000E+01
    8    0.1395000000E+02    0.0000000000E+00   -0.1161139353E+00    0.4189096015E+00    0.0000000000E+00    0.0000000000E+00    0.0000000000E+00    0.0000000000E+00    0.0000000000E+00    0.0000000000E+00    0.9999875194E+00    0.9999875194E+00    0.1000000000E+01
    1    0.1420833333E+02    0.0000000000E+00   -0.1161139353E+00   -0.4036047859E+00    0.0000000000E+00   -0.1161139353E+00   -0.4036047859E+00    0.4653610640E-10    0.3266123895E-01    0.2710380500E+01    0.9999896993E+00    0.9999896993E+00    0.1000000000E+01
    2    0.1420833333E+02    0.0000000000E+00   -0.1161139353E+00   -0.3543232492E+00    0.0000000000E+00    0.0000000000E+00    0.0000000000E+00    0.0000000000E+00    0.0000000000E+00    0.0000000000E+00    0.9999905710E+00    0.9999905710E+00    0.1000000000E+01
    3    0.1420833333E+02    0.0000000000E+00   -0.1161139353E+00    0.5533217299E+00    0.0000000000E+00    0.0000000000E+00    0.0000000000E+00    0.0000000000E+00    0.0000000000E+00    0.0000000000E+00    0.9999872497E+00    0.9999872497E+00    0.1000000000E+01
    1    0.1446666667E+02    0.0000000000E+00   -0.1161139353E+00   -0.2867343673E+00    0.0000000000E+00    0.0000000000E+00    0.0000000000E+00    0.0000000000E+00    0.0000000000E+00    0.0000000000E+00    0.9999878458E+00    0.9999878458E+00    0.1000000000E+01
    2    0.1446666667E+02    0.0000000000E+00   -0.1161139353E+00   -0.2405383370E+00    0.0000000000E+00    0.0000000000E+00    0.0000000000E+00    0.0000000000E+00    0.0000000000E+00    0.0000000000E+00    0.9999874040E+00    0.9999874040E+00    0.1000000000E+01
    3    0.1446666667E+02    0.0000000000E+00   -0.1161139353E+00   -0.4474223769E+00    0.0000000000E+00    0.0000000000E+00    0.0000000000E+00    0.0000000000E+00    0.0000000000E+00    0.0000000000E+00    0.9999840943E+00    0.9999840943E+00    0.1000000000E+01
    1    0.1472500000E+02    0.0000000000E+00   -0.1161139353E+00   -0.1195216696E+00    0.0000000000E+00    0.0000000000E+00    0.0000000000E+00    0.0000000000E+00    0.0000000000E+00    0.0000000000E+00    0.9999744960E+00    0.9999744960E+00    0.1000000000E+01
    2    0.1472500000E+02    0.0000000000E+00   -0.1161139353E+00   -0.2357765929E+00    0.0000000000E+00    0.0000000000E+00    0.0000000000E+00    0.0000000000E+00    0.0000000000E+00    0.0000000000E+00    0.9999711545E+00    0.9999711545E+00    0.1000000000E+01
