    1    0.2066666667E+01   -0.5805696766E+00    0.0000000000E+00    0.1951497200E+00    0.0000000000E+00    0.0000000000E+00    0.0000000000E+00    0.0000000000E+00    0.0000000000E+00    0.0000000000E+00    0.9999984454E+00    0.9999984454E+00    0.1000000000E+01
    1    0.2325000000E+01   -0.5805696766E+00    0.0000000000E+00   -0.1729643352E+00    0.0000000000E+00    0.0000000000E+00    0.0000000000E+00    0.0000000000E+00    0.0000000000E+00    0.0000000000E+00    0.9999976398E+00    0.9999976398E+00    0.1000000000E+01
    2    0.2325000000E+01   -0.5805696766E+00    0.0000000000E+00    0.2513917637E+00    0.0000000000E+00    0.0000000000E+00    0.0000000000E+00    0.0000000000E+00    0.0000000000E+00    0.0000000000E+00    0.9999978057E+00    0.9999978057E+00    0.1000000000E+01
    3    0.2325000000E+01   -0.5805696766E+00    0.0000000000E+00    0.2918835258E+00    0.0000000000E+00    0.0000000000E+00    0.0000000000E+00    0.0000000000E+00    0.0000000000E+00    0.0000000000E+00    0.9999986525E+00    0.9999986525E+00    0.1000000000E+01
    1    0.2583333333E+01   -0.5805696766E+00    0.0000000000E+00   -0.8454394436E-01    0.0000000000E+00    0.0000000000E+00    0.0000000000E+00    0.0000000000E+00    0.0000000000E+00    0.0000000000E+00    0.9999987222E+00    0.9999987222E+00    0.1000000000E+01
    2    0.2583333333E+01   -0.5805696766E+00    0.0000000000E+00    0.3267065421E+00    0.0000000000E+00    0.0000000000E+00    0.0000000000E+00    0.0000000000E+00    0.0000000000E+00    0.0000000000E+00    0.9999990895E+00    0.9999990895E+00    0.1000000000E+01
    3    0.2583333333E+01    0.2322278706E+00    0.0000000000E+00    0.2635330713E+00    0.0000000000E+00    0.0000000000E+00    0.0000000000E+00    0.0000000000E+00    0.0000000000E+00    0.0000000000E+00    0.9999965843E+00    0.9999965843E+00    0.1000000000E+01
    4    0.2583333333E+01   -0.5805696766E+00    0.0000000000E+00    0.3738283853E+00    0.0000000000E+00    0.0000000000E+00    0.0000000000E+00    0.0000000000E+00    0.0000000000E+00    0.0000000000E+00    0.9999986499E+00    0.9999986499E+00    0.1000000000E+01
    1    0.2841666667E+01    0.2322278706E+00    0.0000000000E+00   -0.2432098695E+00    0.0000000000E+00    0.0000000000E+00    0.0000000000E+00    0.0000000000E+00    0.0000000000E+00    0.0000000000E+00    0.9999978934E+00    0.9999978934E+00    0.1000000000E+01
    2    0.2841666667E+01    0.2322278706E+00    0.0000000000E+00    0.3572029181E+00    0.0000000000E+00    0.0000000000E+00    0.0000000000E+00    0.0000000000E+00    0.0000000000E+00    0.0000000000E+00    0.9999979229E+00    0.9999979229E+00    0.1000000000E+01
    3    0.2841666667E+01   -0.5805696766E+00    0.0000000000E+00    0.3732003669E+00    0.0000000000E+00    0.0000000000E+00    0.0000000000E+00    0.0000000000E+00    0.0000000000E+00    0.0000000000E+00    0.9999992081E+00    0.9999992081E+00    0.1000000000E+01
    4    0.2841666667E+01   -0.5805696766E+00    0.0000000000E+00    0.4507222882E+00    0.0000000000E+00    0.0000000000E+00    0.0000000000E+00    0.0000000000E+00    0.0000000000E+00    0.0000000000E+00    0.9999985667E+00    0.9999985667E+00    0.1000000000E+01
    5    0.2841666667E+01    0.2322278706E+00    0.0000000000E+00    0.4179955543E+00    0.0000000000E+00    0.0000000000E+00    0.0000000000E+00    0.0000000000E+00    0.0000000000E+00    0.0000000000E+00    0.9999975963E+00    0.9999975963E+00    0.1000000000E+01
    1    0.3100000000E+01    0.2322278706E+00    0.0000000000E+00   -0.1692012525E+00    0.0000000000E+00    0.0000000000E+00    0.0000000000E+00    0.0000000000E+00    0.0000000000E+00    0.0000000000E+00    0.9999988133E+00    0.9999988133E+00    0.1000000000E+01
    2    0.3100000000E+01   -0.5805696766E+00    0.0000000000E+00    0.4127026793E+00    0.0000000000E+00    0.0000000000E+00    0.0000000000E+00    0.0000000000E+00    0.0000000000E+00    0.0000000000E+00    0.9999992274E+00    0.9999992274E+00    0.1000000000E+01
    3    0.3100000000E+01    0.2322278706E+00    0.0000000000E+00    0.4285837802E+00    0.0000000000E+00    0.0000000000E+00    0.0000000000E+00    0.0000000000E+00    0.0000000000E+00    0.0000000000E+00    0.9999988746E+00    0.9999988746E+00    0.1000000000E+01
    4    0.3100000000E+01    0.2322278706E+00    0.0000000000E+00    0.5326280209E+00    0.0000000000E+00    0.0000000000E+00    0.0000000000E+00    0.0000000000E+00    0.0000000000E+00    0.0000000000E+00    0.9999978365E+00    0.9999978365E+00    0.1000000000E+01
    5    0.3100000000E+01   -0.5805696766E+00    0.0000000000E+00    0.5268654103E+00   -0.5805696766E+00    0.0000000000E+00    0.5268654103E+00   -0.1630571982E+00   -0.2519736405E-09    0.1412598514E+01    0.9999984208E+00    0.9999984208E+00    0.1000000000E+01
    1    0.3358333333E+01    0.2322278706E+00    0.0000000000E+00   -0.1151218273E+00    0.0000000000E+00    0.0000000000E+00    0.0000000000E+00    0.0000000000E+00    0.0000000000E+00    0.0000000000E+00    0.9999988428E+00    0.9999988428E+00    0.1000000000E+01
    2    0.3358333333E+01   -0.5805696766E+00    0.0000000000E+00    0.4491550122E+00    0.0000000000E+00    0.0000000000E+00    0.0000000000E+00    0.0000000000E+00    0.0000000000E+00    0.0000000000E+00    0.9999992097E+00    0.9999992097E+00    0.1000000000E+01
    3    0.3358333333E+01    0.2322278706E+00    0.0000000000E+00    0.4769722623E+00    0.0000000000E+00    0.0000000000E+00    0.0000000000E+00    0.0000000000E+00    0.0000000000E+00    0.0000000000E+00    0.9999990086E+00    0.9999990086E+00    0.1000000000E+01
    4    0.3358333333E+01    0.2322278706E+00    0.0000000000E+00   -0.5167303210E+00    0.0000000000E+00    0.0000000000E+00    0.0000000000E+00    0.0000000000E+00    0.0000000000E+00    0.0000000000E+00    0.9999978501E+00    0.9999978501E+00    0.1000000000E+01
    5    0.3358333333E+01   -0.5805696766E+00    0.0000000000E+00   -0.5441407307E+00    0.0000000000E+00    0.0000000000E+00    0.0000000000E+00    0.0000000000E+00    0.0000000000E+00    0.0000000000E+00    0.9999982001E+00    0.9999982001E+00    0.1000000000E+01
    1    0.3616666667E+01    0.2322278706E+00    0.0000000000E+00   -0.5758452766E-01    0.0000000000E+00    0.0000000000E+00    0.0000000000E+00    0.0000000000E+00    0.0000000000E+00    0.0000000000E+00    0.9999983516E+00    0.9999983516E+00    0.1000000000E+01
    2    0.3616666667E+01    0.2322278706E+00    0.0000000000E+00    0.5186604810E+00    0.0000000000E+00    0.0000000000E+00    0.0000000000E+00    0.0000000000E+00    0.0000000000E+00    0.0000000000E+00    0.9999990210E+00    0.9999990210E+00    0.1000000000E+01
    3    0.3616666667E+01   -0.5805696766E+00    0.0000000000E+00    0.4842252090E+00    0.0000000000E+00    0.0000000000E+00    0.0000000000E+00    0.0000000000E+00    0.0000000000E+00    0.0000000000E+00    0.9999991696E+00    0.9999991696E+00    0.1000000000E+01
    4    0.3616666667E+01   -0.5805696766E+00    0.0000000000E+00   -0.4594883665E+00    0.0000000000E+00    0.0000000000E+00    0.0000000000E+00    0.0000000000E+00    0.0000000000E+00    0.0000000000E+00    0.9999978647E+00    0.9999978647E+00    0.1000000000E+01
    5    0.3616666667E+01    0.2322278706E+00    0.0000000000E+00   -0.4208346594E+00    0.0000000000E+00    0.0000000000E+00    0.0000000000E+00    0.0000000000E+00    0.0000000000E+00    0.0000000000E+00    0.9999976959E+00    0.9999976959E+00    0.1000000000E+01
    1    0.3875000000E+01    0.2322278706E+00    0.0000000000E+00    0.5574391648E+00    0.0000000000E+00    0.0000000000E+00    0.0000000000E+00    0.0000000000E+00    0.0000000000E+00    0.0000000000E+00    0.9999990224E+00    0.9999990224E+00    0.1000000000E+01
    2    0.3875000000E+01   -0.5805696766E+00    0.0000000000E+00    0.5189133268E+00    0.0000000000E+00    0.0000000000E+00    0.0000000000E+00    0.0000000000E+00    0.0000000000E+00    0.0000000000E+00    0.9999991104E+00    0.9999991104E+00    0.1000000000E+01
    3    0.3875000000E+01   -0.5805696766E+00    0.0000000000E+00   -0.3626311762E+00    0.0000000000E+00    0.0000000000E+00    0.0000000000E+00    0.0000000000E+00    0.0000000000E+00    0.0000000000E+00    0.9999972719E+00    0.9999972719E+00    0.1000000000E+01
    4    0.3875000000E+01    0.2322278706E+00    0.0000000000E+00   -0.3207246383E+00    0.0000000000E+00    0.0000000000E+00    0.0000000000E+00    0.0000000000E+00    0.0000000000E+00    0.0000000000E+00    0.9999972851E+00    0.9999972851E+00    0.1000000000E+01
    1    0.4133333333E+01    0.2322278706E+00    0.0000000000E+00   -0.5551861549E+00    0.0000000000E+00    0.0000000000E+00    0.0000000000E+00    0.0000000000E+00    0.0000000000E+00    0.0000000000E+00    0.9999989832E+00    0.9999989832E+00    0.1000000000E+01
    2    0.4133333333E+01   -0.5805696766E+00    0.0000000000E+00    0.5540616541E+00    0.0000000000E+00    0.0000000000E+00    0.0000000000E+00    0.0000000000E+00    0.0000000000E+00    0.0000000000E+00    0.9999990246E+00    0.9999990246E+00    0.1000000000E+01
    3    0.4133333333E+01   -0.5805696766E+00    0.8127975472E+00    0.5337755372E+00   -0.5805696766E+00    0.8127975472E+00    0.5337755372E+00    0.0000000000E+00    0.0000000000E+00    0.0000000000E+00    0.9999928758E+00    0.9999928758E+00    0.1000000000E+01
    4    0.4133333333E+01   -0.5805696766E+00    0.8127975472E+00    0.4952531312E+00   -0.5805696766E+00    0.8127975472E+00    0.4952531312E+00    0.0000000000E+00    0.0000000000E+00    0.0000000000E+00    0.9999955855E+00    0.9999955855E+00    0.1000000000E+01
    5    0.4133333333E+01   -0.5805696766E+00    0.8127975472E+00   -0.2146885649E+00   -0.5805696766E+00    0.8127975472E+00   -0.2146885649E+00    0.0000000000E+00    0.0000000000E+00    0.0000000000E+00    0.9999971652E+00    0.9999971652E+00    0.1000000000E+01
    6    0.4133333333E+01   -0.5805696766E+00    0.0000000000E+00   -0.2370771921E+00    0.0000000000E+00    0.0000000000E+00    0.0000000000E+00    0.0000000000E+00    0.0000000000E+00    0.0000000000E+00    0.9999957798E+00    0.9999957798E+00    0.1000000000E+01
    7    0.4133333333E+01    0.2322278706E+00    0.0000000000E+00   -0.1996631927E+00    0.0000000000E+00    0.0000000000E+00    0.0000000000E+00    0.0000000000E+00    0.0000000000E+00    0.0000000000E+00    0.9999960133E+00    0.9999960133E+00    0.1000000000E+01
    8    0.4133333333E+01   -0.5805696766E+00    0.8127975472E+00   -0.2151027140E+00   -0.5805696766E+00    0.8127975472E+00   -0.2151027140E+00    0.0000000000E+00    0.0000000000E+00    0.0000000000E+00    0.9999972445E+00    0.9999972445E+00    0.1000000000E+01
    1    0.4391666667E+01   -0.5805696766E+00    0.0000000000E+00    0.6039626246E-01    0.0000000000E+00    0.0000000000E+00    0.0000000000E+00    0.0000000000E+00    0.0000000000E+00    0.0000000000E+00    0.9999983893E+00    0.9999983893E+00    0.1000000000E+01
    2    0.4391666667E+01    0.2322278706E+00    0.0000000000E+00   -0.5181719575E+00    0.0000000000E+00    0.0000000000E+00    0.0000000000E+00    0.0000000000E+00    0.0000000000E+00    0.0000000000E+00    0.9999989277E+00    0.9999989277E+00    0.1000000000E+01
    3    0.4391666667E+01   -0.5805696766E+00    0.0000000000E+00   -0.5595756883E+00    0.0000000000E+00    0.0000000000E+00    0.0000000000E+00    0.0000000000E+00    0.0000000000E+00    0.0000000000E+00    0.9999989284E+00    0.9999989284E+00    0.1000000000E+01
    4    0.4391666667E+01    0.2322278706E+00    0.8127975472E+00    0.3956831022E+00    0.2322278706E+00    0.8127975472E+00    0.3956831022E+00    0.0000000000E+00    0.0000000000E+00    0.0000000000E+00    0.9999966467E+00    0.9999966467E+00    0.1000000000E+01
    5    0.4391666667E+01    0.2322278706E+00    0.8127975472E+00   -0.1224155837E+00    0.2322278706E+00    0.8127975472E+00   -0.1224155837E+00    0.0000000000E+00    0.0000000000E+00    0.0000000000E+00    0.9999968904E+00    0.9999968904E+00    0.1000000000E+01
    6    0.4391666667E+01   -0.5805696766E+00    0.8127975472E+00   -0.1335638714E+00   -0.5805696766E+00    0.8127975472E+00   -0.1335638714E+00    0.0000000000E+00    0.0000000000E+00    0.0000000000E+00    0.9999979605E+00    0.9999979605E+00    0.1000000000E+01
    7    0.4391666667E+01    0.2322278706E+00    0.8127975472E+00    0.3864355595E+00    0.2322278706E+00    0.8127975472E+00    0.3864355595E+00    0.0000000000E+00    0.0000000000E+00    0.0000000000E+00    0.9999966742E+00    0.9999966742E+00    0.1000000000E+01
    8    0.4391666667E+01   -0.5805696766E+00    0.8127975472E+00   -0.1334592608E+00   -0.5805696766E+00    0.8127975472E+00   -0.1334592608E+00    0.0000000000E+00    0.0000000000E+00    0.0000000000E+00    0.9999979690E+00    0.9999979690E+00    0.1000000000E+01
    9    0.4391666667E+01    0.2322278706E+00    0.8127975472E+00   -0.1266049932E+00    0.2322278706E+00    0.8127975472E+00   -0.1266049932E+00    0.0000000000E+00    0.0000000000E+00    0.0000000000E+00    0.9999969143E+00    0.9999969143E+00    0.1000000000E+01
    1    0.4650000000E+01   -0.5805696766E+00    0.0000000000E+00    0.1057896820E+00    0.0000000000E+00    0.0000000000E+00    0.0000000000E+00    0.0000000000E+00    0.0000000000E+00    0.0000000000E+00    0.9999987504E+00    0.9999987504E+00    0.1000000000E+01
    2    0.4650000000E+01    0.2322278706E+00    0.0000000000E+00   -0.4807938822E+00    0.0000000000E+00    0.0000000000E+00    0.0000000000E+00    0.0000000000E+00    0.0000000000E+00    0.0000000000E+00    0.9999988395E+00    0.9999988395E+00    0.1000000000E+01
    3    0.4650000000E+01   -0.5805696766E+00    0.0000000000E+00   -0.5210398034E+00    0.0000000000E+00    0.0000000000E+00    0.0000000000E+00    0.0000000000E+00    0.0000000000E+00    0.0000000000E+00    0.9999988008E+00    0.9999988008E+00    0.1000000000E+01
    4    0.4650000000E+01    0.2322278706E+00    0.8127975472E+00    0.5048274409E+00    0.2322278706E+00    0.8127975472E+00    0.5048274409E+00    0.0000000000E+00    0.0000000000E+00    0.0000000000E+00    0.9999962015E+00    0.9999962015E+00    0.1000000000E+01
    5    0.4650000000E+01   -0.5805696766E+00    0.8127975472E+00   -0.6651960047E-01   -0.5805696766E+00    0.8127975472E+00   -0.6651960047E-01    0.0000000000E+00    0.0000000000E+00    0.0000000000E+00    0.9999979557E+00    0.9999979557E+00    0.1000000000E+01
    6    0.4650000000E+01    0.2322278706E+00    0.8127975472E+00   -0.3775786155E-01    0.2322278706E+00    0.8127975472E+00   -0.3775786155E-01    0.0000000000E+00    0.0000000000E+00    0.0000000000E+00    0.9999977234E+00    0.9999977234E+00    0.1000000000E+01
    7    0.4650000000E+01    0.2322278706E+00    0.8127975472E+00    0.4891964389E+00    0.2322278706E+00    0.8127975472E+00    0.4891964389E+00    0.0000000000E+00    0.0000000000E+00    0.0000000000E+00    0.9999967478E+00    0.9999967478E+00    0.1000000000E+01
    8    0.4650000000E+01   -0.5805696766E+00    0.8127975472E+00   -0.6671196785E-01   -0.5805696766E+00    0.8127975472E+00   -0.6671196785E-01    0.0000000000E+00    0.0000000000E+00    0.0000000000E+00    0.9999979561E+00    0.9999979561E+00    0.1000000000E+01
    9    0.4650000000E+01    0.2322278706E+00    0.8127975472E+00   -0.4258001563E-01    0.2322278706E+00    0.8127975472E+00   -0.4258001563E-01    0.0000000000E+00    0.0000000000E+00    0.0000000000E+00    0.9999977717E+00    0.9999977717E+00    0.1000000000E+01
    1    0.4908333333E+01   -0.5805696766E+00    0.0000000000E+00    0.1434774873E+00    0.0000000000E+00    0.0000000000E+00    0.0000000000E+00    0.0000000000E+00    0.0000000000E+00    0.0000000000E+00    0.9999988099E+00    0.9999988099E+00    0.1000000000E+01
    2    0.4908333333E+01    0.2322278706E+00    0.0000000000E+00   -0.4421121137E+00    0.0000000000E+00    0.0000000000E+00    0.0000000000E+00    0.0000000000E+00    0.0000000000E+00    0.0000000000E+00    0.9999987174E+00    0.9999987174E+00    0.1000000000E+01
    3    0.4908333333E+01   -0.5805696766E+00    0.0000000000E+00   -0.4789116745E+00    0.0000000000E+00    0.0000000000E+00    0.0000000000E+00    0.0000000000E+00    0.0000000000E+00    0.0000000000E+00    0.9999985765E+00    0.9999985765E+00    0.1000000000E+01
    4    0.4908333333E+01    0.2322278706E+00    0.8127975472E+00    0.2846857363E-01    0.2322278706E+00    0.8127975472E+00    0.2846857363E-01    0.0000000000E+00    0.0000000000E+00    0.0000000000E+00    0.9999979692E+00    0.9999979692E+00    0.1000000000E+01
    5    0.4908333333E+01    0.2322278706E+00    0.8127975472E+00    0.2260833237E-01    0.2322278706E+00    0.8127975472E+00    0.2260833237E-01    0.0000000000E+00    0.0000000000E+00    0.0000000000E+00    0.9999979714E+00    0.9999979714E+00    0.1000000000E+01
    1    0.5166666667E+01    0.2322278706E+00    0.0000000000E+00   -0.4009943958E+00    0.0000000000E+00    0.0000000000E+00    0.0000000000E+00    0.0000000000E+00    0.0000000000E+00    0.0000000000E+00    0.9999985424E+00    0.9999985424E+00    0.1000000000E+01
    2    0.5166666667E+01   -0.5805696766E+00    0.0000000000E+00   -0.4300933506E+00    0.0000000000E+00    0.0000000000E+00    0.0000000000E+00    0.0000000000E+00    0.0000000000E+00    0.0000000000E+00    0.9999981847E+00    0.9999981847E+00    0.1000000000E+01
    3    0.5166666667E+01   -0.5805696766E+00    0.8127975472E+00   -0.4827220668E+00   -0.5805696766E+00    0.8127975472E+00   -0.4827220668E+00    0.0000000000E+00    0.0000000000E+00    0.0000000000E+00    0.9999967323E+00    0.9999967323E+00    0.1000000000E+01
    4    0.5166666667E+01   -0.5805696766E+00    0.0000000000E+00    0.1787085930E+00    0.0000000000E+00    0.0000000000E+00    0.0000000000E+00    0.0000000000E+00    0.0000000000E+00    0.0000000000E+00    0.9999988020E+00    0.9999988020E+00    0.1000000000E+01
    5    0.5166666667E+01   -0.5805696766E+00    0.8127975472E+00    0.3033775943E-01   -0.5805696766E+00    0.8127975472E+00    0.3033775943E-01    0.0000000000E+00    0.0000000000E+00    0.0000000000E+00    0.9999969148E+00    0.9999969148E+00    0.1000000000E+01
    6    0.5166666667E+01    0.2322278706E+00    0.8127975472E+00    0.8956025344E-01    0.2322278706E+00    0.8127975472E+00    0.8956025344E-01    0.0000000000E+00    0.0000000000E+00    0.0000000000E+00    0.9999979452E+00    0.9999979452E+00    0.1000000000E+01
    7    0.5166666667E+01   -0.5805696766E+00    0.8127975472E+00   -0.4892479521E+00   -0.5805696766E+00    0.8127975472E+00   -0.4892479521E+00    0.0000000000E+00    0.0000000000E+00    0.0000000000E+00    0.9999966756E+00    0.9999966756E+00    0.1000000000E+01
    8    0.5166666667E+01   -0.5805696766E+00    0.8127975472E+00    0.2017609248E-01   -0.5805696766E+00    0.8127975472E+00    0.2017609248E-01    0.0000000000E+00    0.0000000000E+00    0.0000000000E+00    0.9999958396E+00    0.9999958396E+00    0.1000000000E+01
    9    0.5166666667E+01    0.2322278706E+00    0.8127975472E+00    0.8324014174E-01    0.2322278706E+00    0.8127975472E+00    0.8324014174E-01    0.0000000000E+00    0.0000000000E+00    0.0000000000E+00    0.9999979630E+00    0.9999979630E+00    0.1000000000E+01
    1    0.5425000000E+01    0.2322278706E+00    0.0000000000E+00    0.8138578654E-02    0.0000000000E+00    0.0000000000E+00    0.0000000000E+00    0.0000000000E+00    0.0000000000E+00    0.0000000000E+00    0.9999873389E+00    0.9999873389E+00    0.1000000000E+01
    2    0.5425000000E+01   -0.5805696766E+00    0.0000000000E+00    0.2130692411E+00    0.0000000000E+00    0.0000000000E+00    0.0000000000E+00    0.0000000000E+00    0.0000000000E+00    0.0000000000E+00    0.9999987800E+00    0.9999987800E+00    0.1000000000E+01
    3    0.5425000000E+01    0.2322278706E+00    0.8127975472E+00    0.1512523234E+00    0.2322278706E+00    0.8127975472E+00    0.1512523234E+00    0.0000000000E+00    0.0000000000E+00    0.0000000000E+00    0.9999977079E+00    0.9999977079E+00    0.1000000000E+01
    4    0.5425000000E+01   -0.5805696766E+00    0.8127975472E+00    0.1082485666E+00   -0.5805696766E+00    0.8127975472E+00    0.1082485666E+00    0.0000000000E+00    0.0000000000E+00    0.0000000000E+00    0.9999970481E+00    0.9999970481E+00    0.1000000000E+01
    5    0.5425000000E+01    0.2322278706E+00    0.0000000000E+00   -0.3556279391E+00    0.0000000000E+00    0.0000000000E+00    0.0000000000E+00    0.0000000000E+00    0.0000000000E+00    0.0000000000E+00    0.9999982295E+00    0.9999982295E+00    0.1000000000E+01
    6    0.5425000000E+01   -0.5805696766E+00    0.0000000000E+00   -0.3668874672E+00    0.0000000000E+00    0.0000000000E+00    0.0000000000E+00    0.0000000000E+00    0.0000000000E+00    0.0000000000E+00    0.9999972659E+00    0.9999972659E+00    0.1000000000E+01
    7    0.5425000000E+01   -0.5805696766E+00    0.8127975472E+00   -0.3938842900E+00   -0.5805696766E+00    0.8127975472E+00   -0.3938842900E+00    0.0000000000E+00    0.0000000000E+00    0.0000000000E+00    0.9999967102E+00    0.9999967102E+00    0.1000000000E+01
    8    0.5425000000E+01    0.2322278706E+00    0.8127975472E+00    0.1443807264E+00    0.2322278706E+00    0.8127975472E+00    0.1443807264E+00    0.0000000000E+00    0.0000000000E+00    0.0000000000E+00    0.9999977304E+00    0.9999977304E+00    0.1000000000E+01
    9    0.5425000000E+01   -0.5805696766E+00    0.8127975472E+00    0.1014236583E+00   -0.5805696766E+00    0.8127975472E+00    0.1014236583E+00    0.0000000000E+00    0.0000000000E+00    0.0000000000E+00    0.9999971171E+00    0.9999971171E+00    0.1000000000E+01
   10    0.5425000000E+01   -0.5805696766E+00    0.8127975472E+00   -0.4003144286E+00   -0.5805696766E+00    0.8127975472E+00   -0.4003144286E+00    0.0000000000E+00    0.0000000000E+00    0.0000000000E+00    0.9999967481E+00    0.9999967481E+00    0.1000000000E+01
    1    0.5683333333E+01    0.2322278706E+00    0.8127975472E+00   -0.5335642858E+00    0.2322278706E+00    0.8127975472E+00   -0.5335642858E+00    0.0000000000E+00    0.0000000000E+00    0.0000000000E+00    0.9999919535E+00    0.9999919535E+00    0.1000000000E+01
    2    0.5683333333E+01    0.2322278706E+00    0.0000000000E+00   -0.3023815251E+00    0.0000000000E+00    0.0000000000E+00    0.0000000000E+00    0.0000000000E+00    0.0000000000E+00    0.0000000000E+00    0.9999977793E+00    0.9999977793E+00    0.1000000000E+01
    3    0.5683333333E+01    0.2322278706E+00    0.0000000000E+00    0.8208745053E-01    0.0000000000E+00    0.0000000000E+00    0.0000000000E+00    0.0000000000E+00    0.0000000000E+00    0.0000000000E+00    0.9999982739E+00    0.9999982739E+00    0.1000000000E+01
    4    0.5683333333E+01    0.2322278706E+00    0.8127975472E+00    0.2222413059E+00    0.2322278706E+00    0.8127975472E+00    0.2222413059E+00    0.0000000000E+00    0.0000000000E+00    0.0000000000E+00    0.9999967824E+00    0.9999967824E+00    0.1000000000E+01
    5    0.5683333333E+01    0.2322278706E+00    0.8127975472E+00   -0.5386243482E+00    0.2322278706E+00    0.8127975472E+00   -0.5386243482E+00    0.0000000000E+00    0.0000000000E+00    0.0000000000E+00    0.9999914990E+00    0.9999914990E+00    0.1000000000E+01
    6    0.5683333333E+01    0.2322278706E+00    0.8127975472E+00    0.2143369015E+00    0.2322278706E+00    0.8127975472E+00    0.2143369015E+00    0.0000000000E+00    0.0000000000E+00    0.0000000000E+00    0.9999967791E+00    0.9999967791E+00    0.1000000000E+01
    1    0.5941666667E+01    0.2322278706E+00    0.0000000000E+00   -0.2311688691E+00    0.0000000000E+00    0.0000000000E+00    0.0000000000E+00    0.0000000000E+00    0.0000000000E+00    0.0000000000E+00    0.9999965312E+00    0.9999965312E+00    0.1000000000E+01
    2    0.5941666667E+01    0.2322278706E+00    0.0000000000E+00    0.1234644266E+00    0.0000000000E+00    0.0000000000E+00    0.0000000000E+00    0.0000000000E+00    0.0000000000E+00    0.0000000000E+00    0.9999984984E+00    0.9999984984E+00    0.1000000000E+01
    3    0.5941666667E+01   -0.5805696766E+00    0.0000000000E+00    0.2817604374E+00    0.0000000000E+00    0.0000000000E+00    0.0000000000E+00    0.0000000000E+00    0.0000000000E+00    0.0000000000E+00    0.9999986334E+00    0.9999986334E+00    0.1000000000E+01
    1    0.6200000000E+01    0.2322278706E+00    0.0000000000E+00   -0.6049222299E-01    0.0000000000E+00    0.0000000000E+00    0.0000000000E+00    0.0000000000E+00    0.0000000000E+00    0.0000000000E+00    0.9999768428E+00    0.9999768428E+00    0.1000000000E+01
    2    0.6200000000E+01   -0.5805696766E+00    0.0000000000E+00    0.3171485200E+00    0.0000000000E+00    0.0000000000E+00    0.0000000000E+00    0.0000000000E+00    0.0000000000E+00    0.0000000000E+00    0.9999985368E+00    0.9999985368E+00    0.1000000000E+01
    3    0.6200000000E+01    0.2322278706E+00    0.0000000000E+00    0.1600339097E+00    0.0000000000E+00    0.0000000000E+00    0.0000000000E+00    0.0000000000E+00    0.0000000000E+00    0.0000000000E+00    0.9999985055E+00    0.9999985055E+00    0.1000000000E+01
    1    0.6458333333E+01    0.2322278706E+00    0.0000000000E+00    0.1954796917E+00    0.0000000000E+00    0.0000000000E+00    0.0000000000E+00    0.0000000000E+00    0.0000000000E+00    0.0000000000E+00    0.9999985112E+00    0.9999985112E+00    0.1000000000E+01
    2    0.6458333333E+01   -0.5805696766E+00    0.0000000000E+00    0.3536630871E+00    0.0000000000E+00    0.0000000000E+00    0.0000000000E+00    0.0000000000E+00    0.0000000000E+00    0.0000000000E+00    0.9999984199E+00    0.9999984199E+00    0.1000000000E+01
    1    0.6716666667E+01   -0.5805696766E+00    0.0000000000E+00    0.3917032426E+00    0.0000000000E+00    0.0000000000E+00    0.0000000000E+00    0.0000000000E+00    0.0000000000E+00    0.0000000000E+00    0.9999982805E+00    0.9999982805E+00    0.1000000000E+01
    2    0.6716666667E+01    0.2322278706E+00    0.0000000000E+00    0.2305234137E+00    0.0000000000E+00    0.0000000000E+00    0.0000000000E+00    0.0000000000E+00    0.0000000000E+00    0.0000000000E+00    0.9999984480E+00    0.9999984480E+00    0.1000000000E+01
    1    0.6975000000E+01   -0.5805696766E+00    0.0000000000E+00    0.4316949773E+00    0.0000000000E+00    0.0000000000E+00    0.0000000000E+00    0.0000000000E+00    0.0000000000E+00    0.0000000000E+00    0.9999981148E+00    0.9999981148E+00    0.1000000000E+01
    2    0.6975000000E+01    0.2322278706E+00    0.0000000000E+00    0.2659832028E+00    0.0000000000E+00    0.0000000000E+00    0.0000000000E+00    0.0000000000E+00    0.0000000000E+00    0.0000000000E+00    0.9999983557E+00    0.9999983557E+00    0.1000000000E+01
    1    0.7233333333E+01   -0.5805696766E+00    0.0000000000E+00    0.4741032144E+00    0.0000000000E+00    0.0000000000E+00    0.0000000000E+00    0.0000000000E+00    0.0000000000E+00    0.0000000000E+00    0.9999979190E+00    0.9999979190E+00    0.1000000000E+01
    2    0.7233333333E+01    0.2322278706E+00    0.0000000000E+00    0.3024410929E+00    0.0000000000E+00    0.0000000000E+00    0.0000000000E+00    0.0000000000E+00    0.0000000000E+00    0.0000000000E+00    0.9999982342E+00    0.9999982342E+00    0.1000000000E+01
    1    0.7491666667E+01    0.2322278706E+00    0.0000000000E+00    0.3404793688E+00    0.0000000000E+00    0.0000000000E+00    0.0000000000E+00    0.0000000000E+00    0.0000000000E+00    0.0000000000E+00    0.9999980779E+00    0.9999980779E+00    0.1000000000E+01
    2    0.7491666667E+01   -0.5805696766E+00    0.0000000000E+00    0.5193937568E+00    0.0000000000E+00    0.0000000000E+00    0.0000000000E+00    0.0000000000E+00    0.0000000000E+00    0.0000000000E+00    0.9999976928E+00    0.9999976928E+00    0.1000000000E+01
    1    0.7750000000E+01    0.2322278706E+00    0.0000000000E+00    0.3807968802E+00    0.0000000000E+00    0.0000000000E+00    0.0000000000E+00    0.0000000000E+00    0.0000000000E+00    0.0000000000E+00    0.9999978743E+00    0.9999978743E+00    0.1000000000E+01
    2    0.7750000000E+01   -0.5805696766E+00    0.0000000000E+00    0.5680863282E+00    0.0000000000E+00    0.0000000000E+00    0.0000000000E+00    0.0000000000E+00    0.0000000000E+00    0.0000000000E+00    0.9999973468E+00    0.9999973468E+00    0.1000000000E+01
    1    0.8008333333E+01    0.2322278706E+00    0.0000000000E+00    0.4243527824E+00    0.0000000000E+00    0.0000000000E+00    0.0000000000E+00    0.0000000000E+00    0.0000000000E+00    0.0000000000E+00    0.9999976007E+00    0.9999976007E+00    0.1000000000E+01
    2    0.8008333333E+01   -0.5805696766E+00    0.0000000000E+00   -0.5302541597E+00    0.0000000000E+00    0.0000000000E+00    0.0000000000E+00    0.0000000000E+00    0.0000000000E+00    0.0000000000E+00    0.9999972266E+00    0.9999972266E+00    0.1000000000E+01
    1    0.8266666667E+01    0.2322278706E+00    0.0000000000E+00    0.4726238058E+00    0.0000000000E+00    0.0000000000E+00    0.0000000000E+00    0.0000000000E+00    0.0000000000E+00    0.0000000000E+00    0.9999972118E+00    0.9999972118E+00    0.1000000000E+01
    2    0.8266666667E+01   -0.5805696766E+00    0.0000000000E+00   -0.4768870274E+00    0.0000000000E+00    0.0000000000E+00    0.0000000000E+00    0.0000000000E+00    0.0000000000E+00    0.0000000000E+00    0.9999970844E+00    0.9999970844E+00    0.1000000000E+01
    1    0.8525000000E+01   -0.5805696766E+00    0.0000000000E+00   -0.4235789074E+00    0.0000000000E+00    0.0000000000E+00    0.0000000000E+00    0.0000000000E+00    0.0000000000E+00    0.0000000000E+00    0.9999970544E+00    0.9999970544E+00    0.1000000000E+01
    2    0.8525000000E+01    0.2322278706E+00    0.0000000000E+00    0.5281837571E+00    0.0000000000E+00    0.0000000000E+00    0.0000000000E+00    0.0000000000E+00    0.0000000000E+00    0.0000000000E+00    0.9999966067E+00    0.9999966067E+00    0.1000000000E+01
    1    0.8783333333E+01    0.2322278706E+00    0.0000000000E+00   -0.5537517753E+00    0.0000000000E+00    0.0000000000E+00    0.0000000000E+00    0.0000000000E+00    0.0000000000E+00    0.0000000000E+00    0.9999955220E+00    0.9999955220E+00    0.1000000000E+01
    2    0.8783333333E+01   -0.5805696766E+00    0.0000000000E+00   -0.3721434811E+00    0.0000000000E+00    0.0000000000E+00    0.0000000000E+00    0.0000000000E+00    0.0000000000E+00    0.0000000000E+00    0.9999971075E+00    0.9999971075E+00    0.1000000000E+01
    1    0.9041666667E+01    0.2322278706E+00    0.0000000000E+00   -0.4622595106E+00    0.0000000000E+00    0.0000000000E+00    0.0000000000E+00    0.0000000000E+00    0.0000000000E+00    0.0000000000E+00    0.9999935191E+00    0.9999935191E+00    0.1000000000E+01
    2    0.9041666667E+01   -0.5805696766E+00    0.0000000000E+00   -0.3233637156E+00    0.0000000000E+00    0.0000000000E+00    0.0000000000E+00    0.0000000000E+00    0.0000000000E+00    0.0000000000E+00    0.9999971795E+00    0.9999971795E+00    0.1000000000E+01
    3    0.9041666667E+01   -0.5805696766E+00    0.8127975472E+00    0.2408120227E+00   -0.5805696766E+00    0.8127975472E+00    0.2408120227E+00    0.0000000000E+00    0.0000000000E+00    0.0000000000E+00    0.9999931106E+00    0.9999931106E+00    0.1000000000E+01
    4    0.9041666667E+01   -0.5805696766E+00    0.8127975472E+00    0.2332302060E+00   -0.5805696766E+00    0.8127975472E+00    0.2332302060E+00    0.0000000000E+00    0.0000000000E+00    0.0000000000E+00    0.9999930339E+00    0.9999930339E+00    0.1000000000E+01
    1    0.9300000000E+01    0.2322278706E+00    0.0000000000E+00   -0.3378916479E+00    0.0000000000E+00    0.0000000000E+00    0.0000000000E+00    0.0000000000E+00    0.0000000000E+00    0.0000000000E+00    0.9999922347E+00    0.9999922347E+00    0.1000000000E+01
    2    0.9300000000E+01   -0.5805696766E+00    0.0000000000E+00   -0.2770452773E+00    0.0000000000E+00    0.0000000000E+00    0.0000000000E+00    0.0000000000E+00    0.0000000000E+00    0.0000000000E+00    0.9999972342E+00    0.9999972342E+00    0.1000000000E+01
    3    0.9300000000E+01   -0.5805696766E+00    0.8127975472E+00    0.3318280305E+00   -0.5805696766E+00    0.8127975472E+00    0.3318280305E+00    0.0000000000E+00    0.0000000000E+00    0.0000000000E+00    0.9999952751E+00    0.9999952751E+00    0.1000000000E+01
    4    0.9300000000E+01   -0.5805696766E+00    0.8127975472E+00    0.3258202490E+00   -0.5805696766E+00    0.8127975472E+00    0.3258202490E+00    0.0000000000E+00    0.0000000000E+00    0.0000000000E+00    0.9999951746E+00    0.9999951746E+00    0.1000000000E+01
    1    0.9558333333E+01   -0.5805696766E+00    0.8127975472E+00    0.4056440874E+00   -0.5805696766E+00    0.8127975472E+00    0.4056440874E+00    0.0000000000E+00    0.0000000000E+00    0.0000000000E+00    0.9999953940E+00    0.9999953940E+00    0.1000000000E+01
    2    0.9558333333E+01    0.2322278706E+00    0.8127975472E+00    0.4908161676E+00    0.2322278706E+00    0.8127975472E+00    0.4908161676E+00    0.0000000000E+00    0.0000000000E+00    0.0000000000E+00    0.9999890442E+00    0.9999890442E+00    0.1000000000E+01
    3    0.9558333333E+01    0.2322278706E+00    0.0000000000E+00   -0.2292689159E+00    0.0000000000E+00    0.0000000000E+00    0.0000000000E+00    0.0000000000E+00    0.0000000000E+00    0.0000000000E+00    0.9999943072E+00    0.9999943072E+00    0.1000000000E+01
    4    0.9558333333E+01   -0.5805696766E+00    0.0000000000E+00   -0.2325475404E+00    0.0000000000E+00    0.0000000000E+00    0.0000000000E+00    0.0000000000E+00    0.0000000000E+00    0.0000000000E+00    0.9999972489E+00    0.9999972489E+00    0.1000000000E+01
    5    0.9558333333E+01    0.2322278706E+00    0.8127975472E+00   -0.9443938439E-01    0.2322278706E+00    0.8127975472E+00   -0.9443938439E-01    0.0000000000E+00    0.0000000000E+00    0.0000000000E+00    0.9999826954E+00    0.9999826954E+00    0.1000000000E+01
    6    0.9558333333E+01    0.2322278706E+00    0.8127975472E+00    0.4861277381E+00    0.2322278706E+00    0.8127975472E+00    0.4861277381E+00    0.0000000000E+00    0.0000000000E+00    0.0000000000E+00    0.9999827383E+00    0.9999827383E+00    0.1000000000E+01
    7    0.9558333333E+01   -0.5805696766E+00    0.8127975472E+00    0.4013604161E+00   -0.5805696766E+00    0.8127975472E+00    0.4013604161E+00    0.0000000000E+00    0.0000000000E+00    0.0000000000E+00    0.9999952773E+00    0.9999952773E+00    0.1000000000E+01
    8    0.9558333333E+01    0.2322278706E+00    0.8127975472E+00   -0.9208373622E-01    0.2322278706E+00    0.8127975472E+00   -0.9208373622E-01    0.0000000000E+00    0.0000000000E+00    0.0000000000E+00    0.9999871584E+00    0.9999871584E+00    0.1000000000E+01
    1    0.9816666667E+01   -0.5805696766E+00    0.8127975472E+00    0.4875031297E+00   -0.5805696766E+00    0.8127975472E+00    0.4875031297E+00    0.0000000000E+00    0.0000000000E+00    0.0000000000E+00    0.9999934823E+00    0.9999934823E+00    0.1000000000E+01
    2    0.9816666667E+01    0.2322278706E+00    0.0000000000E+00   -0.1493158250E+00    0.0000000000E+00    0.0000000000E+00    0.0000000000E+00    0.0000000000E+00    0.0000000000E+00    0.0000000000E+00    0.9999953338E+00    0.9999953338E+00    0.1000000000E+01
    3    0.9816666667E+01   -0.5805696766E+00    0.0000000000E+00   -0.1891464434E+00    0.0000000000E+00    0.0000000000E+00    0.0000000000E+00    0.0000000000E+00    0.0000000000E+00    0.0000000000E+00    0.9999972228E+00    0.9999972228E+00    0.1000000000E+01
    4    0.9816666667E+01   -0.5805696766E+00    0.8127975472E+00    0.4855214982E+00   -0.5805696766E+00    0.8127975472E+00    0.4855214982E+00    0.0000000000E+00    0.0000000000E+00    0.0000000000E+00    0.9999932746E+00    0.9999932746E+00    0.1000000000E+01
    1    0.1007500000E+02   -0.5805696766E+00    0.0000000000E+00   -0.1461596249E+00    0.0000000000E+00    0.0000000000E+00    0.0000000000E+00    0.0000000000E+00    0.0000000000E+00    0.0000000000E+00    0.9999971558E+00    0.9999971558E+00    0.1000000000E+01
    2    0.1007500000E+02    0.2322278706E+00    0.0000000000E+00   -0.7904627606E-01    0.0000000000E+00    0.0000000000E+00    0.0000000000E+00    0.0000000000E+00    0.0000000000E+00    0.0000000000E+00    0.9999952619E+00    0.9999952619E+00    0.1000000000E+01
    1    0.1033333333E+02   -0.5805696766E+00    0.0000000000E+00   -0.1029392213E+00    0.0000000000E+00    0.0000000000E+00    0.0000000000E+00    0.0000000000E+00    0.0000000000E+00    0.0000000000E+00    0.9999970446E+00    0.9999970446E+00    0.1000000000E+01
    1    0.1059166667E+02   -0.5805696766E+00    0.0000000000E+00   -0.5872822915E-01    0.0000000000E+00    0.0000000000E+00    0.0000000000E+00    0.0000000000E+00    0.0000000000E+00    0.0000000000E+00    0.9999968633E+00    0.9999968633E+00    0.1000000000E+01
    1    0.1085000000E+02    0.2322278706E+00    0.0000000000E+00    0.4825554220E-01    0.0000000000E+00    0.0000000000E+00    0.0000000000E+00    0.0000000000E+00    0.0000000000E+00    0.0000000000E+00    0.9999941989E+00    0.9999941989E+00    0.1000000000E+01
    2    0.1085000000E+02   -0.5805696766E+00    0.0000000000E+00   -0.9512056799E-02    0.0000000000E+00    0.0000000000E+00    0.0000000000E+00    0.0000000000E+00    0.0000000000E+00    0.0000000000E+00    0.9999949242E+00    0.9999949242E+00    0.1000000000E+01
    1    0.1110833333E+02    0.2322278706E+00    0.0000000000E+00    0.1156011414E+00    0.0000000000E+00    0.0000000000E+00    0.0000000000E+00    0.0000000000E+00    0.0000000000E+00    0.0000000000E+00    0.9999954828E+00    0.9999954828E+00    0.1000000000E+01
    2    0.1110833333E+02   -0.5805696766E+00    0.0000000000E+00    0.3007172935E-01    0.0000000000E+00    0.0000000000E+00    0.0000000000E+00    0.0000000000E+00    0.0000000000E+00    0.0000000000E+00    0.9999962550E+00    0.9999962550E+00    0.1000000000E+01
    1    0.1136666667E+02    0.2322278706E+00    0.0000000000E+00    0.1767590276E+00    0.0000000000E+00    0.0000000000E+00    0.0000000000E+00    0.0000000000E+00    0.0000000000E+00    0.0000000000E+00    0.9999954428E+00    0.9999954428E+00    0.1000000000E+01
    2    0.1136666667E+02   -0.5805696766E+00    0.0000000000E+00    0.8080915227E-01    0.0000000000E+00    0.0000000000E+00    0.0000000000E+00    0.0000000000E+00    0.0000000000E+00    0.0000000000E+00    0.9999961576E+00    0.9999961576E+00    0.1000000000E+01
    3    0.1136666667E+02    0.2322278706E+00    0.8127975472E+00   -0.4648581440E+00    0.2322278706E+00    0.8127975472E+00   -0.4648581440E+00    0.0000000000E+00    0.0000000000E+00    0.0000000000E+00    0.9999928741E+00    0.9999928741E+00    0.1000000000E+01
    4    0.1136666667E+02    0.2322278706E+00    0.8127975472E+00   -0.4603805394E+00    0.2322278706E+00    0.8127975472E+00   -0.4603805394E+00    0.0000000000E+00    0.0000000000E+00    0.0000000000E+00    0.9999928528E+00    0.9999928528E+00    0.1000000000E+01
    1    0.1162500000E+02    0.2322278706E+00    0.0000000000E+00    0.2384510050E+00    0.0000000000E+00    0.0000000000E+00    0.0000000000E+00    0.0000000000E+00    0.0000000000E+00    0.0000000000E+00    0.9999952337E+00    0.9999952337E+00    0.1000000000E+01
    2    0.1162500000E+02   -0.5805696766E+00    0.0000000000E+00    0.1339231279E+00    0.0000000000E+00    0.0000000000E+00    0.0000000000E+00    0.0000000000E+00    0.0000000000E+00    0.0000000000E+00    0.9999958073E+00    0.9999958073E+00    0.1000000000E+01
    3    0.1162500000E+02   -0.5805696766E+00    0.8127975472E+00   -0.4714832947E+00   -0.5805696766E+00    0.8127975472E+00   -0.4714832947E+00    0.0000000000E+00    0.0000000000E+00    0.0000000000E+00    0.9999907068E+00    0.9999907068E+00    0.1000000000E+01
    4    0.1162500000E+02    0.2322278706E+00    0.8127975472E+00   -0.3817173236E+00    0.2322278706E+00    0.8127975472E+00   -0.3817173236E+00    0.0000000000E+00    0.0000000000E+00    0.0000000000E+00    0.9999940913E+00    0.9999940913E+00    0.1000000000E+01
    5    0.1162500000E+02    0.2322278706E+00    0.8127975472E+00   -0.3764696863E+00    0.2322278706E+00    0.8127975472E+00   -0.3764696863E+00    0.0000000000E+00    0.0000000000E+00    0.0000000000E+00    0.9999940188E+00    0.9999940188E+00    0.1000000000E+01
    6    0.1162500000E+02   -0.5805696766E+00    0.8127975472E+00   -0.4650777614E+00   -0.5805696766E+00    0.8127975472E+00   -0.4650777614E+00    0.0000000000E+00    0.0000000000E+00    0.0000000000E+00    0.9999905201E+00    0.9999905201E+00    0.1000000000E+01
    1    0.1188333333E+02    0.2322278706E+00    0.0000000000E+00    0.3017735583E+00    0.0000000000E+00    0.0000000000E+00    0.0000000000E+00    0.0000000000E+00    0.0000000000E+00    0.0000000000E+00    0.9999949957E+00    0.9999949957E+00    0.1000000000E+01
    2    0.1188333333E+02   -0.5805696766E+00    0.0000000000E+00    0.1910382149E+00    0.0000000000E+00    0.0000000000E+00    0.0000000000E+00    0.0000000000E+00    0.0000000000E+00    0.0000000000E+00    0.9999953646E+00    0.9999953646E+00    0.1000000000E+01
    3    0.1188333333E+02   -0.5805696766E+00    0.8127975472E+00   -0.3652851666E+00   -0.5805696766E+00    0.8127975472E+00   -0.3652851666E+00    0.0000000000E+00    0.0000000000E+00    0.0000000000E+00    0.9999919429E+00    0.9999919429E+00    0.1000000000E+01
    4    0.1188333333E+02    0.2322278706E+00    0.8127975472E+00   -0.3037757502E+00    0.2322278706E+00    0.8127975472E+00   -0.3037757502E+00    0.0000000000E+00    0.0000000000E+00    0.0000000000E+00    0.9999937162E+00    0.9999937162E+00    0.1000000000E+01
    5    0.1188333333E+02    0.2322278706E+00    0.8127975472E+00   -0.2975339783E+00    0.2322278706E+00    0.8127975472E+00   -0.2975339783E+00    0.0000000000E+00    0.0000000000E+00    0.0000000000E+00    0.9999936353E+00    0.9999936353E+00    0.1000000000E+01
    6    0.1188333333E+02   -0.5805696766E+00    0.8127975472E+00   -0.3556431487E+00   -0.5805696766E+00    0.8127975472E+00   -0.3556431487E+00    0.0000000000E+00    0.0000000000E+00    0.0000000000E+00    0.9999916579E+00    0.9999916579E+00    0.1000000000E+01
    1    0.1214166667E+02    0.2322278706E+00    0.0000000000E+00    0.3666244065E+00    0.0000000000E+00    0.0000000000E+00    0.0000000000E+00    0.0000000000E+00    0.0000000000E+00    0.0000000000E+00    0.9999947828E+00    0.9999947828E+00    0.1000000000E+01
    2    0.1214166667E+02   -0.5805696766E+00    0.0000000000E+00    0.2529749102E+00    0.0000000000E+00    0.0000000000E+00    0.0000000000E+00    0.0000000000E+00    0.0000000000E+00    0.0000000000E+00    0.9999948605E+00    0.9999948605E+00    0.1000000000E+01
    3    0.1214166667E+02   -0.5805696766E+00    0.8127975472E+00   -0.2492332414E+00   -0.5805696766E+00    0.8127975472E+00   -0.2492332414E+00    0.0000000000E+00    0.0000000000E+00    0.0000000000E+00    0.9999888421E+00    0.9999888421E+00    0.1000000000E+01
    4    0.1214166667E+02    0.2322278706E+00    0.8127975472E+00   -0.2152264162E+00    0.2322278706E+00    0.8127975472E+00   -0.2152264162E+00    0.0000000000E+00    0.0000000000E+00    0.0000000000E+00    0.9999919405E+00    0.9999919405E+00    0.1000000000E+01
    5    0.1214166667E+02   -0.5805696766E+00    0.8127975472E+00   -0.2353560577E+00   -0.5805696766E+00    0.8127975472E+00   -0.2353560577E+00    0.0000000000E+00    0.0000000000E+00    0.0000000000E+00    0.9999884245E+00    0.9999884245E+00    0.1000000000E+01
    6    0.1214166667E+02    0.2322278706E+00    0.8127975472E+00   -0.2078152440E+00    0.2322278706E+00    0.8127975472E+00   -0.2078152440E+00    0.0000000000E+00    0.0000000000E+00    0.0000000000E+00    0.9999918253E+00    0.9999918253E+00    0.1000000000E+01
    1    0.1240000000E+02    0.2322278706E+00    0.0000000000E+00    0.4325838860E+00    0.0000000000E+00    0.0000000000E+00    0.0000000000E+00    0.0000000000E+00    0.0000000000E+00    0.0000000000E+00    0.9999945921E+00    0.9999945921E+00    0.1000000000E+01
    2    0.1240000000E+02   -0.5805696766E+00    0.0000000000E+00    0.3199223039E+00    0.0000000000E+00    0.0000000000E+00    0.0000000000E+00    0.0000000000E+00    0.0000000000E+00    0.0000000000E+00    0.9999943631E+00    0.9999943631E+00    0.1000000000E+01
    3    0.1240000000E+02    0.2322278706E+00    0.8127975472E+00   -0.6157245268E-01    0.2322278706E+00    0.8127975472E+00   -0.6157245268E-01    0.0000000000E+00    0.0000000000E+00    0.0000000000E+00    0.9999716862E+00    0.9999716862E+00    0.1000000000E+01
    4    0.1240000000E+02    0.2322278706E+00    0.8127975472E+00   -0.4564945554E-01    0.2322278706E+00    0.8127975472E+00   -0.4564945554E-01    0.0000000000E+00    0.0000000000E+00    0.0000000000E+00    0.9999638479E+00    0.9999638479E+00    0.1000000000E+01
    1    0.1265833333E+02    0.2322278706E+00    0.0000000000E+00    0.4996396394E+00    0.0000000000E+00    0.0000000000E+00    0.0000000000E+00    0.0000000000E+00    0.0000000000E+00    0.0000000000E+00    0.9999943658E+00    0.9999943658E+00    0.1000000000E+01
    2    0.1265833333E+02   -0.5805696766E+00    0.0000000000E+00    0.3910045857E+00    0.0000000000E+00    0.0000000000E+00    0.0000000000E+00    0.0000000000E+00    0.0000000000E+00    0.0000000000E+00    0.9999939682E+00    0.9999939682E+00    0.1000000000E+01
    1    0.1291666667E+02   -0.5805696766E+00    0.0000000000E+00    0.4645406247E+00   -0.5805696766E+00    0.0000000000E+00    0.4645406247E+00    0.3595017709E+01   -0.2272608771E-10   -0.2961309462E+01    0.9999937048E+00    0.9999937048E+00    0.1000000000E+01
    2    0.1291666667E+02    0.2322278706E+00    0.0000000000E+00    0.5688883091E+00    0.0000000000E+00    0.0000000000E+00    0.0000000000E+00    0.0000000000E+00    0.0000000000E+00    0.0000000000E+00    0.9999937667E+00    0.9999937667E+00    0.1000000000E+01
    1    0.1317500000E+02    0.2322278706E+00    0.0000000000E+00   -0.5077064438E+00    0.0000000000E+00    0.0000000000E+00    0.0000000000E+00    0.0000000000E+00    0.0000000000E+00    0.0000000000E+00    0.9999933968E+00    0.9999933968E+00    0.1000000000E+01
    2    0.1317500000E+02   -0.5805696766E+00    0.0000000000E+00    0.5393801110E+00    0.0000000000E+00    0.0000000000E+00    0.0000000000E+00    0.0000000000E+00    0.0000000000E+00    0.0000000000E+00    0.9999934667E+00    0.9999934667E+00    0.1000000000E+01
    1    0.1343333333E+02    0.2322278706E+00    0.0000000000E+00   -0.4262134351E+00    0.0000000000E+00    0.0000000000E+00    0.0000000000E+00    0.0000000000E+00    0.0000000000E+00    0.0000000000E+00    0.9999922347E+00    0.9999922347E+00    0.1000000000E+01
    2    0.1343333333E+02   -0.5805696766E+00    0.0000000000E+00   -0.5336271006E+00    0.0000000000E+00    0.0000000000E+00    0.0000000000E+00    0.0000000000E+00    0.0000000000E+00    0.0000000000E+00    0.9999931055E+00    0.9999931055E+00    0.1000000000E+01
    3    0.1343333333E+02    0.2322278706E+00    0.8127975472E+00   -0.9327820563E-01    0.2322278706E+00    0.8127975472E+00   -0.9327820563E-01    0.0000000000E+00    0.0000000000E+00    0.0000000000E+00    0.9999628249E+00    0.9999628249E+00    0.1000000000E+01
    4    0.1343333333E+02    0.2322278706E+00    0.8127975472E+00    0.2580727141E+00    0.2322278706E+00    0.8127975472E+00    0.2580727141E+00    0.0000000000E+00    0.0000000000E+00    0.0000000000E+00    0.9999575018E+00    0.9999575018E+00    0.1000000000E+01
    5    0.1343333333E+02    0.2322278706E+00    0.8127975472E+00   -0.8226988289E-01    0.2322278706E+00    0.8127975472E+00   -0.8226988289E-01    0.0000000000E+00    0.0000000000E+00    0.0000000000E+00    0.9999636027E+00    0.9999636027E+00    0.1000000000E+01
    6    0.1343333333E+02    0.2322278706E+00    0.0000000000E+00    0.1873813966E+00    0.0000000000E+00    0.0000000000E+00    0.0000000000E+00    0.0000000000E+00    0.0000000000E+00    0.0000000000E+00    0.9999789277E+00    0.9999789277E+00    0.1000000000E+01
    7    0.1343333333E+02   -0.5805696766E+00    0.0000000000E+00    0.2664631693E+00    0.0000000000E+00    0.0000000000E+00    0.0000000000E+00    0.0000000000E+00    0.0000000000E+00    0.0000000000E+00    0.9999790593E+00    0.9999790593E+00    0.1000000000E+01
    8    0.1343333333E+02    0.2322278706E+00    0.8127975472E+00    0.2675896025E+00    0.2322278706E+00    0.8127975472E+00    0.2675896025E+00    0.0000000000E+00    0.0000000000E+00    0.0000000000E+00    0.9999577594E+00    0.9999577594E+00    0.1000000000E+01
    1    0.1369166667E+02    0.2322278706E+00    0.0000000000E+00   -0.3263863654E+00    0.0000000000E+00    0.0000000000E+00    0.0000000000E+00    0.0000000000E+00    0.0000000000E+00    0.0000000000E+00    0.9999895411E+00    0.9999895411E+00    0.1000000000E+01
    2    0.1369166667E+02   -0.5805696766E+00    0.0000000000E+00   -0.4526952240E+00    0.0000000000E+00    0.0000000000E+00    0.0000000000E+00    0.0000000000E+00    0.0000000000E+00    0.0000000000E+00    0.9999923997E+00    0.9999923997E+00    0.1000000000E+01
    3    0.1369166667E+02   -0.5805696766E+00    0.8127975472E+00    0.7374683872E-02   -0.5805696766E+00    0.8127975472E+00    0.7374683872E-02    0.0000000000E+00    0.0000000000E+00    0.0000000000E+00    0.9999202461E+00    0.9999202461E+00    0.1000000000E+01
    4    0.1369166667E+02    0.2322278706E+00    0.8127975472E+00    0.1298685920E+00    0.2322278706E+00    0.8127975472E+00    0.1298685920E+00    0.0000000000E+00    0.0000000000E+00    0.0000000000E+00    0.9999802481E+00    0.9999802481E+00    0.1000000000E+01
    5    0.1369166667E+02   -0.5805696766E+00    0.8127975472E+00    0.3838254442E+00   -0.5805696766E+00    0.8127975472E+00    0.3838254442E+00    0.0000000000E+00    0.0000000000E+00    0.0000000000E+00    0.9999744177E+00    0.9999744177E+00    0.1000000000E+01
    6    0.1369166667E+02    0.2322278706E+00    0.8127975472E+00    0.1362371027E+00    0.2322278706E+00    0.8127975472E+00    0.1362371027E+00    0.0000000000E+00    0.0000000000E+00    0.0000000000E+00    0.9999797145E+00    0.9999797145E+00    0.1000000000E+01
    7    0.1369166667E+02   -0.5805696766E+00    0.8127975472E+00    0.2642886143E-01   -0.5805696766E+00    0.8127975472E+00    0.2642886143E-01    0.0000000000E+00    0.0000000000E+00    0.0000000000E+00    0.9999738447E+00    0.9999738447E+00    0.1000000000E+01
    8    0.1369166667E+02   -0.5805696766E+00    0.0000000000E+00    0.4525596328E+00    0.0000000000E+00    0.0000000000E+00    0.0000000000E+00    0.0000000000E+00    0.0000000000E+00    0.0000000000E+00    0.9999858596E+00    0.9999858596E+00    0.1000000000E+01
    9    0.1369166667E+02   -0.5805696766E+00    0.8127975472E+00    0.3952526458E+00   -0.5805696766E+00    0.8127975472E+00    0.3952526458E+00    0.0000000000E+00    0.0000000000E+00    0.0000000000E+00    0.9999724046E+00    0.9999724046E+00    0.1000000000E+01
   10    0.1369166667E+02    0.2322278706E+00    0.0000000000E+00    0.3740101558E+00    0.0000000000E+00    0.0000000000E+00    0.0000000000E+00    0.0000000000E+00    0.0000000000E+00    0.0000000000E+00    0.9999852040E+00    0.9999852040E+00    0.1000000000E+01
    1    0.1395000000E+02    0.2322278706E+00    0.0000000000E+00   -0.1629820604E+00    0.0000000000E+00    0.0000000000E+00    0.0000000000E+00    0.0000000000E+00    0.0000000000E+00    0.0000000000E+00    0.9999734506E+00    0.9999734506E+00    0.1000000000E+01
    2    0.1395000000E+02    0.2322278706E+00    0.0000000000E+00    0.1940485133E+00    0.0000000000E+00    0.0000000000E+00    0.0000000000E+00    0.0000000000E+00    0.0000000000E+00    0.0000000000E+00    0.9999500783E+00    0.9999500783E+00    0.1000000000E+01
    3    0.1395000000E+02   -0.5805696766E+00    0.8127975472E+00    0.2872632988E+00   -0.5805696766E+00    0.8127975472E+00    0.2872632988E+00    0.0000000000E+00    0.0000000000E+00    0.0000000000E+00    0.9999642859E+00    0.9999642859E+00    0.1000000000E+01
    4    0.1395000000E+02   -0.5805696766E+00    0.8127975472E+00    0.2986993631E+00   -0.5805696766E+00    0.8127975472E+00    0.2986993631E+00    0.0000000000E+00    0.0000000000E+00    0.0000000000E+00    0.9999614231E+00    0.9999614231E+00    0.1000000000E+01
    5    0.1395000000E+02   -0.5805696766E+00    0.0000000000E+00   -0.5497639188E+00    0.0000000000E+00    0.0000000000E+00    0.0000000000E+00    0.0000000000E+00    0.0000000000E+00    0.0000000000E+00    0.9999869793E+00    0.9999869793E+00    0.1000000000E+01
    6    0.1395000000E+02    0.2322278706E+00    0.0000000000E+00    0.5405923927E+00    0.0000000000E+00    0.0000000000E+00    0.0000000000E+00    0.0000000000E+00    0.0000000000E+00    0.0000000000E+00    0.9999838308E+00    0.9999838308E+00    0.1000000000E+01
    1    0.1420833333E+02   -0.5805696766E+00    0.0000000000E+00   -0.2458115017E+00    0.0000000000E+00    0.0000000000E+00    0.0000000000E+00    0.0000000000E+00    0.0000000000E+00    0.0000000000E+00    0.9999867547E+00    0.9999867547E+00    0.1000000000E+01
    2    0.1420833333E+02    0.2322278706E+00    0.0000000000E+00   -0.5559813234E+00    0.2322278706E+00    0.0000000000E+00    0.5934879916E+00   -0.6224795214E+00   -0.4687456324E-11   -0.1866261946E+01    0.9999509654E+00    0.9999509654E+00    0.1000000000E+01
    3    0.1420833333E+02   -0.5805696766E+00    0.0000000000E+00   -0.5666463171E+00   -0.5805696766E+00    0.0000000000E+00   -0.5666463171E+00   -0.1639821627E+00   -0.8856264002E-11    0.2191996888E+00    0.9999752569E+00    0.9999752569E+00    0.1000000000E+01
    4    0.1420833333E+02   -0.5805696766E+00    0.0000000000E+00   -0.4049553606E+00    0.0000000000E+00    0.0000000000E+00    0.0000000000E+00    0.0000000000E+00    0.0000000000E+00    0.0000000000E+00    0.9999857976E+00    0.9999857976E+00    0.1000000000E+01
    5    0.1420833333E+02    0.2322278706E+00    0.0000000000E+00   -0.3986385177E+00    0.0000000000E+00    0.0000000000E+00    0.0000000000E+00    0.0000000000E+00    0.0000000000E+00    0.0000000000E+00    0.9999748577E+00    0.9999748577E+00    0.1000000000E+01
    1    0.1446666667E+02   -0.5805696766E+00    0.0000000000E+00   -0.2996324598E+00    0.0000000000E+00    0.0000000000E+00    0.0000000000E+00    0.0000000000E+00    0.0000000000E+00    0.0000000000E+00    0.9999685736E+00    0.9999685736E+00    0.1000000000E+01
    2    0.1446666667E+02   -0.5805696766E+00    0.0000000000E+00   -0.2267112510E+00    0.0000000000E+00    0.0000000000E+00    0.0000000000E+00    0.0000000000E+00    0.0000000000E+00    0.0000000000E+00    0.9999783826E+00    0.9999783826E+00    0.1000000000E+01
